0,1.11087507009506,216.751903325319,1.70073974132538,1.85544967651367,69.5805979669094,6206.98044109344,1040.421510607,16.0891026258469,122.932048052549,45.1477156281471,8.26587679982185,2.47513270378113,11645.919958204,0.985335379838943,7.19441983103752,1053.80408629775,21.965753108263,419.120320767164,0.497105747461319,271.119147717953,0.901933223009109,913.813153833151,92.3565812110901,0.542927503585815,155.033457100391,265.662296801805,393.06344589591,11881.0997224152,14083.8968040943,2.36038613319397,19.180298268795,23.7345656454563,401.783910751343,10.0742272138596,74.3759018480778,46.4114965498447,85.4552647173405,46.6084510684013,8.52247244119644,3.36304348707199,6.84413820505142,28.3838141858578,11.1869996488094,14.2887626886368,7.28613379597664,5.65403887629509,0.88439667224884,1.13093757629395,0.524617373943329,3.6438852250576,3.0851272046566,0,0,0,14.2991753220558,1.42117297649384,9.20998898148537,0,0,0.898889303207397,0,4.9103496670723,0,6.91720029711723,1.29158663749695,0,0.268358498811722,0,7.80534192919731,6.04426562786102,19.0163899362087,97.766539812088,0,4.35568678379059,40.6412488520145,64.4357823729515,9.44921651482582,13.5976009964943,0,0.67837393283844,1.605932533741,5.83522620797157,2.48938751220703
1.11087507009506,0,161.46478381753,1.09945964813232,25.5381851196289,8.1576866209507,11.2303954958916,17.2568615674973,2273.37306183577,23.5946453511715,230.779719114304,20.5559225082397,2388.79354542494,15.1459348499775,78.5992125868797,277.678583085537,373.892979055643,33.9273983836174,110.48540994525,2.41968685388565,53.2744879424572,2861.07925844193,125.236099034548,2869.29261362553,2487.53610342741,500.959941238165,21805.1134440899,100.709429770708,33.1351520717144,6.82356351613998,356.939706772566,32.2674489319324,3.67880910634995,496.224369853735,34.1838022768497,556.702614694834,277.804445385933,273.689214617014,160.195408582687,63.0259540975094,2.04995787143707,866.248398035765,322.878205090761,504.230799973011,96.321731120348,118.305406987667,13.8873577713966,0,223.239050418139,0,1944.53356108069,245.360301822424,0,0,0,12.6812384724617,1.79536962509155,58.4342902302742,0,335.242777228355,2.69512531161308,861.62892895937,6.88517200946808,3.03368091583252,158.447187125683,263.481512188911,26.8971816003323,112.988655149937,0,24.4387863278389,179.950132638216,168.293734759092,104.155091822147,391.963790476322,1003.79462230206,6754.21335980296,38.9598659276962,7.36450254917145,8.94157183170319,168.984752595425,0,1.01290857791901,37.7440869510174,42.3956165611744
216.751903325319,161.46478381753,0,2.10566771030426,35.0036867558956,110.200689226389,2702.19094711542,1106.50739717484,13.7515157461166,96.5854705870152,49.2093938887119,8.02580785751343,7.60736382007599,1595.24135446548,61.811856418848,84.4879305660725,33082.9074307084,104.867672234774,2334.77367886901,3.31926190853119,2022.16301420331,75.7157399952412,43927.6792317331,62.0307230055332,0,58468.5019264817,54149.4120536745,516.179227381945,498.952712416649,2137.23410791159,5.87664100527763,168.481735736132,36.3874888718128,3528.67017513514,448.230219066143,6459.34485793114,5009.53086489439,1777.01032269001,2821.53635820746,37.5214554965496,47.226260393858,31.1228658854961,1293.85589569807,2200.14219108224,463.838517576456,473.222406685352,48.8752527534962,17.4902503490448,1.65928912162781,31.2425824701786,531.124723702669,3076.80803468823,0,8.22928106784821,0.762508988380432,211.651989996433,68.0223725140095,22.8141737580299,2.89829221367836,29.1028681993484,0,3.01948136091232,142.924512863159,3.00208827853203,721.997606486082,932.508357346058,68.2893118560314,161.253646880388,0,284.567416399717,267.500395894051,4650.23205375671,270.836640924215,8.15451601147652,975.707763314247,14987.700519383,230.727043926716,29.4935868084431,217.542537420988,0,1.75481963157654,2.26954105496407,220.081746667624,371.660884231329
1.70073974132538,1.09945964813232,2.10566771030426,0,57.2901204824448,83.9755444526672,547.852971941233,146.35101121664,5786.38317608833,5650.34150213003,27.1833600997925,5401.0924358964,9.57111087441444,232.661527246237,204.724238097668,1.18893527984619,2.32199409604073,12.4158729910851,3.65166825056076,19056.6695450842,1.10422852635384,7.21602958440781,5.64241850376129,4072.72902494669,0.599108397960663,13.2966671288013,10.8013376295567,11719.3656806648,166.565066218376,12.0905795395374,3.67455583810806,36.9463748335838,4.92724376916885,217.78461304307,99.9519385695457,852.165865123272,22.9342575967312,252.617990165949,59.7651403546333,276.698596358299,98.57492390275,31.9272231459618,140.426757097244,3.44380211830139,111.913988828659,33.6453939378262,684.571850180626,55.4779980778694,10.8107227385044,0,0,0,2791.60155576468,20.7777602374554,107.78390288353,519.392603367567,141.871170312166,388.98153501749,2599.61890161037,9.33596175909042,1023.49018785357,2.09123021364212,94.1623433828354,147.261399447918,0,0.574663579463959,5.47121769189835,1.28935888409615,1400.71968868375,0,0,1.3526246547699,970.371864318848,0,6.81141176819801,2.08901143074036,1691.31082096696,92.3763352036476,0.452033847570419,0,10.308285266161,1.04919409751892,34.6630953252316,20.6763151884079
1.85544967651367,25.5381851196289,35.0036867558956,57.2901204824448,0,2356.18685123324,537.364651829004,182.519176363945,406.701361238956,544.577441602945,35.5814417004585,739.415229529142,21.9201033115387,56.8923629522324,9513.43635579944,176.019450128078,28.9584078788757,19.2699480056763,22.1389501690865,56.6741876900196,765.18431019783,69.61474147439,1202.1775918901,679.169670075178,9.30296340584755,41.0010234713554,258.068719536066,817.438370049,37.1013696789742,151.652665317059,3.4452663064003,970.301499545574,6.35489705204964,739.005048125982,4285.0716868937,970.869429081678,389.855800569057,121.549388587475,170.844295501709,12421.3516714871,10398.9281586409,107.723994642496,136.803249061108,57.5878758728504,33.9186408519745,93.6104788482189,17.4023006558418,10.8031281232834,20.7444308102131,1.60901546478271,0.963026702404022,4.58331823348999,7.3505744934082,3.74655210971832,8.77965617179871,71.5965829789639,3.49456435441971,17.2760519981384,14.7063291966915,0,15.8591196238995,1.951908826828,7.34718418121338,2.6607551574707,73.7663243412971,7.56888371706009,6.00519055128098,3.7258996963501,1.20168590545654,66.4482336938381,10.766653418541,141.96605822444,242.851204633713,0,17.5702369511127,72.7865917980671,222.757367730141,27.2181878983974,74.9963289797306,0.413758873939514,0,4.20899891853333,25.1769763529301,3501.31869673729
69.5805979669094,8.1576866209507,110.200689226389,83.9755444526672,2356.18685123324,0,4980.24436336756,29097.6508615911,590.397104203701,34787.9605052769,225.79281488061,7057.16021856666,42.9449907541275,1933.80217507482,6357.67703425884,1.64582693576813,146.612598359585,83.780655413866,104.544747799635,205.863713562489,223.764015525579,18.6035485565662,293.145048856735,331.406658709049,3.25556913018227,123.322406470776,161.412582755089,1125.23535478115,368.168085724115,627.358503550291,19.4627041518688,1253.7290032804,19.9965624511242,356.445382386446,6779.04453209043,2994.68154901266,261.83121946454,494.869904458523,515.733912616968,9012.88399252295,2356.48674213886,543.449117600918,292.488184213638,14.6840870678425,143.092292815447,123.803852498531,195.09939879179,51.7825069129467,141.558155745268,1.48698571324348,0.527881801128387,3.05418148636818,138.878833293915,6.63800001144409,29.1997609138489,169.217122614384,25.4551700055599,39.8037937283516,232.617421656847,6.36403828859329,213.921073645353,3.87856948375702,19.3028985857964,31.1085877120495,9.21349659562111,0,0,0,63.3064807355404,2.47135525941849,5.59223473072052,13.7088810503483,529.029634058475,1.1407185792923,8.65422621369362,24.0358894467354,501.96422791481,33.3191400766373,10.5102126002312,2.11439803242683,3.38314881920815,1.68180125951767,24.3622745573521,785.378783643246
6206.98044109344,11.2303954958916,2702.19094711542,547.852971941233,537.364651829004,4980.24436336756,0,18975.4236400425,861.50807762146,23973.5380927026,549.936128139496,714.539584904909,200.130724519491,56384.9291338623,544.244514614344,113.003687232733,1198.12656784058,226.548335105181,315.674742996693,291.596533358097,12565.0921189785,42.7937059104443,9448.64068803191,5022.22207981348,1.45772659778595,794.542895108461,1762.90314987302,61780.4043855071,13462.4039849639,26043.9575939775,62.0243924856186,615.23549425602,1407.49240630865,5695.26746925712,2073.75518646836,8138.89318475127,916.858139306307,5675.16551664472,2069.21300435066,1210.04376232624,1189.86433723569,542.082820266485,1746.45970550179,135.755004048347,1094.41931319237,364.627755492926,608.539643585682,374.275273859501,110.445822656155,17.4141842126846,16.4899453818798,53.4834742248058,397.910511165857,16.2690329551697,112.826235473156,1812.19403168559,335.696013361216,342.09490981698,1020.08742943406,37.3544021844864,200.196810930967,18.1084980964661,316.571079552174,68.7635378837585,290.654013693333,20.7433971762657,1.42453491687775,8.02728769183159,202.162763565779,65.8509162664413,41.875764966011,449.982761085033,6318.26962941885,3.34730425477028,34.2583029270172,617.988125443459,5791.69945520163,676.395260840654,188.126491159201,0,69.3930061757565,55.6934971213341,416.410861670971,423.619575798512
1040.421510607,17.2568615674973,1106.50739717484,146.35101121664,182.519176363945,29097.6508615911,18975.4236400425,0,169.584196776152,14162.5297820866,909.864790320396,2137.48352220654,105.352559238672,15310.8973305523,451.078381091356,23.3030039966106,2543.07946929336,364.773128956556,1169.06286332011,329.533774733543,1246.37987694144,6.85883942246437,3067.97124928236,295.975021570921,7.55022138357162,931.747412353754,1245.77433502674,1897.14078706503,2487.279910326,7476.88762694597,76.3392945230007,1134.89363503456,50.785630851984,1442.13505715132,175.834073066711,3950.82921770215,594.346264868975,1398.09400069714,927.326260685921,2454.79182696342,1299.09911069274,848.361773878336,516.469313323498,65.4573138654232,252.904327362776,240.925241619349,163.031392663717,81.3765757679939,192.557833045721,1.25929033756256,12.2514506876469,12.4129311144352,47.3141382336617,6.67744585871696,18.3852294683456,323.084672749043,54.5598810017109,47.2051822841167,127.050528496504,7.25074392557144,112.254478603601,17.3681533336639,24.1424981355667,15.3284224271774,30.2769758105278,10.0055412948132,1.95050048828125,1.85832554101944,34.2749699354172,8.57945546507835,12.7916651070118,76.936844587326,941.086512625217,2.16437393426895,45.1842963397503,221.446583777666,806.71370485425,49.8657658994198,22.1572091579437,16.2090765237808,8.7215284705162,3.6340297460556,36.6392823159695,41.3942637145519
16.0891026258469,2273.37306183577,13.7515157461166,5786.38317608833,406.701361238956,590.397104203701,861.50807762146,169.584196776152,0,2678.42518922687,79.7536422610283,6716.440779984,1206.20716443658,121.784311085939,1172.19519084692,322.505284309387,17.3689455986023,25.8227970600128,23.9903002083302,2215.95683324337,135.881715863943,5429.98317548633,105.91150572896,40378.4642700553,1451.2413085103,171.378933131695,6366.15241152048,8268.49013471603,151.093832701445,77.32134526968,271.555055290461,35.0324410200119,31.9202424585819,209.976322382689,130.605998516083,341.52793443203,121.235187798738,230.21061065793,97.9006507694721,943.417867362499,44.4960890412331,247.79034397006,308.396255999804,106.31664788723,202.557759314775,92.843774586916,407.455393195152,52.2817535698414,55.5245373547077,11.9867201447487,51.4495586752892,18.4745509326458,2986.31938743591,23.6768332123756,128.049340903759,573.805615961552,86.1896140873432,2532.68246591091,2333.427482903,88.1722212731838,1031.39344054461,174.63116183877,109.419057279825,206.422135770321,315.995869845152,14.7994225621223,10.330397516489,10.0750857591629,891.932786554098,197.544972747564,134.168166518211,87.2990688979626,6967.66277998686,84.4643786847591,114.912715733051,341.420965462923,4940.40514960885,218.353590369225,188.142263144255,60.6574458479881,19.2270261347294,17.1106075644493,121.763789564371,149.429513901472
122.932048052549,23.5946453511715,96.5854705870152,5650.34150213003,544.577441602945,34787.9605052769,23973.5380927026,14162.5297820866,2678.42518922687,0,1428.29279538989,10679.1849462986,312.255747705698,10383.3699861169,1048.62732461095,5.97260057926178,127.903092980385,511.017729967833,282.666477382183,3774.65069782734,144.911452800035,4.38877618312836,298.086646288633,1426.12934547663,4.57239577174187,598.58363622427,338.755478173494,14260.471126318,4232.06062853336,584.822280794382,175.956627130508,1553.56511998177,60.1623186767101,4161.32725021243,1851.66184493899,9907.67514404655,621.234610319138,4831.54717582464,1203.66027018428,2890.04977938533,1865.72225692868,1209.89988052845,527.467286974192,40.7823039293289,533.356395542622,357.60993206501,1099.99892479181,209.786092609167,137.841618537903,0.800090253353119,5.44938737154007,1.59467422962189,2667.89928752184,46.3596020638943,226.614708632231,1454.34871628881,389.072321116924,318.393244743347,4357.10840466619,13.559045612812,1664.78625738621,22.7832587957382,210.321509122849,229.407369703054,6.94890967011452,3.2414852976799,3.93983858823776,1.75081884860992,1298.51972472668,3.28391456604004,7.5846531689167,5.06862679123878,3350.32057893276,7.35444748401642,45.0932402014732,76.289736777544,4507.3003397584,220.973358631134,5.48737123608589,6.43000665307045,32.12141045928,0,85.9071926772594,241.888465344906
45.1477156281471,230.779719114304,49.2093938887119,27.1833600997925,35.5814417004585,225.79281488061,549.936128139496,909.864790320396,79.7536422610283,1428.29279538989,0,488.18234950304,11667.6523087919,841.613653331995,69.5721208155155,12.5025663077831,1012.93795120716,16368.5334922671,3739.79845890403,66.7854130268097,100.377772778273,98.5297973155975,207.973948657513,77.4644035696983,463.234982818365,7029.24425277114,545.760039746761,197.756018996239,1014.67662373185,114.663196653128,2500.75229743123,1318.24203673005,80.9039906263351,16306.8529016674,112.039611637592,1765.07361996174,8896.32578608394,7051.52675059438,797.726921856403,227.855853706598,50.140651345253,8533.747469455,52.3171256184578,3928.4557262063,98.6170983910561,20.3656667172909,37.2733549177647,8.39545297622681,1373.50509887934,0.452238112688065,699.540919721127,10.7187603116035,0.466694176197052,2.2975167632103,1.94702047109604,17.9599585533142,4.28195282816887,155.596668958664,4.51870992779732,2686.42549091578,12.5297649800777,8155.79984247684,1.28611886501312,6.0258794426918,12.8828547596931,4.55383631587029,106.08874091506,4.78241235017776,3.19877475500107,3.57306909561157,87.345741122961,2.28661108016968,178.344135671854,1169.54146721959,1106.70133221149,1926.32176014781,41.5269469320774,10.5834543704987,1.3455696105957,3753.37840974331,3.6416426897049,0,29.0950809717178,55.5891405344009
8.26587679982185,20.5559225082397,8.02580785751343,5401.0924358964,739.415229529142,7057.16021856666,714.539584904909,2137.48352220654,6716.440779984,10679.1849462986,488.18234950304,0,64.8333723247051,1427.031185776,2914.38929113746,1.90777695178986,18.4541198909283,162.88799354434,68.3442626595497,10401.8743497133,12.9012320935726,37.7478651106358,39.4388189017773,945.800813227892,7.07022127509117,158.701239019632,107.605638563633,1345.04697686434,559.167798995972,81.863360196352,57.5654390156269,431.571830093861,3.56852605938911,1027.61290508509,8567.73119053245,2622.7655620873,160.243094325066,1120.68093410134,294.171491414309,3501.02787461877,408.839905887842,364.497830033302,259.435392558575,28.062650680542,205.926598548889,139.449765026569,1063.80654576421,119.240201234818,64.3618026971817,0,2.53723728656769,1.21493941545486,2234.28038966656,37.2894806861877,302.480974018574,286.118615418673,155.733749121428,104.865814745426,1326.72376391292,26.642707824707,3339.23572704196,14.1817848980427,154.885939568281,246.834866642952,3.86166733503342,0.494077831506729,23.2217705845833,5.69947916269302,1914.8616451025,5.12908685207367,3.49040001630783,12.9689844250679,523.718561112881,4.83021199703217,20.7600684762001,16.1875775158405,1089.88722276688,134.905212253332,2.73234313726425,10.7107818126678,27.0622436106205,0,28.2895308434963,4377.42608955503
2.47513270378113,2388.79354542494,7.60736382007599,9.57111087441444,21.9201033115387,42.9449907541275,200.130724519491,105.352559238672,1206.20716443658,312.255747705698,11667.6523087919,64.8333723247051,0,83.5486890971661,35.4805448055267,102.541762262583,8.56801277399063,72.426070690155,24.0482199192047,16.8430050611496,126.392358541489,1271.21521803737,225.877842515707,1068.8046810627,5460.06422838569,416.752519011497,890.011958122253,183.881615519524,41.9368247687817,21.7854624092579,1023.51118710637,94.7496632039547,0.63203889131546,2452.73725768924,79.0361242890358,283.098956376314,4136.23216176033,1751.90671446919,163.19985216856,72.8943980336189,36.9899105429649,6805.06529280543,52.6685082316399,5116.50651475787,187.293236911297,25.3775969147682,28.4720366299152,4.69514000415802,2103.90354704857,0,1170.38788458705,1.98890346288681,0.646155655384064,0,2.08648353815079,27.687552690506,5.32309710979462,218.728200703859,7.57527256011963,5191.11706328392,12.502073019743,13796.9176422656,7.87490713596344,13.2514739632607,34.3212155401707,6.12810656428337,143.513910293579,1.30029988288879,2.2065155506134,8.90609773993492,190.451059699059,16.3343668580055,204.94391399622,4320.61176210642,1755.04505825043,4892.87252035737,57.8116948902607,20.5059608817101,11.8827677965164,4569.69956085086,4.66639864444733,0.34994050860405,83.8939293026924,28.3769850432873
11645.919958204,15.1459348499775,1595.24135446548,232.661527246237,56.8923629522324,1933.80217507482,56384.9291338623,15310.8973305523,121.784311085939,10383.3699861169,841.613653331995,1427.031185776,83.5486890971661,0,132.472845643759,32.752376139164,5024.93236726522,436.282686620951,2211.19529005885,367.363959103823,1944.22573140264,12.0765097141266,5168.20035275817,628.564441889524,4.90607786178589,1293.76218497753,1967.26243939996,3410.58574420214,15651.700565666,28591.3364872336,74.9812282323837,390.483691751957,136.424264460802,2211.70216766,164.934304654598,2410.33252045512,567.814823806286,1131.1807885468,607.527578979731,425.431569218636,437.545482218266,367.395334303379,382.85667988658,86.7140493988991,239.332230418921,105.436629205942,111.831503510475,43.3930523991585,78.5559054613113,2.07069197297096,17.2552218139172,46.9373013079166,36.1673832535744,1.85917711257935,7.2673622071743,349.685399919748,53.5549599826336,71.8982361555099,95.4366556704044,8.43549507856369,73.5489214062691,20.1000745892525,21.1051706075668,12.8022935390472,55.8578219115734,17.600497096777,3.45819753408432,5.02042013406754,18.8267983198166,25.6596966087818,22.1814883649349,113.943042159081,1186.28708851337,3.44543665647507,42.8262922763824,395.137162178755,1028.53023093939,76.4783105552197,76.3516555130482,11.5858668088913,5.85250082612038,6.71578198671341,78.2792988419533,38.0580286979675
0.985335379838943,78.5992125868797,61.811856418848,204.724238097668,9513.43635579944,6357.67703425884,544.244514614344,451.078381091356,1172.19519084692,1048.62732461095,69.5721208155155,2914.38929113746,35.4805448055267,132.472845643759,0,86.8402639329433,21.3621614277363,42.9321363270283,44.7720755636692,204.863570600748,229.445458739996,234.620091199875,490.534179210663,2157.04974496365,40.0027157068253,107.240707218647,668.710849076509,1018.09539574385,53.7914416491985,68.2208817601204,16.3093858063221,342.842804461718,1.58618649840355,133.825855821371,5717.09117898345,640.364123880863,530.238110899925,255.628424584866,497.411029279232,8635.37260985374,208.450489491224,82.4382429420948,92.6387201547623,52.6798360943794,45.0952372848988,84.272812306881,41.25005620718,13.0104871988297,14.3157278597355,1.5558905005455,7.2649527490139,12.692244976759,12.1010917723179,6.22470277547836,8.7378134727478,60.7054463326931,9.49119460582733,21.8712833225727,22.5708318650723,6.0331335067749,57.9988053739071,5.41747844219208,9.77777260541916,5.66698944568634,65.94831392169,0.944957375526428,3.54831111431122,7.13717293739319,12.299525141716,39.8260003328323,17.850365281105,95.7898728251457,238.307736575603,0,21.1158203482628,98.5510061681271,204.487014263868,21.7644928693771,24.0124967694283,3.92975282669067,6.14475452899933,1.98795926570892,16.6738646030426,3434.44045397639
7.19441983103752,277.678583085537,84.4879305660725,1.18893527984619,176.019450128078,1.64582693576813,113.003687232733,23.3030039966106,322.505284309387,5.97260057926178,12.5025663077831,1.90777695178986,102.541762262583,32.752376139164,86.8402639329433,0,97.723930567503,7.7773040831089,31.6627300977707,0,10532.1614125073,8559.5701572299,14240.1815701425,8464.34483000636,107.375380605459,49.4368232786655,8952.30079585314,2951.39521417022,83.8372759819031,396.661430895329,9.92131751775742,25.4434842765331,26.6968368887901,683.276629179716,880.761670738459,4646.51202470064,1516.82126912475,2142.91431161761,1913.07258501649,67.5146842300892,65.3275216817856,116.845912098885,1072.60034203529,375.705283105373,796.704206466675,635.873927265406,58.5092041194439,31.9566534757614,15.750030875206,5.72030860185623,37.1766639947891,200.244128733873,0,4.95423567295074,1.44216305017471,179.318974465132,10.8074157834053,230.122355371714,2.26795601844788,18.9784555435181,0,9.94097799062729,18.1838220357895,19.1669803857803,19461.9263050258,96.5789228081703,17.7158546447754,24.4899677336216,0.739321172237396,3508.16807886958,3913.55489844084,8193.50093227625,2838.98487052321,3.86972671747208,106.456224471331,3076.03529727459,1394.48836925626,94.36817958951,673.193558931351,4.05477249622345,2.3575604557991,37.4087909460068,436.788459390402,481.830333888531
1053.80408629775,373.892979055643,33082.9074307084,2.32199409604073,28.9584078788757,146.612598359585,1198.12656784058,2543.07946929336,17.3689455986023,127.903092980385,1012.93795120716,18.4541198909283,8.56801277399063,5024.93236726522,21.3621614277363,97.723930567503,0,618.694779515266,11092.8428483605,8.29693859815598,2587.16130834818,146.856269061565,20588.8110176623,185.568891257048,6.8253108561039,14052.6153905988,27292.6643277407,667.588415801525,3836.80710211396,5949.67869582772,14.1972487866879,190.035644054413,377.636286824942,8820.00237396359,206.903282463551,2235.68541881442,3376.77696612477,1511.06340795755,1196.44592666626,38.7306096255779,34.0246151983738,16.3007613420486,366.434041976929,777.633336693048,125.082280755043,136.527382105589,9.81038746237755,3.2047016620636,1.19478034973145,3.68295431137085,378.002376228571,1034.20093899965,0,2.26681220531464,0.663499593734741,52.7693416774273,6.4578931927681,10.844911634922,0,12.2059392929077,2.27502900362015,1.9926061630249,22.1783426403999,1.31042814254761,230.063506633043,314.04687333107,22.9055742919445,50.9577235281467,0,61.4735588431358,228.141456127167,1109.58414062858,107.036682218313,1.28390002250671,482.40150347352,5837.48394829035,72.9283882677555,14.3567552864552,56.0321265161037,8.91029238700867,0,1.90484398603439,77.9792271852493,108.802890479565
21.965753108263,33.9273983836174,104.867672234774,12.4158729910851,19.2699480056763,83.780655413866,226.548335105181,364.773128956556,25.8227970600128,511.017729967833,16368.5334922671,162.88799354434,72.426070690155,436.282686620951,42.9321363270283,7.7773040831089,618.694779515266,0,2681.87310257554,37.960253238678,80.3629279732704,15.6638539433479,245.539683580399,36.5954735577106,5.08770477771759,3348.16541722417,1612.50205653906,69.2387188374996,532.779496818781,69.3397662639618,1071.41952773929,644.722963988781,31.7245719134808,4813.11427533627,138.206323951483,2409.43980467319,6756.14283525944,5174.17761391401,1543.233504951,80.6905929744244,21.2000266909599,48.3891879320145,58.87443998456,510.543430685997,45.9149257838726,19.2668868303299,2.60664629936218,0,1.84081089496613,0,58.4193867444992,21.2301093935966,0,5.29916495084763,0,0.586655974388123,0,1.23307132720947,0,72.9944702386856,6.55806991457939,315.939334988594,0,0,2.95670619606972,24.6983751058578,150.144152492285,40.35303992033,0,0.937987983226776,8.49735373258591,12.4515808224678,15.6224678456783,50.2926999032497,1895.00620603561,2372.4834459722,1.23871171474457,10.3634938001633,1.66150414943695,644.69084995985,0,0,7.31645664572716,108.258144766092
419.120320767164,110.48540994525,2334.77367886901,3.65166825056076,22.1389501690865,104.544747799635,315.674742996693,1169.06286332011,23.9903002083302,282.666477382183,3739.79845890403,68.3442626595497,24.0482199192047,2211.19529005885,44.7720755636692,31.6627300977707,11092.8428483605,2681.87310257554,0,12.3138312995434,675.072741359472,29.8864134252071,2815.34896293283,58.7494145035744,18.7647978365421,11561.1362154484,7223.35591569543,122.731891602278,3048.92294681072,1289.55528828502,154.182031184435,771.489367425442,409.285771727562,12927.842279017,212.770122379065,3531.51755577326,4520.8748755455,3056.10417038202,1608.07725584507,37.7995652854443,22.290524750948,10.2841536998749,219.487907975912,954.965956181288,69.3500353991985,91.2884282767773,0.705896854400635,2.31558895111084,0,1.71635508537292,163.278658300638,382.412708848715,0,3.05704206228256,0,4.16156077384949,0,3.03031527996063,0,24.1957569122314,2.76202750205994,39.7069137096405,0,1.6358038187027,33.648208886385,320.491594284773,50.7551213204861,116.58977752924,0,10.3832622170448,15.773085296154,69.2050551176071,26.1516844034195,17.2957254648209,1718.52175602317,3361.2726290226,9.58652862906456,0.907362759113312,6.8248219192028,119.127706229687,0,0.936428606510162,26.709207713604,158.142821073532
0.497105747461319,2.41968685388565,3.31926190853119,19056.6695450842,56.6741876900196,205.863713562489,291.596533358097,329.533774733543,2215.95683324337,3774.65069782734,66.7854130268097,10401.8743497133,16.8430050611496,367.363959103823,204.863570600748,0,8.29693859815598,37.960253238678,12.3138312995434,0,3.18191361427307,7.36174842715263,9.81169313192368,1447.44230404496,3.22414422035217,23.7073652744293,28.8509725928307,3890.76219624281,261.537366092205,26.0152568221092,6.73363664746284,84.0896745324135,1.66917797923088,197.449712812901,81.3070475459099,931.737669914961,59.1434057056904,231.131492853165,88.7822109758854,271.94918307662,122.015832930803,85.2792612016201,101.123590499163,3.31115463376045,93.1791915893555,48.1861198842525,467.844815254211,43.7727690041065,16.5203597545624,0,0,0.487265586853027,1176.8614860177,17.3438854515553,86.452239125967,377.891385495663,94.6032858192921,110.419748336077,1467.13424399495,3.82484897971153,782.567195594311,3.50311279296875,62.946884304285,92.474319934845,0,0,0,0,749.833491563797,0,4.1237673163414,0,894.957543373108,1.4280561208725,0.985732316970825,0.685904085636139,1437.14438176155,55.1972053647041,0.34846630692482,0,18.5034321844578,0,16.8961597681046,11.7180724740028
271.119147717953,53.2744879424572,2022.16301420331,1.10422852635384,765.18431019783,223.764015525579,12565.0921189785,1246.37987694144,135.881715863943,144.911452800035,100.377772778273,12.9012320935726,126.392358541489,1944.22573140264,229.445458739996,10532.1614125073,2587.16130834818,80.3629279732704,675.072741359472,3.18191361427307,0,567.612814635038,68870.683701843,817.746517688036,16.1062624752522,494.465865015984,3887.06023895741,6638.38854655623,1015.39961752295,35891.4653263986,5.68593096733093,183.088976025581,200.042436748743,12931.8230133653,3055.51378381252,12940.112013042,3225.72359377146,12271.667353332,6886.98853385448,189.135758012533,233.812417179346,119.166793376207,689.710485637188,171.317540884018,513.235902369022,344.632074028254,65.2040935456753,26.6165650784969,2.32700622081757,6.55657124519348,18.1620873510838,192.264220178127,0.764225661754608,16.9027815461159,5.26151865720749,125.914764821529,17.5735775232315,162.259173870087,1.50879603624344,6.39940357208252,1.50490874052048,2.09618827700615,22.2297779023647,26.7578954696655,3499.51184678078,83.7110801339149,3.9671214222908,13.3240610659122,0,2695.60590407252,453.680119901896,2144.6844150424,1821.1295927465,0.425667464733124,97.2899523228407,678.665489256382,1105.32978782058,168.435144782066,1115.40109968185,0,0.523533582687378,42.744597941637,483.194314688444,998.936757415533
0.901933223009109,2861.07925844193,75.7157399952412,7.21602958440781,69.61474147439,18.6035485565662,42.7937059104443,6.85883942246437,5429.98317548633,4.38877618312836,98.5297973155975,37.7478651106358,1271.21521803737,12.0765097141266,234.620091199875,8559.5701572299,146.856269061565,15.6638539433479,29.8864134252071,7.36174842715263,567.612814635038,0,930.097849458456,15508.4329920411,1519.86114993691,115.712663769722,9730.27584710717,646.891825705767,18.2267456054688,33.6524633765221,204.963533699512,13.8759928941727,5.31362950801849,202.467126309872,32.330112695694,381.388853996992,201.640379071236,189.08442363143,137.820933282375,115.310838609934,4.05618858337402,222.989847660065,301.041837513447,164.627729535103,161.93321365118,115.829053968191,11.1500924825668,4.26420328021049,50.6322368681431,2.40429788827896,873.068557292223,85.8051951527596,0.579935193061829,1.00512683391571,2.25406840443611,39.5128173828125,1.5321786403656,222.056248962879,3.87686160206795,96.9893116950989,0.75298410654068,236.521264791489,7.45634368062019,8.00305861234665,4119.84912535548,41.2314167320728,9.31097212433815,12.3279801011086,0,738.466027259827,1858.72165808082,1120.50154680014,1745.03191256523,100.718445122242,216.742190793157,3653.79878079891,348.39209574461,23.697225600481,109.052357167006,60.2999231815338,0.515410542488098,4.79437625408173,78.2491292655468,75.8865200579166
913.813153833151,125.236099034548,43927.6792317331,5.64241850376129,1202.1775918901,293.145048856735,9448.64068803191,3067.97124928236,105.91150572896,298.086646288633,207.973948657513,39.4388189017773,225.877842515707,5168.20035275817,490.534179210663,14240.1815701425,20588.8110176623,245.539683580399,2815.34896293283,9.81169313192368,68870.683701843,930.097849458456,0,1164.96083831787,13.3172566890717,7981.00710663199,47669.0635817647,7211.76910436153,2468.30427616835,17615.332483381,8.79138770699501,636.94080132246,378.344054728746,22307.3084600866,6518.31265312433,41720.117169559,19282.8007820249,30470.7887137532,25014.9109093547,630.346746683121,403.643904268742,441.3044488132,1824.98200085759,1724.38822773099,1100.1904194355,965.751976966858,410.807788908482,48.1506605744362,26.6889835596085,7.54316636919975,134.312826454639,842.809539288282,0,55.0964717268944,10.6210740804672,366.282137006521,34.1215760111809,88.5601280033588,8.56847068667412,40.5062602758408,8.48969691991806,3.41017121076584,45.0093722641468,33.1954386234283,17563.9688233733,305.700825035572,38.9823390245438,56.6023674607277,1.12212279438972,3313.83412605524,1743.34190246463,14668.9882446826,2179.29693502188,2.11768925189972,308.270521938801,10528.4480742514,1566.49223655462,108.152849495411,699.514833569527,1.32931554317474,7.3598610162735,37.3668756186962,578.811965554953,2870.20494115353
92.3565812110901,2869.29261362553,62.0307230055332,4072.72902494669,679.169670075178,331.406658709049,5022.22207981348,295.975021570921,40378.4642700553,1426.12934547663,77.4644035696983,945.800813227892,1068.8046810627,628.564441889524,2157.04974496365,8464.34483000636,185.568891257048,36.5954735577106,58.7494145035744,1447.44230404496,817.746517688036,15508.4329920411,1164.96083831787,0,1405.05796808004,217.937695533037,9982.99171885848,23029.1009616554,1494.74870795012,2115.67711493373,207.759676814079,53.8904033899307,390.085321545601,1508.93294009566,1035.7534160912,2904.62452417612,409.418303459883,1597.0620983839,758.80847465992,1423.41204056144,185.748539686203,259.973499268293,2883.60559850931,236.684827566147,1709.49681454897,569.787567645311,738.648544043303,488.970441907644,105.405812561512,56.4658689796925,67.5159540474415,84.8010003864765,1486.12447953224,25.0771490335464,211.721555143595,3757.67032489181,638.745859086514,4554.51593333483,2551.29666087031,141.897203326225,619.731231868267,138.432761698961,689.323739737272,159.493890285492,2746.16498613358,58.300689548254,37.2439899742603,29.9493583738804,556.585163593292,1216.55627441406,983.095517367125,1157.43649628758,25415.3016061187,78.6649703681469,151.377246499062,1350.82174798846,13957.6208857,1417.62072259188,1291.42949810624,34.1032879054546,134.399169027805,141.992868036032,978.406498640776,558.637785851955
0.542927503585815,2487.53610342741,0,0.599108397960663,9.30296340584755,3.25556913018227,1.45772659778595,7.55022138357162,1451.2413085103,4.57239577174187,463.234982818365,7.07022127509117,5460.06422838569,4.90607786178589,40.0027157068253,107.375380605459,6.8253108561039,5.08770477771759,18.7647978365421,3.22414422035217,16.1062624752522,1519.86114993691,13.3172566890717,1405.05796808004,0,105.84888023138,4840.77115547657,58.8330525159836,5.25837287306786,2.16389819979668,371.474940538406,2.54118919372559,0,147.560259193182,0,54.0234331190586,197.990537703037,121.299653351307,15.4188325405121,26.8390435278416,4.39345479011536,1551.49393826723,23.1268468499184,190.780543208122,17.6339733600616,4.66925427317619,35.8167074322701,3.3556672334671,267.165739893913,0,223.126619696617,2.29210031032562,0,0,0,3.08327496051788,0,13.5102606117725,1.50730022788048,409.108538866043,0,1450.4103218317,3.98861819505692,1.86673599481583,18.0492278337479,2.53833907842636,5.6636950969696,2.12524223327637,0.542637944221497,3.66276478767395,30.6255729198456,20.2105190455914,37.3837372660637,1967.76708716154,177.185973584652,992.588361054659,12.9094653725624,2.37365639209747,0,211.033503592014,0,0,2.89931404590607,0
155.033457100391,500.959941238165,58468.5019264817,13.2966671288013,41.0010234713554,123.322406470776,794.542895108461,931.747412353754,171.378933131695,598.58363622427,7029.24425277114,158.701239019632,416.752519011497,1293.76218497753,107.240707218647,49.4368232786655,14052.6153905988,3348.16541722417,11561.1362154484,23.7073652744293,494.465865015984,115.712663769722,7981.00710663199,217.937695533037,105.84888023138,0,19945.7449694276,248.767925918102,1113.46495741606,697.685006827116,2230.54787838459,889.614456266165,95.976153075695,6465.07775571942,502.173340767622,8538.20856425166,14873.9079680145,5964.52030077577,2874.25518384576,86.5811438262463,49.8204597532749,61.6829504966736,2487.01572152972,5940.31160286069,675.619477599859,936.854978114367,6.99173432588577,13.9717125296593,28.4758822321892,12.1292675733566,1032.69533535838,1964.97583884001,0.602405309677124,10.3017395734787,2.96230697631836,49.4468509852886,16.8515919446945,27.3646948337555,4.63492852449417,484.636253625154,4.27036991715431,1909.68063944578,57.1041300296783,1.82842940092087,171.307399362326,2268.66519537568,1177.80712980032,1170.94914364815,0,76.3678359389305,182.362708956003,546.271635949612,115.336191236973,525.981841057539,21335.9623733759,34521.6265257001,55.9610153734684,100.816619992256,77.083020478487,3396.52947568893,5.76690459251404,6.60499554872513,374.400184080005,409.837222516537
265.662296801805,21805.1134440899,54149.4120536745,10.8013376295567,258.068719536066,161.412582755089,1762.90314987302,1245.77433502674,6366.15241152048,338.755478173494,545.760039746761,107.605638563633,890.011958122253,1967.26243939996,668.710849076509,8952.30079585314,27292.6643277407,1612.50205653906,7223.35591569543,28.8509725928307,3887.06023895741,9730.27584710717,47669.0635817647,9982.99171885848,4840.77115547657,19945.7449694276,0,5782.19549188018,2102.38260856271,1847.02436611056,1889.12507605553,1456.90725529194,235.282063603401,21330.4844587445,3090.55989387631,39663.7075180411,14659.3667815626,13383.1340696216,14578.2094004452,393.455701380968,219.554208666086,217.550045728683,6232.80340173841,6988.89505547285,1819.15790595114,2292.48194783926,219.823289513588,60.9780440330505,52.532376408577,50.5642774999142,8135.23700016737,7472.96361628175,1.54329305887222,67.7151466608047,11.9342464804649,559.919738471508,141.703948199749,233.730093955994,10.5828264653683,266.097011625767,13.4032602310181,630.297124117613,270.050932615995,25.9705542325974,8507.5119497478,4216.02103674412,663.267445355654,1460.56107637286,1.69080245494843,811.695619881153,4374.98515969515,14914.6435554326,2246.29357236624,2212.53785535693,18296.0681904256,97423.3122754991,1328.30221402645,141.236199259758,493.320934444666,1008.38664829731,7.65883439779282,11.1487568020821,914.525776296854,2130.15673625469
393.06344589591,100.709429770708,516.179227381945,11719.3656806648,817.438370049,1125.23535478115,61780.4043855071,1897.14078706503,8268.49013471603,14260.471126318,197.756018996239,1345.04697686434,183.881615519524,3410.58574420214,1018.09539574385,2951.39521417022,667.588415801525,69.2387188374996,122.731891602278,3890.76219624281,6638.38854655623,646.891825705767,7211.76910436153,23029.1009616554,58.8330525159836,248.767925918102,5782.19549188018,0,6672.55894619226,22886.3794782162,27.7093389332294,204.989069283009,1594.98996302485,5904.90667918324,3070.13361084461,9510.05649065971,1000.87952852249,6054.54594418406,2581.113894701,1202.12602087855,792.300581634045,304.672077178955,2942.02163428068,166.636193752289,1768.66240042448,615.116420865059,1246.75934824347,571.551848262548,147.005430966616,45.9072341918945,14.9351299405098,82.498262912035,2176.62272152305,32.7742743194103,242.18693998456,3832.07421246171,673.372825026512,1641.49522784352,3663.62580347061,80.8627279102802,1065.84477636218,30.0756563544273,780.058255851269,193.380180746317,981.571132898331,60.2364181876183,5.83428379893303,11.2397612035275,1013.22165098786,903.632526218891,260.645532548428,799.225021719933,15968.0977053642,1.56489783525467,37.6922118961811,611.740826666355,11840.3837381601,1449.47878104448,1338.28320914507,1.07682871818542,122.918437421322,102.11363992095,844.115069270134,822.341581463814
11881.0997224152,33.1351520717144,498.952712416649,166.565066218376,37.1013696789742,368.168085724115,13462.4039849639,2487.279910326,151.093832701445,4232.06062853336,1014.67662373185,559.167798995972,41.9368247687817,15651.700565666,53.7914416491985,83.8372759819031,3836.80710211396,532.779496818781,3048.92294681072,261.537366092205,1015.39961752295,18.2267456054688,2468.30427616835,1494.74870795012,5.25837287306786,1113.46495741606,2102.38260856271,6672.55894619226,0,15546.0410548449,60.4887586236,2136.13860723376,3705.28467008471,8163.98496061563,134.354295819998,1483.6714040339,464.71527209878,1640.93833458424,441.079363822937,173.788477689028,308.074157416821,168.750706106424,669.571904122829,130.711329340935,340.041765511036,124.835093677044,134.394345462322,71.8312366008759,32.7974653840065,14.8455674946308,40.3119302690029,70.4429774582386,18.9611065089703,2.70550096035004,8.77577286958694,487.283098369837,59.0472402870655,162.095595628023,54.8769399225712,3.88337624073029,44.1544938981533,12.8484046459198,83.5532614290714,16.2446764111519,106.433287501335,40.577707618475,2.55568188428879,4.81198275089264,15.8989469707012,123.830079346895,33.1854392886162,116.502703815699,2066.77728882432,8.86247935891151,163.262919455767,609.340534776449,1537.10640183091,296.791484117508,379.442814350128,5.59806966781616,7.0816625058651,54.0116215646267,220.99351811409,59.2983313798904
