0,0,0.0267681064626485,0.000139530967239904,0.000351637237557525,0.00399872301794611,0.917853511520529,0.146904784736217,0.00012683849242394,0.00832363426031876,0.000878231850127781,0.000189568306441283,0.000442728315041525,0.782388590215902,0.000776463203291916,0,0.064905584134503,0.000650536825237048,0.00255803177920412,0.000177825471739822,0.0612556989001904,0,0.271990586961309,0,0,0.0266242122486088,0.0126350490604779,0.00374199688290503,1.31506578762358,1.78079794370302,0,4.07661948107779e-05,0.00288517957092819,0.0133396854241193,0.0017145164395198,0.0220363318624633,0.00827496309671397,0.0179931213997067,0.00715771213468612,0.00072013929206255,0.000596979202314913,6.53946358182907e-05,0.000155805270220112,8.35693002926588e-05,0,0,0,0,0,0,0,0.000129600683612949,0,0,0,0.000136303478432822,0,0,0,0,0,0,0,0.000189055880274296,0.00013274163906219,0,0,0,0,0.000145349669992161,0,0.000191910852780319,0.0010341051231589,0,9.71514605316461e-05,0.00306560621886428,0.000179412102689105,0,0,0,0,0,0.000172082717636276,8.74657240139007e-05
0,0,0.00237182941026673,0.000918701228887457,0.000314291072731591,0.000836889978060991,0.00039605958436119,0.000996759551567634,0.108734592615706,0.00170739328679942,0.0142444839414854,0.00349890033765269,0.222407767458478,0.000481092657580877,0.0093764102814428,0.0256245423637593,0.00423065233561688,0.000246495280158377,0.00165949861184563,0.000428589256492102,0.00858924667657028,0.627295168734061,0.00822216585451442,0.216927361273883,0.444586518729245,0.0207074419353823,0.94029038571587,0.00978323408248489,0.000123047915794015,0.000100605898127014,0.00220201268247442,8.3287738847208e-05,0,0.0105572101479859,0.000431849224166465,0.00922819394666929,0.00948128819389195,0.00531190540324893,0.00545530455273326,0.0117743052188512,0.000481479598543525,0.0293415693187433,0.0116854335958969,0.0255160936374388,0.00409653739045279,0.00656433130973695,0.000398766502444589,0,0.00709898357450763,0,0.0968204250569144,0.00122013322137727,0.000177530336033213,0,0.000242355004844427,9.20681583546459e-05,0,0.00707280457881649,0.00031850052563653,0.0100141745130385,3.91764311148942e-05,0.0385272842764658,0.000230250516173172,0,0.00887726094879429,0.00879078378167333,0.000418413478918344,0.0020389948009155,0,0.00256558526084311,0.0196370650918115,0.00447208711368127,0.0168568113246116,0.0273104856790565,0.0202688873827287,0.414436371802265,0.00102493124587453,9.58935429554343e-05,0.000229741175995374,0.00296181574062266,0,0,0.00478002406453629,0.000695397037669659
0.0267681064626485,0.00237182941026673,0,0,0.00270724648408241,0.00369829557922881,0.147603776413582,0.0587319632238494,0.00129987865376268,0.00305222557722614,0.00132274048285294,0.000341815238251985,0.0132342890917874,0.104555210442749,0.00640693021196909,0.000710133451380211,1.29155703270703,0.00286463010918989,0.0310501237966453,5.08921289833903e-05,0.234294274790603,0.00375515016954986,4.93503752879513,0.00351046117205044,3.81112622024596e-05,1.76746083725117,3.57073729222161,0.139383111998011,0.0287808369852759,0.245421102810993,4.75339269088447e-05,0.000143475562784815,0.00268680153684919,0.139903239008467,0.0331173518655346,0.79762152949031,0.828217365315218,0.377984308940836,0.194995014342048,0.00642951137092706,0.00679349954378491,0.000635417430332172,0.0679626019723953,0.0466004777843797,0.0188899325178838,0.0303408088366838,0.00127634710364928,0,0.000125887446664739,0.000329978897493625,0.00582258358530309,0.109292310197824,0,0.00107946597304602,0,0.0112999812796575,0.000866168373551488,0.00149739511239027,0,5.95738114484668e-05,0,0,0.00252094245722557,0.00115280912342055,0.00900199816896957,0.0503228779667183,0.000105732959396928,0.0048663411109,0,0.00457436449284857,0.00467818627809983,0.0777839547105985,0.0084808158261928,8.5033029384613e-05,0.108581233462415,1.550313795655,0.00582231153022395,0,0.00470353944730332,0,0,0,0.00359296214146069,0.0146348585288362
0.000139530967239904,0.000918701228887457,0,0,0.0030309352910528,0.0265788431927959,0.0243639906970557,0.0293767420061871,0.131407719186061,0.270429008025506,0.00177305783270057,0.920523515492201,0.00431478534619044,0.0135734712945116,0.0376439469786817,0,0.000286918401225937,0.000490339233873833,0.00073978519311583,1.54759467828812,6.66202001877665e-05,0.00209554424359911,0.00021617841716001,0.198940993012118,0.000372542689774096,0.000191926528202676,0.00130177644652153,1.06359453389104,0.00339663246485171,0.000345229064112729,0,0.000271353487088245,5.89274369855761e-05,0.00380556009226608,0.000933840787926239,0.0581821811109699,0.00135106935220012,0.0106755517753826,0.00197188055899066,0.129888284821429,0.000918594601531828,0.000713441862655699,0.0109736762011527,0.000105105147626585,0.00494158260927763,0.000220433972873139,0.037717420465342,0,0,0,0,0,0.110627161347172,0.00371154463382035,0.0319865275395059,0.0249246147725028,0.00679024850677623,0.0227955746090101,0.157968796128687,0,0.0843318062769764,8.71857230970741e-05,0.00117943184110647,0.0111849281638741,0.00039395320678761,0,0,0,0.0267667148071848,4.40120300573766e-05,0.000294107967005324,0,0.112703097776552,0,0,0,0.115086254079272,0.000684140810276771,0.000159284267146111,0,0.000116334030700492,0.000334968731604123,0.00242189751876751,0
0.000351637237557525,0.000314291072731591,0.00270724648408241,0.0030309352910528,0,0.421820009129509,0.019487432174029,0.0307867353703925,0.0218560718345647,0.0106403355071084,0.00552183993497574,0.0590737575206255,0.00707046471810631,0.00235423704506684,0.44692844965599,0.00111203544450152,0.00210880673802423,0.0015132261609498,0.00236752146579584,0.00254943248037658,0.0506669133316377,0.00217422012064238,0.0865923362316517,0.0176344230857379,0.000781374406047195,0.00413615702046393,0.0199514672572315,0.0241562862630146,0.00108995892660145,0.0172319209846128,0.00011481024171288,0.0172046061432587,0.000341163153540158,0.32441611775649,0.520515675155805,0.195939296387367,0.0207893343278525,0.0312308436457,0.0534497293173426,3.15852231623936,0.989126768317626,0.00161148208415396,0.00843791219519756,0.0138774437399313,0.00412699927740901,0.0599107372699951,0.00315810935557768,0.000571121266392982,0,0,0,0.00357657127517481,0.00123833276371714,0.00139729720139844,0.0023692496226641,0.00318040009840531,0.000871966532265866,0.000935338486277979,0.00614337541407748,0.000669246815320909,0.0025516830402746,0,0.000490584149197662,0.00124754294228722,0.0016849272153663,0.00168996535572803,0.0015436508816082,0.00194916091334549,0.000686866542373807,0.00404887034811444,0.000165215912426949,0.0161688233787705,0.00587219864370539,0,0.00615704191007595,0.017730310293064,0.00642845474693166,0.000323551056712424,0.00152298758895049,0.000118716677364957,0,0,0.00320980914287183,0.433069065396572
0.00399872301794611,0.000836889978060991,0.00369829557922881,0.0265788431927959,0.421820009129509,0,0.730015016283189,2.4103192429404,0.0428967143349499,3.10121981664239,0.0599339837080221,0.986730971055066,0.032597477187298,0.224886219604157,0.40376676696476,0.000199089716957044,0.00700819304782301,0.0236751337325677,0.0268698356959085,0.0302695969037579,0.00849981100726622,0.00106788822415449,0.0152796538244294,0.0420837096326685,0.00261874603899827,0.0235257417352726,0.0108384155825021,0.114632323600095,0.0308633390115399,0.0416454952138858,0.000555921571477747,0.0143288069537249,0.00174308984428684,0.0800923307563541,1.10275313122345,0.718252662384494,0.0266072849754482,0.162632621417104,0.0545701255423463,1.16190796529569,0.185964913250158,0.0175899277476918,0.0347386330027942,0.00371030972965783,0.0241427199827616,0.0107586553455511,0.0518052563488686,0.00450202838607874,0.00178246990977548,0,8.53656207005382e-05,5.16474131480813e-05,0.0274883676805075,0.00420054377688878,0.0299122686667071,0.0253429537113395,0.0167218487596225,0.00730472064952799,0.135734017431536,6.99684867686391e-05,0.0291972683415206,0,0.00773729653063368,0.00996559320256775,0.00216483106867051,0,0.000177418194225312,0,0.0119185762421069,0.000594590860013205,0.000322872413790608,0.000427520095665622,0.106385995461359,7.68038885311604e-05,0.000210613782494974,0.00117772698696339,0.104247854277396,0.00353171541702618,0,0.000156793365383613,0.00107967060978179,0.000488549208182538,0.0213221806051204,0.0587826287781038
0.917853511520529,0.00039605958436119,0.147603776413582,0.0243639906970557,0.019487432174029,0.730015016283189,0,2.61275570415002,0.09706270741243,2.3003798499195,0.114212769579317,0.0560887443525106,0.0841816585191755,4.0517959986042,0.108726120242796,0.00527737637541573,0.0486570879639088,0.0453282913364313,0.0948144367280712,0.0229038067053186,0.412535946925511,0.00149779447329046,0.310510978470512,0.295185622209922,0.00402436454303148,0.062462051736203,0.0916198960412724,4.39325324828759,0.662128243228382,1.93311816208178,0.000813785387410194,0.0149033891160806,0.0684177400815518,0.28783531293762,0.173076428645496,2.40808284745221,0.111352654035601,0.744111521943574,0.231261294835916,0.226129938985382,0.058970373823101,0.0260646240514778,0.162564309720781,0.00416430613094085,0.101838249378669,0.0190918611403313,0.0459064898397662,0.012612443391869,0.00121055845480978,0.000163980488088226,0.000346652228227473,0.00165053525980859,0.0455377452282642,0.00548632241161869,0.0170692924666349,0.115572522867105,0.0652501698107825,0.0366930745988866,0.146519568812302,0,0.0192358475073853,0.000174064176939136,0.0555235090289506,0.0141307268344961,0.040774274491564,0,0,0,0.0155510488759345,0.0120024130883108,0.00690607080682624,0.0130747237892168,0.762122553328658,0,0,0.0314058871069529,0.516691914986411,0.0238622819455022,0.000825870436687427,0.000426858703306479,0.000184061995802987,0.000834874654702521,0.0668042504240804,0.0143791097435209
0.146904784736217,0.000996759551567634,0.0587319632238494,0.0293767420061871,0.0307867353703925,2.4103192429404,2.61275570415002,0,0.0268809978386215,1.44099983981613,0.384506120173551,0.310389373728083,0.0684176059330758,2.56690777926624,0.0621113950833996,0.00103748201358654,0.0843361602570417,0.197415716618628,0.1894483724873,0.0449771572495392,0.118720105288178,0.00139550754976644,0.327932962647858,0.0926413331861157,0.00454011718426709,0.14219025704286,0.0678235277520118,0.310975555209108,0.143767142832799,0.914640612621574,0.0026262720477354,0.015186174778703,0.00867148550931741,0.204416689112197,0.0391547653024114,0.936078221636461,0.0790174065031495,0.282407198829607,0.102678357190132,0.513473906525148,0.0608756342257389,0.0366608638152275,0.0729427569099478,0.00770028803322521,0.0462770266102663,0.025453635700238,0.0357714357186993,0.00724983764100653,0.0040628522637693,0,0.000469601211182463,0.00114323237843007,0.00706858523964127,0.00134073693437398,0.0124619006128402,0.045631405900235,0.0135266715086502,0.0117482816623314,0.0285323994314482,0.00120807864624328,0.0077821815069606,0.000768449017950583,0.00711486816322619,0.00639643964304167,0.00599613604620343,0.000246544582926946,0.0005945359463552,0.000441136666437471,0.0020223163853131,0.000881444692175567,0.000358553593934172,0.00127416889500158,0.36241668314503,4.3867453217268e-05,0.00219470502500647,0.010046113358512,0.191282462395769,0.00219165517345208,0.00030453723404333,0.000566145351379556,0.00145910406793883,0,0.038982181251804,0.00485050492194749
0.00012683849242394,0.108734592615706,0.00129987865376268,0.131407719186061,0.0218560718345647,0.0428967143349499,0.09706270741243,0.0268809978386215,0,0.317205623683889,0.00248358400835082,0.371869772136644,0.0252195081734365,0.00798444306848217,0.412627437077507,0.00787715783606672,0.00412182732902362,0.00106404686313049,0.00097204840254305,0.0486426920961189,0.00866754047249943,0.912742156173417,0.00483494172906702,2.82077202598848,0.0614960325938053,0.00433941320273029,0.469339124054436,0.573728440849222,0.00190914769697453,0.000263359153190624,0.000609289894095236,0.000853284970688474,0.000104995673913502,0.00573101642385055,0.000633592494388175,0.0957083468147693,0.00759576296974071,0.011705389425533,0.00649786985096278,0.301280048601552,0.00126100915291157,0.00329203506765091,0.0445466891925645,0.00403140101335477,0.0126499870629254,0.00605134397490292,0.0317889994558167,0.00182334799215074,0.000847384407397235,0.000145953167908287,0.00174458236133287,0.000518793228977751,0.130436703970361,0.0026306271207552,0.0234128301367189,0.0139776697107074,0.0157231299073816,0.365807774622776,0.253937221596624,0.00433421424317248,0.0785356303018855,0.00211828760986383,0.010046489641707,0.0128870042591549,0.170957623059945,0.00056250058481648,0.00272558200282093,0.00155126755296711,0.0378983765006964,0.0485458685599289,0.128607461338499,0.0558687891200115,0.755029995888285,0.000651577791344118,0.00512997759983497,0.0303942907768899,0.232432050386271,0.0062594528664022,0.00151006762179133,0.000106158063174748,0.000783346624916518,0.000207720831281089,0.00912429306541104,0.00395933068155917
0.00832363426031876,0.00170739328679942,0.00305222557722614,0.270429008025506,0.0106403355071084,3.10121981664239,2.3003798499195,1.44099983981613,0.317205623683889,0,0.0717389768698435,0.701845152727694,0.0416766725360024,0.644978873395572,0.0710446603535902,9.49703061669946e-05,0.0149061736047105,0.0264259712605042,0.0482482094785344,0.847955583989335,0.00526106929841209,0.00429559444443524,0.0123652835252358,0.177589992131861,0.00287335658817796,0.0340716497605435,0.0150727837559482,0.975014967401859,0.121433549528584,0.0245908403420936,0.000913955377874887,0.00729266214969374,0.001395391117966,0.133735263429927,0.0368960000659782,1.06518267353543,0.0281284084515882,0.262820058191453,0.0512507044890167,0.290565608733402,0.0166636056334337,0.0170281796445176,0.0904525887200048,0.00146969414248357,0.0433973892158336,0.00758218860337783,0.207020653607815,0.00207372527429111,0.000505332404222792,0.000126354786997247,0,0,0.224134009788982,0.0133419746144067,0.126213722684973,0.21003552101525,0.0560593275726147,0.0803727507218739,0.60951638871709,0,0.157916208047003,0,0.0129567967481026,0.0527955102144088,0.00306565883264207,0,0,0,0.0908094961228138,0.000427563159242034,0.000932921277119064,0.000559334546938062,0.777957764075199,0,0,0.000250254175719363,0.80312104767645,0.00496742105904813,0.000148722095086956,0.000109655082160717,0.000305705377388585,0.000453600772208762,0.0235765810313028,0.00158954101078696
0.000878231850127781,0.0142444839414854,0.00132274048285294,0.00177305783270057,0.00552183993497574,0.0599339837080221,0.114212769579317,0.384506120173551,0.00248358400835082,0.0717389768698435,0,0.0221364208164883,1.07777855525327,0.357864259295964,0.00322749681721131,0.000366109372531021,0.0335224705932582,0.970930443793621,0.0750608051335517,0.00362722837364349,0.0077832354950069,0.00185352712242517,0.0174905878590956,0.0100741803717405,0.083424437522209,0.352313683851196,0.0310818836372117,0.028706468202303,0.0840813403281713,0.026387347306202,0.0435315838911522,0.398833894755765,0.000853286130856759,1.39599495631115,0.0061204264642394,0.116676368067075,0.738573197627489,0.783564958368184,0.105633061432319,0.0137760808130036,0.0150442659252876,0.485286837522036,0.00777610434384674,0.124154965051485,0.0106361950243085,0.00486568794200069,0.00259974690107887,0.000973952443261063,0.0345692038559565,0,0.0209855281245,0,0,0.000260129186240709,0.000147972819249701,0.000114467159202647,0.000900654314429569,0.00286390421498095,0,0.139616669888031,0.000147898390216881,0.403166216530679,0.000766185228627312,0.000349334461319696,0.00131985353704416,0,0.00415078444849189,0.00283687280829115,0,0.000207842993786842,0.0106503284047547,0.000456401310320252,0.00370576852414805,0.0677116695395028,0.131536343475554,0.109146502889663,0.00039973390453096,0.000317506945244139,0,0.094049739083583,0.000490886827459288,0,0.0326826709628203,0.00209254731266804
0.000189568306441283,0.00349890033765269,0.000341815238251985,0.920523515492201,0.0590737575206255,0.986730971055066,0.0560887443525106,0.310389373728083,0.371869772136644,0.701845152727694,0.0221364208164883,0,0.0130035129901582,0.0590554487208256,0.926294678367667,0,0.00236705748615231,0.0079923535780295,0.0100807574241903,1.04645871441466,0.000938542505786597,0.0165275961013158,0.00137088737605383,0.258487314933539,0.00110223576309317,0.00731905133164097,0.00928966221064397,0.422661234557087,0.00512393724649367,0.00195794762464718,0.000169762562252891,0.00310729606835786,3.47383052421034e-05,0.0302218552862698,1.55735927521103,0.181797709448427,0.00731132083812967,0.0480481444662554,0.0137143622858261,0.748612992355922,0.00474653727987197,0.00576045446083482,0.0379481187392591,0.000873853655567765,0.00999487120938725,0.0043747856582944,0.0964370016777462,0.000677513832600385,0.000632588203626108,0,0,0.000116786075514615,0.113876518622127,0.00811077844823111,0.0720135415317855,0.0270945237896267,0.0217406732969393,0.0274063876441908,0.35188694587845,0.000339881576713497,0.171183482911941,0.000126136640291762,0.00731599875354501,0.0241537204091207,0.00300353863591715,0,3.25602368666411e-05,3.31885132887662e-05,0.0439208196842007,0.000858809604387582,0.000418261900155795,0.00099176435788879,0.112157707347746,0,3.86309211566091e-05,0.000552809465351683,0.154347846672006,0.00292484454101724,0,0,0.000916603913484782,0,0.0097985879950341,0.10435693884315
0.000442728315041525,0.222407767458478,0.0132342890917874,0.00431478534619044,0.00707046471810631,0.032597477187298,0.0841816585191755,0.0684176059330758,0.0252195081734365,0.0416766725360024,1.07777855525327,0.0130035129901582,0,0.0209393745494506,0.00747056788345352,0.00621957288819894,0.0108389407354522,0.0132895909707393,0.0135512981348857,0.00242132522850153,0.0423475458078982,0.0627968095188207,0.0817699051612042,0.0668978799585372,0.847446653964632,0.0374228338719339,0.2103796422297,0.0994879946740692,0.00678407661314575,0.0318385109582409,0.0568725177586271,0.0191756685995017,0.000767575475524038,0.38444899881466,0.0366961551233031,0.362574722504849,0.556874757084061,0.370056169546391,0.587766966953489,0.129630100983157,0.0414119604775532,0.786159719146521,0.0692108422225787,0.513346180045179,0.0478904586742955,0.0377229731797894,0.0814109797873982,0.00514447086623633,0.17662090339167,3.9766582712245e-05,0.0622122829433324,0.0028008620965198,0.000636217414582694,0.00158406102164927,0.00744845726186611,0.00414636726701732,0.0098819775101555,0.0090617536417305,0.00412181721481094,0.433204984657661,0.00150593335480482,1.20323234743108,0.00522753115949775,0.0029746883717469,0.0159380446295028,0.00161415794947114,0.00541741924280174,0.0064565162705478,0.000207874037786043,0.00629627777959964,0.0306700733919715,0.0157654622329389,0.0333463473426347,0.299695603169685,0.225327724944021,0.306911794898865,0.0151379445842504,0.00287674605927175,0.000877615777390176,0.180282718285769,0.00324544741140056,0,0.138385822655743,0.0185312124500292
0.782388590215902,0.000481092657580877,0.104555210442749,0.0135734712945116,0.00235423704506684,0.224886219604157,4.0517959986042,2.56690777926624,0.00798444306848217,0.644978873395572,0.357864259295964,0.0590554487208256,0.0209393745494506,0,0.0117182368982473,0.000662524081387174,0.35016900105398,0.207157186308615,0.318853838510692,0.0239972505232023,0.266668868772886,0.00025264992322619,0.979320395970381,0.035465091597073,0.0015924434625225,0.238028498069663,0.117873792753537,0.13570972732716,2.52755160793729,2.01392332699471,0.00215216468156809,0.0569305337709154,0.0213396922845613,0.338253594217746,0.0113024039521279,0.251896172298406,0.0577226735801128,0.211072482306151,0.0562877951556116,0.0250180045612521,0.0124440912289574,0.00902363662544403,0.024354048043171,0.00182787303128534,0.0103140522979219,0.00546066661967801,0.0100320060219442,0.000872867144311595,0.000877066158624315,0,0.000682253985053372,0.000419667188327479,0.000293568424461741,0.000665182067838961,0.00276864713099473,0.0143384970649829,0.00184084994312759,0.00424576018728568,0.00211922781082579,0.000201713380546117,0.000944135194898808,0.000212915649885607,0.000591825091882181,0.00109142839808805,0.00346983473222167,0.00036366372609862,0.000188867190738344,0.000388154165527082,0.000375591793209887,0.000197263539019293,0.000208076579205287,0.000522303492000657,0.139064206383692,0,0.0032409008434001,0.0153551775680797,0.0669960942559553,0.000341235241780043,0,0.00034851421065343,0.000555720339266037,0,0.00693737850321904,0.00111391236299826
0.000776463203291916,0.0093764102814428,0.00640693021196909,0.0376439469786817,0.44692844965599,0.40376676696476,0.108726120242796,0.0621113950833996,0.412627437077507,0.0710446603535902,0.00322749681721131,0.926294678367667,0.00747056788345352,0.0117182368982473,0,0.00299608172879022,0.00464043158207627,0.00393698159717077,0.0050201438225351,0.0355840728424866,0.101277114338225,0.0336311724437507,0.125779888640814,0.235521011684009,0.00370390883867994,0.00662327749644472,0.0552798957909174,0.170328293272232,0.00630833164460544,0.0676705269709045,0,0.00398568322030712,0.000419802326015049,0.0106627020290891,0.948615562843661,0.11261168392973,0.0383203582627412,0.0559156128193667,0.0664193251179371,2.19182306513338,0.0145680530377919,0.00253499764320613,0.0181189325353528,0.00753436016322042,0.00516585932251842,0.023981150765641,0.0149894264303827,7.661979875561e-05,0.000372422797925162,0,0.00035129617438302,0.00122978583903566,0.00924543625081521,0.00201863122326843,0.0102782449487468,0.00657745747123816,0.00501746279198507,0.00287954376855982,0.0431999733440885,0.000204485481384122,0.0126321618750374,4.13187476042389e-05,0.00245424739696009,0.00379999951672887,0.00648844929033993,0.000253372453823805,0.000730192308051217,0.00131916548419318,0.00442995978138505,0.0051510982705741,0.00287630031501889,0.0107713355377794,0.0256852393408451,0,0.00342850384814669,0.0108576647586043,0.0233195598014679,0.00117126070866723,0.00104433778696899,0,0.000628463922269386,0,0.00592476440749237,0.294158151761879
0,0.0256245423637593,0.000710133451380211,0,0.00111203544450152,0.000199089716957044,0.00527737637541573,0.00103748201358654,0.00787715783606672,9.49703061669946e-05,0.000366109372531021,0,0.00621957288819894,0.000662524081387174,0.00299608172879022,0,0.00212337962353114,0.000189102517870385,0.000413407545646441,0,1.36658866055215,0.242862438050402,0.557361469211062,0.111389215099646,0.00292146609006098,0.00208074281370722,0.752571653649605,0.274472274778342,0.000436332047202748,0.0011148053272848,0,0.000233219395579398,0,0.00570119333665646,0.0131286982047867,0.142832468097208,0.0948438485516814,0.0320494103437751,0.0278735837768404,0.00199839762538194,0.00115445196846836,0.00198280366612441,0.051796339032426,0.00492870254664724,0.0100859444109283,0.00857191676949073,0.0113763034426461,0.00100969972669578,4.59643010458231e-05,0,0.00121270608995474,0.00390791279177937,4.54034283553719e-05,0.000501747311806726,0.000376541690490156,0.0077179488892666,0.000824300243890786,0.0198415796066261,0.000311181307398462,0.000104746836811745,0.000214113247478056,5.02033864605903e-05,0.00145631641441668,0.00208972682667568,0.834912278816782,0.00128438246425356,0,0.000243935960612833,0,0.102935261231281,0.11143709065374,0.579566028215885,0.126545606447284,0,0.00122457380201419,0.440402303172476,0.0286874669661448,0.000187259931003374,0.00976188199177995,0,0,0.000244653599216223,0.00326570416881768,0.00537754063809747
0.064905584134503,0.00423065233561688,1.29155703270703,0.000286918401225937,0.00210880673802423,0.00700819304782301,0.0486570879639088,0.0843361602570417,0.00412182732902362,0.0149061736047105,0.0335224705932582,0.00236705748615231,0.0108389407354522,0.35016900105398,0.00464043158207627,0.00212337962353114,0,0.112477717456883,0.658402088335271,0.000804571275372827,0.0693732549960132,0.00728260830376101,1.48744926414725,0.00722415669650055,0.00025448040576818,1.21007601673398,1.87770852587858,0.0260709766011364,0.263253074822536,0.1953058866414,6.43573050999999e-05,0.00486657581849633,0.0315070591672025,0.757085689365375,0.0261435984161497,0.559536725791567,0.642440441160369,0.3446748215064,0.207161111529058,0.00888477301505563,0.00753111518714127,0.0010093009707196,0.0234480524659226,0.0188936529467065,0.00587180463360653,0.0107767896613013,0.000139101360138845,0.000193914267610431,9.56441564540863e-05,0,0.00723476593281718,0.0291798724158976,0,0.000395583403955483,0,0.000659197440565699,0,0.00148944651600856,0,0,0,0,0,0.000207700263864505,0.00247759075725739,0.0201771447757771,0,0.00312124723224733,0,0.000626993740654582,0.0028945161961519,0.0076137849683427,0.00267459709252053,0,0.0728283597407461,0.52236039063646,0.000520617258996892,0,0.000413089855333238,0,0,0,0.00148490616674387,0.0112087882403309
0.000650536825237048,0.000246495280158377,0.00286463010918989,0.000490339233873833,0.0015132261609498,0.0236751337325677,0.0453282913364313,0.197415716618628,0.00106404686313049,0.0264259712605042,0.970930443793621,0.0079923535780295,0.0132895909707393,0.207157186308615,0.00393698159717077,0.000189102517870385,0.112477717456883,0,0.527473069364448,0.00123955182588401,0.00960461237000984,0.000193962942076278,0.0189559274399686,0.00326357355921536,0.000284901543639886,0.267627758280818,0.145399732451782,0.00867706994866875,0.0568230491882741,0.0185348181010947,0.000781729893883288,0.119494154891399,0.00156864839347998,0.295513536040016,0.0119595593211731,0.22860149519014,0.773350936381724,0.600205179764635,0.273673655791647,0.00775849811507421,0.0139412706757073,0.00277062914261953,0.00583899387344895,0.00428936301108531,0.00161244516117972,0.0028409214887574,0.000349063087145376,0.000512230861277675,0.000410335215466261,0,0.000655727041158825,0.000333487129491449,0,0.00100057975486272,0,0,0,0,0,0.00347410363425357,0,0.00647292077684744,0,0.000138510814025832,0,5.84300374818563e-05,0.00161542678490305,0.0026218378027278,0,0,0.000170958669452834,6.005128060534e-05,0,0.000873772122330666,0.0451916448368574,0.0446995741438731,0,5.10626006627083e-05,0,0.00534201870493201,0,0,0.000549662378836799,0.00696090517887225
0.00255803177920412,0.00165949861184563,0.0310501237966453,0.00073978519311583,0.00236752146579584,0.0268698356959085,0.0948144367280712,0.1894483724873,0.00097204840254305,0.0482482094785344,0.0750608051335517,0.0100807574241903,0.0135512981348857,0.318853838510692,0.0050201438225351,0.000413407545646441,0.658402088335271,0.527473069364448,0,0.0021034244163531,0.0329214592304552,0.00101962144787167,0.0976477326118817,0.00453817565579404,0.00149909182782133,0.590115254357516,0.266892287943503,0.0203902901243713,0.109315642374333,0.0518379082916317,4.8992503918469e-05,0.0762751651880513,0.00476634085276305,0.89001881665471,0.0185907400856109,0.407461616879253,0.589523983881599,0.612739122561309,0.342422798142293,0.00945322283178452,0.0153193963562979,0.00126192776363856,0.00779296518933657,0.00436819632325698,0.00413827595532496,0.00498784980776046,0.000400788111752629,0.000452355207356321,0,0,0.00219745735330388,0.00169497123932018,0,0.000744499392282843,0,0,0.00011924626934681,0.000342257610126508,0,0.00016316527261076,0,0.000948316441394984,0,0,8.34127798561335e-05,0.0020153755514313,0.001905160511272,0.00481168655617102,0,0,0.000152072766295838,0.000337676827389836,0,0.00164937857495161,0.0929686990222634,0.126435077463249,8.33741114764452e-05,0.000126721166387987,0,0.00173377970421467,0,0,0.000470617571201491,0.0103271547008131
0.000177825471739822,0.000428589256492102,5.08921289833903e-05,1.54759467828812,0.00254943248037658,0.0302695969037579,0.0229038067053186,0.0449771572495392,0.0486426920961189,0.847955583989335,0.00362722837364349,1.04645871441466,0.00242132522850153,0.0239972505232023,0.0355840728424866,0,0.000804571275372827,0.00123955182588401,0.0021034244163531,0,0,0.00145070742157939,0.000463003763734066,0.0745991193998916,0.000448405871778774,0.0010130410639563,0.00163059426980612,0.2263439264525,0.0027024899402342,0.000789940884093887,0,0.000354337986584884,0,0.00635525527039472,0.000795591587464982,0.0481098084947469,0.00141581217800638,0.0120300879909603,0.00288584783078222,0.07075847445398,0.000576316739601266,0.000938191939168113,0.00684492230218023,0.000404501903945106,0.00286263686409688,0.000463698234039831,0.0233180017217633,0.000131963034638286,6.56642156769276e-05,0.000266127548503733,0,2.86806925711155e-05,0.0878865696526605,0.00220209026471021,0.0134823894662281,0.0136122490310194,0.00675569527906001,0.0189393627091686,0.081219572921072,0,0.070181395828652,0,0.00119980658500799,0.00754616282110815,0.000122465432412225,0,0,0,0.0117083425067787,0,0.000273306646467519,3.72485587284744e-05,0.0800208738058226,0,0,4.8209568589282e-05,0.0716381128868753,0.000486955288921667,0,0,0.000219750858773803,0,0.00190822528136314,8.83737237307191e-05
0.0612556989001904,0.00858924667657028,0.234294274790603,6.66202001877665e-05,0.0506669133316377,0.00849981100726622,0.412535946925511,0.118720105288178,0.00866754047249943,0.00526106929841209,0.0077832354950069,0.000938542505786597,0.0423475458078982,0.266668868772886,0.101277114338225,1.36658866055215,0.0693732549960132,0.00960461237000984,0.0329214592304552,0,0,0.0682855536283098,5.6800794224335,0.0282929213166466,0.002357676491067,0.038363316354432,0.66473501960809,0.694475031875293,0.14631936653195,4.12004098008389,0.000176120161711979,0.00260129199391231,0.0300089959264636,0.968408788392529,0.344891618325401,2.52426853073353,0.637680465595738,1.2717932179648,0.806334166703456,0.0449293123478504,0.0198797994862965,0.00599485805216346,0.186145920584238,0.0156269024492911,0.0243645693901648,0.0182304637236003,0.0366884514627017,0.00355600464469931,0.000481682233477593,0.000623776307613409,0.0023142965773842,0.00660513451303929,0,0.00763121846062378,0.0016553326959359,0.0048454400655695,0.00225127713334551,0.0340988511421151,0.000817410872385514,0.00045563602299174,0.000634176944503605,0.000125687979545331,0.0019010063490067,0.0080628378048967,0.509348657988436,0.00107405519656736,0,0,0,0.3171368661761,0.0786215909486436,0.305163783760988,0.341282406530883,5.77638670996785e-05,0.00146141344281643,0.189828080405621,0.0975647305491322,0.00248762656944079,0.0388215559090246,0.000153685686599994,0.000310641495999759,0.000218370042262602,0.0130262510903694,0.0635369579468913
0,0.627295168734061,0.00375515016954986,0.00209554424359911,0.00217422012064238,0.00106788822415449,0.00149779447329046,0.00139550754976644,0.912742156173417,0.00429559444443524,0.00185352712242517,0.0165275961013158,0.0627968095188207,0.00025264992322619,0.0336311724437507,0.242862438050402,0.00728260830376101,0.000193962942076278,0.00101962144787167,0.00145070742157939,0.0682855536283098,0,0.0564150753623839,1.31953787398622,0.249816150086553,0.00805141944033317,1.44267317789571,0.0576907142753494,0.000432305518060398,0.000334027320794123,0.00121428990376995,0,0.000194949809857715,0.0047569875292986,0.000518447364401507,0.013060758349705,0.0126609619480482,0.00862227606854149,0.00598017198741857,0.0275810435449453,0.00054888859919334,0.00753859648994789,0.0492884363333878,0.0112874752544052,0.00932973558919244,0.00800721125124329,0.00989024391082159,0.00121902773004169,0.0019194104871696,0,0.0427786249287227,0.00238753869083618,0.00109706622563684,0.000335536939363575,0.000808391052006519,0.00301959711837312,0.00143688716090936,0.0537176218003415,0.00206622586759905,0.00183526530505725,0.000954131739623183,0.0090678190716563,0.00152831652534653,0.00340417916958829,0.425295533291928,0.00586415145932057,0,0.00120393196516388,0.000388233197242641,0.0883053183676109,0.24368977358968,0.15338667544913,0.2606657445743,0.00331178162572278,0.0113201392576584,0.465806896455258,0.0263672754743492,0.00127445224784038,0.00319318071386515,0.000854527332658195,0.000297251105441237,0,0.00413953243803309,0.00258289590679128
0.271990586961309,0.00822216585451442,4.93503752879513,0.00021617841716001,0.0865923362316517,0.0152796538244294,0.310510978470512,0.327932962647858,0.00483494172906702,0.0123652835252358,0.0174905878590956,0.00137088737605383,0.0817699051612042,0.979320395970381,0.125779888640814,0.557361469211062,1.48744926414725,0.0189559274399686,0.0976477326118817,0.000463003763734066,5.6800794224335,0.0564150753623839,0,0.0382732268353238,0.00256039163747494,0.506129450237547,2.66844158974025,0.60104336470091,0.589004169663618,1.96444090826232,0,0.00261227669224695,0.0771013518129701,1.71994949276374,0.558901043278854,5.03953194281361,2.64772800380642,2.38527372024972,1.96355754438002,0.0970693044215276,0.0393874917784315,0.00842960482627156,0.108676646014796,0.0157932128621394,0.020617478623296,0.0389810884404941,0.0281981774215577,0.00157657739266141,0.000275145989539075,0.000462211248980105,0.00458567494422765,0.055457410664859,0,0.0121058520881644,0.000878989025045318,0.023435743680968,0.00419466388621831,0.0288908641746103,0.000712692826450181,0.000241819217505491,0.00090350527164284,0.000117085410621286,0.00430031524224202,0.00580551279611124,1.22186405010139,0.00605176872800015,0.000138211099015188,0.000478543309053433,0,0.232253572920412,0.101594156605387,1.34256417568632,0.13503055036264,0,0.00969719287562833,1.28081915904099,0.0548785184597934,0.000827337032593203,0.031157036723168,5.44664818063974e-05,0.000204024365632081,0.000231629491611278,0.0111286983081012,0.156137792606846
0,0.216927361273883,0.00351046117205044,0.198940993012118,0.0176344230857379,0.0420837096326685,0.295185622209922,0.0926413331861157,2.82077202598848,0.177589992131861,0.0100741803717405,0.258487314933539,0.0668978799585372,0.035465091597073,0.235521011684009,0.111389215099646,0.00722415669650055,0.00326357355921536,0.00453817565579404,0.0745991193998916,0.0282929213166466,1.31953787398622,0.0382732268353238,0,0.0914408034305181,0.00866974244267941,0.738299585767631,1.83577432820226,0.0128498569156116,0.00361802807696018,0.000171329730429447,0.00144856817646754,0.00264164888018349,0.0287172432637812,0.0196510737117932,0.381037526879839,0.0375702638960775,0.0666763705447327,0.0368401294824694,0.271204760820059,0.0067706617333927,0.0211369362049615,0.681696245007241,0.0161828346434684,0.299550194772384,0.0833240061052094,0.103571146042859,0.0325017036793861,0.00471980031044993,0.000417063092715311,0.00460784843700011,0.00413328603062197,0.0979632260485394,0.0132290892555282,0.0315782395885551,0.143758818403262,0.1366239328192,0.481315693276423,0.281589771266287,0.0106034780624417,0.0509865962674748,0.0020744307033653,0.165227194452743,0.041791116912656,0.49366112260218,0.00113855802242272,3.94759883192718e-05,9.01174712735295e-05,0.0343782184843205,0.141848288951706,0.17323439693405,0.115402215008224,4.03545326698739,0.00106600246850688,0.00300534733827219,0.0994090169866984,1.04276869793366,0.0767672755342432,0.00856988586130239,0.00013342868078413,0.00314039102590998,0.00156890446921358,0.165327272930186,0.0332188832594174
0,0.444586518729245,3.81112622024596e-05,0.000372542689774096,0.000781374406047195,0.00261874603899827,0.00402436454303148,0.00454011718426709,0.0614960325938053,0.00287335658817796,0.083424437522209,0.00110223576309317,0.847446653964632,0.0015924434625225,0.00370390883867994,0.00292146609006098,0.00025448040576818,0.000284901543639886,0.00149909182782133,0.000448405871778774,0.002357676491067,0.249816150086553,0.00256039163747494,0.0914408034305181,0,0.0172964416601102,0.578328965348409,0.00844958579970594,6.78733105175615e-05,0.000435491410304869,0.0185632753049261,0.00112995390173707,0,0.035424811889755,0.000376739506488455,0.0144009243263992,0.0436378970428177,0.0124868405692602,0.00958222652845096,0.0135331600171734,0.00196363417049688,0.18389609588807,0.00535624249960125,0.12442042973477,0.0076968228501921,0.00224423205089141,0.00524032238304543,0.000318192084523881,0.0715756356593197,0,0.0407843987453921,0,0.000376756862255305,4.16770058169901e-05,0.000402010064112031,7.7107192173171e-05,0.00132838605167574,0.00463497226848168,0.000311969751335245,0.0612844532619863,9.47970115089297e-05,0.318539121700036,0.00079330170750584,0.000193985692479533,0.00415896889802653,0,0.00206636938070803,0.00300153295043022,0,0.00147323587616707,0.0174202713481428,0.00339494979710059,0.0148827365484043,0.343495494077517,0.0409803705232359,0.383995918677466,0.0023147623893338,0.000298054649099743,0.000329253263372791,0.0354131849579108,0.000134436688760447,0,0.0608221418790862,0.000320213126898301
0.0266242122486088,0.0207074419353823,1.76746083725117,0.000191926528202676,0.00413615702046393,0.0235257417352726,0.062462051736203,0.14219025704286,0.00433941320273029,0.0340716497605435,0.352313683851196,0.00731905133164097,0.0374228338719339,0.238028498069663,0.00662327749644472,0.00208074281370722,1.21007601673398,0.267627758280818,0.590115254357516,0.0010130410639563,0.038363316354432,0.00805141944033317,0.506129450237547,0.00866974244267941,0.0172964416601102,0,3.1103292952063,0.0196228600965442,0.0885867987210976,0.0809067118156587,0.00195263026655527,0.0571966752823513,0.0039843243008764,0.218654894255074,0.0277507237966191,0.769056168038477,2.49781613043623,0.652643267224807,0.431414114568419,0.0110674625190564,0.020808399154091,0.00662115956394571,0.100199438408404,0.129181562557038,0.0540202451249305,0.0630051279361276,0.00114632780384942,0.0015559595540528,0.00385175841708108,0,0.0650466949616344,0.0385639501647828,0,0.00189077475769475,9.91483264017462e-05,0.000602486036051756,0.00129078294025941,0.00631785830071835,0,0.12324854478543,0,0.332438909024515,0.00324694387360323,0.00021405933618207,0.0029699551481579,0.0733612056410323,0.0373237057359671,0.078883618193576,0,0.000700700765975976,0.0359185603321951,0.0109703052313823,0.00459298226854904,0.0600847272136981,1.556306291549,2.36823758546717,0.000269107059376502,0.00074299342955854,5.37072524850726e-05,0.208317450977354,0.00144095093817501,0,0.0109804424866933,0.0192031063894706
0.0126350490604779,0.94029038571587,3.57073729222161,0.00130177644652153,0.0199514672572315,0.0108384155825021,0.0916198960412724,0.0678235277520118,0.469339124054436,0.0150727837559482,0.0310818836372117,0.00928966221064397,0.2103796422297,0.117873792753537,0.0552798957909174,0.752571653649605,1.87770852587858,0.145399732451782,0.266892287943503,0.00163059426980612,0.66473501960809,1.44267317789571,2.66844158974025,0.738299585767631,0.578328965348409,3.1103292952063,0,0.493898393352165,0.0548899380546613,0.0936961876896336,0.0187090252797336,0.00968420289216711,0.00655064006445587,0.500269377669825,0.16587108611167,3.02936501063131,1.45322546112022,1.35090823971086,0.998607163608596,0.0659479356607673,0.0345196599038885,0.0160484429353382,0.476787893069886,0.375635295613377,0.203764131021027,0.262387609189508,0.00777454809937055,0.00356306931558668,0.00905978240768917,0.000786785182525849,0.702500835483738,0.369877520976167,0,0.00553654884656105,0.000742049260061235,0.0589561438228464,0.0102655636255736,0.036409201686164,0.000104906162692988,0.0915725877086481,0.000162924302443564,0.433465697671559,0.0184737923156599,0.0033056892109256,0.606054656161814,0.352627159274483,0.0484940048586826,0.159779179406835,0,0.047189277487601,0.491135553354385,0.710351817427637,0.132185362546431,0.319187304628572,2.68171120068439,18.5736933280631,0.0427946269837495,0.00330395573978524,0.0147696403515883,0.224627557729795,0.00107765272937735,9.30899188547551e-05,0.0420268522252133,0.0719414660742086
