0,0,0.0110500259875507,0.000190806134492683,0,0.00353604183437233,0.419029878910886,0.0673297487772786,0.000184105633277643,0.000922131716899005,0.00103469188079347,0.000344703102775687,9.34414759828089e-05,0.571548306033755,0.000218393643984013,0,0.0232318550175406,0.000245013692586673,0.00138782450743716,4.65330943706631e-05,0.00962253294407847,0,0.0287782571495372,0.000578175510985243,0,0.00456742824037136,0.000492369234164482,0.0087882264060668,0.777390306096128,0.498999553155569,0,0.00049080759195832,0.000619509766937792,0.00527480236373806,0.00120398939581919,0.00739229897651634,0.000711070451581122,0.0016964714034558,0.00189057336598036,0.000449366365923232,6.37366678610981e-05,0.000113272058091724,0.000472771502444422,0,0,0,0.000147862070893836,0,0,0,0,0,0,0,0,3.33923017580509e-05,0,0,0,0,0.000131831065950966,0,0,0,6.91599116070271e-05,0,0,0,0,3.90244488821626e-05,4.75411769145727e-05,0,0.000408894057321936,0,0,0.000208805224031103,0.000436629471407819,0,8.62500258267044e-05,0,0,0,0,3.20514597751379e-05
0,0,0.0025356450812589,0.000225235459082329,0.00141080265868864,0.00106196756324317,0.00336996442360741,0.000369890298424941,0.294453611665373,0.000230051704742467,0.00301481190452929,0.000339116551936734,0.171059293648407,0.000225419423010134,0.0181167556927141,0.053201981025236,0.00290061800462494,0.000410068258526051,0.000865210086911274,0,0.0035654147221742,0.282009604737462,0.00199598488308379,0.397600895890918,0.27948929585183,0.0313176776309707,1.49858437187452,0.0235941657928782,0.000573021261909288,7.33944632860064e-05,0.0127934754070781,0.000192442362997269,0.000126683768096745,0.00207908286239381,0.000332134181270241,0.00965525810880522,0.0108403900044666,0.00403775686909626,0.00310307106756181,0.00352658494065098,3.73121609588384e-05,0.0768143445779208,0.00625998346431931,0.0118364393723439,0.00295619047188267,0.00401310362672735,0.000301472302834224,0,0.0139832554469319,0,0.17932582299217,0.0052081636965123,3.26409047311127e-05,3.69462304140329e-05,0,0.000345617877340222,0,0.002258585931189,3.64489290300966e-05,0.0182910855338369,0,0.0306728262435224,0,0.00013174203229959,0.00918271632403814,0.00298217632665096,0.000433844648301029,0.00242090625322426,0,0.00340263277064311,0.0130971651082075,0.00435680041221723,0.0121144266980222,0.0149670811898046,0.0547727311406381,0.497541211478884,0.0043298246330294,0,0,0.0134721330513802,0,0,0.0024483122705635,0.000126233606562853
0.0110500259875507,0.0025356450812589,0,0.000149845537268865,0.00130813789768844,0.00639046540483446,0.0283149534245005,0.0672222936641782,0.000150850934631443,0.00368266086935574,0.00580788458659968,0.00130147717693757,0.00182536613660086,0.0981225130083979,0.00686538012122415,0.00419955241014882,1.27939002198372,0.0148366758183954,0.0821952789658443,0.000914789805424763,0.241741966183019,0.00241949464966881,1.86408591734823,0.0114294671817626,0,2.03268080985712,2.11607176984093,0.0916343909668065,0.13426920250518,0.241220297116217,0.000257718389788896,0.00192441799855074,0.0264882785292755,0.370081199392331,0.0856765652848757,1.02782388187456,0.28412685396755,0.369291141159802,0.489987235888328,0.0028432744220106,0.00455726258516432,0.00157087865602697,0.0146055045505019,0.0061284010801388,0.00422929614511224,0.00943222200177632,0.000164384020633972,4.98127491575718e-05,0,0.000208951806753981,0.0059690194694497,0.0541360270015141,6.13274655715585e-05,0.000702954942680278,0,0.00115047613321086,0.000206700348508179,0.00042714049847154,0,0,0,0,0.000981929491021585,0.000161496410609078,0.0125070054298931,0.0159588979535881,0,0.00466973387287175,0,0.00351314188695524,0.0123412986466684,0.0153070265221306,0.00956910842505562,4.06141673940539e-05,0.0327393227638825,0.317025266798973,0.00564981856765823,0.000237785399919427,0.000560531760443044,0.000133386517322391,0,0,0.00211220067480528,0.0381906574700835
0.000190806134492683,0.000225235459082329,0.000149845537268865,0,0.00502464428431551,0.0906817795742849,0.011294857618213,0.0324174708018309,0.521517186833203,1.21354154683724,0.0112756542683572,0.389913208472078,0.0167199170916317,0.0116671413165525,0.0980408902544516,0,0.00123275154990106,0.00430130903080564,0.00364914286133091,2.34722346769357,9.64238318851057e-05,0.000209406327563739,0.000344256552562058,0.611893183522563,9.20022768022297e-05,0.00292715056314111,0.000287792192794293,0.280518034988108,0.0472679589826985,0.000815407108830215,0.000243688244814635,0.00403608142989977,0.000558553598129904,0.0408630417661853,0.0329964708323448,0.21552676916556,0.00478086863643415,0.0289737490352643,0.0132130642370747,0.0476025075356467,0.0175527975165779,0.00825327656707259,0.0439027535395299,0.000373511665327191,0.0143661549247181,0.0029926697086539,0.0612542880236848,0.00251713413938863,0.000192437005066001,0,4.59934350799799e-05,0,0.238228516345545,0.00525758607085859,0.00343560296023831,0.0451366709843913,0.00427999075878784,0.0934015048458991,0.0871627208571149,0,0.055444010994388,0.00159858996356594,0.00107055599763415,0.0317193581019657,0.000892299803978565,0,0,0,0.036372045092866,0.000359124440961402,0.000837949533469358,0.000347169539208054,0.380714966570469,0,0,0,0.276340024345741,0.00417321836443647,5.34207253754497e-05,0,0.00015713933095665,0.000692884710861665,0.00734851207469232,0.00131572610824908
0,0.00141080265868864,0.00130813789768844,0.00502464428431551,0,0.0885694258648622,0.00485046365515566,0.00956748536139838,0.0129654333442402,0.00457708021997529,0.000236742542619753,0.024205716332198,0.00155274841527073,0.000504384645733255,0.19080907739341,0.00215017775586326,0.000574404600616193,4.74024881275535e-05,0,0.00543619891916637,0.00371667244727409,0.00046800777114079,0.0155598868263274,0.00822902885752932,5.06591531212091e-05,0.000252299724940145,0.00412178864093334,0.00514089697863321,0.000541896052948218,0.00184088346594061,0,0.0257131724534293,0,0.269048617715788,0.0528179957086017,0.00800633089273349,0.0017723432925274,0.000452357498390436,0.00609073665073832,0.660858294600112,0.12576849697671,0.00087453597859154,0.000626844472346699,0.000313364539997006,0.000242597452055633,0.000911484711859773,0.0020236262225876,0.000175193429418182,0,0,0,0.000151924451895118,0.00196703910279368,0.000333214962612426,9.72162525157216e-05,0.000277583667921406,2.26606596374988e-05,0.000883587811880241,0.000673150855365765,0,0.000508760880093563,0.000103295635652089,0,0.000657027829092908,0.000188505356758904,0,9.93668258468631e-05,0.000154221612092936,0.000228423569076061,0.000670314243067181,0,0.000832114481115175,0.00266567059274515,0,8.91892012782811e-05,0.000166844017603701,0.0016071364647895,0,7.69951298435929e-05,0,0,0,0.00017564900689652,0.0746135487091148
0.00353604183437233,0.00106196756324317,0.00639046540483446,0.0906817795742849,0.0885694258648622,0,0.65454182756952,1.19161278911716,0.0418673674140517,1.6761216633214,0.0396738037496591,0.605347930661683,0.0677888244563997,0.0999852373135151,0.145018056414303,0.000144146030630654,0.00671228539644576,0.0169702572847761,0.0144368386125019,0.0911753889333411,0.0114002069078966,0.000551863736117131,0.0128631603110015,0.0667713436348684,0.000272393871271295,0.0169023917269142,0.00369151172013681,0.648621696858856,0.0996163980139178,0.0445138618381864,0.00130535634611045,0.0113891397424235,0.00231610947482194,0.152111200759984,0.335105242850255,0.486668073803686,0.0128457713646918,0.0441135244033155,0.0529061153810222,0.454939210069679,0.26528731187985,0.0428877450179056,0.00957126865965264,0.00030631248307364,0.00584481001514598,0.0161942336414453,0.00766529752534632,0.00334376746096022,0.000617763603462947,0,0,0,0.0094238609686794,0.000818566448431992,0.000428693078190708,0.00676996641891934,0.00190589204369905,0.00815305812850755,0.00320938187592724,8.71619722488638e-05,0.00192195690969014,0.000905526621844948,0.00364982862680765,0.00934275430202655,0.000598401243633038,0,0,0,0.00132935292075463,0.000227587389934856,0.000104033975570423,0.000450053956743157,0.0501331838028059,6.44026156222343e-05,0.000187982977107346,7.9817025442332e-05,0.032919383892505,0.000957047989592405,0.000184849353918135,0,0.00221303659526592,7.70583331279455e-05,0.00334534476672415,0.0163068742965508
0.419029878910886,0.00336996442360741,0.0283149534245005,0.011294857618213,0.00485046365515566,0.65454182756952,0,1.74631963403696,0.0854151139377667,1.3622290200524,0.0505811315124289,0.0382583904792315,0.0385875576698038,2.96748985099195,0.0521946521015012,0.00074536963189595,0.0246697828766418,0.0282052393228368,0.0347712139290271,0.00661230870086084,0.150526092785243,0.00290528337873091,0.0591388270953564,0.185042571587876,0.000495642426697862,0.03522003183216,0.0187500736379236,4.9485566885548,0.479022877035065,0.79454098175052,0.00159020064697334,0.0143510910553757,0.024374120121083,0.215877805268507,0.121283020607326,0.396913389658348,0.0239908380526107,0.100652963198207,0.0728247585462578,0.0459405118403874,0.0345797132607803,0.0174668387314026,0.104568867905927,0.000807215279451334,0.0250523244773553,0.00824362225243831,0.0234037648327726,0.00605306811483368,0.000509674142171699,0.000138651994233692,0.000147625211380076,0.000133414639209902,0.0317291539811831,0.00155592874528305,0.00237981389150047,0.0541374874728835,0.00555414833730079,0.0481150361167375,0.0220441603752856,0.000328276483188522,0.00200910885601889,0.00557118949254295,0.00777168788428058,0.00520062303189394,0.00369365414676039,0,0,0,0.00612886348245302,0.00251415532850583,0.00201820228889925,0.000337564405244494,0.44925646848957,5.51413133268714e-05,0,0.000727697361661598,0.416034947088209,0.0168573732996156,0.00152595226559763,0,0.00109690368058688,0.00261204897395373,0.0153330611763402,0.0113687101701192
0.0673297487772786,0.000369890298424941,0.0672222936641782,0.0324174708018309,0.00956748536139838,1.19161278911716,1.74631963403696,0,0.0185780223554879,1.43047651142604,0.0601484274090071,0.174620879481221,0.0481317574743419,1.93673689063652,0.052326649066491,0.000474687178350323,0.0840876616675051,0.0303963581586336,0.0316948780600084,0.0560230463891129,0.0893474435381464,0.000179887443386453,0.151317009151793,0.0298063765724847,0.000142676372460294,0.0505112074170692,0.00905219787976733,0.309018998481739,0.458309722795504,0.563035216955563,0.00231928381497375,0.0261744189545523,0.0057687084881652,0.123777563352738,0.0532505502847372,0.352645163319734,0.0169172075070493,0.0475240720484309,0.0449776191723973,0.11108387692718,0.0382640076071585,0.033501697642936,0.0124354497066809,0.000387595194855612,0.00647634244737157,0.012272558632364,0.00386915892668339,0.00233356385585139,0.000146748951349318,0,0,5.10990173161983e-05,0.00426530372439564,0.000266284321282929,0.000238440434987605,0.00546137593764687,0.00137437928031918,0.00680922157999041,0.0023718301470996,0.000347121686624694,0.00094364464798815,0.000440985560692442,0.00286009986354198,0.00341601072112296,0.00184194935654342,0,0,0,0.000965203705768648,0.00083650635209856,0.000539858781423497,0.000518616154444599,0.0537938215607632,7.2000537174314e-05,6.49645809794426e-05,0.000372564272853935,0.0419863525383258,0.00131496536074116,0.000308224522796488,0,0.00169089774397352,0.000224101664055937,0.0025697475181718,0.00366732093395151
0.000184105633277643,0.294453611665373,0.000150850934631443,0.521517186833203,0.0129654333442402,0.0418673674140517,0.0854151139377667,0.0185780223554879,0,0.126410942178554,0.00334551127075761,0.132577172762516,0.113001699656275,0.00453056684386908,0.169779112366976,0.0272702621397617,0.00054555164762485,0.000655026728783995,0.000928226794671625,0.113207976247532,0.00600494790632839,0.566081609881693,0.00614046171297898,3.06767521455621,0.126387918702437,0.00569359153388838,0.275634903101943,0.392237763623294,0.0122443662360521,0.000750055637973903,0.0107069487496399,0.00182050001618376,0.00134637598624508,0.00810465098682926,0.00852723898204619,0.0712731233168328,0.00509270761013344,0.00584698182544368,0.0044787982218897,0.134976161442743,0.00221337173531708,0.0234200531655212,0.0302255972798672,0.00265926560858143,0.00809366535473252,0.00128698641148238,0.0532527604873266,0.00155148545390593,0.00350280937549188,0.00011856672599051,0.00508209247297543,0.000469363996975082,0.151404524481266,0.00508699098132044,0.00570353460082319,0.0239848442575573,0.00452021635660847,0.194168974318033,0.0450984425943947,0.00542327958149714,0.0215213934381176,0.00966756889032049,0.00493028214543071,0.0387986043365201,0.0490168713932855,0.000126338486099124,0.000478411531072998,3.75663498373031e-05,0.021435132723363,0.016768367840572,0.086670785387474,0.0169626804758766,0.545183597154246,0.00501100579665812,0.00606750632863818,0.0284955666251616,0.241391072786271,0.00617873188903815,0.00176462811184148,0.00400119238610533,0.000300835521197784,0.00116442804327224,0.00523968872400108,0.00302759609014338
0.000922131716899005,0.000230051704742467,0.00368266086935574,1.21354154683724,0.00457708021997529,1.6761216633214,1.3622290200524,1.43047651142604,0.126410942178554,0,0.0813297519488041,0.836783866937988,0.0641626792698263,0.264048915894391,0.0706731753838895,0.000244255717279851,0.00841856952158729,0.0388033546833551,0.0514694849244658,0.556247507715135,0.00150223212166958,7.54804120099606e-05,0.00388835755675285,0.116470185678604,0,0.046822894349785,0.0053097582532156,2.416949882434,0.21530883019985,0.00812619074901274,0.00216401218716949,0.0188454484237463,0.000565066592469549,0.206966865466446,0.106003035833653,0.652054560428593,0.024473771184562,0.130237738428979,0.0586031925123318,0.130246466826375,0.0718863405892288,0.0284475546671726,0.0288527809284036,0.000165372157004517,0.0131008500036823,0.00768029340324534,0.0308732274881304,0.00236904080310881,0.000444732863842285,0,0,0,0.1140447633544,0.00177251432987625,0.00125957836782574,0.0250591642972147,0.00188691728440742,0.0390649940636017,0.0323690070486155,8.90715298364994e-05,0.00737304655787239,0.000690573791181422,0.000657207487614227,0.016094731731916,0.00115903866679024,0,0,0,0.0137915481937621,0.000415182341764587,7.79209103365479e-05,0.000476025219125551,0.169091921713657,0,0,4.65966187993884e-05,0.142330308604584,0.00187808749655337,0,0,0.000227684854143977,0.000843404257651357,0.00498266468563913,0.00455535326791699
0.00103469188079347,0.00301481190452929,0.00580788458659968,0.0112756542683572,0.000236742542619753,0.0396738037496591,0.0505811315124289,0.0601484274090071,0.00334551127075761,0.0813297519488041,0,0.0641350979594572,0.329528612405444,0.0230475986328789,0.00130652083632313,0.000212701490515977,0.0134304302874403,0.96500582012457,0.357340410976542,0.0324733664781084,0.00339570627288168,0.00170635380518274,0.00461001502774826,0.00410951395397364,0.00899406969690583,0.507382124583027,0.0271628353899251,0.0267819917271613,0.0663641641238399,0.0159378428189813,0.0407498157042552,0.0851942338365886,0.000494650146528965,0.49309344217237,0.00747594825297472,0.0968663942418748,0.244242172968299,0.388371456052544,0.0430838972137561,0.00881151271295461,0.00246509469532421,0.17410717586913,0.00146502839355409,0.0775346754864622,0.00211957361711347,0.00130053656164652,0.000157847680134416,0.000159115321919453,0.0705555560918103,0,0.0177522495785918,0.000162633729935968,0.000235471859286726,0,0.000276971349198532,0.000201180088083351,0.000255237342323542,0.00461366965070418,0.00060549694096874,0.252545422123263,0.000823620800889194,0.375335371489251,0.00140623918887173,0.000287326931259209,0.000112091970622051,0,0.000422882358220446,0.000147135352257979,0.000721226188606814,0,0.00427111586361683,6.27600305309773e-05,0.00467160271764058,0.0438785726632383,0.0851033104494849,0.152588392116483,0.000185433482380825,0.000254551634859967,0,0.148319941094363,0.000137293669565535,0,0.0158869292470008,0.00287966294482023
0.000344703102775687,0.000339116551936734,0.00130147717693757,0.389913208472078,0.024205716332198,0.605347930661683,0.0382583904792315,0.174620879481221,0.132577172762516,0.836783866937988,0.0641350979594572,0,0.0585482147029283,0.0261819592234378,0.239008425011164,0.00016031065442326,0.00502597422189306,0.0294512313423479,0.0340708329377712,1.67587064355879,0.00040531837165271,0.000209514159556335,0.00153608218468769,0.212106782424337,0.000113659499093771,0.0342273470275698,0.00325786340292977,0.115353421702802,0.0562920114930855,0.00254530325791326,0.00217880902600231,0.0156789266332004,0.00026704506257515,0.113334362994379,0.26702680655561,0.401078562697397,0.0181961897586723,0.0682391952790433,0.0347365703514156,0.211606249853551,0.0389769869885419,0.0326912322146139,0.0236751207447139,0.000479945411902106,0.00930607577756125,0.00808149422543746,0.0286879051300689,0.00290647278974687,0.000708322470985469,0,0,0,0.0625232089143255,0.00270128208499124,0.00391834453889519,0.014739330590156,0.00352917129446384,0.0165229558978853,0.029870646478821,0.000495846490119571,0.0898577527516018,0.0020608193550107,0.00487687521268807,0.0141354016003263,0.000976411325286821,0,0.000498634916259026,0.000292640101217634,0.0230883759996273,0.000548646111919642,0.000193196753918517,0.000399041511662114,0.0719207883060676,7.81231794935702e-05,0.000740756235524602,0.000152712884119821,0.06557583606594,0.00476480585684552,9.20862135816334e-05,8.62045476397991e-05,0.000280374551333284,0.000493230984685314,0.0045409652976675,0.0237768057563913
9.34414759828089e-05,0.171059293648407,0.00182536613660086,0.0167199170916317,0.00155274841527073,0.0677888244563997,0.0385875576698038,0.0481317574743419,0.113001699656275,0.0641626792698263,0.329528612405444,0.0585482147029283,0,0.00879957837480059,0.0114500902321558,0.0256204310328119,0.00212051244228364,0.001926785675837,0.00145190858720823,0.0277447301464016,0.0168079543480468,0.136649406127131,0.0140069665428762,0.084109938580337,0.532712414067562,0.0231445551997677,0.17563732124428,0.0519814684924784,0.0135250167156265,0.00871487322744378,0.137797027837998,0.0274456592638036,0.00054289334711312,0.172465213555544,0.0109471761127187,0.187720045100282,0.116772263951862,0.231052510946368,0.0815173705803692,0.179206282372044,0.0361261949911573,0.369739961097541,0.0267285670983278,0.138020229578862,0.0537522103975578,0.0274396380140143,0.130992954005464,0.0107235993145933,0.122903427555257,0.000198724253559065,0.0472633943609056,0.000251888865261715,0.00648657287843444,0.000609565736569869,0.00421238108151011,0.00482041158637262,0.0100344530764472,0.00916223959530849,0.0114875919304512,0.470622195261226,0.0199168253140495,0.630531104410701,0.028669405482121,0.0140033917957773,0.001857883804769,0.000214429446140868,0.00341019689951963,0.000590521342818851,0.00749450843767267,0.000596607227574831,0.011389301479017,0.00134002756285695,0.0215937529193927,0.195730304429879,0.191556701206027,0.519211923102061,0.0197890641728847,0.0069969045585285,6.53938349787533e-05,0.321630764292981,0.0125155439791676,7.19835372415779e-05,0.0357782065918133,0.00308758097955242
0.571548306033755,0.000225419423010134,0.0981225130083979,0.0116671413165525,0.000504384645733255,0.0999852373135151,2.96748985099195,1.93673689063652,0.00453056684386908,0.264048915894391,0.0230475986328789,0.0261819592234378,0.00879957837480059,0,0.00815290383831978,0.000162423328574681,0.152460153479218,0.0110619666429253,0.0166902341337587,0.0161382832556342,0.096052394006454,0.000287842171146208,0.227226763066566,0.0135076268866878,0,0.0471771910481177,0.00735952321808357,0.165821323162823,1.81759514605775,1.47227694126308,0.000526588845263368,0.0353031371563527,0.00568350712199182,0.0690826594663783,0.0199581432268614,0.106781998115813,0.0100182960979626,0.0282806822086088,0.0226046642251748,0.0110883800009381,0.00688913124004489,0.00493869980146024,0.00635124341694109,0.000141070430977857,0.00135559008653342,0.00163122041970951,0.00147876501257215,3.71519824335695e-05,0,0,0,7.28248381175456e-05,0.000853548564009298,5.42484366647244e-05,0,0.00179489004536392,0.000329668128139222,0.00233249707847573,0.000337369737885547,0,0,0.000173957624435878,0.000217716754523331,0.000357772445945227,0.000988256851482693,7.60425783413889e-05,0,0,0.000172673774183589,0.000868140264104729,0.000386136644136733,0.000153265053537726,0.029923614423782,0,0,0.000812319220743404,0.0274155222264354,0.000697369328339751,0.000171878695306331,0,0.000216856727822613,0.000372267668055546,0.000569958197246504,0.00104152841669268
0.000218393643984013,0.0181167556927141,0.00686538012122415,0.0980408902544516,0.19080907739341,0.145018056414303,0.0521946521015012,0.052326649066491,0.169779112366976,0.0706731753838895,0.00130652083632313,0.239008425011164,0.0114500902321558,0.00815290383831978,0,0.00420536979956252,0.00459595576015919,0.000742531927706495,0.00152990069214426,0.0572528854268328,0.0190336961854244,0.0115799487837908,0.0287656343358623,0.143605777378274,0.00325916137731873,0.00335116553540541,0.0245405647117479,0.0742951893588996,0.0106086127495742,0.0174565848236502,0.000347254424917281,0.00367938118970604,0.000930093791306392,0.00754052550276272,0.568574179870377,0.0538323384606481,0.00488916451689647,0.00347500367637026,0.014569686058953,0.670406854822133,0.00619911861861139,0.00484302341963414,0.00948316661909406,0.00132538533328443,0.00266145672690754,0.0048652390643353,0.0235103264321018,0.000261112916881799,0.000417141274781478,0.000170721765453744,0.000170738730164194,0.000119885108586359,0.0290511325964777,0.00175300714636586,0.00175275837135995,0.00618193339386005,0.000722063026611953,0.0105766803183349,0.0100967279510672,0,0.00828583162266139,0.00099980304833275,0.000796589548672846,0.0114788911224647,0.0010751387195382,0.000203957000679088,0.000121256167146849,0.000432327645162606,0.00534274019462292,0.00195965615528437,0.000309861161537111,0.0027444920271237,0.0456230457418476,9.60122138915778e-05,0.00154988054008549,0.00183669416039582,0.0336417186155434,0.00062888345526014,0.000552448506868565,0,0.000152916193370229,0.000285829192639321,0.00148429893924394,0.268691993278097
0,0.053201981025236,0.00419955241014882,0,0.00215017775586326,0.000144146030630654,0.00074536963189595,0.000474687178350323,0.0272702621397617,0.000244255717279851,0.000212701490515977,0.00016031065442326,0.0256204310328119,0.000162423328574681,0.00420536979956252,0,0.0206846126070319,0.000580334040409219,0.00308195106179182,0,0.454717972555533,0.55389907441696,0.328421573478914,0.340212608904644,0.000734975825367383,0.0137455260587348,1.47321226734361,0.307690535843629,0.000207342587527049,0.00242549795473935,0.000431327247292739,3.86278998113394e-05,0.000114098290044987,0.0276011880992434,0.047981411842769,0.582464001490778,0.203353716269523,0.116977250636706,0.176657975396948,0.00210049680435605,0.0026148436447973,0.00839689163417339,0.0181777187153644,0.00353874582026088,0.00543941146513897,0.00598294209321624,0.0258984238966767,0.000284258910613597,0.000820779850033737,6.33208231932521e-05,0.0184665050115989,0.0169058573211848,0.000459041196503162,0.000615999584361005,0.000602294617746663,0.00271267154888436,0.00150298767285437,0.00435348641155769,0.000782482184016308,0.000210647301934487,0.00153057639026291,0.00320971710921385,0.00472642908157377,0.000556684268536663,1.45322016285698,0.00311815667319842,4.38989314843297e-05,0.00090542291500361,0.00136335837621091,0.139992798392013,0.371020924883492,0.81390500488244,0.332046820683666,0.00235394641469159,0.0165717085142478,0.430266909937062,0.146531092389995,0.00156962419152069,0.00456474074058455,3.66449721300959e-05,8.79367796645881e-05,0.000361272650255585,0.00391156812951005,0.0182957642861958
0.0232318550175406,0.00290061800462494,1.27939002198372,0.00123275154990106,0.000574404600616193,0.00671228539644576,0.0246697828766418,0.0840876616675051,0.00054555164762485,0.00841856952158729,0.0134304302874403,0.00502597422189306,0.00212051244228364,0.152460153479218,0.00459595576015919,0.0206846126070319,0,0.0472199330704685,0.70665024228378,0.00387101560940407,0.222575981501887,0.00188122968082997,0.760037657558001,0.0331794890065492,4.50098921099066e-05,2.23471743717699,1.2417121054416,0.111416138602766,0.43000849249885,0.547458759797543,0.000164873320343291,0.00279920182393736,0.186572258381293,1.63700681273252,0.0392402253238269,0.244842125395191,0.221037471846975,0.426245637688298,0.218042367977934,0.00324772537235443,0.00609287754415651,0.0011653590967486,0.00169210656661286,0.0037368968932725,0.000767477467395399,0.00162792213233331,0.00013037094887631,0,0,0,0.00210585388407371,0.0163719411402579,0,0.000331856840990388,0,5.88846985153735e-05,0,0.0002984978097893,0,5.06211834969163e-05,0,3.15239811797083e-05,8.85413681316378e-05,0,0.00223342058578845,0.00320005714036671,0,0.00115414819948593,6.23634151593805e-05,0.000353964755222011,0.00159870941476911,0.00209133963364136,0.0013234782702634,4.56239947379708e-05,0.0191275696793201,0.0977590333732127,0.00151491009551624,0,0,0,0,7.53498595710042e-05,0.000336684324631655,0.00757400684645974
0.000245013692586673,0.000410068258526051,0.0148366758183954,0.00430130903080564,4.74024881275535e-05,0.0169702572847761,0.0282052393228368,0.0303963581586336,0.000655026728783995,0.0388033546833551,0.96500582012457,0.0294512313423479,0.001926785675837,0.0110619666429253,0.000742531927706495,0.000580334040409219,0.0472199330704685,0,0.455162888395008,0.0170683175026301,0.00436240776285201,0.000133067318463492,0.00925486695994821,0.00234391608972299,0.000257814623289907,0.284388264972711,0.0263953255366737,0.0150963767774269,0.0313341539492034,0.0116895222739451,0.000544595735502184,0.0295284111115584,0.00210921957861768,0.299571862069139,0.0148857781299008,0.147886183838769,0.159470034085368,0.344551543649342,0.112855200551103,0.00364231253284161,0.00206457386422588,0.00153504774758627,0.000520318304565257,0.00164432632361191,0.000411564128292883,0.000341087400445783,0,0,0.000274966815752685,0,0.0003984921268767,0.000522376837919319,6.44158964959502e-05,0,0,0,0,0.000330250650880051,0,0.000854559762689567,3.94211595611215e-05,9.42263196781396e-05,0,0.000151431140988994,8.47442979635953e-05,0.000319706026666689,0.000211474878550315,0.000162211845682025,0,0,0.000204133667377996,6.42332751588106e-05,0.000144241112155723,0.000515366940000379,0.0202696327644051,0.035695024570057,0,0,0,0.00123998307680291,0,0,0.000230497225222206,0.00742164705539743
0.00138782450743716,0.000865210086911274,0.0821952789658443,0.00364914286133091,0,0.0144368386125019,0.0347712139290271,0.0316948780600084,0.000928226794671625,0.0514694849244658,0.357340410976542,0.0340708329377712,0.00145190858720823,0.0166902341337587,0.00152990069214426,0.00308195106179182,0.70665024228378,0.455162888395008,0,0.0200574945963403,0.0287322087117498,0.00069662441635723,0.0614603189249941,0.00610894732262056,0.000286753576672232,0.312442706987883,0.199548369891936,0.0256768830482043,0.0440191392352714,0.0411971790057091,0.00105013540286888,0.0220668574236883,0.009924860410866,1.1775027486018,0.04090059316727,0.416252515724733,0.318242870791381,0.582217060515506,0.347570197368774,0.00488723679911256,0.0027193597368026,0.000919585452263299,0.000984936985276581,0.00345188353994018,0.000357916364205765,0.00108814165212346,0.000163606432729554,0,3.76963449353814e-05,0,0.00170075887765543,0.0013526698876064,2.89244998136759e-05,0.000586033615420103,0,0,0,0.000199421835076815,0,0.000826603678910084,3.34948151854635e-05,0.000478583366103029,0,0.000107318103587651,0.000462025079395151,0.00068920107717349,0.000125064699061132,0.000412411031584221,0,0,0.000501854349224496,2.86765411360324e-05,0.000320046907950461,0.00103004642592618,0.0338284452820823,0.0730856764808522,3.47827657262206e-05,0,0,0.00258341066971698,0,0,0.000347949489077532,0.020682335136092
4.65330943706631e-05,0,0.000914789805424763,2.34722346769357,0.00543619891916637,0.0911753889333411,0.00661230870086084,0.0560230463891129,0.113207976247532,0.556247507715135,0.0324733664781084,1.67587064355879,0.0277447301464016,0.0161382832556342,0.0572528854268328,0,0.00387101560940407,0.0170683175026301,0.0200574945963403,0,0.000429167909828085,6.01296675077319e-05,0.00152584317803414,0.0919242782163931,0,0.0191845391929696,0.00193870919246163,0.0246418270311307,0.0503887925226972,0.00109128126102939,0.000497700655482745,0.00517701043818018,7.21626653567073e-05,0.0505148922162006,0.0259843515764296,0.237287363877337,0.00790988573686212,0.0376288333418107,0.0189562568362538,0.060152688451989,0.0240355245792724,0.0136442191665849,0.0192528735957162,0.00022348329745937,0.00726450155639698,0.00355178715342547,0.0250396451940684,0.00112251959775735,0.000644301768538284,3.95097001004934e-05,0,0,0.0972969400226674,0.00225021875905479,0.00198326996934673,0.0178654676160563,0.00149902084991496,0.0241718366596688,0.0300834121919957,6.27562348116875e-05,0.0288516111631356,0.00184595780808105,0.00135458047907172,0.0148978803519732,0.00103847300355356,0,9.35585880118129e-05,0,0.022790353520803,0.000543069093888795,0.000136475791509747,0.000362121739400554,0.123269166961148,0,9.31398261099282e-05,8.1712554200649e-05,0.100511344298223,0.00204319413553473,3.86710823339582e-05,0,0.000365017697107225,0.000316570101597494,0.00332760181779322,0.00207447106967243
0.00962253294407847,0.0035654147221742,0.241741966183019,9.64238318851057e-05,0.00371667244727409,0.0114002069078966,0.150526092785243,0.0893474435381464,0.00600494790632839,0.00150223212166958,0.00339570627288168,0.00040531837165271,0.0168079543480468,0.096052394006454,0.0190336961854244,0.454717972555533,0.222575981501887,0.00436240776285201,0.0287322087117498,0.000429167909828085,0,0.0524629965950104,3.92479136845861,0.0804933434400719,0.000167088648811269,0.0508790957771019,0.380573882002923,1.58018873568338,0.0511041151971853,2.62315842262292,0.000178719331494016,0.00102090638567387,0.0170948277985896,0.766876726157129,0.199650310354279,1.09242027649375,0.103737677452478,0.836026510540608,0.606241150554647,0.00890352372281185,0.0108460588760036,0.00826164799695959,0.00789562333406211,0.00118036670366886,0.000948589198076644,0.00337718573604634,0.00570004988188727,0.000464449901732576,0.000187362020636809,0,0.000948734591529393,0.00355113718000698,0,0.00100134425125354,0.000105969678453756,0.0015377392316352,0.000251273055388731,0.00331947497767579,8.61156590213654e-05,0,0.000259079608900201,0.000571530694132447,0.000638492310354621,0.000673739216718471,0.190522750480863,0.000774860762983777,0,6.44017785749674e-05,0.000266105758796275,0.0749831638862645,0.0683959829465529,0.0773333142004363,0.158913817289083,0,0.00252937068061262,0.0417901363342581,0.0921724722389922,0.0016845925341865,0.00585734792446457,0,0,0.00083786733708526,0.00111519151413821,0.0424958005461699
0,0.282009604737462,0.00241949464966881,0.000209406327563739,0.00046800777114079,0.000551863736117131,0.00290528337873091,0.000179887443386453,0.566081609881693,7.54804120099606e-05,0.00170635380518274,0.000209514159556335,0.136649406127131,0.000287842171146208,0.0115799487837908,0.55389907441696,0.00188122968082997,0.000133067318463492,0.00069662441635723,6.01296675077319e-05,0.0524629965950104,0,0.0440377235493071,1.2958973405748,0.163487865823309,0.0100128707615985,1.04537167740594,0.0824402733110366,0.00108483393760602,4.96362813609839e-05,0.00921369709469193,0.000157861193060839,0.000138229069886362,0.00172678877685639,0.00140376046400535,0.0104932348318075,0.00881442619478451,0.00327770659668896,0.00216257152937189,0.00259252016395975,0,0.0388369000653118,0.0062267524143303,0.00641989313787941,0.00209383348958741,0.0025388792599308,0.000573539010866189,0,0.00594898102612789,0,0.0378334592509948,0.00497074604212135,5.65638337190867e-05,9.18669734984639e-05,2.948147396577e-05,0.00107875533971944,3.47657305711984e-05,0.0221353377606533,4.91888630216003e-05,0.00778020414199191,0.000192574202085614,0.0140362919966184,0.000290649136639487,0.00011847667296474,0.288268914931929,0.0026482614682094,0,0.000472210726357341,8.676323939631e-05,0.0317935636288312,0.146690421187974,0.0889821211755167,0.132194217239858,0.00824634621557872,0.024928221481375,0.346394059382316,0.0391668422062608,0.000640190668899787,0.00335128607435566,0.00535715102827982,0,0.000914336515323114,0.00186261221226359,0.000714801092517791
0.0287782571495372,0.00199598488308379,1.86408591734823,0.000344256552562058,0.0155598868263274,0.0128631603110015,0.0591388270953564,0.151317009151793,0.00614046171297898,0.00388835755675285,0.00461001502774826,0.00153608218468769,0.0140069665428762,0.227226763066566,0.0287656343358623,0.328421573478914,0.760037657558001,0.00925486695994821,0.0614603189249941,0.00152584317803414,3.92479136845861,0.0440377235493071,0,0.0391165802900809,4.41946660850644e-05,0.333038124053625,1.55439998952239,0.304702342500079,0.240581194092862,1.60177125660529,0.000197082343906939,0.00198461124228467,0.0624626568756674,2.06652062262025,0.370009871476505,3.68073671767289,0.844916395999523,2.11621520916955,2.23047799307898,0.0167031469843116,0.0212553662975355,0.00965702886157953,0.0154004171930737,0.00394105807547155,0.00444436794215453,0.0124084410630283,0.00920514684540279,0.000530385805620754,7.8159553755498e-05,0.000285645984954715,0.000714663870635391,0.0220091694375616,0.000261724035975051,0.00429308206823244,0.000481285530792207,0.00176428358194326,0.000843559138330438,0.00060980779655056,0.000126488303056615,0.000107678253533757,0.000676545160765457,0.000227025579970086,0.00317579681088558,0.000619773478264868,0.481163049036612,0.00060422523204562,0,4.13311398161888e-05,0.000351854416100961,0.0413378994991319,0.0834882667161652,0.305010479655031,0.0989477849824007,0,0.00233654560261533,0.35112412032289,0.0509396710500373,0.000709745840856348,0.00166746361329526,4.26011352786899e-05,0.000219516930337787,0.000286271926414669,0.00233237857413048,0.166200802699601
0.000578175510985243,0.397600895890918,0.0114294671817626,0.611893183522563,0.00822902885752932,0.0667713436348684,0.185042571587876,0.0298063765724847,3.06767521455621,0.116470185678604,0.00410951395397364,0.212106782424337,0.084109938580337,0.0135076268866878,0.143605777378274,0.340212608904644,0.0331794890065492,0.00234391608972299,0.00610894732262056,0.0919242782163931,0.0804933434400719,1.2958973405748,0.0391165802900809,0,0.0837837103932487,0.0209483943393137,0.922924760450248,0.820995759650867,0.0750498250170211,0.0111792317086182,0.00633010891409258,0.000964464265671855,0.0263581012511746,0.0629080511394522,0.0928981718547498,0.5061701077651,0.069716123122041,0.0483067734932494,0.0666078587894701,0.0273445468753327,0.00913409223172523,0.0166307186041013,0.214909656770368,0.00575108151068278,0.0544169094084857,0.0133907690755688,0.0588241513954041,0.00845811384726684,0.00364724924493553,0.000580858027854538,0.0177551754586664,0.0119773165697171,0.181960460511239,0.00503405239102696,0.00666869309153613,0.120168135570586,0.0210884266700724,0.424127586554496,0.0807945393432683,0.00289239636061692,0.0176369382371612,0.0153178489693763,0.0214271034158274,0.0195709311883203,0.236053249444589,0.00229667587481078,0.000498754361246502,0.000501730292189455,0.0237697855611335,0.099745642885592,0.156176999174558,0.0849688861448,2.01881007125689,0.00406198053839337,0.0127082953327765,0.186052070577369,1.24025711234971,0.0534089688994804,0.0215340716605921,0.000508672256678224,0.00299314117138322,0.0126272483015977,0.0364447923362875,0.0188272421194275
0,0.27948929585183,0,9.20022768022297e-05,5.06591531212091e-05,0.000272393871271295,0.000495642426697862,0.000142676372460294,0.126387918702437,0,0.00899406969690583,0.000113659499093771,0.532712414067562,0,0.00325916137731873,0.000734975825367383,4.50098921099066e-05,0.000257814623289907,0.000286753576672232,0,0.000167088648811269,0.163487865823309,4.41946660850644e-05,0.0837837103932487,0,0.00880479733757539,0.136381447777615,0.00361161383261345,0.000273046339256394,0,0.0112608987079717,0,0,0.00183017234390949,7.34911753957269e-05,0.00147796198588965,0.00431536287001887,0.00293321013270566,0.000725807493331828,0.000516781375842011,0,0.146363262498534,0.000770974750327923,0.00825465188338586,8.77372474863766e-05,0.000629626245617903,0,0,0.0198150886540693,0,0.033423689756344,3.73669502606392e-05,0.000202854543127727,0,0,5.0451470091641e-05,5.26814841809749e-05,0.00293335665534346,0.000185219034600449,0.0607710293466473,0.000543541590495801,0.125061597519229,0.000295799807545566,0,0.000285711452824867,0,0.000275462078387832,0.000209700707142413,0.000188736609713494,2.66637097339868e-05,0.00402740671748332,8.19395183239459e-05,0.00313049307167508,0.124955106925957,0.0272798559652996,0.168451408172422,0.000373426953657496,0.000388484236432385,0,0.028393924070842,8.24768612313512e-05,0,0.00554968816823298,0.000154924806385553
0.00456742824037136,0.0313176776309707,2.03268080985712,0.00292715056314111,0.000252299724940145,0.0169023917269142,0.03522003183216,0.0505112074170692,0.00569359153388838,0.046822894349785,0.507382124583027,0.0342273470275698,0.0231445551997677,0.0471771910481177,0.00335116553540541,0.0137455260587348,2.23471743717699,0.284388264972711,0.312442706987883,0.0191845391929696,0.0508790957771019,0.0100128707615985,0.333038124053625,0.0209483943393137,0.00880479733757539,0,1.62059585757124,0.0423505306407661,0.088826970799396,0.0651863349061699,0.0328621557809754,0.0336368085522167,0.0180519642644925,0.467855849550188,0.0793984484553761,1.01613681680881,1.2320877979656,0.772708900514896,0.609673117246884,0.00587347816094656,0.00530082226395361,0.00728676889912633,0.0423180001413264,0.134133618003257,0.0251165085283335,0.0242240563403144,0.000294703859901416,7.33282495321509e-05,0.00345413278332576,3.39656501293302e-05,0.0707384273642195,0.0237684461839833,3.30762563296974e-05,0.00148400407069706,8.01942913475275e-05,0.000575425042038685,9.99748619541408e-05,0.00684331922252863,0,0.0803691210405423,3.66157997897029e-05,0.0878124612055966,0.000252855567835289,0.000600622644837499,0.00310821458005623,0.0297798527656707,0.010403917404833,0.0380011750636865,0,0.000742458887044858,0.0181798310062145,0.00438131276337029,0.00430121332771082,0.022536571963213,1.15228385327017,2.64390278311482,0.000859776663924695,8.56309713596105e-05,0.000184737740709543,0.204721549827783,4.23258627542138e-05,9.02466261010589e-05,0.0161463675182235,0.037931029255432
0.000492369234164482,1.49858437187452,2.11607176984093,0.000287792192794293,0.00412178864093334,0.00369151172013681,0.0187500736379236,0.00905219787976733,0.275634903101943,0.0053097582532156,0.0271628353899251,0.00325786340292977,0.17563732124428,0.00735952321808357,0.0245405647117479,1.47321226734361,1.2417121054416,0.0263953255366737,0.199548369891936,0.00193870919246163,0.380573882002923,1.04537167740594,1.55439998952239,0.922924760450248,0.136381447777615,1.62059585757124,0,0.406421302483855,0.0112813217786565,0.0227947954737333,0.094396990988705,0.00233825781387838,0.00382338097740528,0.448513965423419,0.175940874197992,2.91036905113901,1.24761532459431,0.773507168411711,1.11628433174148,0.0108079957199663,0.00782384570630442,0.00671973172956655,0.217562291545344,0.202288679874486,0.09517943484673,0.109815509716372,0.00652856473446635,0.000685344678172553,0.00408970246234372,0.00182116832176616,0.671802994204897,0.58225879217208,6.12518557549417e-05,0.00264929532517905,0.000203598216114539,0.0122405726466747,0.0018863339805606,0.0168817937516808,0.000181033501984066,0.0610861367557995,0.000320842828018785,0.0990944086190719,0.0103970294464681,0.0011383083811114,0.705018976437678,0.177706716556705,0.00536602290469372,0.0830825388698981,0.000109092403453302,0.0411328288857963,0.398563331835669,0.391065062316717,0.1517770826876,0.0890515136122247,1.49013819855003,10.6178103266842,0.064263546320572,0.00265539945922297,0.00591662437767607,0.162345280843396,0,0.000500221858426022,0.0422661437329789,0.0873806492084855
