0,1.30161279439926,268.993421822786,2.94905161857605,0,27.5816225111485,3386.44123694301,1028.56233972311,3.50721877813339,60.4993922412395,16.1555516421795,12.1535775065422,9.15959566831589,11873.2175304592,0.720583021640778,0,546.249336004257,20.5810300707817,109.158695369959,2.65556985139847,140.039357334375,6.82350721955299,557.416874438524,1.25808900594711,1.3151208460331,172.320099711418,135.785843372345,24.0282138288021,3442.80103197694,10568.1412867904,2.66284799575806,12.1156730353832,20.7778373658657,133.587903887033,6.29837447404861,43.6683693230152,1.57413098216057,62.1116913557053,18.134351760149,6.94409081339836,5.7755763232708,1.61068016290665,0.866600275039673,0.497506856918335,0,0.956810712814331,2.74970138072968,1.76334142684937,0,0,1.64764553308487,3.29600411653519,0,0,0,0.563682794570923,0,1.30452811717987,0,0,0,0,0.606309711933136,0,3.72094255685806,0,0,0,0,3.94604325294495,5.40553110837936,0.562714993953705,13.3653888702393,0,0,20.0900390744209,22.4682274460793,1.7443859577179,2.93258637189865,0,0,0,1.596221357584,0
1.30161279439926,0,89.7228424847126,3.58293640613556,7.71695733070374,5.3224949836731,40.6781046688557,20.7863432765007,4004.67453923821,34.4875571727753,818.459778904915,13.4556378126144,2009.92496937513,27.8792768716812,53.3150340020657,880.485380083323,69.6508033871651,11.6639790832996,24.3828985691071,3.67015182971954,530.36861500144,4602.2908962965,310.056336700916,1741.33114174008,2438.30631178617,503.507945179939,24014.7681098878,456.554649919271,26.9922361969948,190.245231896639,185.748651981354,14.1104425489902,8.59070789813995,507.909618914127,100.021961629391,759.812791198492,343.230730861425,358.234353899956,277.039803683758,21.16860216856,5.49463194608688,489.518255710602,104.404110223055,81.314196228981,50.6742009818554,22.3473992645741,3.20525580644608,2.75223815441132,118.787010729313,0,1566.84910959005,59.3451137542725,0,0,0,3.17154043912888,1.2866917848587,19.735156416893,0,145.283567965031,0,259.91716837883,3.02776500582695,0,108.46819844842,29.6346950232983,4.63458630442619,5.52948722243309,0,12.5926529467106,46.9070628285408,56.5087482333183,49.960346609354,142.17774438858,481.786689609289,5641.1816174686,29.0883012413979,9.51876068115234,7.00169214606285,138.809943765402,4.65513783693314,0,38.146623313427,24.5985346436501
268.993421822786,89.7228424847126,0,19.2369994521141,7.52146151661873,94.841894119978,6297.96861410141,2368.84779700637,16.1474842131138,309.105149716139,29.2301000654697,11.1243330538273,32.7593580186367,2840.97737783194,18.2286849915981,165.082919061184,23219.642735064,168.599464088678,2783.77179008722,10.3469794988632,4664.24001425505,130.249039471149,25950.4036902189,89.8775562942028,2.54907953739166,30891.1976395547,31469.6301033497,4447.92788156867,743.702762424946,2706.02206259966,0.659183502197266,19.6744013428688,56.0075961351395,3396.85178160667,364.910279601812,5939.88010919094,1374.52221885324,2482.81441399455,2896.03321260214,64.626809746027,46.1865491569042,3.24444311857224,402.173713237047,71.1091109216213,179.994519948959,129.297877281904,6.88606029748917,4.5603534579277,2.79744213819504,0,534.301744759083,1520.0544500649,0.530932486057281,3.15267026424408,0,40.9678857326508,5.60693842172623,5.36097338795662,1.0759938955307,11.5605989396572,0.399013936519623,2.31476283073425,22.2505364120007,1.07678079605103,265.208128392696,177.921706110239,9.31699788570404,40.0116751492023,0,34.3489508628845,129.835216790438,382.873055458069,62.4880366325378,12.4985057115555,1284.38874918222,12014.9858011007,77.9072822928429,4.88764005899429,25.3356405198574,5.93553820252419,0,0,58.8135304450989,158.762908905745
2.94905161857605,3.58293640613556,19.2369994521141,0,67.4547593295574,167.613211125135,194.937943071127,198.463465422392,4446.35394337773,13763.0728962719,32.7521196305752,6464.47698175907,91.7333260476589,152.696861207485,829.318350404501,0,9.6211556494236,10.6220669150352,5.56626799702644,27853.7538830638,5.90734115242958,3.8669838309288,20.9006972908974,5719.48347076774,14.9825624227524,40.7615808546543,22.0947347581387,7235.75840505958,130.998252213001,11.5789121687412,0,56.2351666986942,6.56850779056549,278.217003822327,67.4791648983955,631.807975560427,14.4769537746906,301.66104349494,67.9264985322952,592.607010751963,130.92876636982,5.28378263115883,222.054842233658,1.48450440168381,121.215001344681,31.3632545769215,718.205129802227,69.4241046011448,6.60756132006645,0,6.87699064612389,0,1151.81476458907,22.8268058300018,76.2027475237846,468.668538361788,113.872488677502,486.528187185526,1642.79856863618,2.93164357542992,572.836987048388,0,30.1607454717159,104.934808433056,1.44802507758141,0,0.552548348903656,0.331995904445648,747.839750677347,3.00763487815857,7.12117618322372,0,2530.87335142493,0,2.75200253725052,8.14592114090919,1950.00241649151,12.078854739666,1.36423081159592,0,11.0344834625721,0,70.5813009142876,8.84032374620438
0,7.71695733070374,7.52146151661873,67.4547593295574,0,1757.14642727375,73.4409154355526,111.316317588091,370.020314097404,174.004741817713,5.77538311481476,920.1380405128,36.0373674333096,13.0632449686527,4613.24448150396,57.6428816318512,0.948294520378113,6.93937170505524,3.89039504528046,102.645539999008,153.138192117214,12.1399677693844,141.071716785431,313.255280524492,5.00383198261261,12.212832570076,44.2170333564281,259.0439234972,4.49137157201767,23.6171168684959,0.594955861568451,3512.5802193284,1.15171682834625,1239.96096104383,1104.69477644563,159.787737041712,44.0659224390984,21.87321382761,92.7173879742622,13362.7794540226,3697.05978637934,3.06079471111298,12.7007146477699,54.3542530536652,20.8750984072685,87.7040486335754,35.5873382091522,4.19039583206177,5.48502433300018,0,0,3.90684920549393,15.2716364860535,0,4.31800895929337,15.0326689481735,2.51419901847839,2.89817446470261,23.7281513810158,2.1624795794487,9.2397940158844,0,3.93159770965576,7.87171512842178,11.3436609208584,0,4.6642564535141,0.728173851966858,17.3939514160156,9.22998529672623,4.5508873462677,28.6932039260864,33.4224928617477,0,29.8182855248451,55.8978661894798,42.4467394948006,3.79231715202332,2.55011987686157,0,0,0,1.42986124753952,1550.57041940093
27.5816225111485,5.3224949836731,94.841894119978,167.613211125135,1757.14642727375,0,3129.51514685154,13905.0982182771,270.243504166603,16777.5429521352,244.363892525434,14249.5263477564,343.84528285265,1765.83570604026,3322.00018844008,5.66216889023781,73.0942912399769,135.13905608654,60.4773180484772,482.484834104776,41.5400122702122,14.5117817223072,112.926213860512,149.569604963064,25.7300597429276,240.544730782509,106.508857965469,1610.30689164996,535.542440444231,116.062647730112,17.8659121692181,2822.62840923667,10.6355455219746,448.095534205437,3497.95874482393,1714.64720258117,40.0930427312851,467.628323197365,194.141981720924,6689.00785890222,1835.11828318238,53.9633601009846,76.2243273854256,1.60185503959656,10.882895052433,10.7795380651951,56.896638572216,6.50039520859718,11.4814350306988,0,1.11916637420654,0.353746712207794,18.5564742982388,3.94636526703835,2.71357607841492,52.7830249965191,3.14358800649643,21.2114944458008,40.7037631571293,3.23803794384003,40.4769461154938,4.52289420366287,2.91374531388283,7.07614988088608,2.87460041046143,0,0,0,13.1986083686352,0,6.21668472886086,4.23941007256508,177.833035796881,0.528482377529144,0,2.15622869133949,195.111875414848,2.90019175410271,3.89042419195175,0,0,0.523233950138092,13.403547257185,352.406891196966
3386.44123694301,40.6781046688557,6297.96861410141,194.937943071127,73.4409154355526,3129.51514685154,0,19251.1322855055,1374.4270144701,29203.4363128692,457.642695009708,328.894735097885,1022.73558449745,20262.0346377492,797.655231803656,75.9072613716125,1827.92472478747,362.27688190341,608.503823727369,78.6387198269367,4132.52248317003,170.357293307781,9182.1385833919,829.573395490646,100.109884023666,3802.41256257892,2723.12246567011,35188.468649745,5595.20512163639,26431.4646483958,32.6770814955235,533.321407437325,745.300673216581,5206.55526986718,2312.744761765,10107.6357383132,585.567314743996,4974.19288364053,2015.23854219913,1858.30125719309,1393.29856812954,82.19618922472,1391.77011474967,11.1804626882076,368.188589215279,186.831297248602,488.985284745693,172.809901356697,44.9885419309139,3.06960511207581,48.0843902528286,144.922659903765,235.625080823898,11.2507365345955,58.2383827567101,962.198914408684,214.406643390656,350.967549562454,601.496424227953,6.87913689017296,109.410766631365,3.08317756652832,171.717748850584,58.2091482877731,67.8798658549786,10.7298482060432,0,1.33993873000145,201.491337090731,57.4298984706402,99.649703681469,53.9383203983307,2457.42097726464,1.23407462239265,68.5500464439392,920.282578319311,3673.01101461053,87.1501503586769,154.412759393454,0,33.0888726711273,6.77546086907387,228.518950670958,197.338464379311
1028.56233972311,20.7863432765007,2368.84779700637,198.463465422392,111.316317588091,13905.0982182771,19251.1322855055,0,473.19493329525,20685.9067700207,488.769767254591,3850.6924547255,903.052579820156,28064.689190343,343.493406131864,23.7723551094532,3103.44197684526,228.244617015123,782.779088228941,515.516209870577,708.331880480051,136.147500127554,3021.12496286631,226.27800270915,74.4341023564339,1911.38538703322,1407.55562961102,1869.13926312327,2367.30730511248,4622.60615479946,32.3294070065022,984.026061475277,121.004970610142,1609.47631257772,1749.96506673098,3610.67605781555,115.316144824028,1357.28486338258,588.8619569242,1746.73492056131,390.538922071457,151.668385893106,380.240002542734,12.6085580289364,89.4518297314644,35.9993122816086,128.194049715996,32.1004011929035,29.6774286031723,3.64943054318428,18.5762088894844,17.846374809742,35.9306524395943,3.51211178302765,3.36496949195862,284.23533976078,19.7566899061203,126.570270478725,70.0660697519779,6.58245629072189,41.5436646044254,5.98788744211197,41.5307021141052,9.35989290475845,40.7283506989479,0.809112012386322,0,0,16.8209461867809,64.5277144908905,64.5319894254208,15.3731836080551,839.465766072273,0.285079956054688,4.88028404116631,118.048148810863,1181.02539795637,27.372479736805,155.324992388487,0,1.15385329723358,3.52949327230453,79.7903350293636,145.597239732742
3.50721877813339,4004.67453923821,16.1474842131138,4446.35394337773,370.020314097404,270.243504166603,1374.4270144701,473.19493329525,0,4210.97483029962,395.145224303007,4044.07551229,1616.29308223724,383.844317734241,2668.10549321771,147.254112541676,13.0209915339947,23.8162257969379,7.32344436645508,2069.13374912739,95.4035319685936,9163.49941927195,63.591517239809,36233.5201370716,956.285861611366,143.086228817701,4660.85129204392,13330.6709333658,302.249847918749,636.844729363918,258.420983999968,100.380647480488,29.8853551447392,407.091320157051,75.1368436217308,1074.27043142915,127.707344561815,410.476909935474,132.752332478762,1772.2767752409,122.746287763119,78.5597814917564,1324.2105551362,58.0908071696758,368.222223490477,144.38294839859,1032.0717881918,131.966230928898,106.454973220825,9.93624311685562,38.5400184988976,13.9343178272247,1292.54466336966,78.5472112596035,211.914383769035,1065.24174371362,345.335542738438,5532.07223966718,2379.49676737189,192.058049619198,925.414277076721,191.195322275162,348.464823693037,280.521037995815,350.26412832737,6.31465339660645,15.354915946722,11.303317129612,1137.03281360865,348.748843967915,1705.03958815336,160.55738312006,9640.61386883259,52.3634238839149,86.6099193096161,287.285832226276,6960.22293096781,220.78690302372,443.043528586626,53.7490698695183,57.4262106120586,18.9530943930149,294.361208558083,231.616922229528
60.4993922412395,34.4875571727753,309.105149716139,13763.0728962719,174.004741817713,16777.5429521352,29203.4363128692,20685.9067700207,4210.97483029962,0,1450.31481066346,11341.4723362327,1397.79762989283,7860.58564914763,1177.22270649672,6.8901606798172,239.101829886436,897.658764958382,411.521008372307,10992.9970109761,93.3669037222862,47.1852119863033,274.354480266571,2515.84890440106,119.401938050985,1510.30252829194,535.396320492029,14558.2521202564,3386.34205102921,181.002792239189,89.2013267278671,1545.29972231388,31.3080670535564,5415.73228228092,587.395891159773,8759.18705999851,194.350027769804,6054.44603136182,1138.87673005462,2701.64511612058,2178.26215288043,210.749166101217,716.367986440659,3.6698405444622,224.145631581545,72.1184955537319,1730.72412139177,107.593855321407,51.9927432239056,0.458740621805191,5.43176019191742,2.92754599452019,1930.95799961686,61.6236175596714,90.8331404924393,1281.98930591345,167.48330873251,760.800051808357,3196.31234890223,7.81907248497009,797.953882396221,3.14902582764626,51.6190581917763,252.6488045156,3.43558728694916,0,0.486154139041901,0,1265.74881967902,6.79541766643524,21.0340614914894,4.22194677591324,4656.92015576363,1.82944706082344,1.59022709727287,17.3137719929218,4485.80011561513,19.5443439185619,13.9656967818737,0,6.21857631206512,0,180.142013818026,39.9047952592373
16.1555516421795,818.459778904915,29.2301000654697,32.7521196305752,5.77538311481476,244.363892525434,457.642695009708,488.769767254591,395.145224303007,1450.31481066346,0,545.810727804899,5923.81037718058,1083.72914022207,14.6094516813755,29.8461955487728,124.048390865326,13595.6264203489,806.00938346982,113.047010868788,36.1327556371689,610.357315689325,133.363585591316,111.846404731274,1868.5266084671,4845.71585428715,710.252224296331,175.256114721298,1605.38447707891,140.406920313835,682.882340997458,978.069756567478,1.66615423560143,9611.9553219378,49.6755018830299,1136.01101574302,3800.97965660691,4868.28141736984,903.688976913691,81.6646867990494,13.6782211065292,1229.38382133842,14.6343891322613,275.028388738632,75.8014850020409,7.81206083297729,10.1752280592918,10.1620616018772,1018.92397636175,0,145.133945673704,0,0,0,0,1.88026160001755,7.25694262981415,53.5065210461617,4.64943578839302,1549.89642733335,5.28221783041954,3446.0215255022,12.1388148069382,1.22499859333038,4.6611545085907,0,0.706421554088593,0,0,0,53.165889531374,3.50090572237968,34.8585029542446,376.875324517488,118.595706313848,485.812538772821,10.6948703527451,57.0260417759418,0,1051.68065974116,55.3564919829369,0,319.548311889172,23.042572170496
12.1535775065422,13.4556378126144,11.1243330538273,6464.47698175907,920.1380405128,14249.5263477564,328.894735097885,3850.6924547255,4044.07551229,11341.4723362327,545.810727804899,0,344.912766933441,2639.36960721016,6796.11478412151,4.86998370289803,10.9932753741741,339.355265498161,129.907330453396,21205.7051338553,10.514471322298,3.79247099161148,18.0577331781387,1079.14551624656,55.7909564971924,524.401737391949,192.809256285429,1358.70968440175,963.397556722164,18.470254868269,42.35763245821,886.94793727994,1.13331389427185,1214.52645912766,1759.57892861962,1116.27129739523,60.8985768258572,1028.90655580163,235.758495867252,4413.3007684052,262.90118393302,71.473704457283,76.7110507488251,5.44409087300301,29.3759976029396,11.0814817547798,592.581293702126,12.1534210443497,20.4150578081608,0,0.971172362565994,0,300.920982599258,20.3849238753319,24.1078384518623,97.2711561620235,33.395978063345,108.655419409275,567.590873599052,5.32769313454628,725.891440212727,0.986452728509903,10.4535961449146,93.5328348278999,0,0,0,0.491343021392822,324.543144494295,0.711273074150085,0,1.12254476547241,695.891648232937,0,0,1.30972850322723,415.455836981535,4.00426575541496,3.61516904830933,0.595844745635986,4.83537313342094,0,12.0432960689068,371.904907107353
9.15959566831589,2009.92496937513,32.7593580186367,91.7333260476589,36.0373674333096,343.84528285265,1022.73558449745,903.052579820156,1616.29308223724,1397.79762989283,5923.81037718058,344.912766933441,0,1020.4162158668,104.321662157774,145.472189098597,27.9386267066002,60.4077191948891,17.4014939963818,99.8792536258698,217.611588746309,1795.54199066758,233.856618344784,634.484518796206,8470.12209939957,371.488042742014,3362.2869181633,1469.77717459202,489.108010798693,219.321180999279,1376.93896090984,1407.14160603285,8.67522898316383,8781.77756926417,511.21848449111,3093.08485779166,2154.18654602766,4568.49285134673,1397.66077947617,3743.61630117893,1388.08569523692,3424.90654191375,707.644957363605,663.277035415173,1833.35379129648,1698.3257329762,1057.53017267585,2151.63858950138,2899.67708456516,0.892644941806793,423.898954987526,1.90420344471931,39.5428860485554,39.5645137131214,230.1344011724,162.178790777922,384.971832752228,143.204214125872,417.126289665699,3782.16416355968,125.638977020979,8235.79851207137,334.037063390017,28.5522177219391,61.4972111582756,1.52402156591415,4.28415030241013,1.66653254628181,59.5577330887318,43.1337875723839,147.962331533432,46.6341717839241,300.614695817232,1856.99171626568,282.267671912909,1186.73938369751,428.636329859495,349.882134616375,35.8876043260098,2011.8514867723,761.961930006742,2.70129311084747,1153.03873223066,128.829077094793
11873.2175304592,27.8792768716812,2840.97737783194,152.696861207485,13.0632449686527,1765.83570604026,20262.0346377492,28064.689190343,383.844317734241,7860.58564914763,1083.72914022207,2639.36960721016,1020.4162158668,0,83.5358408093452,26.0095080733299,5624.93268728256,554.066077172756,1224.4395749867,393.160987466574,1095.17102435231,153.367377132177,4740.37697860599,172.054323703051,87.8003650009632,2651.45825511217,1850.47315692902,1270.66486304998,17738.2080471516,20826.5278988481,73.7219782173634,958.987812548876,155.397760808468,2703.89249619842,127.903170526028,2979.3261512816,144.115070044994,1311.45573186874,585.010054916143,584.580328077078,228.154783308506,240.716096043587,238.225689947605,9.53170618414879,38.8078955709934,26.4781262278557,92.9739513993263,12.2780858874321,29.6791373491287,3.54934722185135,13.1769856214523,29.4766630232334,5.51678901910782,0.579387664794922,1.48019814491272,110.736047178507,18.7183345854282,85.1636703908443,8.70940393209457,11.8182003498077,36.9081572592258,30.6297755241394,43.5805427134037,5.47445440292358,82.759519726038,0.337662100791931,0,0,4.91527795791626,111.4766086936,92.8568135797977,36.4419667720795,554.567448794842,5.2580172419548,12.4728325307369,194.60406011343,852.919184744358,34.6683000326157,146.26776561141,3.23649653792381,0.79545533657074,12.5069322884083,43.0269696712494,8.38634875416756
0.720583021640778,53.3150340020657,18.2286849915981,829.318350404501,4613.24448150396,3322.00018844008,797.655231803656,343.493406131864,2668.10549321771,1177.22270649672,14.6094516813755,6796.11478412151,104.321662157774,83.5358408093452,0,137.863915801048,10.3725270330906,15.6269482970238,8.39404594898224,811.555398076773,574.868112027645,70.881975799799,328.730624914169,3556.46041992307,20.9117180407047,180.323150783777,259.228679209948,2607.29334571958,48.6749320030212,224.693669736385,4.92851504683495,681.002937972546,8.03549781441689,93.6756242215633,1737.34378686547,336.525423318148,188.02309769392,104.630531042814,186.498712986708,4284.79867839813,126.734334498644,6.59020435810089,120.194333225489,152.41020154953,61.1682353913784,255.943585753441,270.189302235842,30.6135613918304,16.45685967803,0,6.48532617092133,14.3962531685829,88.5198295712471,5.4962797164917,8.45195209980011,64.157668530941,17.2906573414803,36.412277251482,157.544532120228,9.85187435150146,95.8359961211681,15.9471722245216,22.4045702517033,52.6568451523781,49.4640278220177,1.41318821907043,12.7467811703682,11.0146515965462,103.936733096838,20.6038730144501,24.7206442952156,67.3278954923153,237.618832021952,6.04851520061493,82.9880067110062,171.699325799942,269.273554563522,10.8437284231186,15.953731328249,22.7365669608116,7.26059752702713,0.712197184562683,9.60873740911484,2329.42723688483
0,880.485380083323,165.082919061184,0,57.6428816318512,5.66216889023781,75.9072613716125,23.7723551094532,147.254112541676,6.8901606798172,29.8461955487728,4.86998370289803,145.472189098597,26.0095080733299,137.863915801048,0,208.733742982149,16.0119889676571,78.696783810854,0.917699337005615,6803.2408426702,10739.8171409369,6880.66262158751,6834.71674519777,77.3695048689842,261.947003364563,16052.3094246984,4807.57296535373,70.9943141341209,727.68007722497,16.3251897096634,13.2283650636673,23.5704457759857,973.713537603617,1803.42694786191,9191.71278437972,1668.48453006148,2653.43983474374,3665.26565471292,76.1725217103958,35.9887989759445,3.88498222827911,1092.43475675583,194.144525378942,278.521165728569,297.150641828775,47.4612685441971,12.1113122701645,13.5454752445221,7.01811489462852,83.5234575867653,219.917068421841,1.68997979164124,22.7456204295158,0.772522926330566,129.670812815428,23.8006853759289,48.0668335258961,12.6372664868832,11.0187637507915,1.20739996433258,14.0265355408192,95.425868242979,10.7843843698502,9402.72342687845,40.3451984226704,3.42284145951271,12.1953716576099,1.29586315155029,1632.12864026427,4356.43229615688,6043.75125333667,1259.80388587713,7.64443385601044,79.1716823577881,3841.85233280063,1410.90942552686,75.6995126307011,354.371302843094,4.54957237839699,3.92666772007942,15.8536844551563,88.5517631173134,374.180991172791
546.249336004257,69.6508033871651,23219.642735064,9.6211556494236,0.948294520378113,73.0942912399769,1827.92472478747,3103.44197684526,13.0209915339947,239.101829886436,124.048390865326,10.9932753741741,27.9386267066002,5624.93268728256,10.3725270330906,208.733742982149,0,388.18097242713,9856.42570072412,2.99495720863342,2443.68510505557,40.6859949827194,13740.8281153142,159.871675342321,7.76561295986176,15555.4084683657,21427.8047177792,1267.07606887817,4851.56470677257,4987.35631978512,4.12092879414558,40.2594135403633,421.367028325796,5733.34893652797,62.9042067527771,912.583679646254,232.765791624784,904.566478103399,602.765158981085,41.6272947192192,30.5116930902004,7.91542765498161,50.4871276021004,16.8817068636417,23.5438978075981,10.4586976766586,3.26381659507751,0,0,0,110.534164607525,92.8794839680195,0,0,0,1.93034660816193,0,5.45605617761612,0,0,0,3.67339739203453,0.432119131088257,1.27642333507538,56.0625431239605,14.6302332878113,1.29377686977386,3.52378836274147,0,17.150118470192,47.6454571485519,50.9150541722775,20.5306690633297,15.6668267846107,244.500710874796,1711.92775607109,25.7710411250591,0.773176729679108,5.50099849700928,6.45515525341034,0,0.571065068244934,9.50261604785919,15.6672008037567
20.5810300707817,11.6639790832996,168.599464088678,10.6220669150352,6.93937170505524,135.13905608654,362.27688190341,228.244617015123,23.8162257969379,897.658764958382,13595.6264203489,339.355265498161,60.4077191948891,554.066077172756,15.6269482970238,16.0119889676571,388.18097242713,0,913.646405726671,50.5324267745018,64.017350256443,11.100491642952,326.393022447824,14.5908467173576,14.5205447077751,8797.72177702188,1249.49737286568,137.046874940395,873.438365131617,138.621717065573,118.726008713245,400.007171154022,7.62692016363144,5609.73852488399,212.093486219645,3739.22073364258,4304.42961922288,5371.5787101686,2391.91604581475,30.2973908483982,19.5278168916702,13.4727213382721,16.0451088547707,34.3518775701523,9.44727921485901,16.0500980615616,1.87187576293945,0,6.67469787597656,0,31.4996263384819,4.92058944702148,0,3.54206138849258,0,0,0,4.84354668855667,0,59.6752433776855,1.24171450734138,198.310952305794,0,0.787097930908203,3.66264623403549,0,1.69646084308624,1.64566922187805,0,0,5.14268547296524,1.46060454845428,2.48075172305107,53.5347000360489,410.091748744249,989.382297962904,0.770367085933685,0,0,464.795206725597,1.21536934375763,0,3.91171818971634,93.9026407599449
109.158695369959,24.3828985691071,2783.77179008722,5.56626799702644,3.89039504528046,60.4773180484772,608.503823727369,782.779088228941,7.32344436645508,411.521008372307,806.00938346982,129.907330453396,17.4014939963818,1224.4395749867,8.39404594898224,78.696783810854,9856.42570072412,913.646405726671,0,22.6658527553082,544.358823508024,17.7356424033642,1961.33438959718,33.9654086232185,5.74176087975502,13246.2601081729,4727.410297364,302.419067561626,1197.47377991676,790.30669438839,8.55372554063797,77.1310438215733,109.636258035898,10289.4041822553,174.567482531071,3690.33574661613,1838.28355723619,3149.26707586646,2173.69577649236,29.0962253808975,13.8579040467739,2.76462352275848,14.958008646965,13.9973187446594,5.06420630216599,8.20691841840744,1.33163493871689,1.11422049999237,0,0,25.1538846492767,22.2451724112034,0.379528194665909,0,0,0,0,5.62004423141479,0,7.76136219501495,2.09685784578323,10.2969321012497,0,1.25322830677032,14.494581669569,1.02935540676117,0.835803925991058,1.01459091901779,0,2.75872665643692,13.8418339490891,9.85034161806107,1.41489312052727,15.4262173771858,235.527826964855,736.547190964222,1.60702836513519,0,0,33.9829172492027,0,1.19742238521576,1.68162769079208,92.0963068008423
2.65556985139847,3.67015182971954,10.3469794988632,27853.7538830638,102.645539999008,482.484834104776,78.6387198269367,515.516209870577,2069.13374912739,10992.9970109761,113.047010868788,21205.7051338553,99.8792536258698,393.160987466574,811.555398076773,0.917699337005615,2.99495720863342,50.5324267745018,22.6658527553082,0,2.30251145362854,2.06365314126015,5.62869963049889,1192.89243000746,21.8302094042301,99.0593903660774,40.5516357719898,2418.44618225098,193.794604688883,8.49051421880722,4.84527808427811,108.690443098545,0.782266914844513,268.280986607075,28.4473539590836,446.353209942579,5.92720863223076,301.458107173443,72.232412815094,660.744194597006,112.220818966627,17.7947167754173,67.4110400378704,0,44.7066320776939,12.8710845112801,476.710128903389,20.1342716217041,3.86177557706833,0,1.38547027111053,0,546.027548134327,16.8518280088902,28.1885474920273,179.635150104761,36.9081553220749,165.738362073898,764.103090167046,2.29377728700638,657.052267849445,0,14.7318744659424,74.0461602807045,0,0,0,0,365.745427489281,0,2.969363540411,0,987.470783859491,0,0,1.70627227425575,760.610776692629,7.79086580872536,0,0,4.67323243618011,0,22.4316399097443,2.02543330192566
140.039357334375,530.36861500144,4664.24001425505,5.90734115242958,153.138192117214,41.5400122702122,4132.52248317003,708.331880480051,95.4035319685936,93.3669037222862,36.1327556371689,10.514471322298,217.611588746309,1095.17102435231,574.868112027645,6803.2408426702,2443.68510505557,64.017350256443,544.358823508024,2.30251145362854,0,1396.4746569097,57933.9624632299,812.290055155754,40.887442946434,1275.0313976109,7396.07394218445,43472.5750490725,802.383712172508,31264.6884977818,9.54738613963127,32.7465447187424,372.411012172699,15999.35143736,4876.9097494483,12729.311771065,1781.50484058261,14323.6674964428,7180.38425806165,303.192831397057,217.212260276079,6.33918711543083,468.07220390439,46.584317445755,106.424234271049,94.3216845393181,53.9580908715725,10.5413176417351,4.35843807458878,7.15286281704903,40.8405015170574,100.238547980785,0.40876442193985,13.3818753957748,1.82706761360168,57.3696359694004,24.895241767168,14.9649593830109,4.94981634616852,1.77789163589478,1.83856821060181,5.45567646622658,85.0614933073521,15.7217547297478,2246.83672648668,10.6912119984627,0.977627485990524,2.90959969162941,0.469085991382599,1058.28840255737,1251.27358016372,1305.45940354466,593.14942792058,0.893241167068481,46.0473011732101,1043.08983772993,1068.59128201008,88.5293052792549,352.203420102596,0,3.15864038467407,38.1446940302849,59.1032464504242,627.784284830093
6.82350721955299,4602.2908962965,130.249039471149,3.8669838309288,12.1399677693844,14.5117817223072,170.357293307781,136.147500127554,9163.49941927195,47.1852119863033,610.357315689325,3.79247099161148,1795.54199066758,153.367377132177,70.881975799799,10739.8171409369,40.6859949827194,11.100491642952,17.7356424033642,2.06365314126015,1396.4746569097,0,2001.14294421673,18197.1719981134,995.552292257547,98.2644900679588,8693.83835604787,3243.53711220622,226.959471523762,1011.28361704946,252.183164328337,17.4282686114311,43.7158999145031,455.927357554436,326.727007269859,1741.83273038268,307.204789757729,591.230943143368,553.437761992216,47.598047554493,24.6461603343487,131.861723572016,563.190048992634,124.548569709063,126.24612569809,115.824776977301,22.8898075222969,10.494194149971,106.223693728447,6.24846494197845,436.759416073561,157.521527409554,0.977474123239517,2.41372692584991,2.34395799040794,72.4928048253059,15.153282225132,60.503097563982,4.89314877986908,192.126661777496,0,225.191479712725,34.0780193507671,8.69922173023224,4458.80842918158,31.8987243771553,4.48870101571083,9.75400766730309,1.04376208782196,757.132460385561,5698.57372549176,2045.15748628974,707.326450705528,74.5299055576324,59.3871767222881,5717.29859820008,803.722215741873,56.07169932127,155.185353547335,77.0324686765671,5.78096890449524,15.1887472867966,55.5193099677563,142.485034346581
557.416874438524,310.056336700916,25950.4036902189,20.9006972908974,141.071716785431,112.926213860512,9182.1385833919,3021.12496286631,63.591517239809,274.354480266571,133.363585591316,18.0577331781387,233.856618344784,4740.37697860599,328.730624914169,6880.66262158751,13740.8281153142,326.393022447824,1961.33438959718,5.62869963049889,57933.9624632299,2001.14294421673,0,1035.63826560974,34.6063147783279,7319.3291143477,57594.1646478474,21394.3526448011,2694.11604180932,13290.7152931094,9.1667063832283,112.686011463404,399.407174706459,18999.9806073606,5481.92079797387,24019.6190823019,3527.24015545845,18492.2545009851,18472.949585706,237.508877575397,245.799473017454,25.4122180044651,1393.24702104926,235.952284485102,462.985048294067,484.650012344122,48.8714595735073,20.2337080836296,10.68560308218,3.29629573225975,178.791999667883,1553.07952031493,1.46917104721069,28.2265795469284,0,287.916876643896,53.8139150291681,15.1321829557419,8.27989968657494,15.3070740103722,1.80659365653992,4.26063162088394,151.6149122715,12.9479564130306,6242.37143647671,165.335177719593,12.8674758672714,26.2498138993979,0,893.329338431358,2452.79067251086,6684.27149760723,671.208682537079,7.39954257011414,265.253081277013,16797.837395221,1280.94856584072,27.7254094183445,216.067344874144,5.35542288422585,0.598976612091064,9.11222299933434,134.528981357813,1086.51210594177
1.25808900594711,1741.33114174008,89.8775562942028,5719.48347076774,313.255280524492,149.569604963064,829.573395490646,226.27800270915,36233.5201370716,2515.84890440106,111.846404731274,1079.14551624656,634.484518796206,172.054323703051,3556.46041992307,6834.71674519777,159.871675342321,14.5908467173576,33.9654086232185,1192.89243000746,812.290055155754,18197.1719981134,1035.63826560974,0,290.602753788233,207.06548973918,6893.9199808836,21699.0521526337,249.531013131142,353.146336913109,42.1058569252491,77.9263170659542,67.326241672039,665.502202808857,789.063541084528,4362.59953448176,824.342672795057,814.734477579594,668.537528753281,1387.89502209425,151.16511541605,25.2607383728027,3888.16247341037,97.1166380643845,1092.54302233458,480.544070392847,1063.52234333754,420.971263974905,105.060157090425,30.0131570398808,98.140539765358,75.9984906315804,741.773899585009,29.6750339865685,222.058690667152,2407.14546853304,576.936389893293,2768.13949042559,1743.88704112172,65.1894591748714,342.827133744955,34.1989852190018,788.336215764284,154.007755994797,1828.34564420581,20.4173975884914,5.78836986422539,4.22571292519569,522.686895251274,943.449912071228,2017.11641994119,1001.72248241305,11692.9824754,26.633829087019,59.9873850047588,853.762655496597,14057.8974246085,476.078275382519,1119.99996992946,5.02937126159668,142.692997068167,78.2585850954056,664.461368560791,324.583947122097
1.3151208460331,2438.30631178617,2.54907953739166,14.9825624227524,5.00383198261261,25.7300597429276,100.109884023666,74.4341023564339,956.285861611366,119.401938050985,1868.5266084671,55.7909564971924,8470.12209939957,87.8003650009632,20.9117180407047,77.3695048689842,7.76561295986176,14.5205447077751,5.74176087975502,21.8302094042301,40.887442946434,995.552292257547,34.6063147783279,290.602753788233,0,517.627534091473,12215.6795061529,248.791064590216,66.3620264530182,34.7635838091373,915.800051689148,68.146959066391,1.60839432477951,1004.08439862728,10.5680749416351,276.733176797628,239.112509638071,562.018565893173,55.559232622385,578.538155585527,64.2374402880669,2113.1583995223,203.77718809247,109.848950475454,98.6196149885654,40.7974197268486,903.339288026094,159.886093407869,245.639041721821,4.42946654558182,648.589433014393,1.00442790985107,26.3110159635544,8.27808290719986,50.8211751580238,89.7881836593151,78.2766095399857,59.8735815286636,68.679909825325,929.859226882458,34.7905360758305,2869.31339463592,83.2991535365582,24.0422248840332,57.2133301496506,1.41511005163193,1.64497470855713,1.11187386512756,30.4454858899117,54.2976314425468,45.0273199081421,31.2683658897877,173.539334982634,2601.35347551107,378.265024900436,2153.12450996041,245.246214419603,56.3544466495514,38.1736178994179,997.091318905354,104.557652324438,2.16369369626045,204.826164126396,21.0593339204788
172.320099711418,503.507945179939,30891.1976395547,40.7615808546543,12.212832570076,240.544730782509,3802.41256257892,1911.38538703322,143.086228817701,1510.30252829194,4845.71585428715,524.401737391949,371.488042742014,2651.45825511217,180.323150783777,261.947003364563,15555.4084683657,8797.72177702188,13246.2601081729,99.0593903660774,1275.0313976109,98.2644900679588,7319.3291143477,207.06548973918,517.627534091473,0,39334.9606020451,1771.82334363461,2027.44427490234,1643.11857193708,720.330013006926,493.449157714844,94.6322515308857,11591.5266871154,778.497909665108,13426.6292621195,10347.9438167214,10806.4025534391,7472.30501499772,84.7873038053513,48.6762991547585,94.1804392933846,283.46728309989,512.742423474789,159.120564967394,118.892616897821,8.2369464635849,6.33418625593185,76.9502258598804,0,903.979223936796,120.459732502699,0.757121860980988,3.82682287693024,0,4.1596511900425,0.466087162494659,62.183689147234,0,713.33168309927,3.01013323664665,2559.69235831499,2.15472775697708,4.02807253599167,101.110489219427,39.9076361656189,29.2620252966881,24.7079310417175,0,3.32325467467308,106.011786907911,75.0003392100334,51.2605679631233,1215.14605093002,5119.41248834133,18531.5410434604,13.1542035937309,11.1906334459782,0.353151142597198,3617.09608578682,11.4427601695061,0,80.8687833249569,428.382431447506
135.785843372345,24014.7681098878,31469.6301033497,22.0947347581387,44.2170333564281,106.508857965469,2723.12246567011,1407.55562961102,4660.85129204392,535.396320492029,710.252224296331,192.809256285429,3362.2869181633,1850.47315692902,259.228679209948,16052.3094246984,21427.8047177792,1249.49737286568,4727.410297364,40.5516357719898,7396.07394218445,8693.83835604787,57594.1646478474,6893.9199808836,12215.6795061529,39334.9606020451,0,9947.42170071602,1375.38275110722,1657.42018297315,2212.93236279488,176.355845063925,118.909421235323,18449.5910153091,4401.3287396431,49836.7368751168,15625.207963407,20149.5973632932,25705.931897521,281.320754110813,220.360237389803,108.665499508381,3356.96882891655,1478.46192410588,1300.07643958926,1051.9815236032,72.8827140927315,45.5860678255558,117.069199681282,3.72984272241592,11450.2309539914,4180.90075984597,0,26.6851131916046,1.98404979705811,321.039818614721,56.4749954938889,175.208568841219,16.0039421319962,941.520450472832,0.549553751945496,4227.23810788989,212.190103590488,27.8362988829613,4156.66604822874,903.647891312838,96.6254726350307,241.07345059514,0,471.795115351677,3881.88033050299,4304.24381944537,755.482825487852,4709.30071091652,17292.9199377745,115337.799234152,1027.67864143848,59.4209434986115,187.778486996889,5841.84781324863,6.15362977981567,8.26634010672569,426.992421969771,1515.54453527927
24.0282138288021,456.554649919271,4447.92788156867,7235.75840505958,259.0439234972,1610.30689164996,35188.468649745,1869.13926312327,13330.6709333658,14558.2521202564,175.256114721298,1358.70968440175,1469.77717459202,1270.66486304998,2607.29334571958,4807.57296535373,1267.07606887817,137.046874940395,302.419067561626,2418.44618225098,43472.5750490725,3243.53711220622,21394.3526448011,21699.0521526337,248.791064590216,1771.82334363461,9947.42170071602,0,1711.79296013713,32662.3455079794,12.1620388627052,361.183289527893,894.814651787281,7534.46800619364,6818.60242491961,22531.2901104093,2884.05051639676,8932.81689277291,5496.2094219327,2570.25231963396,1350.36484363675,56.8111151754856,5787.01243510842,122.292257428169,1571.95228898525,705.730598479509,2060.21790379286,643.380659610033,119.129438906908,41.2675023972988,90.173864364624,180.84166353941,1253.27807468176,45.3748865425587,157.885894566774,4067.84647169709,741.548269063234,2343.10090950131,2750.43783640862,14.3144394755363,549.118989676237,1.72734799981117,1030.21038687229,293.510188728571,1940.58706650138,16.56788367033,1.02284315228462,4.7682047188282,924.04688835144,1215.44067230821,1426.88171219826,1194.69223055243,14414.114675343,6.91408687829971,89.5946664512157,1544.54271534085,18736.9667322934,584.252834826708,1742.02087154984,1.67035391926765,71.8308180570602,75.4383452236652,1091.82969456911,802.874847114086
3442.80103197694,26.9922361969948,743.702762424946,130.998252213001,4.49137157201767,535.542440444231,5595.20512163639,2367.30730511248,302.249847918749,3386.34205102921,1605.38447707891,963.397556722164,489.108010798693,17738.2080471516,48.6749320030212,70.9943141341209,4851.56470677257,873.438365131617,1197.47377991676,193.794604688883,802.383712172508,226.959471523762,2694.11604180932,249.531013131142,66.3620264530182,2027.44427490234,1375.38275110722,1711.79296013713,0,29203.0496633351,85.8829409778118,1262.48711580038,4799.04094961286,9991.44957691431,73.5380359590054,1023.68909290433,109.133414357901,1570.35942858458,369.877053946257,201.776077359915,114.895212680101,121.254143953323,243.808584779501,10.6328696012497,47.8964765965939,26.8415021300316,60.0310492515564,7.94117498397827,18.36779114604,4.07545703649521,6.74862080812454,3.69623053073883,2.18755656480789,1.91547071933746,4.28169283270836,69.1519133150578,17.3817393779755,83.408234089613,5.31269818544388,13.901776522398,10.8060033619404,18.0892447829247,53.3451443910599,10.9789143204689,148.579428255558,0.592319488525391,0,0,2.43232205510139,233.407914698124,206.004259169102,77.4193004369736,480.372801750898,2.36605125665665,18.6361069977283,83.0597821474075,885.058263033628,55.5799530148506,156.419365853071,4.95263892412186,0.485478937625885,8.6520231962204,50.1972318589687,19.7164109349251
10568.1412867904,190.245231896639,2706.02206259966,11.5789121687412,23.6171168684959,116.062647730112,26431.4646483958,4622.60615479946,636.844729363918,181.002792239189,140.406920313835,18.470254868269,219.321180999279,20826.5278988481,224.693669736385,727.68007722497,4987.35631978512,138.621717065573,790.30669438839,8.49051421880722,31264.6884977818,1011.28361704946,13290.7152931094,353.146336913109,34.7635838091373,1643.11857193708,1657.42018297315,32662.3455079794,29203.0496633351,0,16.5418300032616,107.97553306818,4069.23970830441,10187.1556127369,936.354913592339,1574.83713230491,233.996829718351,4332.10166978836,1440.81268766522,375.866869300604,280.045435547829,9.53141731023788,643.794774264097,31.7371338009834,154.785860806704,92.9329670071602,128.812122285366,28.2295312583447,6.80310672521591,13.5340472459793,13.2548694014549,40.1916938126087,2.21384707093239,3.16580051183701,3.88948291540146,98.2961474359035,77.0060968399048,145.580716580153,8.05401465296745,3.4958693087101,3.22818258404732,3.80313310027122,123.298715263605,14.5849972367287,747.844238489866,8.74626833200455,0,0.61014324426651,2.84827196598053,738.200751930475,826.16203969717,467.025613725185,1047.58559259772,0,21.6672737896442,343.568606972694,2337.50163668394,131.449681580067,294.987966835499,0,15.3349488377571,26.4268461465836,117.586918354034,168.571264147758
