0,0,1325.90300881863,3.96178704500198,0,30.1208489239216,9661.39117002487,681.522593021393,2.07955932617188,47.8327271938324,6.06187003850937,2.8215845823288,0,17207.0936537683,8.95004624128342,2.40498238801956,346.094414919615,5.54218596220016,16.7114659845829,2.68688133358955,243.258431255817,0,315.404285460711,20.0104478895664,0,142.008127629757,68.7479956150055,285.558464229107,9084.32289525867,6298.44544494152,0,12.0936208069324,15.4965881705284,99.8780960142612,33.4943616390228,175.378584086895,34.3958201706409,112.440890401602,43.1858848929405,3.50456088781357,0.918761134147644,5.58333492279053,10.9115518927574,1.61748492717743,0,1.63749140501022,2.48974007368088,0,0,0.509102284908295,0.631893277168274,0.58422464132309,0,0,0,3.58290675282478,0,0,0,0,1.1752690076828,0,0,0,3.68590915203094,0,0,0,0,0,0,5.90930923819542,14.9875870347023,0,0,18.1494044065475,27.5996435880661,0,3.64746877551079,0,0,0,4.10336980223656,6.62209910154343
0,0,53.3925266265869,0.762965381145477,2.47176760435104,0.75526350736618,4.7350118458271,0,1286.51516470313,1.23985520005226,70.3635370731354,0,808.864882469177,0,29.4456884264946,195.965792357922,35.7144173979759,0,6.82996773719788,1.44715321063995,31.4261954426765,3944.43744209409,16.7010782957077,4817.13283312321,1843.79445135593,141.037405401468,10857.5457517207,306.368063300848,0.563263356685638,5.164137840271,11.9393222332001,3.20980387926102,0,26.6938932538033,1.04271912574768,51.4712316989899,153.017064750195,36.6488150954247,26.7699654698372,22.4559046328068,0,1325.8444352746,111.194273740053,348.023388683796,45.1301036179066,70.1273900866508,4.28157621622086,0,205.542547821999,1.63323819637299,1084.48490995169,54.5053077340126,0,1.4400223493576,0,4.59273838996887,0.947169601917267,40.2699050009251,0.792563378810883,110.443353950977,0,722.458173513412,6.27533769607544,0.584863305091858,111.649287998676,39.2503190636635,0,28.5757279992104,0,7.12942123413086,116.496923804283,96.7378581762314,42.9324150681496,189.351399838924,254.36858022213,3975.81002023816,18.8744678795338,4.14008110761642,3.28072068095207,32.5549132823944,0,0,22.24990016222,2.75827300548553
1325.90300881863,53.3925266265869,0,1.92297595739365,20.8383821249008,264.756103157997,2610.58590990305,4214.26071739197,13.8725582659245,90.4680825173855,52.9159279763699,16.0788599252701,10.1876882314682,7840.91757643223,59.1324377059937,174.540819525719,33123.1380929649,115.838264018297,1295.21153154969,11.2603548467159,8464.46397852898,44.8562689721584,50891.9854086936,73.8555471301079,2.79194056987762,23821.8698161542,39046.0036661625,1234.21538081765,4245.0597166419,11797.2986640334,0.618042290210724,121.611574053764,206.412358850241,7107.09027081728,1277.59226921201,14004.593002975,8423.01396933198,8261.11314085126,5900.8772533834,58.2553228437901,46.8968557715416,41.9342472851276,1638.63994553685,403.61437484622,632.081393510103,1076.55710148811,71.0910061001778,12.773854136467,3.77252143621445,11.7962018251419,256.970487087965,4717.1870161891,0,5.26535725593567,2.12295877933502,107.052245289087,17.8235394060612,27.3428038060665,2.60092687606812,0,8.61631003022194,1.20826292037964,57.5417397916317,1.16219079494476,381.455201089382,532.190411239862,3.93882203102112,109.63438013196,0.79781299829483,205.904956281185,81.0747926235199,2345.91190207005,239.314392834902,0,460.778577119112,19043.9292867482,467.302649348974,37.9940101206303,267.059089481831,0,0,6.71877366304398,356.106682300568,530.061833739281
3.96178704500198,0.762965381145477,1.92297595739365,0,95.874182343483,322.599792927504,93.8711394667625,407.724042057991,2066.41316509247,7264.01511400938,64.0475827157497,11706.8934954405,21.539770334959,360.935252308846,568.638913810253,0.696286797523499,1.37965896725655,11.4416449666023,23.4312846660614,43169.9973205626,0,1.22735929489136,0,2967.65440890193,2.22253501415253,15.2027062177658,5.79020392894745,7741.30598720908,267.628132462502,13.6040040850639,1.34218853712082,107.574944317341,10.8486997187138,348.543471723795,318.521035939455,1494.48000824451,31.7172659635544,400.064776867628,123.749961674213,707.342144012451,89.2789429426193,46.435477823019,480.091136455536,7.57807284593582,49.9570682644844,30.0629362165928,1193.48314383626,37.3766244351864,18.8179755210876,0,8.43976959586143,0.504243433475494,2225.84076416492,28.9588875770569,114.374161958694,843.707905590534,54.4489758312702,459.66861552,936.486217975616,2.30167949199677,495.713886916637,0,74.9691017568111,113.203603684902,1.70055264234543,0,4.22759860754013,2.25176209211349,551.985317468643,0,18.4736286401749,0,2616.31237986684,0,6.19893139600754,15.7003614902496,3111.94083064795,31.6974583864212,16.1804587244987,0,8.93649888038635,7.81418052315712,74.6136254072189,39.1551335155964
0,2.47176760435104,20.8383821249008,95.874182343483,0,2235.0807479322,195.51394328475,169.227194845676,320.449119389057,326.380521088839,5.21023437380791,979.12575301528,1.03862428665161,27.7714639008045,5021.61063873768,69.7696352005005,15.7251547574997,2.47777956724167,5.75954270362854,121.725100964308,491.926643431187,11.528993666172,299.421866059303,556.180182754993,0,3.538141310215,32.3888533115387,433.117258757353,14.6730583906174,239.440017700195,0,878.869430154562,0,383.476367413998,160.458829045296,624.144993960857,44.8795295357704,29.0664274096489,33.8230972886086,13260.9696393013,1667.76896849275,19.6420229673386,35.5613701343536,4.19035911560059,4.81721603870392,10.3196071386337,92.3225971758366,5.3828404545784,2.55114018917084,0,0,0,32.8453878760338,3.63639000058174,6.54115068912506,9.92680495977402,3.77628588676453,21.3208242356777,14.4223458766937,0.539525151252747,25.1846177875996,0,4.29063686728477,5.7927782535553,3.09791937470436,0,0,0,6.95949479937553,3.10494774580002,0,0.835338592529297,112.100978523493,0,0,0,94.8586956858635,5.3382328748703,4.03711885213852,0,0,0,7.33646965026855,185.589399456978
30.1208489239216,0.75526350736618,264.756103157997,322.599792927504,2235.0807479322,0,12242.7079885304,13088.0759965181,121.289598703384,41300.8079744875,313.570133984089,6507.07418841124,76.6942109763622,1105.14301553369,2575.46581271291,0.720150113105774,69.7287469506264,93.4020715355873,138.375562608242,670.354384541512,68.0840837955475,0,88.8625186383724,210.188425242901,0.576034903526306,147.608136534691,59.1541197299957,3754.72756382823,331.704471677542,374.306709975004,8.38791462779045,1419.7055362761,2.09314459562302,449.442899107933,1548.06949189305,2552.02580580115,105.599190831184,358.265713632107,292.818247437477,5621.17327132821,1293.26509919763,244.758664280176,97.8011528253555,16.1311385929585,38.2073555886745,89.0190204381943,246.028819203377,79.7160792052746,31.9974609315395,0,0.404542952775955,0,68.6948902606964,4.49868994951248,19.1817991733551,35.6089200377464,18.8157716989517,32.6563732922077,52.4422397613525,0,124.375303775072,1.87943464517593,9.01773926615715,19.6976279616356,0,0,0,0,20.4746170639992,2.55854779481888,0,0,178.425287365913,0,0,1.36832463741302,192.780666261911,2.05106031894684,12.9029839038849,0.495688825845718,15.2406750321388,0,54.0082640051842,81.4950301349163
9661.39117002487,4.7350118458271,2610.58590990305,93.8711394667625,195.51394328475,12242.7079885304,0,32357.1615966558,160.205278724432,23330.6571862996,1033.46031636,404.473534345627,286.358386486769,35405.4786477685,633.609490096569,17.4636735618114,154.249997079372,361.607824712992,487.252372413874,164.223735868931,2544.20861268044,10.1276190876961,1562.37587589025,5061.96320971847,17.5798715054989,527.628348350525,369.031023949385,56351.164603889,12458.8480056524,20575.4864963889,29.6299946010113,812.015654295683,747.049365162849,5929.50833770633,3120.6136572957,7987.74023661017,574.510006248951,5028.38567972183,1526.11741548777,1076.74004435539,586.445789158344,546.393476992846,676.586085051298,42.702690243721,172.397275954485,188.17309948802,703.122681230307,147.545436829329,69.3997115194798,11.585744291544,0,1.78328508138657,192.325007796288,13.390552341938,37.4737423360348,968.211736708879,48.5027103126049,99.8159888386726,300.614566236734,8.64582145214081,259.366566956043,8.21610420942307,93.9411915540695,40.8953440785408,113.163972944021,1.0626255273819,0,0,87.0442306995392,20.075860530138,8.46370467543602,107.366786926985,1459.59212327003,0,0,135.639226853848,2280.83935379982,127.029966831207,262.516952127218,0,5.15618979930878,17.7220437526703,254.73975071311,350.309108704329
681.522593021393,0,4214.26071739197,407.724042057991,169.227194845676,13088.0759965181,32357.1615966558,0,50.1131236851215,22241.557333529,656.497020363808,3125.85036584735,117.664833366871,16710.7537990808,368.272709995508,7.30515491962433,892.656078785658,263.534557551146,434.485826790333,846.610035896301,1114.79740959406,0,1155.70512232184,371.463731557131,2.92376548051834,628.767155051231,307.600325882435,4954.475230515,1976.77704942226,6311.35172453523,18.9345771074295,415.525695174932,43.37153840065,795.158843815327,453.419452697039,3663.44038653374,254.268371254206,704.576149791479,445.677239060402,1990.76568436623,539.546056270599,387.725184261799,154.465745836496,32.9740335047245,47.7164675891399,128.557733923197,305.260467618704,145.988131970167,47.3249464929104,1.71874359250069,0,4.61568304896355,30.5708210766315,2.82899528741837,13.9315498173237,115.378376543522,33.7837056219578,29.0457797646523,30.7030058205128,2.93327414989471,144.110432326794,6.03584200143814,23.5103940665722,22.7332635223866,9.96010783314705,0,0,0,10.796474725008,7.7099860906601,1.44071677327156,10.7318485677242,262.008117705584,0,3.67711979150772,36.7173636555672,279.4766074121,9.89699539542198,32.4731093049049,0,11.0624999403954,1.18784463405609,74.8448020815849,61.897065103054
2.07955932617188,1286.51516470313,13.8725582659245,2066.41316509247,320.449119389057,121.289598703384,160.205278724432,50.1131236851215,0,2046.79233923554,28.9373561739922,2267.73040780425,180.834724038839,41.294919937849,1287.71203830838,62.1983353495598,10.9133588075638,1.52986323833466,1.91803586483002,771.170799046755,34.8188157975674,7310.77988341451,24.0597257614136,42032.0442029536,605.371670663357,27.1702556014061,4803.2339733243,4595.14712682366,38.1839369237423,64.3792912662029,4.64502918720245,28.3976169228554,4.83940237760544,64.9786477088928,46.7212330102921,348.552113980055,54.5882399380207,93.5375970304012,29.7117733359337,1241.84793683887,18.4555462598801,205.065187096596,814.058528989553,98.4360458850861,189.93545922637,90.6933544874191,508.542828261852,22.5694628953934,56.8163329064846,59.8679929971695,106.473722726107,27.5840497612953,544.203801333904,29.9604560732841,73.8015399575233,1370.60424953699,122.137338995934,3697.82408866286,564.535784214735,50.30833157897,316.403329968452,184.461306720972,276.098852783442,101.915174007416,696.991937160492,14.7069928348064,17.8730818629265,28.6656211912632,240.39626994729,884.870369523764,580.491778641939,236.545553267002,10625.674965471,48.2674602866173,71.4389766156673,303.165611058474,6384.75489765406,495.213846772909,1159.6870418489,18.5081971287727,19.9552802741528,88.0946825742722,277.550866186619,189.795212268829
47.8327271938324,1.23985520005226,90.4680825173855,7264.01511400938,326.380521088839,41300.8079744875,23330.6571862996,22241.557333529,2046.79233923554,0,1722.33303722739,9053.26270648837,501.744611948729,9278.51281034946,902.074825257063,1.00912082195282,93.7947197854519,563.003251254559,683.894992530346,10960.3575035334,15.2390531003475,0.629273951053619,21.2504261136055,1925.76034119725,35.0208548605442,653.96211874485,204.458872467279,17124.9803736806,3780.0437104404,170.060496240854,38.8193542361259,1534.2515231967,27.6165293157101,4581.30493023992,1926.72731676698,11160.4740815163,492.193107068539,4222.68270140886,1109.68861317635,2813.02214112878,1025.21123561263,937.101670145988,633.879241943359,28.1352984905243,137.920321375132,206.804721772671,1656.96628627181,219.403651624918,102.417667627335,0.661383211612701,3.44473165273666,0,709.826777905226,25.120926707983,101.108219265938,1140.53036811948,46.7034042179585,372.438343524933,821.981120288372,9.11867249011993,1120.51550528407,5.84759527444839,41.7342796325684,152.345251858234,1.07416713237762,0.480820506811142,3.78525650501251,1.08027994632721,266.158177345991,6.02278873324394,6.15100198984146,2.01214969158173,2969.68502059579,0,8.8507696390152,1.89643651247025,3393.35886800289,26.662689268589,35.2582442760468,0,8.04448789358139,9.508256316185,173.424567759037,118.918041467667
6.06187003850937,70.3635370731354,52.9159279763699,64.0475827157497,5.21023437380791,313.570133984089,1033.46031636,656.497020363808,28.9373561739922,1722.33303722739,0,652.24415397644,8464.97212037444,904.28295058012,33.773757815361,1.51955699920654,59.0420444905758,15741.5155696869,3222.15234845877,225.59305280447,12.6782038211823,62.27111145854,21.9972635507584,127.595308959484,770.185685217381,4558.72626420856,110.154508948326,382.726537108421,284.790731489658,68.5450922846794,492.277986705303,998.665317893028,0,9571.81304574013,87.6584463715553,637.160711586475,7744.95100384951,8126.60667467117,920.464208215475,118.0528909266,37.2268424630165,5755.5122385025,6.358528226614,1107.65991228819,3.59668523073196,1.82966035604477,19.9780691564083,3.89750218391418,410.483174711466,0,280.483324557543,0,0,0,0.849635422229767,1.35833597183228,2.08524343371391,75.3023719787598,0,765.35753518343,27.5984306335449,4053.18649873137,0,2.31581401824951,2.97681659460068,0,0,0,0,1.09384444355965,112.541734725237,2.34463107585907,64.3276923596859,557.010606229305,286.555742800236,579.980102211237,5.35856547951698,1.35625410079956,0,1129.61151775718,0,0,4.05011826753616,19.0060856938362
2.8215845823288,0,16.0788599252701,11706.8934954405,979.12575301528,6507.07418841124,404.473534345627,3125.85036584735,2267.73040780425,9053.26270648837,652.24415397644,0,247.951519608498,2187.53942880034,5812.74148023129,1.18454772233963,38.1320401728153,228.100620299578,304.637886166573,14989.8001524806,3.02360248565674,2.51347750425339,4.07932955026627,2074.21753826737,5.17093402147293,275.882285952568,111.726786643267,4214.02330240607,872.499335825443,43.3889626860619,28.414146989584,586.345040351152,0.654588580131531,1583.17203021049,2734.82595732808,3164.98089212179,192.33212608099,1299.41160786152,495.54108518362,5169.73624327779,486.316774338484,399.576544821262,267.910068690777,20.7443543076515,48.5682080984116,98.3534273505211,1043.43585005403,108.198934167624,45.9461719691753,0.575416266918182,0,0,583.785659492016,29.670847684145,196.546576410532,195.99128857255,60.4540168941021,263.741760909557,466.233546942472,9.42168390750885,1660.77599087358,4.98001539707184,65.884735763073,101.643710225821,2.41710048913956,0,8.53778472542763,0.420410603284836,226.608685284853,4.25041741132736,0.48632538318634,1.19042181968689,1419.93862554431,0,11.4516498744488,5.08892774581909,1471.880877316,11.5152505636215,7.3733289539814,0,18.4673025906086,0,105.798724263906,283.255036562681
0,808.864882469177,10.1876882314682,21.539770334959,1.03862428665161,76.6942109763622,286.358386486769,117.664833366871,180.834724038839,501.744611948729,8464.97212037444,247.951519608498,0,137.572443246841,7.15290123224258,11.7640789747238,0.588182389736176,5.1835395693779,9.63386529684067,64.1582481861115,5.05646705627441,787.318705201149,4.28577995300293,573.673970639706,5382.11639249325,117.941756486893,1942.63258653879,158.470414668322,58.0017961263657,29.5584869086742,1871.81469282508,143.901621580124,1.41117703914642,975.386572062969,21.2502979636192,118.512366652489,4174.70174789429,1718.49490705132,38.9686148762703,35.2155141234398,11.5660704374313,8580.83862662315,7.47175246477127,3177.93685206771,4.3463659286499,4.26622804999352,14.488879263401,2.36046123504639,1391.54004231095,0,1132.62874314189,0,0,0,0,0,0,262.636515647173,0.589422047138214,2186.37150490284,9.54216241836548,14094.1723668277,0,2.07007777690887,11.4844905734062,0,0,0.754617869853973,0,4.08513507246971,457.245755523443,0.373643577098846,199.860692471266,3300.29193297029,509.211579918861,1878.15030270815,6.74232012033463,0.811932325363159,0.835144698619843,2607.93169111013,0.736394345760345,0,18.7894583642483,3.04660856723785
17207.0936537683,0,7840.91757643223,360.935252308846,27.7714639008045,1105.14301553369,35405.4786477685,16710.7537990808,41.294919937849,9278.51281034946,904.28295058012,2187.53942880034,137.572443246841,0,100.331012099981,7.02640834450722,3249.97397115827,468.294163227081,1032.89360556006,684.882504075766,1455.95343375206,2.18734142184258,2078.43672132492,508.248826622963,7.81985104084015,1477.83140096068,810.795968323946,4739.61423397064,19968.2953264713,20305.3053581119,17.0780496895313,222.218910694122,108.242895752192,1596.46222284436,319.31415656209,1906.85777011514,332.838889330626,966.02404499054,387.132525980473,276.31862822175,187.872743427753,198.21714553237,108.215613752604,15.7353552281857,33.5961214005947,55.3163972198963,174.148931831121,50.2033627033234,32.686626970768,0.420198708772659,0,8.23612809181213,11.3819826543331,2.61414274573326,6.3294181227684,148.052080869675,14.0414974093437,24.1884448230267,18.4095122516155,0,90.459326595068,4.85047274827957,14.0493585467339,4.64703345298767,9.95608001947403,0,0,0.603946149349213,8.86232274770737,9.42874002456665,4.38529348373413,15.3558186888695,219.73212403059,1.17472732067108,9.02260082960129,92.2859197854996,302.883171051741,11.3978103399277,51.7813938558102,0,11.1630043983459,1.18161189556122,58.4763627648354,23.2464273273945
8.95004624128342,29.4456884264946,59.1324377059937,568.638913810253,5021.61063873768,2575.46581271291,633.609490096569,368.272709995508,1287.71203830838,902.074825257063,33.773757815361,5812.74148023129,7.15290123224258,100.331012099981,0,44.9305474758148,32.6613974571228,3.65598249435425,15.9535157084465,500.27147898078,701.147493988276,89.7198142409325,390.438791751862,3490.69813516736,7.74935179948807,19.9534266293049,122.662082195282,1734.19014012814,76.4841310083866,855.837256580591,0.954528748989105,525.993959009647,1.39642715454102,78.4634218811989,1949.40458211303,462.426103264093,53.0951448976994,72.3445565402508,45.120179861784,4709.02154695988,205.865618139505,34.251708060503,130.591846972704,9.26529669761658,18.0167846679688,45.4545401930809,310.715654075146,12.3019835650921,5.72715395689011,1.68925178050995,0,7.61041569709778,110.392746955156,7.49765193462372,19.6177444756031,67.9840516448021,12.6508063971996,75.8685671389103,120.784663200378,1.10017943382263,111.710962533951,0,13.7966795563698,27.8092100918293,16.145984172821,0,1.46306371688843,0,40.8782719373703,14.420467287302,11.3227880597115,16.1460160911083,443.360913693905,0,3.31638714671135,7.85165077447891,425.864370077848,9.73478597402573,27.6051805615425,0,4.17223358154297,2.43457818031311,9.30394688248634,1549.51070347428
2.40498238801956,195.965792357922,174.540819525719,0.696286797523499,69.7696352005005,0.720150113105774,17.4636735618114,7.30515491962433,62.1983353495598,1.00912082195282,1.51955699920654,1.18454772233963,11.7640789747238,7.02640834450722,44.9305474758148,0,163.47402715683,3.94676488637924,86.5982366502285,0,6910.74680948257,4826.17780214548,3921.14659309387,4549.76524338126,35.2869694828987,75.3517014086246,24449.9692852497,2312.54306057096,11.9227273464203,73.3613705039024,0,2.42808651924133,1.2290463745594,567.912420839071,810.165470898151,7772.98895034194,2408.39990741014,2268.70215776563,1956.11275619268,45.9918566942215,24.5686562657356,86.8226760625839,636.076945930719,280.290508925915,148.70800614357,187.879539191723,351.631155401468,4.87863916158676,21.3900352120399,17.0345758497715,173.262995660305,180.446207493544,6.06038281321526,14.989899456501,9.01591384410858,148.038657128811,48.3091591596603,67.4535456895828,25.8591614663601,3.58310329914093,15.9641598761082,11.1418508291245,82.3128637969494,11.9312567710876,14242.0630964339,50.2591001987457,0.619172751903534,13.8354312479496,3.51465544104576,3631.18246281147,1643.35379713774,8528.0147356391,1236.29461419582,0,17.6988573074341,5548.8269456923,2552.70961591601,212.520235180855,1135.01516354084,0,2.30810874700546,66.8132528364658,170.728865116835,280.167466670275
346.094414919615,35.7144173979759,33123.1380929649,1.37965896725655,15.7251547574997,69.7287469506264,154.249997079372,892.656078785658,10.9133588075638,93.7947197854519,59.0420444905758,38.1320401728153,0.588182389736176,3249.97397115827,32.6613974571228,163.47402715683,0,392.380692541599,5714.50897392631,13.831384241581,1829.51975026727,32.3366277813911,17207.1719164252,76.1041151881218,1.60438394546509,16698.867218405,19146.7187315822,188.698170721531,5647.76550427079,8032.2377551198,0,127.821211159229,687.549005568027,9762.09257334471,334.347587198019,3730.01936730742,3672.6802367866,2577.87011784315,1312.95267665386,13.7091933488846,16.1397407650948,15.0134406089783,135.818302094936,44.8082564473152,45.5639136731625,64.1024511158466,23.5157324671745,1.16621461510658,1.62172335386276,0,45.2402948141098,321.963903993368,0,1.97078984975815,0,10.3154025375843,2.96409937739372,1.29595053195953,0,0,3.35898208618164,0,1.33739238977432,0,97.3968438506126,42.604552090168,0,6.75294071435928,0,89.5210621356964,12.8093832731247,142.323153287172,50.4674786329269,0,74.409061819315,2063.34447413683,119.871523439884,2.96116572618484,37.2449486851692,0,0,1.44740390777588,29.9763888120651,83.9997652769089
5.54218596220016,0,115.838264018297,11.4416449666023,2.47777956724167,93.4020715355873,361.607824712992,263.534557551146,1.52986323833466,563.003251254559,15741.5155696869,228.100620299578,5.1835395693779,468.294163227081,3.65598249435425,3.94676488637924,392.380692541599,0,6590.32718715072,68.4087778925896,23.7157403826714,0,74.9398328661919,24.5481891036034,3.55631530284882,2053.00920504332,230.923980474472,109.250217497349,196.993389099836,90.4378972351551,0.673227667808533,499.02795791626,9.13836681842804,4210.57580626011,197.312867969275,1329.46305546165,5637.47672834992,4951.85034281015,2011.84120842814,36.4053207933903,12.0902373194695,11.814481139183,3.68545085191727,25.7072787880898,3.3642270565033,7.11615842580795,4.62878438830376,0,1.38383829593658,0,5.49077612161636,1.16858792304993,0,1.14328920841217,0,0.767027020454407,0.652183175086975,0.643822729587555,0,10.1742388010025,3.51263666152954,20.3927637934685,0,1.40276157855988,1.87447449564934,1.83689677715302,0,8.07100635766983,0,0.772643327713013,0,0.704458296298981,1.53444567322731,10.4785526990891,311.828450202942,334.478808164597,0.465881735086441,0,0,46.5136178731918,0,0,2.07057410478592,90.7688925564289
16.7114659845829,6.82996773719788,1295.21153154969,23.4312846660614,5.75954270362854,138.375562608242,487.252372413874,434.485826790333,1.91803586483002,683.894992530346,3222.15234845877,304.637886166573,9.63386529684067,1032.89360556006,15.9535157084465,86.5982366502285,5714.50897392631,6590.32718715072,0,83.6180066466331,384.200478076935,2.93654042482376,1459.46601098776,31.0440133810043,0,8357.22907519341,3239.31620153785,178.787905603647,790.018075525761,297.371803730726,1.6284886598587,926.652157753706,100.695443093777,16723.3158345819,556.210051089525,4501.43154707551,6769.22121691704,8390.06546661258,4215.52188354731,45.610880613327,12.4978210926056,19.0113759636879,38.6414334177971,23.5088686943054,9.5722521841526,12.434397816658,15.3506290316582,0,5.57181292772293,0,6.00593286752701,53.4669417142868,0,3.09244859218597,0,0.472071617841721,0.44340306520462,2.0216845870018,0,3.91553902626038,9.80813458561897,10.137913942337,0,0,12.3180473744869,6.19700771570206,0,8.62088513374329,0,17.4221071004868,2.10690474510193,19.7818321883678,3.79104992747307,8.10725158452988,359.755023658276,776.903305947781,17.0402517318726,0,7.34026622772217,27.9516041278839,0,0.415556609630585,3.00882628560066,166.63180577755
2.68688133358955,1.44715321063995,11.2603548467159,43169.9973205626,121.725100964308,670.354384541512,164.223735868931,846.610035896301,771.170799046755,10960.3575035334,225.59305280447,14989.8001524806,64.1582481861115,684.882504075766,500.27147898078,0,13.831384241581,68.4087778925896,83.6180066466331,0,3.80934992432594,0.97878110408783,3.02703845500946,787.735860228539,4.44130545854568,92.5611220300198,47.4634903967381,6856.52403143048,324.996134281158,17.5558865070343,5.26027151942253,165.171874374151,1.46332955360413,389.379908382893,188.726297825575,1437.22222849727,68.9940834641457,419.386785954237,98.7674163877964,814.658913016319,118.811834305525,130.707564204931,166.736574918032,9.69605228304863,22.3967941105366,33.4704693555832,451.613826751709,31.3517426550388,17.0882675349712,1.38645267486572,0,0.381618469953537,601.086399197578,9.30216932296753,29.4346339702606,207.595603555441,18.1774976849556,119.216448098421,365.213618189096,1.4422869682312,291.402635991573,2.63752534985542,17.0737605988979,38.1430767476559,0.478052198886871,0,0.762491106987,0,68.834415346384,0,0,1.02158516645432,801.074452608824,0,0,0,884.385384440422,6.34778121113777,7.96508902311325,0,3.33479341864586,1.30228650569916,38.478120803833,14.2033450007439
243.258431255817,31.4261954426765,8464.46397852898,0,491.926643431187,68.0840837955475,2544.20861268044,1114.79740959406,34.8188157975674,15.2390531003475,12.6782038211823,3.02360248565674,5.05646705627441,1455.95343375206,701.147493988276,6910.74680948257,1829.51975026727,23.7157403826714,384.200478076935,3.80934992432594,0,322.149190455675,58688.4589452147,475.1949480474,8.63197392225266,599.542025864124,5260.879491359,5738.68467336893,912.111303567886,48406.2401495278,0,27.3165436387062,197.368650197983,19181.1663772464,5050.87187165022,27510.9484404027,5062.57065725327,14937.0349285901,10281.6806715727,197.351399183273,117.546266168356,281.211917519569,494.028698801994,149.091965973377,104.720509886742,76.4766372740269,713.242667019367,15.4125135540962,72.336068302393,33.6832258999348,9.45017093420029,106.45359480381,14.8204537332058,32.4890388846397,14.525926887989,278.244617491961,77.4033067524433,73.4817557632923,37.5458954870701,3.78969639539719,32.4400424361229,3.29386141896248,186.971255868673,28.3140167593956,2427.80274176598,14.3780608773232,1.065265417099,4.37376576662064,11.5435698032379,3092.32205048203,343.579912126064,1411.1048091948,1723.72642207146,0.691339612007141,6.06404450535774,729.241145133972,3854.82922238111,452.317879348993,2024.37902334332,0,5.89874321222305,108.184874892235,217.118235200644,1114.84415733814
0,3944.43744209409,44.8562689721584,1.22735929489136,11.528993666172,0,10.1276190876961,0,7310.77988341451,0.629273951053619,62.27111145854,2.51347750425339,787.318705201149,2.18734142184258,89.7198142409325,4826.17780214548,32.3366277813911,0,2.93654042482376,0.97878110408783,322.149190455675,0,348.995978057384,24401.9811102152,1671.76824557781,57.1693808138371,14195.2250855565,1474.68773341179,1.26027119159698,6.84480482339859,6.03610372543335,0.591471135616302,0,23.2030429840088,6.12261235713959,81.7166498303413,126.713354617357,52.9943776726723,27.9930023550987,100.444983243942,0,901.302362024784,108.460877895355,355.272239595652,36.1327543854713,63.8201351165771,11.5412141680717,0,184.343983024359,0.551424860954285,387.469103723764,72.7627990841866,0,1.91568517684937,1.91040706634521,19.184382468462,3.42390909790993,99.9239871799946,0.327838122844696,105.363450706005,0,768.552331358194,11.7685266435146,6.32549399137497,2831.01356080174,49.4481365680695,1.09828329086304,7.16961738467216,0,735.758470714092,608.780937612057,1121.66900739074,549.529112040997,174.378125607967,63.516931861639,3503.92798641324,481.632650524378,38.4825929403305,145.516735225916,71.4661917090416,0,10.7486573755741,48.5857598185539,16.4044999480247
315.404285460711,16.7010782957077,50891.9854086936,0,299.421866059303,88.8625186383724,1562.37587589025,1155.70512232184,24.0597257614136,21.2504261136055,21.9972635507584,4.07932955026627,4.28577995300293,2078.43672132492,390.438791751862,3921.14659309387,17207.1719164252,74.9398328661919,1459.46601098776,3.02703845500946,58688.4589452147,348.995978057384,0,1696.64469602704,3.0679093003273,3958.35559782386,25687.7229042351,8346.74496275187,2117.29492115974,14506.7965765297,0,47.0570009350777,374.684740722179,15378.7484102845,5116.6802071929,46380.3476833701,15670.1884094477,25646.8286099136,19329.9140101671,304.849555969238,62.0725043416023,68.7983043789864,541.885633707047,194.210776120424,123.752568840981,157.886892199516,313.14309117198,12.7639341056347,16.8691254556179,15.7908126711845,57.6232855916023,188.171887814999,7.06885474920273,46.0809316635132,7.89368680119514,133.8574411273,21.5786134600639,31.2330012023449,23.9198634922504,0.544874310493469,13.6569533646107,4.54482388496399,37.5687473714352,11.7369322180748,9104.42241859436,37.2435527741909,0,3.88156953454018,2.70558089017868,1742.14567622542,463.311764806509,7373.26885247231,598.941919624805,0.961792588233948,12.4227737784386,7210.44341918826,1522.88070714474,94.9565065801144,528.360732287169,0,2.07004499435425,28.1586140096188,109.138068526983,1498.32632997632
20.0104478895664,4817.13283312321,73.8555471301079,2967.65440890193,556.180182754993,210.188425242901,5061.96320971847,371.463731557131,42032.0442029536,1925.76034119725,127.595308959484,2074.21753826737,573.673970639706,508.248826622963,3490.69813516736,4549.76524338126,76.1041151881218,24.5481891036034,31.0440133810043,787.735860228539,475.1949480474,24401.9811102152,1696.64469602704,0,1877.74610003829,75.1803198456764,20888.7384160757,22846.9850392938,950.544890016317,665.509599924088,12.8996542990208,132.80951243639,173.165320217609,997.506715536118,1283.27745005488,6123.70531275868,682.442024797201,1338.45357716084,773.251676917076,2764.13862010837,164.840617924929,907.987549185753,4898.02000927925,442.72028234601,1164.49258264899,495.923400789499,3207.2787783742,270.269316285849,288.867579936981,201.492461293936,260.918353199959,175.608356118202,1335.70063453913,86.0744202435017,267.681584239006,6847.01935103536,556.595321804285,3262.21303647757,1985.10591068864,121.747551649809,1304.90618160367,548.981135219336,1228.74404403567,273.745144635439,2488.83580598235,43.7146523296833,3.93062597513199,17.9536415338516,589.673303902149,2329.45672068,1056.89822790027,1248.88928800821,22381.3775094151,111.21106338501,71.8559589982033,1969.60369420052,22771.5241363049,2135.93544891477,5309.30803000927,38.2883147001266,74.3203566968441,302.81673002243,1401.91326093674,827.4243671
0,1843.79445135593,2.79194056987762,2.22253501415253,0,0.576034903526306,17.5798715054989,2.92376548051834,605.371670663357,35.0208548605442,770.185685217381,5.17093402147293,5382.11639249325,7.81985104084015,7.74935179948807,35.2869694828987,1.60438394546509,3.55631530284882,0,4.44130545854568,8.63197392225266,1671.76824557781,3.0679093003273,1877.74610003829,0,301.925570756197,12394.794344157,96.9003311395645,0,4.97736442089081,776.036981940269,5.78448748588562,0,103.431004226208,0.80720591545105,13.0431780815125,487.900806903839,120.807157099247,5.01241409778595,11.6912159919739,1.52710473537445,4261.51252913475,11.3380677700043,280.843912750483,4.4279637336731,8.0622530579567,4.5373198390007,0,655.589697182178,0,365.485324800014,4.79545724391937,0,0,0,0.709640681743622,0,43.7595324218273,1.09131717681885,131.26326751709,0,2126.66474667192,0,2.09082102775574,3.76444000005722,3.3300079703331,0,13.7979239225388,0,1.67546558380127,74.7349261641502,1.02366125583649,34.2953170835972,1459.64551362395,334.480015307665,2057.61542141438,3.5216306746006,0,1.41819477081299,219.20461255312,0,0,2.73588514328003,0.741313457489014
142.008127629757,141.037405401468,23821.8698161542,15.2027062177658,3.538141310215,147.608136534691,527.628348350525,628.767155051231,27.1702556014061,653.96211874485,4558.72626420856,275.882285952568,117.941756486893,1477.83140096068,19.9534266293049,75.3517014086246,16698.867218405,2053.00920504332,8357.22907519341,92.5611220300198,599.542025864124,57.1693808138371,3958.35559782386,75.1803198456764,301.925570756197,0,25021.2067037821,194.242503970861,1322.48343628645,759.137984067202,718.387829303741,609.020144730806,127.025050908327,8523.97224208713,1132.45672413707,14109.7303183973,43460.6244101822,13506.5753538013,8016.82376894355,42.4901468157768,26.1142116189003,59.8350871801376,1031.92534208298,2205.64306730032,514.158945351839,678.741572737694,11.986964404583,2.7199285030365,16.1296719312668,7.12462329864502,705.929471194744,1132.89413067698,0,10.9612610340118,0,10.2282280623913,0.63088983297348,72.5540000796318,1.0206187069416,1208.54483947158,7.80665808916092,5328.24563530087,6.07608741521835,0,35.9890792667866,455.624877095222,34.3059096932411,686.221365392208,0,51.125210672617,157.918285101652,276.553173035383,59.0557376742363,885.815069139004,22529.2742796242,43330.2800602019,50.9599750638008,3.77313557267189,57.1451680362225,6618.78329619765,1.61594760417938,1.95163655281067,192.065195590258,474.456931859255
68.7479956150055,10857.5457517207,39046.0036661625,5.79020392894745,32.3888533115387,59.1541197299957,369.031023949385,307.600325882435,4803.2339733243,204.458872467279,110.154508948326,111.726786643267,1942.63258653879,810.795968323946,122.662082195282,24449.9692852497,19146.7187315822,230.923980474472,3239.31620153785,47.4634903967381,5260.879491359,14195.2250855565,25687.7229042351,20888.7384160757,12394.794344157,25021.2067037821,0,8046.09049010277,695.133142471313,920.88285779953,166.090595960617,271.676472902298,63.9739224612713,14267.7733593881,3288.08750984073,41672.0602149963,20237.1986237764,22757.4516730011,16375.9411665499,155.621429234743,40.8451338410378,498.28522580862,7478.28586438298,3118.56610423326,3040.34457108378,4290.09824344516,171.717801749706,14.3588041067123,114.990501135588,68.1679044365883,9390.71460649371,12112.9869886041,4.09786850214005,30.4941033124924,4.61857503652573,364.325109422207,36.0876334309578,373.886786729097,6.78001445531845,350.992018222809,7.25598651170731,3018.06992423534,155.098495662212,1.56861817836761,9439.90332481265,2626.96405607462,38.8357830345631,1501.61287760735,3.54024291038513,1128.92216941714,2710.80557829142,13551.6708997786,1226.02463555336,2079.69255435467,26730.2140353024,190108.457620621,1686.78534787893,63.9750344157219,677.179581612349,3125.08046469092,1.88229179382324,14.5828466117382,1355.25426399708,1511.58570462465
285.558464229107,306.368063300848,1234.21538081765,7741.30598720908,433.117258757353,3754.72756382823,56351.164603889,4954.475230515,4595.14712682366,17124.9803736806,382.726537108421,4214.02330240607,158.470414668322,4739.61423397064,1734.19014012814,2312.54306057096,188.698170721531,109.250217497349,178.787905603647,6856.52403143048,5738.68467336893,1474.68773341179,8346.74496275187,22846.9850392938,96.9003311395645,194.242503970861,8046.09049010277,0,5482.24270474911,27467.0420592427,10.8158306479454,562.012081623077,1009.30610015988,7536.75178152323,6579.38429012895,23829.8934112787,1729.85066199303,8420.07559031248,4349.49181240797,1885.25803339481,698.088169664145,921.742910325527,4320.21968463063,298.603705257177,941.474543720484,414.169330656528,4302.91888976097,287.37744218111,263.51290628314,235.680695086718,55.8813516497612,123.853937596083,1390.74074742198,97.3402519822121,231.0459240973,6216.83700793982,483.943381905556,1724.07203492522,1883.35290259123,16.0424178242683,1337.1638199985,36.81047347188,1084.82505270839,332.523724496365,1124.43332695961,37.815222889185,0.389497697353363,3.59437707066536,537.181180536747,1449.02417254448,426.448574572802,692.309989273548,15862.5569071472,7.44907301664352,7.23578697443008,1209.00415149331,20272.1078716815,2251.27608519793,5790.76627504826,2.64681777358055,33.5676082074642,312.059849262238,1354.31125494838,1142.78724700212
9084.32289525867,0.563263356685638,4245.0597166419,267.628132462502,14.6730583906174,331.704471677542,12458.8480056524,1976.77704942226,38.1839369237423,3780.0437104404,284.790731489658,872.499335825443,58.0017961263657,19968.2953264713,76.4841310083866,11.9227273464203,5647.76550427079,196.993389099836,790.018075525761,324.996134281158,912.111303567886,1.26027119159698,2117.29492115974,950.544890016317,0,1322.48343628645,695.133142471313,5482.24270474911,0,17942.5470432341,9.13842844963074,2906.03812229633,3960.70781031251,2916.81968954206,254.1488455832,1043.66984635592,219.298643290997,994.85027462244,311.645055830479,124.816373109818,71.1271871030331,92.4418052732944,114.146637618542,9.58271878957748,39.3590132892132,33.9282821416855,123.767761647701,16.9851949810982,14.7964050173759,3.64678353071213,0,6.23383560776711,11.092357635498,3.229552090168,5.17156279087067,136.293326467276,6.05517959594727,29.7828669846058,25.6003090441227,2.64608824253082,48.3813543915749,3.1455380320549,11.3678464889526,3.72865733504295,2.13212871551514,0.546099126338959,0,0,4.26302191615105,4.02196210622787,1.71060252189636,9.39794048666954,245.890286803246,0,0,66.3537863492966,373.753151059151,15.8000920414925,49.5389880239964,0,0,0,34.251682728529,30.3855782151222
6298.44544494152,5.164137840271,11797.2986640334,13.6040040850639,239.440017700195,374.306709975004,20575.4864963889,6311.35172453523,64.3792912662029,170.060496240854,68.5450922846794,43.3889626860619,29.5584869086742,20305.3053581119,855.837256580591,73.3613705039024,8032.2377551198,90.4378972351551,297.371803730726,17.5558865070343,48406.2401495278,6.84480482339859,14506.7965765297,665.509599924088,4.97736442089081,759.137984067202,920.88285779953,27467.0420592427,17942.5470432341,0,2.64116895198822,122.569494754076,3281.47511306405,15430.1035520732,5502.22103127837,21937.2685051262,2194.47424918413,8174.79563310742,3829.6100423038,254.448160707951,197.739506810904,441.031215876341,873.929631263018,167.292621135712,227.315572559834,110.212730646133,735.624063611031,62.0388261079788,132.789538532495,47.4329490363598,3.85178047418594,18.7615592777729,38.5351588726044,25.584212243557,30.3767249584198,670.470275640488,106.232177257538,90.374942690134,69.2807779014111,5.02960735559464,84.5628314614296,7.69530743360519,185.816033482552,46.5167272090912,106.047195881605,5.38498970866203,0.537744998931885,1.52630367875099,18.1965764164925,215.428477615118,38.2814254760742,100.895597726107,1788.51858967543,0,3.43175733089447,146.140955746174,3303.10048368573,438.066024899483,1110.97264122963,0,7.65227293968201,76.442824691534,337.997889995575,879.864644140005
0,11.9393222332001,0.618042290210724,1.34218853712082,0,8.38791462779045,29.6299946010113,18.9345771074295,4.64502918720245,38.8193542361259,492.277986705303,28.414146989584,1871.81469282508,17.0780496895313,0.954528748989105,0,0,0.673227667808533,1.6284886598587,5.26027151942253,0,6.03610372543335,0,12.8996542990208,776.036981940269,718.387829303741,166.090595960617,10.8158306479454,9.13842844963074,2.64116895198822,0,24.9731530845165,0,97.1336451470852,5.964963555336,28.2413645386696,1901.45754861832,349.059118449688,52.0206749141216,3.82479006052017,1.06119930744171,151.839979767799,1.56758904457092,992.400692284107,4.24145632982254,1.97133535146713,0.635471284389496,0,49.3747072815895,0,351.79579898715,0,0,0,0,0,0,81.8710405826569,0,1209.92983877659,0,6363.32856917381,0,0,3.87021574378014,0,0,2.70880365371704,0,0,126.317310482264,0,31.4290198981762,1213.70053938031,1865.15868517756,5013.63104909658,0.794755518436432,0,0,4096.71951809525,0,0,1.1894199848175,0
