0,0,0.0853086302863977,6.57401577356994e-05,0,0.00310633186324559,0.566805847323694,0.0403745359222517,0.000244036097451004,0.00153213984404999,0.000327795747376907,0.000900835339349372,0,0.669640621996186,8.00815420532581e-05,0.000181221994643668,0.0645471073326113,0.00173070781059485,0.0109283688378983,0.000544494269765031,0.0286598093671893,0,0.132901486373793,0.00145764471806016,0.000102248590479791,0.0205024139519386,0.00672287204886935,0.00760542635323795,0.64731802668195,0.197248695999357,0.000157533464087355,0.00128960756686811,0.000902770931602817,0.0108195623211176,0,0.00111815729918442,0.000716164777550761,0.00339999594428543,0.00096627677298885,0.000172515046424461,0,0.000118174291091001,0.000350610555333531,7.5879102452338e-05,0.000157225050086743,0.000288043883600127,0,0,0,2.3218049731198e-05,0,0.000366838293226611,0,0,0,0,0,5.40295105267167e-05,0,0,0,0,0,0,0.00015558669882406,0.0001159455813454,0,8.47793050245706e-05,0,0.000108033755368227,3.37280606621504e-05,0.000233974836994073,0.000657706968022809,0,0.000299643812015087,0.000818152510726645,0.000349761580072636,0,0.000144090099064252,0,0,0,9.01945609863997e-05,0
0,0,0.00531091168833515,0.00075425760486939,0.00332245893727426,0.00455472291302458,0.000560341213456813,0.000273221575363988,0.167588260823744,0.000451607413273072,0.0121149241700065,0.00288237388451991,0.256252430058697,0.000597180939377519,0.0155846849801638,0.0347618413395401,0.00774309561910714,0.00081961370387923,0.002230023973793,0.00068529246711764,0.00304286861512489,0.299334627150844,0.0114468110507484,0.258101346929791,0.332492742548122,0.0321617793222227,0.934656833882157,0.00793962636576591,0.000165493860181367,0.00055118084118306,0.0123274409697246,0.00198240274500612,0,0.0135656793575812,0.00216189031446605,0.0147168718744539,0.00656773036207803,0.00571287438918226,0.00779249343361549,0.00975185253235959,0.000271497995256651,0.039643812643054,0.0101308713337203,0.00340441087629629,0.00523353024871916,0.00832407956382319,3.58876610787213e-05,0.000109520317875302,0.00180667225825532,3.31189528489441e-05,0.117698241008147,0.0052559816450628,8.13779348973958e-05,0,4.7806357728374e-05,0.000947299600889787,0.000138073072535598,0.00164191491332002,0.000169883712688583,0.00669963408405736,7.33867067124011e-05,0.0192380822573709,0.000797693961700352,0.000328143614944571,0.00215119060355748,0.00660467498438733,0.000216889218860274,0.00414864114172121,8.21316634757995e-05,0.00107024614238964,0.00658830462294952,0.00571190897427549,0.0050946272845335,0.0115881966551829,0.031352598260254,0.224388957991204,0.00154399263877128,0.000127610903920805,0.000461548104238415,0.00678139406353454,0,0,0.00557281053425218,0.00187990103010464
0.0853086302863977,0.00531091168833515,0,0.000399485007104033,0.000486094476952851,0.0210024094969717,0.457493427062224,0.386952808277995,0.00236467405375101,0.00630355112622008,0.00801525611185762,0.00389535312990405,0.00162201126365053,0.671932556376012,0.0036412027885298,0.0100974211596285,0.704230250060006,0.0214650429625349,0.177551844169171,0.00166411383687746,0.334453721921591,0.00259396812742045,2.91942439782725,0.0164753356587585,0.000790909744396432,3.88243373004522,1.98896645047176,0.0869808586015435,0.132916224952157,0.312746310572432,0.000238913497758803,0.00759571503267649,0.00364343730798665,0.208966048199039,0.0368298818600917,0.224641978948832,0.101693971624563,0.147127136593227,0.158275941597175,0.00218945990138382,0.00236472243557058,0.000546065959563178,0.0734400572123979,0.00896823257920221,0.0332184234073058,0.0511370192755009,0.00195775289130616,0.000788949523283368,0.000229281603735709,0.000623969932562748,0.0252429333259497,0.103889389395397,0,0.000487997853447747,3.04312230232269e-05,0.0141509991304139,0.00121674336391948,0.000977179495857222,8.62381328249484e-05,0.000616512897382093,0,0.00041958985346303,0.00489240692856093,0.000826289514848844,0.0113401647965983,0.060275433036878,0.000932300671931263,0.0212876634106184,0,0.00654073476870639,0.00420960117018257,0.037166876872649,0.00710148816276883,0.00248440079869895,0.139844390822243,0.462165555732095,0.00724964627410966,0.0012987296830608,0.00913463119295002,0.0007974207423634,0,0.000321053173389173,0.0396121032645176,0.0227939882661305
6.57401577356994e-05,0.00075425760486939,0.000399485007104033,0,0.00812192031983495,0.0417584392005865,0.00930948330679331,0.0169257355004901,0.377734107692459,0.334323806299299,0.00232369847564443,0.629291824628591,0.00358681056457099,0.0145955473319741,0.0570253114192903,0,0.000125882299026802,0.00196366269840801,0.000350203748605049,1.80511947298673,0.000215923996482173,0.00250788828489613,0.000150411930209917,0.145888583545825,0.000932506231193449,0.00172234145616792,0.000928227345017115,0.771355649592578,0.0125932866279481,0.000280101373630947,0.00013867744541299,0.0115543838417086,0.000388504426488582,0.0153491834119891,0.00879365212542528,0.0333360720782074,0.000288577118192527,0.0133901110931588,0.00268813431575458,0.0471439654059583,0.00359559877892941,0.00211179632475685,0.00763629261065437,0.000425653647532422,0.0101300291033099,0.0023665901096339,0.0164704648442501,0.00392212438083202,0.00174770778309116,3.26675958329558e-05,0,2.37898323711991e-05,0.206614146361721,0.00153562039635223,0.0136844463703917,0.0247911738975412,0.0293029838566709,0.0715048084829845,0.190876028338034,0.00269268476255934,0.0431121644162866,0.000616524140210027,0.0148741360099759,0.00382215680230885,0,0,0.000162880412570322,9.26010825932894e-05,0.106500492466373,6.50482308597386e-05,0,5.57143585205823e-05,0.103591140508591,0,0.000287760964838134,3.78081493523777e-05,0.260973546727823,0.0056871472381467,0,0,0.000330066176603884,0.000323910485004544,0.0165771174433835,0.00074255743883647
0,0.00332245893727426,0.000486094476952851,0.00812192031983495,0,0.0450219429569651,0.0019542140535943,0.00426698013579848,0.0174538284878669,0.00528455263916977,0.000267058546518266,0.0327120221510409,0.00131355779466108,0.000591144951948613,0.624829285880503,0.000662190928966105,0,4.08799759865463e-05,0,0.0083962677668828,0.00317831973282115,0.00434609731867909,0.0034439896271807,0.0190158382365506,0.00236405458535662,0.000501328923480588,0.0043228792604851,0.00873308558113173,3.2731648639825e-05,0.000780992055317672,0,0.0384497380847741,0,0.000336780084977075,0.14558112386539,0.0036369352425036,0.000319112543654859,0.000620944393205497,0.00231363508890935,0.41510421723047,0.00850799550421811,0.00172148939833263,0.000962002223996797,0.000517047928698903,0.000851772495103631,0.00174430218368039,0.00104217544354724,0.000154290904722923,0.00183068610302105,0,0,0.000121527344985295,0.00297488061748737,9.20264945355536e-05,0.000706700358080471,0.000418450578821916,0.000585094681431377,0.000469225741305756,0.00166593123980142,0.000808883611523705,0.00193538965405119,0.000777141985493266,0.000233108295078993,0.000305678003214991,0.000665733790738696,6.24863470805347e-05,0,0,0.00105196259818906,0.00030306561345377,0.000119549580490744,0.00056208040108046,0.00104689613858705,0,0.000188582084235012,0.000429290852583754,0.00292298095217736,0.00025318186716578,0.000142518686422759,0,0,0,0.000467015833782935,0.0601311128681712
0.00310633186324559,0.00455472291302458,0.0210024094969717,0.0417584392005865,0.0450219429569651,0,0.364516293278017,1.16964961174512,0.116758388974683,1.83961395882227,0.0260760521796289,0.841366431608624,0.0146422296354047,0.164935603729684,0.403892228087847,0.000120052734065536,0.012307119303292,0.0255034751769219,0.0120344013913864,0.119148988029122,0.0127907971561722,0.00685150572854581,0.0183286104776089,0.0596432368536348,0.00540853881643577,0.034413906703139,0.0152593955826239,0.320306173737436,0.0641292543352709,0.00793134894160014,0.00271251722739845,0.119363340767409,0.00163249919725564,0.0713817449422362,0.146259949925027,0.128580467257596,0.00332081016936436,0.0354188138635868,0.00965226060159827,0.506140377932988,0.017480485694121,0.020280961293762,0.0455966495256165,0.00145727848198814,0.0286759673229609,0.00816140984108671,0.0253680413889214,0.0154152509023116,0.0137808597766119,0,0.000561678978807584,0.000221375784229839,0.0178139332242177,0.000286331850981474,0.0140606147128882,0.0220941562646133,0.0339292693836416,0.0262050315350082,0.0240387016617874,0.0100129995665221,0.010678331856707,0.00796439928125163,0.0209198486035246,0.0035877769802037,0.000164220316893437,4.34653799987465e-05,0,5.51183468882024e-05,0.0114223865021354,7.40819594682096e-05,0.0010838698877334,0.000130505888741975,0.124602020172082,0.000458083969765458,0.000629390725310558,0.00178999722548958,0.13070260256224,0.00980271780460715,0.000909110386526558,0.000114532325715458,0.00106803708749378,0.00158787806977832,0.02817455088568,0.00876408967214887
0.566805847323694,0.000560341213456813,0.457493427062224,0.00930948330679331,0.0019542140535943,0.364516293278017,0,1.06249961383416,0.0279442755230094,1.06019893412839,0.0185638218162214,0.0371474315808457,0.026070701518093,3.04211086986531,0.0466616019695676,0.00181101708444261,0.0539564868550227,0.0249575483224949,0.0223978225061561,0.0129419633576375,0.746333925307278,0.00144647600096913,0.961660264710811,0.0659444671800507,0.000284478995278492,0.111626739474555,0.206941540843387,5.61373701742569,0.759620796477729,1.6662139636419,0.0021345218121057,0.0407035087454753,0.0424523237270853,0.270419464965343,0.132035344892954,0.224128378867951,0.0106502052526171,0.265591573868751,0.0955272960742989,0.0797890302266771,0.0343408101529971,0.00660868443832908,0.0184871089525044,0.00133546745341543,0.0139729577728374,0.0088980111051478,0.00645967143834678,0.00399805064434523,0.0022130944075496,6.51881039949238e-05,0.00043620151890859,0.00590999487019256,0.00518526138000625,6.88004665009796e-05,0.00395808816689981,0.00788755254452364,0.0110982595493213,0.00841594618339909,0.00881222180742486,0.00252820023920945,0.00140798689887487,0.000630164745564294,0.00721406370961452,0.00079615348481913,0.00395357069750547,0.00268533214561915,0,0.00027475195824219,0.00314853861775463,0.00138115817496594,0.0012786068215193,0.0157142610919017,0.0325159832283853,0.00016430399493025,0.00130342712444577,0.0309601625443472,0.0537741367185495,0.00386554588171546,0.00219479141795354,0,0.000316560819465369,0.000369648175087255,0.0113371968042715,0.012814572543604
0.0403745359222517,0.000273221575363988,0.386952808277995,0.0169257355004901,0.00426698013579848,1.16964961174512,1.06249961383416,0,0.106379361823535,0.811333294377713,0.0585843933580728,0.290916009822589,0.0224204953252778,1.40928087566406,0.0118095183832868,0.000416402224008581,0.161492849886899,0.0512600466642314,0.0604708646595858,0.111888293768206,0.138897644119258,0.000937224127162616,0.299532262249348,0.0289756105870098,0.0028346003201361,0.215874282582137,0.0547185460452234,0.200550133595631,0.180763287567562,0.113725336748937,0.0043417440423874,0.0530495489492922,0.00183553277316504,0.103356450539727,0.00736111366614046,0.223362969805868,0.0104553856351732,0.067625889692218,0.0284062294015149,0.0761962933567781,0.0171964488398709,0.0422560143630064,0.0824879028796685,0.00249309690818885,0.0563817499937314,0.0134916365893333,0.0475432467113845,0.0248059007559877,0.0185281029520078,4.58572609640658e-05,0.000687560782760668,0.00173620457811705,0.0144922564801449,0.00036312462255857,0.0243650280515267,0.0441771519681577,0.0538214228151557,0.0337124970106416,0.0273981365569984,0.0153150343249811,0.00549778629505285,0.00994325519120124,0.0338502358597566,0.00233443488336341,0.000747099835404063,0.000490914138075132,0,3.60410196834684e-05,0.00739817333173386,0.000370065190066543,0.00147986307008748,0.00213944297603433,0.254176046196184,0.00127974249735531,0.00115752241306539,0.00800308764522807,0.272974711949196,0.016238711944647,0.00110356913331272,0.000107859389981666,0.000897335809221287,0.00411315778238259,0.0609794832674626,0.0062337716048967
0.000244036097451004,0.167588260823744,0.00236467405375101,0.377734107692459,0.0174538284878669,0.116758388974683,0.0279442755230094,0.106379361823535,0,0.114012542462155,0.0151313198499695,0.266588472298889,0.140092363045602,0.0550297800280467,0.0580826865716928,0.0109586124956849,0.00183212532463278,0.00891474397691052,0.00441679050489583,0.185655322925314,0.0125108889385142,0.658065108433589,0.00682548449102765,2.27799583443886,0.216798990052458,0.0244272215984701,0.426644287151758,0.575038492058967,0.0293142031305208,0.0398749758717766,0.0119490756847127,0.0287373168792317,0.00349752794418274,0.0385573767459271,0.0360704764723572,0.0823461511745672,0.00723763280469428,0.02965811253515,0.0119329232382231,0.0985377783673965,0.00631832423386089,0.0141929571251897,0.0715955624116854,0.00480920458354233,0.0220088543331144,0.00828218630945674,0.023054529431616,0.0111625077008548,0.0012705703829485,0.000587999991924683,0.00437978511757692,0.00070265475529452,0.153571127024322,0.0013827375934149,0.0146823689155227,0.0158232692115862,0.0360092284781323,0.190720502628484,0.101449328924287,0.0154925639540522,0.044158030960218,0.00504599765517927,0.021528256149767,0.00745318715882795,0.0272931627020654,0.000954760814577255,0.0059169482588404,0.00220403964042382,0.0721551030592052,0.0258370667036523,0.0202911819129479,0.00793175664644316,0.289604435003391,0.00678704005558438,0.0105172220731728,0.0175108257601092,0.222138682756172,0.0198302269556845,0.0308584953777507,0.0012042090748372,0.00322605629573381,0.00199387004232579,0.0211746170973281,0.0291175109623259
0.00153213984404999,0.000451607413273072,0.00630355112622008,0.334323806299299,0.00528455263916977,1.83961395882227,1.06019893412839,0.811333294377713,0.114012542462155,0,0.0378543681229407,0.779330071645479,0.0391680096950765,0.454308997901807,0.0477635818845106,0.000205313760627455,0.00482747450898427,0.0366959893190871,0.0124313245961657,0.735405635108884,0.00517277764979847,0.000148134320298332,0.00750675685800291,0.0282449331423293,0.00121423213845267,0.0502917779145356,0.013910768029922,0.821367717181423,0.205076846647814,0.0031483200998321,0.00444002723202354,0.0943350091129662,0.00199802265931568,0.218090964560424,0.101984376159286,0.342182258907878,0.00584875265394343,0.164268774800972,0.0220741840070356,0.138127292723556,0.0470594407275022,0.0168027986658202,0.023151941395178,0.00144114610079394,0.0270767220580762,0.00622455389081536,0.0401146552570396,0.0121358024928844,0.00814956199710259,0,0.000112971933753437,0.000138318425992477,0.184351765095059,0.00271046316654316,0.0285778300340883,0.065638517730455,0.0694464235565237,0.0540573018304949,0.273344834191218,0.00992968756055925,0.0392808207087146,0.00277941171932536,0.031293384479506,0.0062040120699666,7.93893697561386e-05,2.6666320688188e-05,0,7.51387683684114e-05,0.0837842085294767,0.00017772791455788,0.000282262751235223,0.000222810281484255,0.143769841802261,0.000576142157606828,6.02293038852364e-05,0.000501866243489009,0.458423502733231,0.0115562968488682,0.00037000658307057,0,0.000331772340271711,0.000471417286671326,0.0420790298947266,0.00673161685541807
0.000327795747376907,0.0121149241700065,0.00801525611185762,0.00232369847564443,0.000267058546518266,0.0260760521796289,0.0185638218162214,0.0585843933580728,0.0151313198499695,0.0378543681229407,0,0.033612607490857,0.699923619641518,0.0895352578308923,0.0015580414408687,0.000695059315274235,0.0116962640776797,0.873471980331031,0.126326532850204,0.0160085615500075,0.00562478494723077,0.0056887854730459,0.0157708373928063,0.00741862421134887,0.0231101482811073,0.591046672571468,0.0410750329241355,0.0163376665050214,0.0198586991889319,0.0029113394587271,0.0711951450982586,0.14195864875931,0.000901170284223575,0.78926777689951,0.00342153508479168,0.107431912448706,0.186985233700941,0.157394650991744,0.0143627499241486,0.0189241046669786,0.00101751611997565,0.1770689128663,0.0036714931905844,0.0154101613900463,0.003652545225719,0.00114605360725187,0.0031844796388942,0.000291887703647769,0.0237310535740676,0,0.0252629404291007,0.00080433685661483,6.79913510214686e-05,0,0.000331998483175778,0.000312691704112726,0.000579548531363672,0.013997138542074,0.000183350847597242,0.121952020475061,0.000317483831519777,0.285499873827028,0.000280440099260428,0.000150733300755179,0.000748515498700211,0.000387669158845711,0.000825086722672871,0.000413279665012533,0.000116598306422568,9.97225360741409e-05,0.00777590567769164,0.000459191015953821,0.0150159480082863,0.0799455632737223,0.0216856341162772,0.0362754764429913,0.00265679488211169,0.000224541852589166,0.000169912092683673,0.0853351506915124,0.00105926810907656,0,0.00555204543092526,0.00132820025573287
0.000900835339349372,0.00288237388451991,0.00389535312990405,0.629291824628591,0.0327120221510409,0.841366431608624,0.0371474315808457,0.290916009822589,0.266588472298889,0.779330071645479,0.033612607490857,0,0.0134831911162023,0.233573726315094,0.107347204459685,0,0.0047948997923659,0.0360710534871224,0.014245264591607,1.07164765712633,0.000984704946417419,0.00617830698779407,0.00310335268733045,0.0770296420791088,0.00331469900795338,0.048606785664863,0.0156307748178745,0.110072868642586,0.0918744613023884,0.0026947076697373,0.00355653369453134,0.0728066305974786,0.000148270810429779,0.079152391063593,0.27707220869653,0.0708742965193726,0.00310659792093923,0.030934621079807,0.00650688328870523,0.196287743648997,0.0098324150660338,0.0141554901556784,0.00517962425485364,0.000513956521264484,0.00656629699037583,0.00183965505525336,0.0148596090830306,0.00266226040075008,0.0089573784391449,0,8.17657066761377e-05,0,0.0791253928171335,0.00188843896565739,0.0104049680703597,0.00846703945190363,0.0176855371270333,0.0204360648725712,0.0648880257938039,0.00777599708649499,0.053310687507962,0.00380227275882801,0.00657632951963153,0.00592117965390672,2.87623400989115e-05,0,0,0,0.0443165884758279,2.67598600010633e-05,0,0,0.0329938208425995,0.000779304516153848,0.000102192972967422,0.000190033583251807,0.0708376230832129,0.00364737818998708,0.000121562537533253,0,0.000889831964185903,0.000382658407731146,0.00602323537932222,0.0410864951353132
0,0.256252430058697,0.00162201126365053,0.00358681056457099,0.00131355779466108,0.0146422296354047,0.026070701518093,0.0224204953252778,0.140092363045602,0.0391680096950765,0.699923619641518,0.0134831911162023,0,0.0147620688551773,0.0153655419657071,0.00878478932630717,0.0011619213630811,0.00366855497673016,0.00291675644109984,0.00999696969732294,0.00526754322642162,0.143423868841516,0.01344054066351,0.0915606299068422,0.513977878067648,0.0678182640506523,0.137260227454201,0.0492840197747615,0.00301601023968538,0.00394884046700735,0.0544421343904248,0.0642338237361334,0.000522927132205331,0.152426834633358,0.0186530546880481,0.140498957493243,0.214981692010071,0.0618029042236368,0.0344397900425276,0.076719099729079,0.00445212733299248,0.225011047929983,0.0203771722169474,0.0544550712294478,0.0183314592037151,0.00636451591288995,0.0161527073385179,0.00431290562172912,0.061912395181948,5.34224274380744e-05,0.0904372217986823,0.000677410504241011,0.000579521833349803,0.00012257780255515,0.00174791309481649,0.00124786657728966,0.00373225878836374,0.0372032631639366,0.00107471984642104,0.415052954124176,0.00171135861386954,1.13887155430855,0.00158632986847767,0.00186581040062516,0.00306406378941363,0.000540413660612691,0.00388112745320029,0.000662455031753272,0.000867583249752923,0.000652448550991648,0.0406652411698285,0.00136527926728387,0.0306851510447663,0.465135033578364,0.143657098941655,0.254318732958018,0.00783066152483339,0.00145303263669322,0.0015369870727387,0.42822290498824,0.00346713637994942,0.000249422370443344,0.0120845408210348,0.00357036813605604
0.669640621996186,0.000597180939377519,0.671932556376012,0.0145955473319741,0.000591144951948613,0.164935603729684,3.04211086986531,1.40928087566406,0.0550297800280467,0.454308997901807,0.0895352578308923,0.233573726315094,0.0147620688551773,0,0.00447016875652524,0.000748504279144967,0.51464215641359,0.090142371474469,0.142423646655693,0.108440748546972,0.200188327820894,0.00101931396325636,0.732425411206241,0.0343380669579894,0.00257426653764593,0.310964657487581,0.0921575823041119,0.233354583346125,1.73053615118603,0.687457398071212,0.00541620580730248,0.185996348851355,0.0112927907038123,0.164877375241898,0.00427134332625872,0.120008094956727,0.0105890597661559,0.0615931593712846,0.0207557801261636,0.0246803212283905,0.00322847090777616,0.0157853124068294,0.0592829617357599,0.000848976145257943,0.0309720885020781,0.00774932841949585,0.029877306313704,0.0132818143616135,0.00722248184155899,3.22704853559643e-05,0.00125959972708011,0.00253471344173545,0.00288826640000854,0,0.0122644757128716,0.0115403475455117,0.0104753865541341,0.0211832850976325,0.00349745491657795,0.00684337946583072,0.00161031266535104,0.00576934993200681,0.0057948509761052,0.00229644066880541,0.000867386921288307,0.00104055375130359,0,0.000279679888178301,0.000857742377497009,0.000478196747882438,0.0010486166001531,0.00169472991492611,0.14795609349545,0.00151366910486018,0.00555596674270394,0.0142105210903199,0.120532274083819,0.00467887027698403,0.0027811713848059,0.000196882701758158,0.000322805569325727,0.00281818821805992,0.0271049738904283,0.0031915302862549
8.00815420532581e-05,0.0155846849801638,0.0036412027885298,0.0570253114192903,0.624829285880503,0.403892228087847,0.0466616019695676,0.0118095183832868,0.0580826865716928,0.0477635818845106,0.0015580414408687,0.107347204459685,0.0153655419657071,0.00447016875652524,0,0.00571578536975063,0.00136449716505747,0.00300850958300936,0.00315318685219716,0.0413247188240114,0.0212705643472133,0.0311945590614383,0.0328112265586182,0.103838954211038,0.0201517786979274,0.0133025702320272,0.0690812102031397,0.123005490763134,0.00377686740994043,0.00846058760466741,0.00116303786221549,0.0535371607298681,0.001124570041944,0.00426446636726069,0.349205124208295,0.0211825210909851,0.0193269518487581,0.00548823949658534,0.0243468690924157,0.55311368093454,0.00211478552274123,0.00486434155493454,0.0215412966834612,0.002837820821216,0.00826626920704886,0.0128755886402218,0.00826062013665606,0.00582920454759994,0.00472236064762703,0.000203955324891114,0.000519656205540007,0.00156546868488261,0.00627028201581997,0.000216980896357459,0.00196890665674777,0.00170671625472493,0.00290509063826062,0.00620258126037667,0.00491839873458127,0.00295199475375804,0.00550875364196701,0.00225885056134315,0.00281754394731855,0.00277472393399359,0.00375587996985313,0.000459301152930442,0.000308013477511972,0.00028427307211597,0.00427000894179599,0.00448417231861707,0.000936109420025823,0.00362056846717669,0.0196736810071025,0.000412443151222569,0.00359936323485182,0.00924787873254961,0.0173553222632895,0.00335081513497437,0.0047164284373816,3.48660595363766e-05,0.000363241603823554,0.000413813369290253,0.00596889293989184,0.128389306471885
0.000181221994643668,0.0347618413395401,0.0100974211596285,0,0.000662190928966105,0.000120052734065536,0.00181101708444261,0.000416402224008581,0.0109586124956849,0.000205313760627455,0.000695059315274235,0,0.00878478932630717,0.000748504279144967,0.00571578536975063,0,0.0177681067382207,0.00245964386097696,0.00986220768204362,0.000115154442965806,0.414592409189505,0.518597541844006,0.685749318588691,0.620026930119269,0.0230875101488812,0.0358016169132402,1.02272827114712,0.602334059776261,0.000282483896856719,0.0418650709283428,0.000853525445353494,0.00028369368565143,0.000366101225782943,0.0270163473865837,0.0807428052754324,0.389435878221218,0.0612930237119936,0.123337556286484,0.188845641243604,0.0106935685077938,0.00204762627639166,0.000425051951015085,0.144610336689444,0.0136786167313809,0.0662023826120572,0.0673971423735196,0.00331817940369383,0.00129938234466698,0.000140786247880993,4.03081531482517e-05,0.00717881795815636,0.0235224925297184,0,0.000830289109630231,9.48882321945904e-05,0.00560277572999805,0.00037932537258693,0.00302529701443465,0.000175239904663316,0.00116462885142583,3.85557910628915e-05,9.3383309645963e-05,0.00115400388607016,0.00322448727806432,0.645275261494195,0.0133030630969546,0.000829950195703479,0.00333032546400625,3.673752070207e-05,0.1388786222255,0.136239311986707,0.57288304629892,0.0388358943575777,0.000845908943543207,0.0196835731660336,0.315423592174111,0.0392937022010349,0.0015481203793647,0.0350052549664189,9.14529368235467e-05,8.46120145376356e-05,0.000270665048536295,0.0230337488963758,0.0380036103293601
0.0645471073326113,0.00774309561910714,0.704230250060006,0.000125882299026802,0,0.012307119303292,0.0539564868550227,0.161492849886899,0.00183212532463278,0.00482747450898427,0.0116962640776797,0.0047948997923659,0.0011619213630811,0.51464215641359,0.00136449716505747,0.0177681067382207,0,0.0295641918272147,0.323102747135356,0.00178305778776522,0.180655194520769,0.00327535767876786,0.560840845240084,0.0171969237573181,0.00172710654070205,0.349452799876149,1.24171989715966,0.0332161277377819,0.561074276934664,0.231364197295171,0.000323103827968025,0.00989642017233867,0.0427405435353426,0.506903285929194,0.0101814736710469,0.110432870835206,0.0853228332087516,0.0582289010373695,0.0356641564203809,0.00160369050429312,0.000740467798260184,0.000417232232022125,0.0432096115681651,0.00466330193496911,0.0235874124878241,0.0321573064369671,0.000814586399530614,0.000534789851673675,0.000186263937518156,0.000200671619399911,0.0170167244855376,0.0714428073039161,0,0,2.84031366125286e-05,0.00745702527071795,0.000249873479922473,0.000739898988178188,9.56621657046405e-05,0.000140538351353136,7.06645036766052e-05,0.000210175562255341,0.00195429606234409,0.000253531190334803,0.00640016817276295,0.0392277691718878,0.000402380909081,0.0173512345601962,0,0.0034324345135157,0.00288458907282906,0.0235204142123666,0.0032241692841757,0.00150114923638671,0.106510699160024,0.320117960710559,0.0026238744453608,0.000470980790329671,0.0043635431685293,0.000416596768938392,0,4.29535859065891e-05,0.0248173058877045,0.0064900828626527
0.00173070781059485,0.00081961370387923,0.0214650429625349,0.00196366269840801,4.08799759865463e-05,0.0255034751769219,0.0249575483224949,0.0512600466642314,0.00891474397691052,0.0366959893190871,0.873471980331031,0.0360710534871224,0.00366855497673016,0.090142371474469,0.00300850958300936,0.00245964386097696,0.0295641918272147,0,0.317409795519652,0.015641308852575,0.0147823310461193,0.000587043080014801,0.0402102936486273,0.00451313306268195,0.00143075063807338,0.275497915479189,0.100215540629254,0.0178434689604389,0.0250085956930112,0.00353024616236119,0.00860301889153772,0.0829317585408003,0.00177636379870422,0.53628276941033,0.0226042711069181,0.205001823578597,0.169848638554217,0.364837003271171,0.0892588375694279,0.00610621033317396,0.00123829075988576,0.00253091158659035,0.00192913535180691,0.00486349069246956,0.00228451049448516,0.00294105512039359,0.000195583598702771,0,0.000944678187669563,0,0.000903452842756642,0.00209152996588666,0,0.000167644545039618,0,0,0,0.00409578994260983,0.000176961400806499,0.00485673591512625,9.68188081241724e-05,0.00673509195133091,0,0,0.00058530729232049,0.00109408656113945,0.0008543786012369,0.000720487541222113,8.36312248415174e-05,0.000102712849032238,0.000643807424304217,0.00117768345452276,0.00120522004710451,0.00259115657838848,0.038010699641132,0.0337098150058991,5.26495877447427e-05,0,5.6588493681702e-05,0.0178408033735257,0,0,0.000474970475173903,0.00591673366130932
0.0109283688378983,0.002230023973793,0.177551844169171,0.000350203748605049,0,0.0120344013913864,0.0223978225061561,0.0604708646595858,0.00441679050489583,0.0124313245961657,0.126326532850204,0.014245264591607,0.00291675644109984,0.142423646655693,0.00315318685219716,0.00986220768204362,0.323102747135356,0.317409795519652,0,0.00487693360473294,0.0698256605732619,0.00111004225179318,0.185723863425221,0.00603341211889739,0.00351975707993116,0.860515862875042,0.391085036484055,0.0185552636672742,0.0978379834477467,0.0261277301090372,0.00238557765712404,0.0309130543738501,0.00691099193524337,0.623717979225244,0.0367121638344399,0.367267770355971,0.186247786362243,0.2109707805988,0.117132903123557,0.00392565951818519,0.00183333605491383,0.00139655841406526,0.0124206837376743,0.00482472319603701,0.00789830818395242,0.0105722754257678,0.000325800274476296,0.000443351030798185,0.000176656676586074,4.12398395712197e-05,0.00521914629440896,0.0094574008948196,0,0.000337684760262626,0,0.000470167669830725,0,0.00159142123621165,0.000280885073210576,0.000632537477332091,0,0.00179896227214035,0.00019904964999961,0.000311349559263682,0.00333328062461468,0.00642538833022886,0.000380889983254052,0.00418181946321801,0,0.000615315711810189,0.00127975917541564,0.00741467615077958,0.000555851544355863,0.00354565202287448,0.0854774056961726,0.146684993760218,0.000223520052171055,0,0.000356737528425837,0.00432242977163189,0,0,0.00753280822943118,0.0110721888086628
0.000544494269765031,0.00068529246711764,0.00166411383687746,1.80511947298673,0.0083962677668828,0.119148988029122,0.0129419633576375,0.111888293768206,0.185655322925314,0.735405635108884,0.0160085615500075,1.07164765712633,0.00999696969732294,0.108440748546972,0.0413247188240114,0.000115154442965806,0.00178305778776522,0.015641308852575,0.00487693360473294,0,0.000516170770202986,0.00191211586409704,0.000830853732742622,0.0278527565054809,0.00154800810764714,0.0201891136393178,0.00615574269560146,0.150591340158588,0.0530926350837818,0.00122642670964234,0.00158353618441354,0.0345832013743677,0.000158031982164216,0.0538826557942602,0.0112721232442556,0.0755020599598702,0.00176708497263853,0.0335065558921757,0.00577988078469501,0.0709107695226103,0.010507546257225,0.00843183349887154,0.0111301056486004,0.000201184835242233,0.0135368799483088,0.00320305602554597,0.0222087844103659,0.00492428549113545,0.00516845286140256,0.000136830945271755,0.000202388604871443,0,0.192724276692468,0.00113578264922424,0.0174207562856331,0.0303263881761079,0.0379209442866985,0.0508395499563122,0.211952125799365,0.00651652778806683,0.048855831559248,0.00106520773061787,0.0161772481130911,0.00498802594880263,0,0,7.90318165154818e-05,0,0.130745996355425,0,0.000243374765707666,0,0.0927119733852317,0.000118924704368055,0,0,0.268055357770999,0.00723524212544635,2.92726172344208e-05,0,0.00131045040100011,0.00027344304680323,0.0215176370977918,0.00150963405095268
0.0286598093671893,0.00304286861512489,0.334453721921591,0.000215923996482173,0.00317831973282115,0.0127907971561722,0.746333925307278,0.138897644119258,0.0125108889385142,0.00517277764979847,0.00562478494723077,0.000984704946417419,0.00526754322642162,0.200188327820894,0.0212705643472133,0.414592409189505,0.180655194520769,0.0147823310461193,0.0698256605732619,0.000516170770202986,0,0.0273541938878531,3.83801394589125,0.0347776756250009,0.00187385299588193,0.151840417816307,0.325378703824425,0.730822310320998,0.194727367444706,3.09789938149635,0.000476125448306411,0.00197157974593191,0.0426330833355707,1.19987662228017,0.20461201966188,0.498083290493293,0.0603273807793468,1.0071226999028,0.672107998431546,0.0398872362412253,0.00471768134201945,0.00104629383063251,0.0918044009875236,0.00784946361643945,0.0267448251707975,0.0234927602746195,0.00276017592198553,0.00188780259282281,0,0.000218629959407463,0.00193696758516329,0.00746929803605095,0,0.000842528406710477,0,0.00144344880501906,0.00098605482414868,0.0056881889853811,9.29750515475212e-05,0.00103545857319454,0,0.000199104070025977,0.00275714677324467,0.00297567841608945,0.193524006382487,0.00312538874221321,0.000141810635799775,0.000911337526423017,0,0.100292593536681,0.038395488717087,0.194459830398861,0.0337674785373492,0.000228509009463537,0.00595612143433353,0.0674142802938645,0.0293259433298225,0.00447927491187979,0.0513469679035804,0,0.000264692053948733,0.000564379574202865,0.00906459007171218,0.0517827803749435
0,0.299334627150844,0.00259396812742045,0.00250788828489613,0.00434609731867909,0.00685150572854581,0.00144647600096913,0.000937224127162616,0.658065108433589,0.000148134320298332,0.0056887854730459,0.00617830698779407,0.143423868841516,0.00101931396325636,0.0311945590614383,0.518597541844006,0.00327535767876786,0.000587043080014801,0.00111004225179318,0.00191211586409704,0.0273541938878531,0,0.0441603015819736,1.57872460633869,0.228572609201789,0.00941533030673997,0.850238121622371,0.0681137421389182,0.000474446060933339,0.0259309411412363,0.00967560249486627,0.00265947852863708,4.81888931504845e-05,0.00664834873752879,0.0082900996291178,0.0400717288917248,0.00611615997778022,0.00877575388398195,0.0120771640978128,0.0159107948238127,0.000320959600225103,0.0164146420624696,0.0390505593689012,0.0040971403810015,0.0131168802457412,0.0192409501369061,0.000983082581381282,0,0.000723308126407274,0.000120104693533212,0.0604932088121721,0.0124761276886227,0.000250800192335567,0,8.80656424461368e-05,0.00443886807826852,0.000491161423165789,0.00254662506136978,0.000279294390776682,0.00243001915535408,3.88403653598607e-05,0.00725613138014437,0.00164385985273452,0.000370883176674682,0.136420512498536,0.00834917108886611,0.000417020704371232,0.0018851648992938,4.53833696311176e-05,0.0224883987837888,0.0852881056323358,0.0738087815608862,0.025752879959554,0.00437727490976164,0.0123924595405909,0.254073243131603,0.0129945204258365,0.00052771668057451,0.00672586999738748,0.00258202565242244,0,9.45862583837094e-05,0.00754902743470755,0.00711934504228401
0.132901486373793,0.0114468110507484,2.91942439782725,0.000150411930209917,0.0034439896271807,0.0183286104776089,0.961660264710811,0.299532262249348,0.00682548449102765,0.00750675685800291,0.0157708373928063,0.00310335268733045,0.01344054066351,0.732425411206241,0.0328112265586182,0.685749318588691,0.560840845240084,0.0402102936486273,0.185723863425221,0.000830853732742622,3.83801394589125,0.0441603015819736,0,0.11845700008349,0.00506348964632311,0.607303518040284,4.29516666886872,1.09443460895943,0.487133659821757,1.17892311602117,0.0022933973914223,0.00484327795706482,0.0505276557736449,1.10765897684451,0.415413818439016,1.48343125504365,0.262803075532558,1.42906615139023,1.65672517696903,0.0471865847134361,0.014439594221475,0.00304216935946534,0.25663374567206,0.0214100987059923,0.132646637889617,0.161968334593451,0.00477782278301397,0.0026338304730329,0.00036499236855568,0.000309789486772308,0.0194325225129422,0.12618489920749,6.49356608285219e-05,0.00283840188119896,0.000384366697677121,0.037144173244709,0.0036337382553096,0.00467886666760043,0.000155976620153645,0.00253053940328662,0.000204354235828507,0.000224580218686598,0.00834467839008326,0.00450911738858324,0.458205306096615,0.0568816048415643,0.00266571687639031,0.0160862367545198,0,0.129230279788577,0.063102144367899,0.76393933900035,0.0419972388356216,0.00100156481305158,0.0691728392127194,0.821441870651539,0.0456990697564617,0.00181486841099261,0.0312071917749839,0.000269822103019398,0,0.000360373428090486,0.0752079612654613,0.172197944174182
0.00145764471806016,0.258101346929791,0.0164753356587585,0.145888583545825,0.0190158382365506,0.0596432368536348,0.0659444671800507,0.0289756105870098,2.27799583443886,0.0282449331423293,0.00741862421134887,0.0770296420791088,0.0915606299068422,0.0343380669579894,0.103838954211038,0.620026930119269,0.0171969237573181,0.00451313306268195,0.00603341211889739,0.0278527565054809,0.0347776756250009,1.57872460633869,0.11845700008349,0,0.203409174502441,0.0478491225240538,1.29879771057336,0.896723342146719,0.0926267647497404,0.07149223467898,0.00687908822334713,0.019648164818826,0.0237971411614211,0.0718804000455583,0.104323373900148,0.227868772178721,0.021889723549022,0.104870038752926,0.0682082425337474,0.0968897698476832,0.00955406039076026,0.00869941182836385,0.331067349193724,0.0105268487837318,0.173082292991721,0.0705596168932913,0.0925262669261084,0.0642286818476075,0.00642544777081049,0.0012011651606285,0.00991668478998802,0.0174654792057677,0.0639055678325457,0.000576313241543233,0.0354907269579897,0.0632758588044544,0.129738370264929,0.204682227130002,0.0814515856222673,0.0288573721500212,0.00658957865284837,0.00550089281704557,0.0851106259612804,0.0165156864749902,0.107764794841575,0.0100928502455453,0.000626205607191592,0.00246597949917853,0.0256337966729188,0.0627653852495054,0.0645496909552044,0.0825463960573479,0.678616181799702,0.00428053476546611,0.00886613552782549,0.147072474283282,0.55045072244388,0.0806890488033509,0.0730032009204154,0.000245929318587586,0.0123588913316158,0.0127296594565435,0.14063054499006,0.0811493339205845
0.000102248590479791,0.332492742548122,0.000790909744396432,0.000932506231193449,0.00236405458535662,0.00540853881643577,0.000284478995278492,0.0028346003201361,0.216798990052458,0.00121423213845267,0.0231101482811073,0.00331469900795338,0.513977878067648,0.00257426653764593,0.0201517786979274,0.0230875101488812,0.00172710654070205,0.00143075063807338,0.00351975707993116,0.00154800810764714,0.00187385299588193,0.228572609201789,0.00506348964632311,0.203409174502441,0,0.190646851799943,0.96999338375583,0.00684273321056308,0.000403679711707038,0.000628448572521427,0.0553895788659637,0.0100002846199625,0,0.0131724549871262,0.00284410663469084,0.0509681698881723,0.0352898465338443,0.0105090090054168,0.00915362853401387,0.0223892470846369,0.000865346536315545,0.0882758122409946,0.00744786102671385,0.0128248930513174,0.00779033853851496,0.00594627459792031,0.00301136550037867,0.000646673393362552,0.00462361202310944,0,0.0825849152383435,0.000988835936725499,0.000149798140353387,0.000150474715712696,3.20653026883185e-05,0.000685125072961423,0.000955993692002231,0.00481084263860706,0.000820224201707106,0.0225712561660953,0.000182069702600473,0.1228170822107,0.000738266097536303,0.000599187487965792,0.00195377464393423,0.00141355296190767,0.00233706979263169,0.00348028497088756,0.00023681542823512,0.000131707380820513,0.00851240758426589,0.0028281118099407,0.00555068860946776,0.348069125755591,0.142080606361438,0.310404000961884,0.000664637767345503,0.000419190460146118,3.33606694181264e-05,0.0513851912103279,4.04054837948978e-05,0,0.00463588423624483,0.0013845987786274
0.0205024139519386,0.0321617793222227,3.88243373004522,0.00172234145616792,0.000501328923480588,0.034413906703139,0.111626739474555,0.215874282582137,0.0244272215984701,0.0502917779145356,0.591046672571468,0.048606785664863,0.0678182640506523,0.310964657487581,0.0133025702320272,0.0358016169132402,0.349452799876149,0.275497915479189,0.860515862875042,0.0201891136393178,0.151840417816307,0.00941533030673997,0.607303518040284,0.0478491225240538,0.190646851799943,0,2.29245802383751,0.0693845281730162,0.0729844203793259,0.0511859672732226,0.0938052529846741,0.103532992541161,0.00417784265452184,0.67100348921354,0.119750960076139,1.12588986431262,1.04443246803552,0.58573431541386,0.385868399682355,0.014496957181823,0.00484180085808227,0.0218493805058708,0.115542794397589,0.184042963790238,0.0970991762155953,0.0747927504025036,0.00452348425438736,0.00159921746247572,0.0215586210202178,0.000176518286556342,0.146338091203362,0.0277918223551997,0,0.00139648832939869,0.000877896363096051,0.00365314782352439,0.00167899048897478,0.0149174158050329,0.00566294866318184,0.104587194486833,0.000425186572983742,0.239741607145597,0.0035989994635699,0.00264491066925061,0.0198773186639227,0.024561012765726,0.041966327518034,0.0728232939240782,4.53460698463083e-05,0.00379002019419527,0.0295270415292797,0.0260666085151721,0.021944292381009,0.199976474800784,2.02061989118944,2.60875615703375,0.00162763190750287,0.000892225844487389,0.00239978906343367,0.46405216384321,0.00314593682764865,0.000125742110652369,0.0541639829154083,0.0450751211713084
