0,0.766792148351669,149.909798771143,1.85772448778152,0,10.934520304203,6368.97223243117,1386.63712063432,18.0108213126659,27.6755682528019,5.47479397058487,17.6305211782455,0.397571623325348,11519.0555997789,0,0,291.067032784224,23.2651834189892,251.989949524403,0.611212193965912,154.253492027521,0,321.808143317699,78.7375205755234,2.17724967002869,170.902722448111,327.826562851667,90.1124049425125,8250.59296646714,8517.37293413281,5.40147399902344,3.53303146362305,8.48439559340477,112.461473762989,2.1225648522377,18.7461433410645,4.81253209710121,44.2275386154652,5.76218014955521,0.917463779449463,3.05936217308044,2.34432691335678,4.24794501066208,0,0.583823025226593,0,0,0,0,0,0,0,0,0,0,0,0,4.74114868044853,0,0,0,0,0,0,0,0,0,0,0.849482595920563,0,0.44275775551796,0,3.64453691244125,0,0.382287204265594,1.67578691244125,3.99234607815742,0,0,0,0,0,0,0.490601718425751
0.766792148351669,0,13.451445877552,0.798062264919281,0.443860679864883,3.32060497999191,41.8722485899925,5.37393134832382,3915.04031094909,6.02202266454697,66.7916381955147,1.43726766109467,633.965119898319,25.7711877822876,52.42888879776,90.3913329541683,24.8791063427925,48.4915084242821,88.0320727229118,2.94128113985062,32.8912911117077,4896.30216735601,14.3668713271618,6524.37535426021,5240.24138945341,246.20727699995,7207.56169182062,223.836520373821,71.9403061568737,22.0831272900105,61.6496591567993,8.79752457141876,2.4507811665535,136.446285605431,11.3799712657928,243.92210996151,265.645378708839,112.969631433487,56.407528758049,16.3484275341034,4.55487704277039,267.952613115311,120.575838595629,54.7760808467865,73.1724124550819,35.2825431227684,2.26498240232468,1.23550379276276,9.92266142368317,0,2248.72148054838,30.0465224385262,65.0098974406719,0,1.23523324728012,5.45079290866852,1.70991963148117,18.6768886744976,0,7.32650977373123,3.05136761069298,22.8344969749451,0.657416164875031,0,11.8228521049023,34.8615387380123,10.9493916034698,107.345074504614,0,1.85977578163147,70.4521507024765,4.19586411118507,51.1235168874264,20.3777785897255,914.107365369797,7318.14967411757,10.3018917441368,0,3.9777304828167,22.2258559465408,0,0,12.7656708061695,6.1571940779686
149.909798771143,13.451445877552,0,6.0562145113945,5.05799779295921,62.8369850516319,1305.14861938357,1112.26804083586,43.3493701517582,193.761059075594,15.667875289917,99.0068736076355,0.971045881509781,1850.62369985878,27.3766494393349,79.8701205849648,27877.3164582551,69.5805475413799,1146.59450283647,43.5183653533459,2118.67798858881,50.3176104724407,50096.2274414599,102.079682409763,27.749489992857,37081.4185026586,47656.2786270678,1328.71245238185,1402.92534384131,3652.06548047066,3.53690892457962,20.4277118444443,29.3279809653759,4699.45380100608,827.648977518082,13129.6893625557,2667.61680647731,5257.23909860849,2529.28479149938,148.705621540546,86.5624162256718,20.1666200757027,936.386674493551,221.023896962404,376.49913521111,335.114696621895,37.2996608614922,11.0518248081207,0,6.59103217720985,366.595999568701,2904.86210256815,0,6.52326261997223,0,57.0099925845861,2.44466483592987,26.4791159033775,0,4.10357093811035,1.05955648422241,5.92416715621948,19.6205404102802,11.2799587845802,193.759311705828,815.175503462553,5.07883706688881,194.205661952496,0,25.6652444899082,229.451746463776,372.762536138296,65.6221165060997,0,2316.6586291194,18268.7049664557,56.259451508522,24.370252519846,65.0212937295437,0,0,0.424309432506561,62.3801956474781,963.646465152502
1.85772448778152,0.798062264919281,6.0562145113945,0,54.4150713086128,514.9494985044,75.1037876307964,500.018315672874,3872.64081335068,10371.6691727042,47.1334331035614,4477.52977031469,6.17333802580833,321.73678702116,647.624601662159,1.06162893772125,2.1562924683094,38.8531149923801,8.07053855061531,17873.2535125017,2.05581107735634,0,11.5007290542126,4051.90310570598,33.4947646856308,101.768986672163,75.0873860418797,8412.5418830514,256.567414432764,5.81046512722969,6.06634789705276,60.4961583316326,1.64312303066254,234.681903392076,51.9238521456718,722.950791209936,56.6794505119324,213.404158890247,21.7422923445702,395.079684704542,213.248781740665,12.0264839828014,107.742248624563,1.44910907745361,22.4926216304302,7.93252980709076,607.037281543016,21.391349196434,1.8909404873848,0,19.2925533056259,0,1572.4958409369,11.4977965354919,138.319668263197,41.3378729224205,22.4252228140831,706.064704090357,480.431219041348,1.46047407388687,435.946194887161,11.5050041675568,13.0963351428509,192.692048877478,0,0,0,0,524.729122042656,0.641290247440338,57.5955307483673,0,1202.81741055846,0,0.851578116416931,29.566894620657,743.177049279213,13.0917119383812,1.48530280590057,0,1.27943730354309,0,10.6132167875767,14.1220249533653
0,0.443860679864883,5.05799779295921,54.4150713086128,0,1561.97170379758,16.8733243644238,85.7625216245651,419.19687590003,70.8454209268093,6.34630739688873,527.99720454216,0,28.1739139258862,3444.42005133629,24.5122673511505,6.26951217651367,2.17611235380173,1.52927923202515,69.9048961699009,147.716321229935,1.22482633590698,237.768069446087,161.644394546747,24.2182691693306,6.21700096130371,39.6904486715794,103.08156222105,44.2559297680855,55.5757218003273,0,1344.06783121824,3.2165060043335,820.182914346457,281.460835576057,170.359684705734,23.8248851299286,46.520395308733,12.9273025393486,12056.4118109941,4666.49321198463,2.3337836265564,25.8723356127739,10.3323042392731,6.73653542995453,33.0685276389122,48.0170580744743,1.87154042720795,1.38193154335022,0,0,5.3900111913681,27.7371723949909,0,15.452308177948,14.5355427265167,2.3106929063797,16.7716119885445,11.6177946329117,0.54789662361145,21.87172716856,1.13693284988403,1.02048981189728,9.91532427072525,15.0140058994293,0,1.40214657783508,2.32923740148544,15.5180850625038,4.1101650595665,7.95501399040222,17.0623780488968,33.6612492501736,0,4.56973499059677,18.0082020163536,48.3818416297436,2.07530587911606,5.84382891654968,1.07559168338776,0,0,1.83744740486145,1340.68549874425
10.934520304203,3.32060497999191,62.8369850516319,514.9494985044,1561.97170379758,0,8507.94931420684,16445.555715248,702.858270734549,27711.9540307224,74.662174731493,17789.7633956075,4.63057380914688,1248.44630381465,3541.37979188561,3.14856979250908,14.4309438765049,46.9678810238838,32.7717203497887,1032.21070840955,41.5853296220303,1.82786703109741,86.2573566138744,220.754484087229,145.153442710638,117.531351804733,157.201538741589,4225.93123942614,179.33926063776,276.740216255188,9.50974327325821,1280.60102671385,1.57423561811447,159.445884525776,7398.56224328279,1085.23442202806,84.9896177649498,157.423375368118,36.7212764620781,1812.98776334524,1258.69644747674,32.4358792603016,53.6444498300552,3.89626586437225,7.33589199185371,15.1933631300926,148.351853311062,10.2556667625904,0,0.921997040510178,0,0,79.5271910429001,3.78498166799545,29.5117715001106,22.9867285192013,8.42262995243073,33.6276544332504,50.7025045156479,1.48595535755157,78.3504567444324,9.65417811274529,2.90106824040413,32.4586476385593,4.74043661355972,0,0,0.938040494918823,32.8977662920952,1.79787576198578,2.85329043865204,0.530964314937592,84.3765812516212,0,1.87598270177841,5.71192511916161,132.758251458406,4.17072346806526,1.36548113822937,0,0,0.54707932472229,4.3675400018692,508.050713449717
6368.97223243117,41.8722485899925,1305.14861938357,75.1037876307964,16.8733243644238,8507.94931420684,0,20241.7625162899,1828.88521659374,19514.6300657094,173.703963160515,429.149777382612,21.7152346968651,44028.278686747,276.208685159683,23.4835387170315,76.4402819573879,144.673569232225,86.2469774186611,87.3873507976532,1793.08833545446,68.4107400476933,2433.00189378858,18023.0661274493,135.535965949297,342.44885879755,675.635677218437,91281.3081229925,5308.21210753918,13865.2958495319,22.7716823816299,158.226616233587,120.391635715961,1626.86885219812,458.987870454788,3286.69441357255,258.404436916113,1984.26921144128,199.649863868952,125.184186220169,458.609162956476,90.1862742602825,757.394708991051,8.76495799422264,114.575689136982,50.8969315290451,259.574339598417,44.1255891621113,1.98127096891403,2.15691950917244,3.51408603787422,3.87611132860184,78.3628544211388,2.04970252513885,49.4092727005482,357.276352792978,26.9165813624859,500.898952275515,73.855874568224,1.89161020517349,56.3618966639042,69.3023740947247,21.4560663998127,43.5281167030334,18.0395919084549,0.662044882774353,0,0.46579048037529,34.5294048786163,3.81643512845039,22.4529034793377,4.4748612344265,854.835048556328,0.65716278553009,0.746053814888,47.2016539871693,1321.0444432497,36.7644273042679,20.2542808949947,0,1.6675614118576,3.29549822211266,23.2321577966213,180.996908426285
1386.63712063432,5.37393134832382,1112.26804083586,500.018315672874,85.7625216245651,16445.555715248,20241.7625162899,0,433.316593587399,8711.66488435864,215.577473729849,5324.50635483861,20.4275895059109,20926.159194693,580.345675498247,4.89798703789711,817.111012607813,230.530167400837,708.76017716527,1174.50778990984,1071.18248611689,9.66568520665169,1925.05457395315,614.038031071424,311.996492117643,955.574116557837,1563.3579570055,2919.79586592317,2975.88174030185,14089.8616765738,22.5592375397682,243.725371271372,17.1231673359871,455.823104605079,59.5225700438023,2783.3148932457,225.756513893604,403.920779660344,103.234777033329,1118.0372261703,540.812238156796,72.6809586584568,67.5473425090313,2.6468278169632,6.14405685663223,2.18532747030258,82.7259876728058,2.57261404395103,0,0.621967315673828,3.51367402076721,0,27.2132547497749,2.24434435367584,11.1734954714775,21.8162055015564,0,61.0088271796703,9.81727942824364,0.582200288772583,33.3066284656525,11.6304631829262,0,22.9649354219437,15.968192666769,0,0.481392413377762,0.754570364952087,19.9764546453953,4.20201915502548,3.23339942097664,1.58947411179543,78.8849601149559,1.74739375710487,5.59520763158798,34.608916670084,81.3848704099655,5.18121019005775,2.68871679902077,0,0,1.56852173805237,0,22.2669167816639
18.0108213126659,3915.04031094909,43.3493701517582,3872.64081335068,419.19687590003,702.858270734549,1828.88521659374,433.316593587399,0,3393.3409883976,78.4745315015316,4106.07525902987,151.863781064749,636.628583177924,3210.75701972842,462.467657834291,46.6279820203781,65.0733690857887,40.3906453549862,2430.58600658178,416.011951178312,4623.19180926681,246.522661685944,38949.1753377616,1451.55257865787,199.988539248705,7036.89110609889,8387.33292609453,1523.83547067642,1148.2490246892,39.4854366481304,237.220952808857,147.216335982084,1023.05777922273,606.386183381081,5062.43336701393,486.352908045053,1517.44510817528,226.933847129345,4833.03747588396,541.175319582224,89.6823578476906,2016.46773669124,59.8920347690582,383.856410115957,170.997405230999,1289.1165112555,88.7962671220303,5.32936310768127,93.0075826346874,42.7093866467476,17.1593392491341,2010.86186587811,56.8159888386726,275.764882028103,950.594036132097,213.965055882931,5545.26818567514,1380.32851538062,36.1121475696564,864.359323263168,119.552317887545,274.658260658383,622.448543667793,896.348722100258,9.212377846241,35.4427819550037,30.7538020312786,656.161025702953,186.478855848312,1426.61723890901,161.206498801708,4194.64369350672,4.23201674222946,117.847399383783,336.538247257471,4449.98664435744,666.044822573662,509.597542047501,5.75342753529549,20.183345913887,42.476331949234,193.14959603548,695.253766536713
27.6755682528019,6.02202266454697,193.761059075594,10371.6691727042,70.8454209268093,27711.9540307224,19514.6300657094,8711.66488435864,3393.3409883976,0,593.388650774956,8097.33352907002,91.9313823282719,10444.4464881867,729.02011719346,43.6976670622826,27.2734133601189,513.842814207077,250.119834274054,11057.3515345156,59.0488195419312,1.6481825709343,373.709042459726,2045.04737025499,433.427074968815,1086.55870655179,1376.72059953213,9234.73973867297,4013.60034671426,213.145035639405,75.0072278678417,558.920163065195,7.79131928086281,2334.51027134061,16657.1984917223,12778.1255369484,1276.47258332372,2867.1880877018,271.752414554358,529.284253358841,2040.7605291903,301.191937953234,430.728360801935,18.2436255216599,29.792267203331,45.1618356704712,773.265337824821,33.9601323604584,5.23225462436676,0,4.38204270601273,0,1148.20728862286,14.0254620611668,175.350027948618,105.120044320822,17.8180789649487,879.711917847395,811.513949155807,6.79282769560814,600.317983001471,22.6809445023537,6.49183928966522,289.530589431524,6.46685037016869,0,0,0,447.413128077984,0.927982062101364,7.34226605296135,4.99102026224136,1154.615840137,0,0.883485734462738,3.41594007611275,1409.11621519923,17.3440665602684,1.2656831741333,0,2.60848367214203,0,17.5287127494812,827.169812321663
5.47479397058487,66.7916381955147,15.667875289917,47.1334331035614,6.34630739688873,74.662174731493,173.703963160515,215.577473729849,78.4745315015316,593.388650774956,0,471.293294519186,8905.22775116563,696.175658494234,26.2063990533352,2.09599563479424,325.992301076651,13179.7472562492,2350.87943705916,171.019407182932,64.3945352137089,59.0371187031269,69.9630199372768,41.0381120145321,2104.54568856955,13554.0839072764,1252.73725968599,113.380903631449,1465.22120285034,103.223290711641,2843.51897358894,681.525349408388,32.9951519370079,8208.99823582172,59.2616032063961,785.655448257923,1486.22127074003,1459.84741526842,435.897075206041,54.8175627887249,42.0548158586025,2449.87632456422,29.7270690202713,497.5478066504,53.1367767751217,23.4354773759842,5.46549436450005,11.1756780147552,1118.59213468432,0,447.423143625259,0,2.71052411198616,0,0,1.58619326353073,0.459708243608475,79.7089562416077,0.375564396381378,760.715092003345,0.694206953048706,6808.48459944129,7.20449778437614,0,21.8905994296074,0,52.5589248239994,12.1077966988087,0,0.47282662987709,324.679352760315,0,136.343204289675,1586.46391642094,591.59659832716,1571.37148493528,6.42380717396736,122.392919957638,0,1167.38095843792,5.10902965068817,0,285.975810915232,26.5234025418758
17.6305211782455,1.43726766109467,99.0068736076355,4477.52977031469,527.99720454216,17789.7633956075,429.149777382612,5324.50635483861,4106.07525902987,8097.33352907002,471.293294519186,0,62.3002238571644,2417.07900857925,3757.92723163962,5.25023353099823,19.342071980238,398.187683552504,175.700902104378,17364.0746524036,21.8765402138233,6.46040993928909,110.170866519213,647.525532454252,335.137345284224,889.737659245729,1123.19703155756,1251.52157998085,1291.43678376079,81.8290624022484,87.0139415562153,566.250164270401,2.94957989454269,1231.34740680456,12051.5457766354,3231.32192146778,501.097275257111,877.467768579721,115.258137613535,2225.89381581545,1145.80063593388,175.422948569059,156.573969513178,2.05345940589905,29.0099249482155,4.59602707624435,719.603090822697,13.0338470041752,1.61931997537613,0,2.09256982803345,0.728162050247192,620.971610575914,14.0930595397949,159.909321397543,43.0178062319756,24.7024396061897,169.727693498135,317.808741629124,10.0040992200375,1225.91360512376,31.7187280654907,36.6627644896507,249.510933935642,6.67837086319923,0,6.51212140917778,2.4620107114315,348.292047768831,0.822257310152054,3.47944617271423,1.40760841965675,283.841200649738,0,5.35136893391609,6.88226115703583,473.213681548834,25.2303141951561,0.448266685009003,0.394701212644577,11.7471591234207,0,8.43157437443733,2670.18140012026
0.397571623325348,633.965119898319,0.971045881509781,6.17333802580833,0,4.63057380914688,21.7152346968651,20.4275895059109,151.863781064749,91.9313823282719,8905.22775116563,62.3002238571644,0,78.3940227627754,6.21837115287781,4.21077972650528,1.13457533717155,46.3304762244225,37.7058393061161,19.3023238182068,3.60029700398445,613.746750324965,1.79153901338577,347.142784535885,11301.5609450638,726.002776622772,2218.49324700236,26.203693240881,99.3089479207993,9.72018790245056,6616.63083001971,72.230379909277,0,2646.13275420666,9.00541773438454,71.7842065691948,757.215358167887,465.888075500727,35.1772637069225,7.69530707597733,6.64518713951111,638.362148493528,78.5659516453743,446.522919863462,140.362728208303,61.3133000135422,1.0133792757988,8.65801179409027,1031.99021160603,0,614.512073963881,0,2.17067247629166,0,0.924475371837616,0.719061672687531,3.32544612884521,43.8699709177017,0,781.935185045004,1.79081973433495,7344.63771286607,10.9715781509876,0,20.3883363604546,0,73.6681580841541,34.886649698019,0,1.49550247192383,269.429149448872,0.598426759243011,113.332810342312,2091.19296222925,826.950182795525,3179.74698328972,2.19604671001434,116.344639360905,1.67354702949524,1115.72666993737,1.03623208403587,0,263.58164575696,2.94201993942261
11519.0555997789,25.7711877822876,1850.62369985878,321.73678702116,28.1739139258862,1248.44630381465,44028.278686747,20926.159194693,636.628583177924,10444.4464881867,696.175658494234,2417.07900857925,78.3940227627754,0,194.268619179726,6.70094680786133,1728.95680394769,917.511004239321,2069.68519991636,866.576353996992,1592.85221332312,27.3797338008881,2992.55204306543,1564.08945038915,239.043928205967,2634.44607663155,5543.71560953557,4546.57316999137,27421.3688433468,24825.0396667421,95.7606724798679,129.847142487764,76.0463576614857,1526.65485516191,41.6717001199722,1983.82578966022,364.209829807281,759.909837573767,119.419247418642,484.48994076252,261.089496433735,118.895901679993,108.568360239267,6.0388035774231,20.1673716306686,3.32550382614136,70.8487167358398,2.29242587089539,2.10774648189545,1.50219905376434,18.7271002829075,8.48198059201241,28.1106281876564,0,6.24665158987045,47.0003974735737,2.40727263689041,97.1975329220295,7.53920832276344,0.713742196559906,11.9693684875965,11.3941278159618,0.346280366182327,15.2942121326923,3.74681952595711,1.47012460231781,2.6323846578598,3.34203863143921,6.2960587143898,3.90859967470169,16.4006998240948,3.91853573918343,146.428396373987,9.56337434053421,35.4268306195736,180.579867005348,161.458773493767,11.0646499693394,10.5381097793579,0,0,1.25430655479431,6.27737659215927,18.2326879501343
0,52.42888879776,27.3766494393349,647.624601662159,3444.42005133629,3541.37979188561,276.208685159683,580.345675498247,3210.75701972842,729.02011719346,26.2063990533352,3757.92723163962,6.21837115287781,194.268619179726,0,52.6609647274017,7.60150527954102,19.2007835507393,10.6407182812691,730.081582576036,216.579711616039,49.0143049657345,395.579300522804,2740.4295335114,559.03328499198,64.276004999876,324.431588888168,1135.76414123178,120.391843646765,235.794929206371,5.59416684508324,788.605925619602,3.64301663637161,142.586452960968,1275.02597475052,1765.23893126845,373.607407212257,1312.78403347731,676.961678296328,10500.511308074,943.746261805296,217.155384778976,239.785819083452,143.628695309162,47.509414255619,224.630715996027,372.542806327343,10.7550014257431,0,3.75940829515457,1.04215097427368,45.7648205757141,219.771157264709,2.77054864168167,77.220694899559,91.53351354599,26.9861562252045,170.844482660294,158.728763580322,7.09828028082848,201.410852968693,18.9964390993118,17.2770687937737,79.154243350029,76.3223242461681,5.79074770212173,3.49873524904251,17.3423149585724,104.6553992033,68.250266045332,10.7951465249062,180.204405128956,239.587592363358,0,56.3192810416222,220.023972690105,415.56620696187,40.2542958557606,26.4455443918705,0.536119937896729,0,1.63600933551788,16.175253123045,3691.67137899995
0,90.3913329541683,79.8701205849648,1.06162893772125,24.5122673511505,3.14856979250908,23.4835387170315,4.89798703789711,462.467657834291,43.6976670622826,2.09599563479424,5.25023353099823,4.21077972650528,6.70094680786133,52.6609647274017,0,28.1345185041428,7.47581845521927,13.6058062016964,4.46573877334595,13107.9074930251,8104.9713383019,5366.07143527269,3111.73384135962,337.596211284399,23.0947080254555,15750.577591151,1731.64185878634,12.6992734968662,168.485602080822,0,0.823214709758759,3.33095809817314,152.326018691063,374.04890909791,6072.55089369416,757.894515275955,1338.78984358907,689.252347111702,49.6581027507782,44.0913824141026,21.1029834449291,1048.16119462252,60.9208834767342,271.939165055752,159.188331305981,909.249393314123,19.2102234959602,0.667863249778748,23.1112645864487,21.9312699139118,126.198895901442,11.3385720551014,2.60562241077423,12.3465339541435,81.8903771936893,55.4616841971874,159.479046344757,34.7603404521942,5.80385506153107,38.4269734323025,26.5567509233952,70.0885834395885,19.694063782692,14857.0307168365,23.9748200774193,1.45575249195099,5.19276255369186,22.3535744547844,592.706413537264,4494.67011019588,3082.68268746138,480.025793850422,0,8.4281470477581,4043.93715021014,684.507004022598,209.626452147961,309.759974271059,0,1.59165322780609,10.5013579726219,106.421744734049,450.934420794249
291.067032784224,24.8791063427925,27877.3164582551,2.1562924683094,6.26951217651367,14.4309438765049,76.4402819573879,817.111012607813,46.6279820203781,27.2734133601189,325.992301076651,19.342071980238,1.13457533717155,1728.95680394769,7.60150527954102,28.1345185041428,0,584.782054454088,5997.78518995643,6.62268975377083,868.673475116491,26.7853888869286,11517.7626168132,118.296271979809,9.13729304075241,20013.4850870669,35859.0314638913,348.95653116703,2151.34919059277,1483.81497266889,3.67306572198868,27.4504914879799,203.389223515987,4129.01811262965,20.0538061261177,537.670959115028,114.294089108706,532.350223779678,115.069759428501,8.925497174263,13.3743199110031,4.9867088496685,38.6231488585472,10.9051803648472,18.5324538946152,5.60293138027191,7.97605532407761,0,0,0,41.8750370144844,48.7527332007885,0,0,0,10.3382351100445,0,14.7455226778984,0,0,0,2.01815682649612,0,1.45366430282593,19.4034106731415,20.6002842187881,0,12.3975681066513,0,6.61791026592255,9.27002108097076,9.08474573493004,8.99925684928894,1.17198520898819,113.962973058224,833.483437031507,30.197249352932,8.07722640037537,6.35215637087822,0,0,1.78234827518463,4.34800910949707,20.6344166398048
23.2651834189892,48.4915084242821,69.5805475413799,38.8531149923801,2.17611235380173,46.9678810238838,144.673569232225,230.530167400837,65.0733690857887,513.842814207077,13179.7472562492,398.187683552504,46.3304762244225,917.511004239321,19.2007835507393,7.47581845521927,584.782054454088,0,2569.87883093953,122.711891829967,102.847010821104,22.1695812940598,163.137130767107,34.2481301426888,199.269969254732,9902.50408092141,4638.14384508133,101.275113731623,2369.33802327514,153.220755636692,157.937638312578,468.365558326244,32.7725685238838,6258.98946851492,230.834016054869,2553.10073694587,2643.3386194706,2344.12147453427,1419.57155814767,30.2662639915943,28.2295246422291,32.2186975479126,54.3947217464447,69.206821501255,51.8696158528328,55.0025193095207,4.92856931686401,1.06520986557007,13.8540907204151,0,78.9078026115894,0,0,1.77233326435089,0,0,0,10.449470281601,0,18.8164512813091,0.856288909912109,112.861557483673,0.758799493312836,0,5.83454442024231,0,33.3705960810184,71.8522273898125,0,0,8.71132010221481,1.14469659328461,0,111.355172306299,422.524851858616,1488.08676066995,0,0,0,77.5919516980648,1.01467752456665,0,4.82899522781372,124.047730982304
251.989949524403,88.0320727229118,1146.59450283647,8.07053855061531,1.52927923202515,32.7717203497887,86.2469774186611,708.76017716527,40.3906453549862,250.119834274054,2350.87943705916,175.700902104378,37.7058393061161,2069.68519991636,10.6407182812691,13.6058062016964,5997.78518995643,2569.87883093953,0,65.4364174902439,550.47331815958,35.5432563126087,907.481732815504,80.0582943856716,73.2098593115807,25514.2712239325,16542.0663145185,170.521369665861,3941.59977662563,842.974751532078,48.7461933493614,205.955808520317,153.459085553885,10133.6907702088,101.72548994422,1568.15823745728,1175.84416899085,1376.5829705596,539.059375882149,18.0725490450859,12.5023951232433,8.85007259249687,29.3724799156189,42.0069642066956,37.7770354747772,23.730217218399,7.82607609033585,2.45181083679199,3.67981484532356,0,131.306350469589,10.8766961097717,0.826818346977234,1.47664093971252,0,0.605152904987335,0.925655663013458,6.19385147094727,0,5.80859196186066,1.19909465312958,58.6935943365097,0,3.69403624534607,9.85526591539383,6.43299233913422,14.8190741539001,64.2220634520054,0,1.82742676138878,5.71053731441498,2.77736166119576,9.77639472484589,63.0267212986946,446.373575240374,1616.10385751724,1.75540524721146,0,0.841458916664124,44.1001907289028,0,0,0.772593975067139,82.8276790380478
0.611212193965912,2.94128113985062,43.5183653533459,17873.2535125017,69.9048961699009,1032.21070840955,87.3873507976532,1174.50778990984,2430.58600658178,11057.3515345156,171.019407182932,17364.0746524036,19.3023238182068,866.576353996992,730.081582576036,4.46573877334595,6.62268975377083,122.711891829967,65.4364174902439,0,16.1456902325153,0,69.1951224207878,1320.84679090977,141.102156221867,278.448888808489,445.098197072744,1485.63251042366,571.852899640799,31.6679708957672,24.6194932758808,150.428233712912,1.18534523248672,291.106505513191,61.5500388145447,1889.89874321222,287.26233702898,332.59749314189,54.9470775723457,480.892018169165,306.324647456408,78.728767067194,94.0069764256477,1.60056924819946,19.2955042421818,6.4633201956749,510.674492508173,6.74927794933319,0.854665338993073,0,0,0,861.95792016387,10.2901557087898,115.939414829016,33.9858649969101,30.8882600665092,242.976947277784,301.13861194253,3.2788225710392,356.712239474058,8.82640787959099,17.8776259422302,196.045875579119,1.98095333576202,0,0,0,208.442585498095,1.20302057266235,0.555351257324219,0,296.304539978504,0,0,0,475.254408359528,10.054000556469,1.53773266077042,0,5.1093407869339,0,8.85211026668549,14.1415946483612
154.253492027521,32.8912911117077,2118.67798858881,2.05581107735634,147.716321229935,41.5853296220303,1793.08833545446,1071.18248611689,416.011951178312,59.0488195419312,64.3945352137089,21.8765402138233,3.60029700398445,1592.85221332312,216.579711616039,13107.9074930251,868.673475116491,102.847010821104,550.47331815958,16.1456902325153,0,471.250034838915,57712.3144600689,821.996560513973,286.426699221134,548.520808786154,6146.11919978261,11643.0231970847,1612.82020330429,22192.214997679,2.62348711490631,14.4102855026722,673.330698162317,14526.4912801087,1126.2305547595,13259.5693183243,689.2655826509,14537.722935915,3450.7439763248,162.141690373421,104.839006394148,28.0439004004002,921.955734372139,65.6112653017044,239.55102083087,223.528499960899,664.882337331772,29.8224869370461,1.42466723918915,51.9657953977585,5.70275503396988,19.163904517889,5.310995221138,22.1536822319031,20.1544188559055,138.196311593056,69.7511945068836,223.98143312335,15.8663789331913,4.5406808257103,20.339149415493,27.6446686089039,118.715255379677,34.9209655225277,2047.02110791206,4.57149749994278,1.06595885753632,3.77735638618469,9.17564722895622,473.273249745369,937.39640879631,363.140335828066,495.339858353138,0,12.5316466093063,289.183112710714,670.890374064445,412.245409607887,481.59277126193,0,2.98415476083755,22.8927838802338,138.265985995531,1704.54592528939
0,4896.30216735601,50.3176104724407,0,1.22482633590698,1.82786703109741,68.4107400476933,9.66568520665169,4623.19180926681,1.6481825709343,59.0371187031269,6.46040993928909,613.746750324965,27.3797338008881,49.0143049657345,8104.9713383019,26.7853888869286,22.1695812940598,35.5432563126087,0,471.250034838915,0,989.835740983486,18571.8183740377,2624.96801811457,142.33424270153,15745.0498309731,770.148511558771,62.9614663422108,59.1340129971504,58.6262218356133,3.20707789063454,3.00975579023361,129.512770920992,14.3935832977295,295.149912893772,87.9719673097134,150.643919110298,43.0529002845287,8.64819115400314,3.06911498308182,158.72383749485,246.063417196274,8.49036711454391,62.8848440945148,39.0695641636848,96.7436009049416,3.72503599524498,1.69036734104156,10.2601123452187,42.9471979737282,26.0781294107437,44.1270533800125,6.32128369808197,1.57407867908478,26.2823396325111,8.69399705529213,73.9692463576794,2.81869727373123,5.37286710739136,6.13540148735046,24.8574120402336,9.37576067447662,3.3909637928009,3064.37812173367,8.66598117351532,1.40037509799004,9.73473584651947,3.00583040714264,140.444422364235,2401.54555094242,471.623077988625,260.277638375759,5.60693979263306,62.9634537100792,1394.44846874475,181.509929716587,30.2412122786045,83.884518802166,8.72998237609863,0.592302799224854,3.99923706054688,26.1599226593971,20.3717096447945
321.808143317699,14.3668713271618,50096.2274414599,11.5007290542126,237.768069446087,86.2573566138744,2433.00189378858,1925.05457395315,246.522661685944,373.709042459726,69.9630199372768,110.170866519213,1.79153901338577,2992.55204306543,395.579300522804,5366.07143527269,11517.7626168132,163.137130767107,907.481732815504,69.1951224207878,57712.3144600689,989.835740983486,0,827.813362434506,205.985376536846,3247.695684582,52469.5622211099,9440.83970871568,2593.42898742855,14009.4116801023,9.97610637545586,22.188204228878,370.012087076902,14005.4410380423,3866.35275289416,52146.9604147673,5707.15050446987,30904.6704582125,10226.6807696819,769.341138839722,325.195581912994,39.8303534090519,941.661549150944,149.065514057875,300.346322357655,607.668866157532,536.824770599604,44.7495110332966,3.2085924744606,19.4480015039444,42.8970316648483,1116.3322069943,5.80937400460243,61.3129603266716,12.2360516488552,110.926433235407,26.8923498094082,122.025268882513,11.3759306669235,1.47343403100967,24.2186874747276,26.8038420677185,33.6070774793625,63.6598052382469,9428.62999370694,88.548004925251,0,9.35601884126663,7.48001363873482,308.157397031784,2151.4847382009,2423.29111608863,358.226069480181,0.48839470744133,56.5133452415466,9638.58318200707,498.056345671415,72.1400939822197,158.059679895639,0,0.838648438453674,2.92077484726906,59.4059812426567,5174.21214789152
78.7375205755234,6524.37535426021,102.079682409763,4051.90310570598,161.644394546747,220.754484087229,18023.0661274493,614.038031071424,38949.1753377616,2045.04737025499,41.0381120145321,647.525532454252,347.142784535885,1564.08945038915,2740.4295335114,3111.73384135962,118.296271979809,34.2481301426888,80.0582943856716,1320.84679090977,821.996560513973,18571.8183740377,827.813362434506,0,2184.84092858434,188.092846989632,16293.2050769627,17050.6522291601,3591.62674945593,4232.00971165299,42.9933853149414,36.4826566278934,326.086147964001,1374.72049036622,575.697889715433,3505.53456458449,331.026212662458,1835.54129505157,310.534346282482,795.538110494614,272.020693570375,72.7568225562572,2857.14925774932,62.3242457509041,609.120195537806,235.462229371071,947.919505774975,117.636338293552,5.45424330234528,92.84797295928,61.7827016413212,19.9898359179497,733.133692145348,27.0628938674927,102.55435064435,1343.13996481895,240.588951349258,2763.02161565423,419.662862688303,8.3760644197464,302.983275562525,196.614791274071,306.72211265564,191.878417909145,981.65242561698,3.50092417001724,4.92847001552582,10.1344860494137,231.935999512672,251.179636359215,1222.86622354388,228.418499052525,3973.30078661442,4.1165845990181,20.5476143062115,413.099656432867,4683.79275840521,711.094694554806,670.331659018993,1.14286816120148,8.75882029533386,48.7931391596794,236.80423104763,486.103071957827
2.17724967002869,5240.24138945341,27.749489992857,33.4947646856308,24.2182691693306,145.153442710638,135.535965949297,311.996492117643,1451.55257865787,433.427074968815,2104.54568856955,335.137345284224,11301.5609450638,239.043928205967,559.03328499198,337.596211284399,9.13729304075241,199.269969254732,73.2098593115807,141.102156221867,286.426699221134,2624.96801811457,205.985376536846,2184.84092858434,0,1076.98131459951,3294.7831581533,523.262859225273,212.577100306749,379.397827595472,1793.54546165466,281.263344138861,23.5685089826584,1223.87637665868,61.586982190609,1573.76087605953,1481.9329598546,4078.85556834936,892.605232149363,3833.83919814229,1223.47680035233,1805.70460110903,1163.66165849566,309.834127873182,443.300350815058,133.864884823561,3240.63074475527,65.1314986944199,352.896129697561,29.7648330628872,1800.22946539521,6.61280447244644,63.3303895890713,6.75532567501068,86.9199177026749,97.6632956564426,122.923225432634,54.5175259411335,126.851959496737,263.701311647892,196.72561365366,2825.04785817862,139.885337084532,46.2015527486801,409.233198404312,23.1722325980663,133.495068073273,280.349506616592,64.5123216807842,111.86494910717,169.449548244476,101.437601834536,218.256828516722,1135.35226771235,1905.62490910292,8741.37693691254,291.063408225775,211.9020858109,189.225868076086,638.163446992636,11.1560900509357,6.22530007362366,175.06033501029,86.6931499838829
170.902722448111,246.20727699995,37081.4185026586,101.768986672163,6.21700096130371,117.531351804733,342.44885879755,955.574116557837,199.988539248705,1086.55870655179,13554.0839072764,889.737659245729,726.002776622772,2634.44607663155,64.276004999876,23.0947080254555,20013.4850870669,9902.50408092141,25514.2712239325,278.448888808489,548.520808786154,142.33424270153,3247.695684582,188.092846989632,1076.98131459951,0,36256.7259061933,397.014774397016,4637.45509397984,689.949667602777,1283.54968503118,785.864419490099,69.5475724041462,8647.14624130726,723.226509898901,9381.51102936268,7156.48111304641,5240.43524441123,3315.63613960147,128.793010473251,86.9719237089157,230.443630844355,593.768569380045,1001.26557418704,720.767133504152,369.807096421719,13.1008880734444,12.5923284590244,282.724670022726,0,1176.38972604275,154.343430399895,4.80644363164902,6.1028391122818,2.30488002300262,1.88725298643112,4.67526653409004,74.7432591021061,0,415.356279194355,5.38325905799866,3583.81120470166,10.1628029942513,6.37183892726898,17.4437004029751,161.011062562466,409.711404144764,925.016987502575,0,6.90436121821404,244.648628562689,21.5205034017563,70.5207626223564,2081.75495585799,6892.85604670644,20604.8354397118,3.66631773114204,22.2243033349514,10.6739178299904,1878.90506029129,1.09917879104614,0,120.383290737867,523.485010743141
327.826562851667,7207.56169182062,47656.2786270678,75.0873860418797,39.6904486715794,157.201538741589,675.635677218437,1563.3579570055,7036.89110609889,1376.72059953213,1252.73725968599,1123.19703155756,2218.49324700236,5543.71560953557,324.431588888168,15750.577591151,35859.0314638913,4638.14384508133,16542.0663145185,445.098197072744,6146.11919978261,15745.0498309731,52469.5622211099,16293.2050769627,3294.7831581533,36256.7259061933,0,8082.0365716815,9689.64428475499,1909.81451445818,456.207192838192,572.822758436203,226.247015118599,22136.0154531896,5652.29211461544,72559.9756602645,16688.5966744423,27903.2042423487,16506.8398661315,906.711536258459,454.457198262215,116.399028152227,4995.31739258766,1818.44551607966,2685.25003325939,2323.75947520137,225.348780661821,65.0016329288483,129.320789456367,30.6446325778961,13161.9026477933,8819.45317453146,96.6351207494736,55.2902619242668,7.77821442484856,255.177968263626,42.5228440761566,299.43606197834,2.3088903427124,280.111697912216,9.77558609843254,2623.24454200268,70.2561067938805,72.45359146595,5411.76386463642,2775.14831423759,657.483168035746,3069.10246753693,1.3028210401535,199.819269508123,6880.88054743409,3409.23448714614,722.616294115782,1879.18726751208,19996.3680946231,155213.435309023,642.562157511711,83.7825948297977,290.309951275587,1528.26808688045,1.39522778987885,5.48997896909714,394.336642503738,5576.09042662382
90.1124049425125,223.836520373821,1328.71245238185,8412.5418830514,103.08156222105,4225.93123942614,91281.3081229925,2919.79586592317,8387.33292609453,9234.73973867297,113.380903631449,1251.52157998085,26.203693240881,4546.57316999137,1135.76414123178,1731.64185878634,348.95653116703,101.275113731623,170.521369665861,1485.63251042366,11643.0231970847,770.148511558771,9440.83970871568,17050.6522291601,523.262859225273,397.014774397016,8082.0365716815,0,5328.96658249199,33204.1133351028,13.3140553832054,187.104497045279,387.862789362669,3182.78132477403,1288.00032666326,9987.92766422033,790.931601166725,5032.19521152973,941.141441553831,526.214919626713,867.448736339808,98.4753727018833,3094.90487232804,88.1554897427559,566.49151802063,232.489886850119,1612.46418464184,118.74253025651,2.08936035633087,152.319329470396,14.0044167339802,19.2506838440895,1343.76516368985,29.2403823435307,237.623702615499,1214.50681513548,272.4642547369,2108.00131958723,801.411763310432,17.949696034193,651.828844070435,176.686777234077,359.832855015993,383.850126594305,915.657040715218,12.5398926734924,0,4.72592210769653,471.795625954866,327.986677497625,528.183700412512,176.93529048562,3330.22444492579,0,4.77571302652359,265.921807736158,4709.01540964842,1026.46559768915,870.817802041769,0,4.9281377196312,56.9886899888515,274.418392002583,876.932364165783
8250.59296646714,71.9403061568737,1402.92534384131,256.567414432764,44.2559297680855,179.33926063776,5308.21210753918,2975.88174030185,1523.83547067642,4013.60034671426,1465.22120285034,1291.43678376079,99.3089479207993,27421.3688433468,120.391843646765,12.6992734968662,2151.34919059277,2369.33802327514,3941.59977662563,571.852899640799,1612.82020330429,62.9614663422108,2593.42898742855,3591.62674945593,212.577100306749,4637.45509397984,9689.64428475499,5328.96658249199,0,15382.6767524481,161.400660932064,316.835358887911,5043.25489151478,6188.81490465999,37.9438751041889,1110.97474652529,380.467856585979,1089.44029340148,104.58461818099,183.308804243803,217.496195524931,88.6164421737194,394.537823349237,10.2019973099232,66.7160666286945,17.1654282808304,165.491203308105,10.246790677309,4.22717836499214,7.10895228385925,63.4675898551941,8.91292455792427,34.7749811708927,5.53867268562317,14.767303019762,198.916685014963,9.96624228358269,284.593045949936,25.4821517467499,5.09642735123634,27.4588147103786,35.6412219405174,13.0078667104244,30.504476159811,16.4020736217499,2.58268296718597,4.35610583424568,15.577539652586,14.8976481258869,7.9189467728138,18.1101769804955,7.57761406898499,460.850286364555,19.0720030665398,108.001568496227,485.348083615303,675.52264007926,50.0757462084293,54.4210556745529,7.98467445373535,0,4.63395673036575,25.952310115099,34.4940061271191
8517.37293413281,22.0831272900105,3652.06548047066,5.81046512722969,55.5757218003273,276.740216255188,13865.2958495319,14089.8616765738,1148.2490246892,213.145035639405,103.223290711641,81.8290624022484,9.72018790245056,24825.0396667421,235.794929206371,168.485602080822,1483.81497266889,153.220755636692,842.974751532078,31.6679708957672,22192.214997679,59.1340129971504,14009.4116801023,4232.00971165299,379.397827595472,689.949667602777,1909.81451445818,33204.1133351028,15382.6767524481,0,3.42761635780334,42.4038769304752,3452.45432460308,10227.4915100634,594.771756231785,4194.24330404401,399.532841175795,6255.1681997478,955.02505967021,115.285728305578,210.414180338383,44.0825623273849,1161.87848630548,48.2062494158745,237.056572467089,128.962989240885,523.354280412197,43.5072809755802,3.50378084182739,44.2850643396378,7.07388854026794,25.414213180542,40.5963455736637,12.5348286628723,34.9383447468281,487.772904872894,76.7465197145939,447.149797677994,33.5658639967442,7.26505929231644,51.3798534572124,79.548830717802,103.775622844696,56.0854895114899,335.253503143787,9.51674038171768,0,2.45316812396049,23.6363019943237,132.988357186317,171.290500611067,88.8370261192322,792.6379301548,0,13.145404368639,158.393537253141,1380.07650882006,266.178370267153,291.456817984581,0,0.509184598922729,24.3540904223919,103.638051241636,833.241804420948
