0,1.56049335002899,26.4097724556923,16.2015177309513,1.21899402141571,68.6353799402714,5314.3465578258,989.221099466085,6.62031161785126,128.289870530367,11.1872972249985,31.3830768465996,6.29812377691269,15281.9133700132,3.25605869293213,1.69030117988586,90.5728691518307,7.24426224827766,6.64941424131393,33.0960936844349,104.081752836704,0,263.152645260096,25.9685506224632,0,20.577366322279,15.6277013421059,167.451228439808,8269.75405162573,13955.9527570605,0,7.92937716841698,32.0225109159946,118.120331346989,20.5741629600525,97.0329526662827,10.0213282108307,48.9587158858776,38.0025003254414,28.6246842443943,3.78433728218079,3.82013297080994,5.62778073549271,1.10807967185974,0.722878754138947,0.587336242198944,3.73798131942749,0,0,0,0,0,2.157425314188,0,0,12.2253240346909,0.417850464582443,2.47231167554855,0.769546806812286,0,0.502275347709656,0,3.44483974575996,1.29371166229248,7.4087005853653,0.541661262512207,0,0,0,1.64662653207779,5.54556262493134,0.724384248256683,18.8304452002048,0,0,3.29760301113129,11.5177282094955,0.47970250248909,2.81197455525398,0,0,0,4.23107773065567,0.733441948890686
1.56049335002899,0,664.667741686106,2.03899943828583,5.39044201374054,7.25993698835373,15.9356983602047,5.04979887604713,4277.17492097616,4.05679899454117,325.793720811605,11.4305863976479,1240.96782833338,9.54298114776611,73.9630383551121,1515.60268905759,832.949584811926,16.7661457061768,137.44080632925,4.6522735953331,96.9746530354023,8263.18257406354,559.031338363886,3245.19801041484,5129.33203396201,2348.67966592312,54352.3761096001,521.542714238167,27.6203376352787,60.4119526147842,28.5301883816719,12.844102025032,7.7916961312294,189.172424465418,128.061692029238,1072.87668159604,540.297520846128,217.875351250172,392.28829318285,100.864157915115,2.91619831323624,187.656181633472,720.921197742224,307.381815940142,71.3348244130611,339.392601162195,18.0159754753113,1.13277173042297,21.0136054754257,6.14317625761032,4681.81953051686,510.277140647173,0,2.24168062210083,0,15.3847526907921,2.94428384304047,38.5810951888561,0.446853578090668,274.824304223061,0,796.696243613958,9.0550429224968,7.60082721710205,104.30121871829,913.017704814672,0,189.907617986202,0.485492199659348,75.5754386782646,97.7521366775036,267.569862663746,43.4225378036499,728.735642433167,1173.03554543853,12306.352163434,39.9776201844215,2.87859714031219,78.0989494919777,562.247257500887,0,0,39.6638872921467,57.5793453454971
26.4097724556923,664.667741686106,0,4.43232667446136,3.71605408191681,19.4640791118145,634.39060947299,75.6061733663082,12.9181192517281,13.3169445991516,13.2107277214527,10.8165784478188,41.218379586935,212.352106153965,80.6272127628326,226.92176014185,19058.3722806573,53.8363990485668,349.829322785139,5.04093551635742,2277.39387339354,302.876050382853,45069.9541308284,221.505916029215,0,64338.3284247518,36864.1831725836,711.475280582905,155.323620349169,1572.67164802551,0.812257349491119,7.56667286157608,36.6825198531151,440.537389874458,609.254905849695,4042.19641032815,996.544813871384,965.853556990623,1962.745049119,58.865904301405,31.2425402402878,2.15159809589386,974.70207118988,289.001317024231,132.428883314133,522.818556338549,63.7666035890579,6.14245283603668,0.442476123571396,2.81417632102966,409.377016723156,805.488325327635,0.952115118503571,5.31344389915466,4.42141380906105,85.4923565983772,9.99998843669891,12.2878039777279,2.31573730707169,1.23793303966522,3.73499831557274,1.82240653038025,30.4929798543453,11.2914787530899,220.8641898036,901.775287151337,2.36102631688118,134.101876333356,0,177.326806008816,177.53713363409,898.173274546862,191.677202016115,1.3645087480545,256.387402102351,5177.38556063175,152.685395002365,11.7660221755505,148.533184349537,0.588774561882019,2.06892597675323,5.72376668453217,61.6802044808865,269.02443087101
16.2015177309513,2.03899943828583,4.43232667446136,0,52.9788227379322,839.023111045361,848.187941908836,676.157457858324,4028.77231135964,13304.4010844529,51.9629998207092,706.757434040308,275.15768301487,582.881319344044,413.206713706255,0.557026088237762,9.10232818126678,38.4577569961548,6.00664994120598,17347.3871408105,4.54808950424194,1.38294571638107,11.0181291699409,7489.30372698605,2.26288402080536,14.0857758820057,8.82850632071495,8497.6782849133,443.899076163769,76.4762028753757,0.387609928846359,52.180217474699,46.023107022047,507.518737256527,278.432156860828,1644.67403507233,43.2781628370285,405.507381021976,239.656936734915,563.970130115747,133.566636413336,11.3354035913944,179.234636962414,2.06044310331345,35.5163892507553,110.027627885342,742.331232219934,22.9779932200909,7.31243723630905,8.96117347478867,2.04945760965347,0.354972392320633,2571.29030951858,3.7149001955986,238.455627322197,1174.69587013125,253.241525799036,1206.25384733081,1711.67266792059,2.47022268176079,1022.00386670232,0,281.105613619089,208.031103670597,1.02445939183235,0,2.15934097766876,0.419363498687744,1622.09339123964,0,2.89437493681908,0,3726.6189878583,0,3.34318715333939,2.50545758008957,2603.00924408436,17.6291387081146,8.23251238465309,0,14.3553163409233,6.38442188501358,179.953191012144,31.1158491671085
1.21899402141571,5.39044201374054,3.71605408191681,52.9788227379322,0,2074.3945286274,172.88361030817,245.859743386507,518.886949032545,169.131174147129,18.0789885520935,618.505134344101,159.649086505175,43.3874287903309,6949.69322037697,2.28482985496521,1.1211644411087,14.4751803874969,2.81943920254707,91.1509358882904,8.24352049827576,11.2542068958282,5.06552562117577,243.070390939713,0.768117845058441,14.9725539386272,11.5358564853668,115.229315429926,19.2234178483486,46.332655787468,0,147.512984633446,2.49950575828552,2836.13547882438,30.9492188096046,754.296138823032,84.020572245121,45.8959198892117,82.6159816682339,15285.5208449066,9423.23887702823,9.09307777881622,19.0877342224121,0,11.7131984233856,18.8275992274284,128.900292307138,4.20917224884033,2.94334137439728,0,0,0,47.0461599826813,1.76932442188263,16.7837795615196,32.2124611139297,5.00768846273422,23.4772320389748,42.3128480911255,0.522881746292114,101.42585965991,0,3.15799847245216,29.3941837847233,4.39624190330505,1.07856774330139,0,0,51.3096014559269,2.92609590291977,1.72273027896881,1.18228435516357,93.8984794318676,0,1.60932475328445,1.04312890768051,29.5666670203209,1.99086475372314,3.27518066763878,1.98378300666809,0,0,13.6286563575268,0.578391671180725
68.6353799402714,7.25993698835373,19.4640791118145,839.023111045361,2074.3945286274,0,9640.3658657074,17356.7762923837,1173.00603163242,18704.5171368122,327.808014422655,17364.0155959129,816.827763050795,2001.58960667253,3180.9058432579,6.39120709896088,41.4736551344395,194.790443450212,47.7830811738968,1982.37356394529,40.1553830802441,7.32460922002792,79.5902296602726,798.358554571867,4.75429183244705,145.731427490711,54.9883763790131,4988.63733398914,485.993726968765,626.56970641017,4.67678794264793,171.076387614012,14.8697410523891,587.225592374802,6593.28172072768,3016.3627140224,383.910352826118,404.973081499338,675.347638428211,10378.213837862,2419.12285104394,65.3754942119122,185.783253788948,5.84116819500923,80.6001950502396,194.928812175989,986.294882029295,29.5899046063423,31.5056160390377,7.7973039150238,3.38877367973328,0,573.955479174852,9.89071133732796,183.914388090372,576.994972109795,81.9965132474899,257.180970847607,407.34837153554,19.7706773579121,725.433150857687,11.8170873224735,127.367926895618,271.212637335062,27.1691275835037,0.551743686199188,0.415798515081406,0,460.059485256672,11.3702183365822,11.6547810435295,10.8722901344299,1229.32230198383,0,3.05871444940567,5.80663746595383,676.931900799274,13.2216183543205,33.7115422487259,11.0968868434429,6.06407231092453,7.19527101516724,175.558973699808,320.00246065855
5314.3465578258,15.9356983602047,634.39060947299,848.187941908836,172.88361030817,9640.3658657074,0,36601.7093305588,549.675291538239,35732.5088902712,431.026441901922,1093.35463607311,1190.10411843657,48961.9929764867,632.074317008257,69.6313725113869,298.967085570097,316.577421635389,66.3375742435455,473.137669175863,6876.20035979152,60.4049783349037,2026.75286403298,1783.60901483893,12.5558694601059,263.905069559813,311.049784675241,59204.358782053,6001.21028035879,19372.3358600736,9.03666752576828,339.843226671219,667.511218935251,3302.82984301448,1598.84326973557,6453.01555934548,346.833751410246,2533.42704591155,1542.00524318218,1170.79499807954,499.381456881762,73.7321621179581,944.762190252542,44.2087334692478,160.84684920311,342.759301990271,789.789515137672,72.5882042944431,41.7058747112751,60.3316751122475,6.74067586660385,19.8194965720177,507.687223702669,9.38944259285927,223.882329940796,2194.53004473448,516.534018903971,400.333926171064,286.762776792049,11.0522030889988,192.349574536085,2.87001129984856,921.769294530153,150.734071046114,188.876023352146,3.96554091572762,0,0.216506958007812,174.1255235672,50.3200164437294,114.190391033888,138.39290112257,3950.28529420495,0.315820783376694,0.485804408788681,145.367105811834,2713.44466975331,221.329836070538,317.606033623219,0.745156645774841,48.0328433811665,52.8451132178307,646.492146492004,239.041540116072
989.221099466085,5.04979887604713,75.6061733663082,676.157457858324,245.859743386507,17356.7762923837,36601.7093305588,0,623.991436481476,16207.8897136152,609.47054669261,7214.74864836037,782.110036194324,27005.1028526723,425.787217646837,10.1203791201115,183.374148905277,413.107620924711,79.8493396937847,2160.14186429977,227.543931543827,12.773841291666,470.111968457699,1365.1080738306,16.4684090018272,249.156457096338,101.296640336514,5275.74543914199,2607.33112588525,6803.66514009237,10.0234552621841,342.662940949202,51.3141317665577,658.873220831156,192.055389285088,2543.22303327918,344.392572104931,503.553246825933,739.938668727875,3721.23353615403,387.117369830608,101.309852898121,333.226011663675,23.7898713052273,81.7704344689846,199.545832335949,516.062079519033,31.4916214346886,39.5220582485199,13.0658823549747,2.80036664009094,2.30793052911758,298.460568130016,3.95175915956497,80.6548675298691,1013.4103576839,84.7400020062923,285.556433856487,143.527128696442,21.530534774065,238.364348649979,15.5110265612602,133.905894964933,130.434674829245,50.7719619274139,0.501660823822021,0.861054062843323,0,180.564370542765,15.670566290617,29.0833840966225,7.56704893708229,1984.70528584719,0.977020233869553,11.1809239387512,15.0499178469181,1193.42763906717,35.1456761360168,88.1152385771275,21.8451125621796,10.8776699304581,20.5178266763687,199.244114845991,22.7798708379269
6.62031161785126,4277.17492097616,12.9181192517281,4028.77231135964,518.886949032545,1173.00603163242,549.675291538239,623.991436481476,0,1466.08711022139,133.266831368208,4020.04704114795,441.449752897024,366.795878469944,2960.74590036273,46.3148448765278,46.9568319320679,53.6453434824944,14.4771150350571,3410.73080298305,48.9905978143215,7155.64592340589,93.4748924076557,30399.5938978195,999.85519015789,116.351218193769,5920.1028252244,3838.46742385626,381.211076825857,245.177455931902,5.84510284662247,47.4424363672733,127.597172468901,345.219308674335,162.435887247324,839.836922466755,114.739206552505,234.936971545219,202.838415026665,2801.64629080892,48.982246607542,45.6913031339645,378.39373755455,29.7369861006737,59.523658156395,114.520088344812,925.435401171446,27.7236772477627,15.7520567178726,40.9643645882607,93.4473451077938,5.55535191297531,1553.94573017955,23.045203268528,308.578661829233,788.183294385672,265.485230147839,2937.06380170584,1029.63300916553,43.0683631896973,1077.69664567709,66.4698659181595,230.258254319429,376.069602817297,318.629116147757,6.53288048505783,21.8577625155449,6.62381583452225,842.296693503857,117.659337460995,1139.1628639698,40.0749874711037,5381.26661494374,8.85208442807198,47.1760025620461,155.713385105133,1856.21966955066,130.942873924971,147.976549386978,37.260725736618,13.9992719888687,33.3460714817047,223.223311632872,113.895070612431
128.289870530367,4.05679899454117,13.3169445991516,13304.4010844529,169.131174147129,18704.5171368122,35732.5088902712,16207.8897136152,1466.08711022139,0,515.707054764032,5286.23306211829,1108.58546218276,4997.94875741005,420.6496707201,8.00533112883568,23.2267084717751,394.126460373402,63.0779240727425,16822.5388438255,12.0927469432354,2.08721905946732,67.702699393034,1011.76794588566,12.1810758113861,149.702254056931,69.4768833518028,13618.8501909971,1900.75005564094,268.809008151293,10.1241571605206,357.554277360439,50.6531586050987,2614.87217509747,3325.29911383986,5998.06408384442,370.439255326986,1726.38660007715,1038.84007018805,1024.60612854362,672.345443785191,58.2049443721771,58.7214978635311,2.25498628616333,26.5228856801987,60.3348910808563,721.99648758769,15.5474833548069,11.5606990456581,3.90316665172577,1.54220959544182,0.338226228952408,1731.56990322471,9.19486373662949,152.356341511011,682.058183461428,85.0644044280052,635.700459450483,896.970741093159,4.84142702817917,971.50653976202,4.27593392133713,103.531030386686,213.259091824293,3.35907059907913,0,0,0,1133.23087307811,0.502440989017487,6.54683429002762,0.950197547674179,2120.39678195119,0.989576548337936,1.6385452747345,1.92581987380981,1330.46277743578,2.09628400206566,2.91870135068893,1.75407510995865,1.31510734558105,1.0383075773716,82.8694245815277,213.065180301666
11.1872972249985,325.793720811605,13.2107277214527,51.9629998207092,18.0789885520935,327.808014422655,431.026441901922,609.47054669261,133.266831368208,515.707054764032,0,779.280438065529,3111.13740465045,893.717806518078,32.0920511782169,27.5382817089558,410.466716855764,11580.3232214451,1578.81226959825,288.968353480101,44.6837793588638,113.561315923929,172.530807673931,168.035308837891,2229.01210469007,3509.98908141255,275.555605053902,286.332512110472,2010.76381370425,209.330167591572,131.852317392826,1635.37245592475,7.08889842033386,11853.6163769066,142.025555849075,1522.54773849249,2729.99943548441,5927.0746717751,1342.09487122297,346.865136146545,73.00423386693,1130.17713880539,75.9993459880352,116.305377423763,224.77479237318,422.925000160933,85.8220840990543,18.9561743438244,158.011001646519,2.77677059173584,159.235058367252,2.81064677238464,5.86822062730789,0,11.3635811507702,26.4373413324356,18.0635991096497,49.2393717765808,8.4859254360199,2740.72502472997,22.511864066124,7900.12322860956,24.132841438055,14.8978535830975,17.4026229679585,6.58821481466293,14.4431584477425,5.73887172341347,3.66273194551468,12.9914156198502,27.4498944282532,21.1639533042908,105.49204236269,1107.27096679807,1849.33026361465,2052.62599682808,26.6854000687599,20.3935269415379,14.7869012057781,5359.04870957136,32.8656848967075,1.47810733318329,340.919675260782,40.56357640028
31.3830768465996,11.4305863976479,10.8165784478188,706.757434040308,618.505134344101,17364.0155959129,1093.35463607311,7214.74864836037,4020.04704114795,5286.23306211829,779.280438065529,0,764.604724884033,3779.05734875798,3293.31841737032,4.271539747715,41.5642501711845,565.347260534763,101.633087962866,13259.7745502591,13.6234346330166,14.5599362254143,58.8918130099773,639.015454053879,14.2393808364868,207.671555250883,79.4205274283886,1360.23393669724,1250.48595914245,243.153398007154,10.2897090613842,430.319911509752,7.77387708425522,1604.70936194062,9871.38493868709,3133.04290395975,405.457459896803,855.300759255886,770.248774111271,3943.36190697551,296.00281971693,90.3222330212593,174.152028143406,5.84283655881882,53.2971992790699,126.146855324507,1633.13382959366,34.7988375723362,13.6632290184498,9.11117124557495,3.68983089923859,0,1404.3261012733,28.8698269724846,362.88981282711,363.381746679544,114.627110332251,461.203142166138,1088.53068003058,20.648761421442,2220.42741125822,9.29071959853172,126.495214700699,588.597990065813,16.8586940169334,0.986378610134125,5.53939113020897,0,1302.90670400858,2.41817337274551,17.1191515922546,4.85320752859116,1234.30388554931,0,7.57067510485649,6.08185294270515,634.142982721329,16.9419404864311,16.851293951273,2.39032101631165,14.5778623819351,3.74692249298096,149.935528278351,929.898449987173
6.29812377691269,1240.96782833338,41.218379586935,275.15768301487,159.649086505175,816.827763050795,1190.10411843657,782.110036194324,441.449752897024,1108.58546218276,3111.13740465045,764.604724884033,0,579.080865234137,93.9332740604877,152.866387218237,73.7576970756054,235.377602338791,43.7339477241039,616.289257019758,397.052801162004,491.088160336018,514.095127135515,605.246688038111,9709.012283355,300.497363746166,2957.77158218622,1193.16635946929,753.193195283413,1020.50985345244,1012.67180520296,783.591987997293,132.301802396774,2815.30593603849,515.422410041094,3358.5061763525,936.39210164547,3149.71921935678,2122.97253033519,2712.558147192,519.907575637102,2814.41741189361,524.729798972607,300.246951133013,837.717788100243,991.257209956646,1291.01399278641,227.112477391958,360.509669393301,39.132822483778,251.303316712379,11.660042732954,53.4294513463974,7.91004809737206,202.895027905703,355.757867872715,278.840020209551,83.0421533286572,126.441344887018,2663.47711971402,300.93942758441,8854.82309159636,298.868517905474,83.270678460598,257.142672151327,9.68094193935394,25.6867232322693,2.74260810017586,52.2881641983986,320.46118798852,45.4593610465527,273.424837172031,587.237282931805,1691.34268137813,2609.07867884636,4535.3414029181,492.304322034121,130.375102549791,292.024781674147,5940.37642291188,195.980444282293,31.9352830052376,884.842356532812,117.126904308796
15281.9133700132,9.54298114776611,212.352106153965,582.881319344044,43.3874287903309,2001.58960667253,48961.9929764867,27005.1028526723,366.795878469944,4997.94875741005,893.717806518078,3779.05734875798,579.080865234137,0,131.889415413141,32.4785877168179,880.890176862478,626.743789374828,132.112007468939,1886.86187127233,888.211452275515,21.0436653196812,2247.2460590601,819.811747610569,23.7861471474171,400.109593629837,238.282181620598,3757.43398585916,26900.1791710556,35280.2214450836,12.0311911702156,841.883678764105,586.780007481575,1304.92846292257,207.333305299282,2182.52226108313,302.272085279226,787.054549366236,707.206217050552,602.882515251637,154.714815735817,93.5806047320366,280.199561864138,15.6826199889183,72.6588914394379,141.141250491142,301.053799360991,25.7748125493526,40.3695333302021,9.23736023902893,6.42853438854218,1.90660467743874,144.912120401859,1.30373999476433,36.8396396040916,741.590595811605,46.6947290599346,168.8723988235,65.7068911492825,25.3030261993408,108.494275003672,32.6601999104023,115.79942715168,57.2322965860367,90.8173913359642,0.612000226974487,1.62484800815582,0,74.3048657774925,40.5129645168781,36.9624844491482,16.4007933735847,1395.85988691449,4.36346846818924,7.11755618453026,18.7029693722725,815.783688992262,35.2302828729153,92.9885600805283,16.0482485294342,5.72787874937057,28.0378249287605,161.591921538115,27.0430058836937
3.25605869293213,73.9630383551121,80.6272127628326,413.206713706255,6949.69322037697,3180.9058432579,632.074317008257,425.787217646837,2960.74590036273,420.6496707201,32.0920511782169,3293.31841737032,93.9332740604877,131.889415413141,0,108.131083786488,142.680687129498,41.9700554311275,37.4765540659428,336.333441317081,501.888980686665,112.870696127415,1072.45145046711,2228.2236097753,9.38266599178314,133.7402549088,344.94575715065,889.715422093868,113.153902679682,952.197927027941,0.637245833873749,637.651903897524,73.7371959388256,205.461167395115,3487.40139901638,637.197437375784,419.121984183788,164.0062725842,517.154254376888,9093.4991247952,101.32360714674,4.70102959871292,111.070391654968,60.3004376888275,20.7042762041092,257.884364157915,690.202688276768,13.4483956098557,2.7646090388298,2.26760071516037,10.2045943140984,15.3070544302464,333.358055353165,14.0404489040375,105.130468338728,160.493213325739,44.5797317028046,158.171013742685,286.934426665306,1.72839626669884,553.74850577116,0,58.1742466986179,198.661473751068,41.3512514829636,16.6159759163857,0,3.93108582496643,304.885305732489,46.3283379375935,28.5053775310516,110.001519054174,466.098031461239,0,34.9819450080395,114.495681345463,209.990585893393,13.8843721747398,48.8435011208057,1.57249373197556,5.80071151256561,8.76659023761749,78.1411919891834,1991.50533133745
1.69030117988586,1515.60268905759,226.92176014185,0.557026088237762,2.28482985496521,6.39120709896088,69.6313725113869,10.1203791201115,46.3148448765278,8.00533112883568,27.5382817089558,4.271539747715,152.866387218237,32.4785877168179,108.131083786488,0,519.828384190798,26.8898320496082,92.7746375501156,4.65935507416725,10065.1235819161,19647.1173798144,13783.8012903333,4743.13156080246,54.0817893147469,335.382709473372,12143.4788106084,4634.77933657169,26.2548978626728,217.323853075504,4.60939505696297,3.3928836286068,3.50063639879227,389.6799710989,929.011695802212,5960.6756426692,1334.57359480858,1116.36286407709,1332.30693143606,136.507934063673,62.6664635539055,2.64203059673309,677.551485717297,96.5495227575302,142.055830657482,375.109245568514,247.473328113556,25.8384837806225,10.2957473099232,40.2121076285839,79.8283831477165,202.139142930508,4.64982888102531,3.96590924263,20.8064393401146,275.367013096809,84.5404350459576,26.3122617602348,14.1996853649616,1.11110609769821,14.9707330465317,0,141.086624711752,20.5499264001846,10781.18913427,132.492799282074,2.41323930025101,15.0116738080978,1.95160031318665,4432.06317144632,4558.58064875007,11224.1279514432,1736.70408576727,0,56.9906925410032,2947.78837376833,1981.3050635457,98.7720772325993,1117.74684926867,0.659007668495178,7.31545525789261,39.102177977562,214.613224029541,307.73206230998
90.5728691518307,832.949584811926,19058.3722806573,9.10232818126678,1.1211644411087,41.4736551344395,298.967085570097,183.374148905277,46.9568319320679,23.2267084717751,410.466716855764,41.5642501711845,73.7576970756054,880.890176862478,142.680687129498,519.828384190798,0,801.297228246927,7207.77340292931,17.2118055522442,3352.52061122656,225.852557510138,31114.5529351234,195.18661493063,7.28702756762505,9313.07127401233,10947.1534456909,653.192062586546,1343.55025336146,5247.78102710843,0,27.3346661925316,315.581348329782,19123.2178757787,1011.92094278336,5938.32129135728,2474.54423838854,7310.87330234051,4567.05214306712,172.561057478189,60.9693323075771,3.31278777122498,1189.45316398144,408.356343537569,129.028773963451,585.280428230762,61.3306077718735,3.66479280591011,1.93492609262466,3.21839651465416,546.267220437527,854.996689260006,0,9.26396119594574,1.92693245410919,43.3871338963509,3.99002760648727,29.5189210176468,1.59717524051666,6.45241981744766,0,1.24318704009056,3.68761697411537,2.12990835309029,178.192131608725,1440.24047830701,2.29742217063904,242.848323613405,0,100.161670863628,108.713371515274,606.870489060879,125.467026859522,0,498.929162114859,5918.40593984723,95.4257287085056,6.37097603082657,87.1733259558678,8.64295172691345,1.49054777622223,4.37583345174789,29.180665820837,317.891825944185
7.24426224827766,16.7661457061768,53.8363990485668,38.4577569961548,14.4751803874969,194.790443450212,316.577421635389,413.107620924711,53.6453434824944,394.126460373402,11580.3232214451,565.347260534763,235.377602338791,626.743789374828,41.9700554311275,26.8898320496082,801.297228246927,0,5905.13140118122,216.261101782322,57.8216062188148,4.35799425840378,336.294915854931,102.423889070749,4.5070549249649,4228.11236289144,618.473794966936,194.074003964663,1065.72634917498,190.146375447512,5.74924218654633,628.571683049202,10.0393959581852,8285.7638630867,379.705321103334,3532.43644604087,4421.19418698549,8489.61860537529,4938.87174126506,249.208599179983,56.4843840301037,50.7071635723114,51.9000669121742,18.9741191267967,43.9263134002686,148.6408855021,33.7832314670086,5.26457506418228,8.89106011390686,0,7.52082204818726,3.94203823804855,0,2.77388870716095,0.566984236240387,3.60193234682083,7.26392471790314,17.9536459445953,0,43.3465370237827,4.30472937226295,107.536734342575,2.34734851121902,2.57298600673676,8.64420586824417,7.52243906259537,1.4079846739769,1.48536670207977,0.484685510396957,0,5.63124585151672,10.6293289363384,12.6396979391575,15.8620398044586,101.067308217287,216.601105451584,1.78945568203926,2.94007515907288,3.73814272880554,134.832044929266,1.17850875854492,0,18.3385533690453,162.771784514189
6.64941424131393,137.44080632925,349.829322785139,6.00664994120598,2.81943920254707,47.7830811738968,66.3375742435455,79.8493396937847,14.4771150350571,63.0779240727425,1578.81226959825,101.633087962866,43.7339477241039,132.112007468939,37.4765540659428,92.7746375501156,7207.77340292931,5905.13140118122,0,39.2045084834099,255.889875352383,31.0610668063164,1608.00713977218,30.0874537527561,3.46953243017197,9613.17495188117,1441.90571501851,95.6840561330318,149.504050761461,229.332044064999,0,55.8249123096466,13.5023528635502,7682.81300979853,384.572868704796,3903.37063765526,3202.38998404145,4256.05768254399,3217.38385364413,88.6518967151642,33.0368861556053,0.748657524585724,133.201906442642,62.4128505587578,10.630652576685,86.0399637818336,7.17799931764603,0.673850893974304,0,0,84.3811692297459,52.9502671062946,0,4.92452079057693,0,1.06385898590088,0,7.50368386507034,0,5.43041658401489,0,6.05668318271637,0,0,14.9791516959667,202.582267194986,0,43.7773040533066,0,3.71892207860947,23.0426966249943,32.9940440058708,10.3559672832489,6.87943065166473,201.537205159664,1152.72069790959,1.74999287724495,0,10.9916763901711,14.2905513048172,0,0,2.79069554805756,186.686505615711
33.0960936844349,4.6522735953331,5.04093551635742,17347.3871408105,91.1509358882904,1982.37356394529,473.137669175863,2160.14186429977,3410.73080298305,16822.5388438255,288.968353480101,13259.7745502591,616.289257019758,1886.86187127233,336.333441317081,4.65935507416725,17.2118055522442,216.261101782322,39.2045084834099,0,6.68050295114517,2.46778699755669,35.5683710575104,4315.47697788477,10.8824294805527,95.8258853256702,50.9946450591087,5914.08869856596,790.389702320099,122.494556039572,1.29473772644997,208.663979351521,21.1188877224922,1008.699198246,377.119246512651,3005.97715294361,208.742672413588,718.215383142233,503.620130985975,831.807924240828,318.897370249033,33.6732396483421,127.209384262562,2.79779577255249,40.3566196262836,100.395992159843,1016.34639161825,31.9230113327503,20.499127715826,5.50448393821716,0,0,2935.3509452939,17.8631921410561,315.794798225164,898.554547905922,207.996372967958,1061.44470709562,1695.91457930207,1.38128006458282,1470.22273549438,2.28722453117371,189.309587657452,342.522658795118,5.32950147986412,0,0.830119282007217,0,2214.59009873867,0,11.8186647295952,0,3148.84459152818,0,0,1.87302520871162,1999.04855301976,16.3536260724068,6.42482340335846,0.580529153347015,14.420804053545,1.12452247738838,127.544899880886,31.7661036849022
104.081752836704,96.9746530354023,2277.39387339354,4.54808950424194,8.24352049827576,40.1553830802441,6876.20035979152,227.543931543827,48.9905978143215,12.0927469432354,44.6837793588638,13.6234346330166,397.052801162004,888.211452275515,501.888980686665,10065.1235819161,3352.52061122656,57.8216062188148,255.889875352383,6.68050295114517,0,1099.79827597737,35651.4587464035,599.844269573689,4.04931676387787,872.623394221067,1354.69719448686,6919.17580538988,1261.78252011538,46890.8286987245,1.24037635326385,11.9230139553547,336.492419540882,13146.5732449591,2965.05147230625,12859.6091159284,1729.66948226094,5906.47365644574,4140.23026633263,426.183364659548,138.67666593194,5.63139605522156,628.660465121269,70.7884395718575,73.8455972671509,165.91847088933,306.976037740707,37.506253182888,10.4335945248604,61.5584859251976,15.3899710476398,57.7920491993427,12.6779324710369,3.49061864614487,32.3360930085182,336.536217749119,77.233472943306,28.0998859703541,9.42368146777153,1.84219241142273,20.7431826591492,0,204.090563744307,31.4405321478844,2880.8092700243,58.8187972903252,0,4.97691762447357,5.7520147562027,2615.67752072215,1331.36018180847,1605.94799140096,1395.76426693797,0.496052592992783,16.7743379771709,397.594688504934,1527.6579965353,188.198081493378,1021.05264815688,0.461523741483688,14.925256550312,53.4402334988117,224.484787642956,536.842317819595
0,8263.18257406354,302.876050382853,1.38294571638107,11.2542068958282,7.32460922002792,60.4049783349037,12.773841291666,7155.64592340589,2.08721905946732,113.561315923929,14.5599362254143,491.088160336018,21.0436653196812,112.870696127415,19647.1173798144,225.852557510138,4.35799425840378,31.0610668063164,2.46778699755669,1099.79827597737,0,3311.0368373394,15248.4650186002,1846.45816665888,252.644575625658,28279.6549118459,3298.66387805343,99.3022260665894,222.599410146475,9.75932574272156,3.62330305576324,70.634676605463,183.143448829651,184.75819247961,1078.48693498969,286.730665504932,281.469467401505,302.457635164261,100.316172897816,11.9810118675232,59.8087639212608,774.558250397444,127.523747265339,166.877647608519,433.610541909933,41.5931469798088,4.55828839540482,4.38828918337822,11.3806791901588,805.102871894836,408.414042294025,0.34807875752449,0.853368818759918,2.96361562609673,116.778073370457,13.8645043969154,169.095864981413,3.33860126137733,51.5932123661041,4.56311163306236,122.753714203835,52.1797417402267,4.72382658720016,5673.5313231945,203.509354561567,3.43699204921722,42.3513323962688,0.600690186023712,1276.59108480811,7041.67057278752,4695.72372061014,1172.49379357696,29.1267942786217,147.417527809739,5964.44320201874,736.912248373032,35.9635196328163,384.168779671192,65.8677552044392,0.348082393407822,11.466633617878,87.496129527688,139.978664338589
263.152645260096,559.031338363886,45069.9541308284,11.0181291699409,5.06552562117577,79.5902296602726,2026.75286403298,470.111968457699,93.4748924076557,67.702699393034,172.530807673931,58.8918130099773,514.095127135515,2247.2460590601,1072.45145046711,13783.8012903333,31114.5529351234,336.294915854931,1608.00713977218,35.5683710575104,35651.4587464035,3311.0368373394,0,1130.821919173,9.59520277380943,9656.02099582553,49770.0620362461,5214.95987316966,2605.28221604228,25696.2071717083,2.68839046359062,23.9975360035896,522.851405024529,19164.8574193716,8522.9855080843,46945.7071107924,9492.28906515241,18304.5864925385,17977.7383319736,1315.44252941012,561.715294152498,13.4505777359009,1851.19030818343,260.637311190367,378.923655956984,1226.8422986269,291.485111474991,54.0363613367081,9.82129448652267,31.0177163779736,191.247009426355,1010.29118168354,3.7667430639267,35.861526966095,24.4052485227585,407.623209089041,61.7169085144997,76.3986150026321,8.17847937345505,3.59792619943619,21.8081079423428,2.25194862484932,151.322003722191,14.0180656015873,8429.40294981003,438.894339352846,5.66149471700191,72.2321127057076,5.79754358530045,2153.39271610975,2563.58917272091,14144.1869607568,1562.53021711111,2.77894425392151,208.347603514791,8671.94158864021,1270.95059230924,93.2504445314407,848.555659711361,0.930531561374664,16.3424234092236,33.5834826529026,229.072244539857,2535.53079837561
25.9685506224632,3245.19801041484,221.505916029215,7489.30372698605,243.070390939713,798.358554571867,1783.60901483893,1365.1080738306,30399.5938978195,1011.76794588566,168.035308837891,639.015454053879,605.246688038111,819.811747610569,2228.2236097753,4743.13156080246,195.18661493063,102.423889070749,30.0874537527561,4315.47697788477,599.844269573689,15248.4650186002,1130.821919173,0,376.828597843647,252.297806680202,4821.82522526383,21319.1721173823,864.384364962578,1427.70487141609,7.35291510820389,117.536982774734,424.906939715147,1116.82588145137,749.021366745234,3468.47976666689,343.476756453514,840.328178435564,730.922426253557,2257.87040039897,180.991337120533,32.7981991171837,2482.38095280528,136.685972869396,377.61768579483,769.638503998518,1768.52230045199,182.838822305202,63.7673202455044,187.223414540291,112.303174972534,112.670611083508,3334.19363000989,23.606565952301,763.908130437136,6453.63930347562,1345.68282437325,4313.81060743332,1728.46822676063,34.2651101946831,1078.79770931602,9.36203008890152,2044.71424809098,479.058443754911,2249.35826542974,56.9336242377758,14.8910861611366,5.44397202134132,1388.27392694354,825.091036826372,2202.24658814073,1109.61894622445,20042.1267805994,4.80206197500229,38.0463778972626,917.342670470476,10999.642052561,675.172327667475,1052.50036913157,7.28793933987617,67.0592794120312,185.007278501987,1437.29467636347,501.22185844183
0,5129.33203396201,0,2.26288402080536,0.768117845058441,4.75429183244705,12.5558694601059,16.4684090018272,999.85519015789,12.1810758113861,2229.01210469007,14.2393808364868,9709.012283355,23.7861471474171,9.38266599178314,54.0817893147469,7.28702756762505,4.5070549249649,3.46953243017197,10.8824294805527,4.04931676387787,1846.45816665888,9.59520277380943,376.828597843647,0,479.670672148466,8595.70838114619,44.8297891020775,59.8442519307137,7.98390793800354,773.261455744505,62.9120590090752,0.67292320728302,244.914530843496,3.25784593820572,44.3575474917889,74.2568246126175,73.8823299109936,16.4380650818348,16.0669266879559,5.33646410703659,1123.22517809272,22.2757663726807,25.7453766465187,21.6084670126438,14.961207896471,0.724222838878632,0,68.6371642947197,0,2536.51854193211,0,0,0,0,0.630720555782318,0,19.4618328213692,0,700.124131381512,1.27042853832245,2816.8781466186,3.8282550573349,0,3.26156765222549,8.40508687496185,2.3607280254364,9.72089666128159,0,0.797593474388123,12.8358812332153,0.50979882478714,9.59341371059418,1398.90696632862,602.092688143253,3812.29204943776,0.381349176168442,4.73283851146698,0,1114.33988472819,6.98852550983429,0,126.606709212065,0
20.577366322279,2348.67966592312,64338.3284247518,14.0857758820057,14.9725539386272,145.731427490711,263.905069559813,249.156457096338,116.351218193769,149.702254056931,3509.98908141255,207.671555250883,300.497363746166,400.109593629837,133.7402549088,335.382709473372,9313.07127401233,4228.11236289144,9613.17495188117,95.8258853256702,872.623394221067,252.644575625658,9656.02099582553,252.297806680202,479.670672148466,0,29840.165664047,388.231396317482,534.229148983955,1039.07820245624,96.3346286416054,206.716173708439,46.1649758517742,4217.47789207101,1418.54706019163,13270.9347276688,18872.8511444628,6650.99750718474,7749.93065825105,332.251103132963,102.861038088799,44.037086635828,1291.64337921143,852.229446738958,237.157106757164,743.494158804417,25.6502715349197,2.06624391674995,37.1846424937248,5.89789420366287,2668.0657915175,532.657170951366,0,13.8404132723808,1.25637197494507,13.1247319579124,0,23.3564594388008,0,791.950000733137,3.65978515148163,5061.74398526549,2.16725516319275,5.94221770763397,97.2404064834118,1605.65245103836,20.7015228271484,575.788074016571,0,73.4309861660004,164.947878658772,313.983053773642,40.3728598058224,1648.98640140891,9772.4442794919,32560.1383630037,32.0438543260098,7.23117786645889,130.234766244888,5431.06247329712,3.58309417963028,0.743582665920258,174.600898146629,575.62587878108
15.6277013421059,54352.3761096001,36864.1831725836,8.82850632071495,11.5358564853668,54.9883763790131,311.049784675241,101.296640336514,5920.1028252244,69.4768833518028,275.555605053902,79.4205274283886,2957.77158218622,238.282181620598,344.94575715065,12143.4788106084,10947.1534456909,618.473794966936,1441.90571501851,50.9946450591087,1354.69719448686,28279.6549118459,49770.0620362461,4821.82522526383,8595.70838114619,29840.165664047,0,3563.88707002997,269.126105725765,1416.8756197691,258.015872985125,41.5085411369801,57.085030734539,2016.95266807079,2776.8185557425,22929.0992661715,9859.58993506432,5251.21520647407,8284.8943041563,383.921301066875,153.853464484215,69.2487998902798,5734.50505077839,2227.00947773457,1015.86548116803,3283.97348320484,213.320490688086,35.4553333222866,57.2335429489613,19.6379793584347,13641.008497715,4255.23192334175,3.37107110023499,25.9156534075737,23.4969440698624,340.764806032181,40.9769427478313,98.878295391798,8.53549125790596,819.492151886225,11.7978549301624,5805.6433108151,81.343414157629,13.0690070986748,3085.15019589663,5151.87034960091,31.9466702342033,1188.05202515423,1.40224134922028,609.922567605972,3627.80092298985,8901.5385119319,941.51864027977,4426.70503616333,14923.0910048485,95049.6560253501,641.73729044199,33.8479683995247,567.59387204051,5217.74908837676,3.69296699762344,8.61654177308083,344.897057503462,1432.78753110766
167.451228439808,521.542714238167,711.475280582905,8497.6782849133,115.229315429926,4988.63733398914,59204.358782053,5275.74543914199,3838.46742385626,13618.8501909971,286.332512110472,1360.23393669724,1193.16635946929,3757.43398585916,889.715422093868,4634.77933657169,653.192062586546,194.074003964663,95.6840561330318,5914.08869856596,6919.17580538988,3298.66387805343,5214.95987316966,21319.1721173823,44.8297891020775,388.231396317482,3563.88707002997,0,3454.42466884851,30208.1862594485,2.72293442487717,240.141142964363,937.788876593113,3322.27599576116,2054.91117504239,9261.80605781078,821.164269834757,2802.55587881804,1968.16448494792,1265.04194259644,474.293088704348,50.2000295221806,2187.42238336802,124.053006947041,346.860381573439,697.082469284534,1595.76120474935,140.738150507212,62.2452901601791,168.162092298269,56.016295671463,139.407107114792,1847.19282564521,17.7524067461491,518.45970377326,4913.3282147944,1197.92471271753,1481.67013463378,845.679772853851,12.2085199654102,649.415892183781,0.482985287904739,1841.02596589923,339.100871860981,2376.84719190001,57.7588658332825,0.298562586307526,3.49815300107002,674.356209129095,1313.40696337819,1763.96781641245,1750.62122577429,12124.4509005249,0,19.2983104884624,1200.81953263283,7725.82518127561,654.71406430006,1311.06528827548,1.58608466386795,66.3802122473717,175.209136664867,1276.67409794033,443.517820507288
8269.75405162573,27.6203376352787,155.323620349169,443.899076163769,19.2234178483486,485.993726968765,6001.21028035879,2607.33112588525,381.211076825857,1900.75005564094,2010.76381370425,1250.48595914245,753.193195283413,26900.1791710556,113.153902679682,26.2548978626728,1343.55025336146,1065.72634917498,149.504050761461,790.389702320099,1261.78252011538,99.3022260665894,2605.28221604228,864.384364962578,59.8442519307137,534.229148983955,269.126105725765,3454.42466884851,0,13596.971280545,14.8997254669666,1100.45181134343,13415.6158311367,4081.69337913394,402.577857375145,2138.07239091396,247.838040411472,1454.37117424607,917.088134020567,336.303640902042,229.267026901245,180.359161436558,400.720061779022,25.3232724070549,114.971650034189,221.255465120077,213.229289919138,25.9454223513603,18.5253699719906,21.1626279056072,2.20124471187592,8.7801066339016,51.7459251880646,1.58946332335472,33.6790558695793,582.364262074232,80.8092820942402,192.503609091043,25.3185970783234,46.0079855024815,48.8444478213787,55.1614741384983,172.549266278744,37.6472600996494,228.324013233185,1.38249653577805,0.992788851261139,0.446271300315857,24.2865138947964,104.159902751446,196.22301107645,39.654364168644,1411.16443914175,8.55383843183517,9.09230074286461,59.0739721357822,764.490336865187,75.5249536037445,200.956534922123,39.1240946948528,12.4555603265762,38.5833356678486,213.603178292513,61.5380715727806
