0,0,0.0173402724568042,0.000114326033491802,0,0.00286004505367245,0.32201308309399,0.0886532017015032,0.000215048697158983,0.00359193222769511,0.000220856205750701,0.000818559239643958,0,0.81497752641482,0.000253045374569264,0.000288483358867544,0.0669602975750484,6.29558807350606e-05,0.00338998451783464,0.000508402280224118,0.00299722328950668,0,0.0330703075494314,0.00315984186554475,3.17890960896969e-05,0.0096198369059417,0.00653036700284055,0.0156297765433264,0.538946599596095,0.274289173434009,0,0.000374614211286614,0.00351898443243586,0.00860660304179455,0.000649219099989617,0.00752310590444813,0.0023470391500534,0.00600026995738536,0.00143926983267606,0.000809641965786167,0.000222414448566809,0.000109637608621937,0.000809122614015945,0,0.00035157829407773,0,0.000309396111271143,0,0,0,0,2.32999057195664e-05,0,0,0,7.47036240843534e-05,0.000143301882892633,0.000184135123721853,0,0,0,0.000256382096017718,0,4.75496032997251e-05,0.000528771309409216,0,0,0,0,0.000145703904539263,3.20766229278147e-05,0.000144473694002074,0.0010388647866049,0,2.34617485002875e-05,0.000275970141524627,0.00213486116787597,5.08181430753648e-05,0,0,0,0,7.20608155969441e-05,0.000144574015815291
0,0,0.00116524517961836,6.18856613621771e-05,0.0036055352949541,0.000800221214199921,0.000304964191739521,0.00016563468232699,0.335511488627885,4.44825381406248e-05,0.0133706613369658,0.000114175466607595,0.12286893606655,0.000306092465359646,0.0063993296049062,0.00926751717692257,0.000993706928374156,0,8.20060753535508e-05,7.06655384635717e-05,0.000887909721349794,0.499251302635908,0.00213989577043947,0.241405510087041,0.456059621161293,0.00451783833028179,1.05055698944562,0.0212452784149293,0.000350544627615785,0.000316104864855319,0.00238825981551593,9.30948797715365e-05,5.29161672338307e-05,0.00143076571218369,0.000305074732600296,0.00374095990728313,0.00264038876354272,0.00146727129930139,0.000751538670951013,0.0176298679659531,0,0.0291995975821247,0.00955395882293043,0.00175502065100065,0.00326266874531206,0.00366618961009262,0,7.80907908937213e-05,0.000503477285255575,0,0.0808422449026269,0.00121640016346776,0,0,0,5.26189497726321e-05,0,0.000688349088098511,0,0.0128807047508037,0,0.0113678906701316,0,0,0.00298729918803662,0.00373567367878482,0.000276543386199325,0.00151448533814265,0,0.000625984478131214,0.00455098267108919,0.000793523966632594,0.00552026982164671,0.0217502957315332,0.020548486085952,0.51955022314819,0.00131698239833003,3.76893900535941e-05,0.00012401379072204,0.0052817270547338,0,0,0.00352330716199832,0.000883212532730427
0.0173402724568042,0.00116524517961836,0,6.83833051060736e-05,0.000192732647502118,0.00527470958406381,0.549484140293345,0.0973428298554263,0.000150105311818794,0.00485061849673981,0.00716000624577191,2.90492535268486e-05,0.000248368206419218,0.130783749574186,0.00168640832502141,0.0093929044643142,2.35524950039802,0.00807099023558937,0.0889346704385053,0.000157883914026421,0.656034735851475,0.00188867565711477,3.77896742388118,0.00860749151297754,0,1.10228657514277,4.21770462953177,0.165009072173679,0.0492179552218493,0.247819125215158,6.64601340503454e-05,0.00116816378519893,0.00559341203023734,0.401716401032196,0.088239047082487,0.961713304520781,0.611346545033734,0.381967106267529,0.165230550158188,0.00839203516190308,0.0248272836199045,0.002445161931199,0.0934889696315915,0.02031888772792,0.0337321704962778,0.0428230492372274,0.00108764457700362,0.00032309241348927,0.000111037315571797,5.69319333126664e-05,0.00127694592999101,0.131534354461556,0,7.12842659967304e-05,0,0.00875143083133449,9.25130141071768e-05,0.000327173152340666,2.39062259312212e-05,4.27003030068517e-05,0,0.00214214036846815,0.000492888762450248,0.000114631641822326,0.0138207107078421,0.0574016738229607,0.000195536342066255,0.0206756019265166,0,0.00412236872195483,0.00548603980931193,0.0276530103355169,0.00684095489242186,7.35648863811254e-05,0.244762240396522,1.02054030811284,0.00615734955182683,0.000427517689940751,0.00159871942368391,0.00010085278606404,0,0.000127817826914132,0.0423825100814798,0.0518749992345642
0.000114326033491802,6.18856613621771e-05,6.83833051060736e-05,0,0.00630422724480583,0.0232067139293025,0.0177313761730903,0.0237533897259638,0.409384753692218,0.71129169375228,0.0022684784385163,0.115747713601363,0.0001131868355479,0.0209035243927102,0.0155417555421199,0,5.78353516638637e-05,0.0005542158535707,0.00017241381864239,2.6611424006946,0.000158385446385726,0.000279891172600651,0,0.854740836422882,9.22594875488521e-05,0.000254330100188142,0.000280400850793737,0.273092747734971,0.0189242072603588,0.000589927683200765,0,0.00461804708409857,0.000869556377988127,0.0153168257397712,0.00575734297829589,0.0757027275370514,0.000768041222495169,0.00938736998924086,0.00267101164811784,0.0596325314366301,0.00394177195836525,0.00198911681755673,0.0192633317187942,5.19916289494813e-05,0.0114387994756218,0.00154956665296452,0.060922172630458,0.00110947608272199,8.87038726527927e-05,7.42815301176819e-05,0,0,0.154901020174756,0.0073321369183856,0.00748335077526704,0.0114882260149662,0.0266161858299119,0.133743243292072,0.0460101151525845,7.32738779075385e-05,0.0634722008701266,0.00308661667726519,0.0118424428794818,0.0445958771794681,7.82010057506859e-05,0,0,0,0.0883115317200841,0,0.000113229424856198,0,0.346417720824901,0,3.52808632459551e-05,2.16323706585854e-05,0.197906429304326,0.0073749387790371,3.1955115128386e-05,0,0.00106044160877101,0,0.00908228846595987,0.000840421102070116
0,0.0036055352949541,0.000192732647502118,0.00630422724480583,0,0.102915830821164,0.0042675265573266,0.004830642449168,0.0538546595892676,0.016316460574419,0.000390212809662861,0.110582411714397,0.000105005175439257,0.000605208549313918,0.364243898972215,0.000227120449942785,0.000119741826132077,0.000165177752828932,0,0.00983733004359607,0.001722785696758,0.00399584821974803,0.0040450306269838,0.0398333693775976,0.00163319807038911,0,0.00454966514053782,0.00526745253042332,0.00221733604310162,0.000593927157612038,0,0.0459598106402321,0,0.293937063093973,0.0590452239227632,0.0760448047142761,0.00115785024980409,0.00218359735047084,0.00583749427307942,0.623413650358348,0.7293441133005,0.0042269739887325,0.00297049186341354,0,0.000580177141471914,0.000782882298813877,0.0159213299823556,0,0.0001328231828874,0,0,0,0.00751229764442063,0.00127188692827955,0.000437334802500057,0.000595604432303208,0.00124930862453751,0.0117281371903324,0.00211726842762746,7.76395590047481e-05,0.0103838004727718,0.00201743977081585,0.000498792985505825,0.00951598777197654,6.55127541918039e-05,0,0,0,0.00480641239278476,0,0,0.00011191337730256,0.0180092481526631,0,0,0.000308089713856453,0.0101111244378184,0.000561167910404155,5.4643642250371e-05,0,5.70929664107204e-05,0,0.000474330311553764,0.0537976928289466
0.00286004505367245,0.000800221214199921,0.00527470958406381,0.0232067139293025,0.102915830821164,0,0.483232859269696,1.41379315625153,0.0295670397862813,2.22550519918389,0.00779065285539374,1.30902105096919,0.000477052630879098,0.123077623964859,0.359855206463482,0.00038294138628577,0.00500749586654289,0.00218881000012213,0.000900239255787408,0.10976503894325,0.00444232087923337,0.000830649240118191,0.00510442717194396,0.0381680588153385,0.000364448200073755,0.00332566499298958,0.00305010760851202,0.153729282797575,0.0575032743786676,0.0189069868228544,0.000536644141633362,0.0475098072986153,0.00308349570641714,0.0585052263439958,0.0307658575585236,0.421832624376688,0.009233727896171,0.0300249892032425,0.0327835628946005,0.981677834230925,0.154260550333078,0.0392927616475411,0.0142302559717628,6.21899656774581e-05,0.00870693285169308,0.00290563908369455,0.0198445219693113,0.000956996642824456,0.000113387517527724,0,0,0,0.0112511757702058,0.0012575757040368,0.00171090690200753,0.00322770049415171,0.00648092144873793,0.0212719421558129,0.00400343141356689,0.000182896607545093,0.0209952481238919,0.0204804992078721,0.00395869663157575,0.00924112487363011,0.000266532510185513,0,0,0,0.00908649223183107,0.000116966920048249,0.000167275086626387,3.10680694130183e-05,0.106599264447572,0,0.000107141318605399,0.000139296340122843,0.0474363124774845,0.0023737145908516,0.000326595982835776,0,0.000139780756216711,0,0.00412589685451657,0.0022162280562938
0.32201308309399,0.000304964191739521,0.549484140293345,0.0177313761730903,0.0042675265573266,0.483232859269696,0,1.44738563529107,0.0485813797236809,2.27435534165564,0.0387662969258917,0.029588637858356,0.00114954684325272,2.65259339543505,0.035282562925418,0.00269835845008406,0.147373685544903,0.0149213065405117,0.0151594167088907,0.0227191915709806,0.63460498619011,0.000156742917734701,0.338519850958357,0.174930754271451,7.35773299252745e-05,0.0614856181654207,0.120872441205324,4.95733793369863,0.92400155443258,0.92624143937303,0.00199378236889125,0.0410662273640344,0.194879203232107,0.405936906792103,0.173816633241687,0.721355287791191,0.0556487447548798,0.532921506059363,0.094125177169472,0.107966093261109,0.0478202957655572,0.0179021591608655,0.0397968335275248,0.000700612237080389,0.016789816780194,0.00558540227002044,0.0174280571819546,0.00219374108475662,0.000213022459891945,0.000213134643556238,0,0.00240007030714119,0.0165667647342263,0.000867439104689623,0.00155210564308803,0.007798042419995,0.0125200097111509,0.0162444687437853,0.00883640256122374,0.000316943399925199,0.00925510565146114,0.0147710350818096,0.00994069030821264,0.00517654282649565,0.00657562614598073,0.000699414343535343,0,7.65231355166061e-05,0.0112586745311684,0.00197042734722022,0.0014424102401696,0.00450494426591186,0.195802987753031,0,0.00177831269214463,0.0144428340117539,0.114998517103725,0.00958770642633199,0.00530764365454402,0,0.000899458310462608,3.67691857022584e-05,0.0112698992727832,0.0133427309562171
0.0886532017015032,0.00016563468232699,0.0973428298554263,0.0237533897259638,0.004830642449168,1.41379315625153,1.44738563529107,0,0.0383904973668799,1.36177834038968,0.0147706133287619,0.382077672271081,0.00142531713165688,1.28718438815926,0.0112538636396643,0.000889525675363382,0.149200704827871,0.00441407493744963,0.0136427233085843,0.104738345679649,0.0303873870886435,0.000524641064854949,0.0875470505913086,0.0774089560712995,0.000154953397587666,0.0490301195308573,0.0348167531591957,0.23002304818332,0.262020552245916,0.412325258301781,0.00073349858315959,0.0750772934577591,0.00904026052983214,0.0890437173303535,0.0224311106435753,0.355460045353044,0.0221611369351776,0.0622428691795504,0.0372511298882118,0.434358425189703,0.0259367023834858,0.0429368854318822,0.0277081257415041,0.000436923091648221,0.0156049695177281,0.0044346610510808,0.0195327560702867,0.00231858061969315,0.000323698145615619,0.000252807935127091,8.66322867641568e-05,0.000180508243966612,0.0111081861840487,0.00102547189805111,0.00140746774544104,0.00697192744968977,0.00670020427486813,0.044910090399754,0.00701727956783834,0.000182567045392081,0.0179464269839472,0.0250376455712198,0.00620350387586243,0.00644494085773093,0.000801309421312475,0,0,0,0.00997687098672199,0.000643207687733358,0.00102570798020945,0.000261024790862835,0.243134428697463,0,2.00830173058659e-05,0.00111551197083298,0.103375604725909,0.00495859759400102,0.00188136091571498,3.51015931111932e-05,0.00109155160483099,2.32741791181863e-05,0.00884947981416645,0.00177073801490898
0.000215048697158983,0.335511488627885,0.000150105311818794,0.409384753692218,0.0538546595892676,0.0295670397862813,0.0485813797236809,0.0383904973668799,0,0.13335080584945,0.00395454262283519,0.115090410220521,0.00674404838461785,0.0238475340908398,0.0931905035012214,0.00383586294268751,0.00011988948242017,0.000735230892833955,0.00036356765099642,0.0968766725211999,0.00159425321835282,0.536492747609302,0.00123690914843265,3.22448473240291,0.170884873042994,0.000884277052363482,0.203152836070661,0.586671481923602,0.0218849680570424,0.00464110845304288,9.63938678769527e-05,0.00458522013676599,0.00279348798569163,0.018903735375906,0.00637935511277741,0.0504120830670472,0.00219376781280762,0.0129111151085939,0.0022336134453342,0.189069462260047,0.00241785616309807,0.00274260660000772,0.0550886731377611,0.000854438660801685,0.0265984883316414,0.00742282320529637,0.0175053443414937,0.00290676825435784,3.80730304858029e-05,0.000489662034261397,0.00058003427509602,0.000313446936609471,0.0369154695441388,0.00115626352746554,0.00393770522063177,0.0195686334437996,0.0226895965359367,0.441364831279706,0.0181672040815706,0.00168018090434473,0.0135910389776453,0.00532073492565053,0.0208728233354044,0.00645210578226835,0.0664920552078089,0.000575306846959775,0.00034178721494692,0.000470423051475316,0.0182782636996384,0.017595733862661,0.081839189347146,0.0108482773574986,0.897840953254041,0.000284142275077468,0.00149323558942071,0.00907040855896111,0.26762450350207,0.0229121343226119,0.0158203832347487,0.000419158572960371,0.00354870353430258,0.000127994003208807,0.0225945114668227,0.0097374980990467
0.00359193222769511,4.44825381406248e-05,0.00485061849673981,0.71129169375228,0.016316460574419,2.22550519918389,2.27435534165564,1.36177834038968,0.13335080584945,0,0.0635899266311628,1.46620323537621,0.00219740043491757,0.939887627258346,0.0379358235999867,0.000358814666718304,0.00229296107966908,0.0224412691183472,0.00933143881944346,1.62632148855802,0.00401739335136071,0.000192916309099978,0.00388997674564638,0.130910406077512,0.000226445451594997,0.0195224036488164,0.00283135977381198,0.559511503841219,0.423496778670549,0.0165909258312153,0.00276235202012547,0.0943000756187002,0.0083176244916614,0.388919276729293,0.0478767847470516,0.697538612034255,0.0232042187067886,0.135627921209201,0.0334842047724588,0.273598368461191,0.0509165565198035,0.0244483285570789,0.0203630382769903,0.000118648221845317,0.013016886463303,0.00242616047308485,0.0528354194458262,0.00157651832552762,0,4.42918109961211e-05,7.14338484772742e-05,0,0.0755991450102811,0.00430763336365122,0.00495291573750554,0.0104906714276809,0.0160601144304424,0.0655533611007587,0.025078062443391,0.000212022555066481,0.0517724564660526,0.0134891891057299,0.00797997355553537,0.0315880696389059,5.84447912845313e-05,0,0,0,0.0416751969298219,0,4.37086477087498e-05,4.13033063631833e-05,0.303116527745334,0,0,0.000177232845326483,0.158419916999527,0.00329671328704744,0.000112886690444636,0,4.4796324266088e-05,0,0.00675578360558547,0.00383820714020724
0.000220856205750701,0.0133706613369658,0.00716000624577191,0.0022684784385163,0.000390212809662861,0.00779065285539374,0.0387662969258917,0.0147706133287619,0.00395454262283519,0.0635899266311628,0,0.0209920368073734,0.298414766053178,0.0230939752637646,0.000537626182302293,0,0.0383120678218041,0.770389516627786,0.141444150905712,0.0110322417042308,0.00239546177877389,0.00256761958641061,0.00674565133044017,0.00539158653984475,0.0875022480431396,0.475004346097922,0.0239620388681726,0.021262245869215,0.0519814077839636,0.00343689914454853,0.110795954808767,0.0208818356020849,0.000730624490949026,0.986588802501978,0.00851438973598817,0.0710653687159173,0.589279031950407,0.893827801254874,0.071990334495669,0.0100024199884705,0.00257417622619053,0.24634100068861,0.00133700684148715,0.00101208680375838,0.0139254622672319,0.000902285641368395,0.000364101091245046,0,0.00891020767619076,0,0.00181189740017806,0,0,0,9.93938742652538e-05,0.000222822741705492,0,0.00330667037030173,0,0.41925351496495,0.000577627619081491,0.32237544548759,9.21479218002798e-05,0.000242328510668945,0.000154193501881471,0.000146311905907825,0.0104856274626289,0.000178217170152834,5.99534943058669e-05,0,0.00107784605518451,0.000105662948853671,0.00460201363286141,0.021122441523533,0.0644988580605036,0.0407267532334854,0.00088414228920649,0.000926957396692581,0,0.113945482983372,0.000115468585226542,0,0.0112520392626785,0.00188684752788897
0.000818559239643958,0.000114175466607595,2.90492535268486e-05,0.115747713601363,0.110582411714397,1.30902105096919,0.029588637858356,0.382077672271081,0.115090410220521,1.46620323537621,0.0209920368073734,0,0.00101891239668218,0.262215332539335,0.382418010818846,0.000113460636134064,0.000272433426326618,0.00676737641828713,0.00171483792414152,1.35705496483451,0.000275581291423678,0.000172239285151231,0.00084297939886376,0.0227123278675721,0,0.00535990204836343,0.0003341480550098,0.0487779077309862,0.146768460595254,0.00421303254443314,0.00122650568499315,0.0515322692794535,9.56823507101266e-05,0.107807094656954,0.00917579282569446,0.168806563355591,0.00681066829036588,0.0199248367688558,0.00841193942684489,0.580879264519321,0.00622485715103636,0.00619148629297981,0.0136140594618763,4.75126093248069e-05,0.00351269776429538,0.00128518768346877,0.0900597719691069,0.000208793943300056,0.000129257404343122,2.93727196216732e-05,0,0,0.0666126559794063,0.0106702264109359,0.0179518034941937,0.00312968387731899,0.0256454749802286,0.0974568170239375,0.0305349989699041,0.00012668687921046,0.217097743977264,0.00604448388756262,0.01076194702697,0.0639750393924645,0,0,9.4206130878955e-05,3.11007678083122e-05,0.0764368563622838,3.72601730101943e-05,0.000375948796311843,0,0.118154821397513,0,0,0,0.0718642851499373,0.0042961659793177,0.000204154776966775,2.71399131295234e-05,0.00134231452018391,0,0.00440494111396248,0.00140629747699015
0,0.12286893606655,0.000248368206419218,0.0001131868355479,0.000105005175439257,0.000477052630879098,0.00114954684325272,0.00142531713165688,0.00674404838461785,0.00219740043491757,0.298414766053178,0.00101891239668218,0,0.0015814516389202,3.22141837514937e-05,0.000151530871083921,9.92588959031342e-05,0.000765136287767204,8.6241911050603e-05,0.000148704334945592,5.55281268116176e-05,0.0271009919479206,0,0.00259342543654715,1.12937194664367,0.0374485662699784,0.439433306695939,0.00102578719274323,0.00199773399957986,0.000110131540617889,0.400430451145425,0.00117353041944759,0,0.0772225953792229,0.00046858805912354,0.00611939318169816,0.0755382942576041,0.125263078976665,0.00288743220553516,0.000612240696547627,0.000301872753001392,0.368469789207089,0.000924986908207927,0.00214031477056606,0.0159171292208332,0.000801963885681677,0,0,0.0112478518246975,0,0.00370515292502446,0,0,0,0,0,0,0.00117827886737202,0.000102440113533855,0.623098017382943,0.000147002661106467,0.578613723688359,0.000510631185324258,0,0,0,0.0111057270989507,9.20390109585581e-05,0,0,0.00199931801161223,0,0.000634150025554779,0.0831905158506216,0.132208188016905,0.125916885161216,2.69405309034556e-05,0.000988960967027811,0,0.193778060993613,0.000321118534991133,0,0.0131168928071067,0.000121236440675002
0.81497752641482,0.000306092465359646,0.130783749574186,0.0209035243927102,0.000605208549313918,0.123077623964859,2.65259339543505,1.28718438815926,0.0238475340908398,0.939887627258346,0.0230939752637646,0.262215332539335,0.0015814516389202,0,0.00493341728125502,0.000792185164865261,0.342537164436654,0.00669518932415525,0.0262990150071714,0.0876531711014255,0.0378175627260679,0.000291506681985917,0.176870100325861,0.0675691741711543,0.000105571740231949,0.079319462952875,0.0524579032466303,0.257494365552519,1.50245635421854,0.978285817045241,0.00145031329486468,0.0919936448776455,0.0115075464582209,0.124213201088842,0.0157956152656855,0.196706640337967,0.0249148910884731,0.0775205428971907,0.0257610363018202,0.0607103658536917,0.00770083678132179,0.019934536422029,0.0168851226412483,0,0.0101785173348244,0.00288805127398735,0.0123221870979676,0.00110158941557796,0.000233450757848287,0.000210975092038036,4.22764085616171e-05,0.000438419125266558,0.00227547978797824,0.000295316714091236,0.000325844688942549,0.00531297498236688,0.00108525378650788,0.0215985500495069,0.000935001263726465,0.000299062887803033,0.00625282294261723,0.0110878644318083,0.00152581101096345,0.00348375012594327,0.00264151022730547,0,0,0,0.00435831397786407,0.00169448220997481,0.00050014290336388,0.000464399221243834,0.148814167034664,3.28274182269782e-05,0.000185509508911666,0.0014993045211075,0.0660386990247357,0.00221139008942753,0.0026043153850328,2.66832712818861e-05,7.89088175539375e-05,4.4182959815228e-05,0.003838555097072,0.0011660938804672
0.000253045374569264,0.0063993296049062,0.00168640832502141,0.0155417555421199,0.364243898972215,0.359855206463482,0.035282562925418,0.0112538636396643,0.0931905035012214,0.0379358235999867,0.000537626182302293,0.382418010818846,3.22141837514937e-05,0.00493341728125502,0,0.00470646715658426,0.000790361184197762,0.000118737014203501,0.000383658002322656,0.033329254553941,0.0425291950081924,0.00655659865230734,0.047131232522431,0.0699537034238533,0.00266790542840955,0.000995236646922193,0.00985448906880088,0.0605495820249698,0.00504933579648603,0.0295200422970694,7.92630409363986e-05,0.0124753715733091,0.000467835834095246,0.00413643757408337,0.0964869474963369,0.0377482987994392,0.00653301584346383,0.00642826492116656,0.00234490237831782,0.268565422282562,0.00381100308955675,0.00141307971140712,0.00723096494262966,0.000771877952821062,0.00180120721319089,0.00686471488966338,0.0307680324854895,0.00018342361933949,0,0,5.31242982941925e-05,0.000542728992107541,0.021196856924026,0.0037594711771183,0.00290803828636705,0.00157121603974358,0.00312851564585924,0.0283184513616919,0.00564196439569004,0,0.0248670499056605,0.00263275254829362,0.00176897166447069,0.0199929723771187,0.000709311303590104,0,0,0.000334660920795703,0.0132622793394786,0.000393941191663417,0.000210644174731928,0.00153798775615102,0.0388150417379992,0.000117428498829412,0.000363317508059347,0.0033019929890773,0.0266208392338756,0.0015624741623282,0.000734172326499244,0,8.9252381522006e-05,0,0.00104989675343038,0.211800336878601
0.000288483358867544,0.00926751717692257,0.0093929044643142,0,0.000227120449942785,0.00038294138628577,0.00269835845008406,0.000889525675363382,0.00383586294268751,0.000358814666718304,0,0.000113460636134064,0.000151530871083921,0.000792185164865261,0.00470646715658426,0,0.00648722994848001,5.42785478127301e-05,0.00270493303925027,0,0.500400970277423,0.504453158369209,0.399069750434332,0.10950634383741,0.000927656293463517,0.00303326850810573,0.789624194836112,0.179585271857838,0.0102861040300346,0.027452347960668,0,0.000355980568570012,0.0100443592643462,0.0304291890806922,0.04996866798878,0.4299876525735,0.088246838149546,0.0864888416867535,0.0390045395370476,0.00194725189611885,0.00245619005629331,0.00154102330121618,0.0902931617919428,0.0121177253383404,0.0160389873230757,0.028714564978828,0.0016597982469219,0.000626232675699142,0.0001459879540034,6.86305864541412e-05,0.00156182983390755,0.0196888164191407,6.74150737881064e-05,3.5394476639378e-05,0,0.0036901225576826,0.000201687528989065,0.0024123315001002,0,6.56612414700031e-05,4.9761085307312e-05,0.00109332072736705,0.000782053262600136,0.00115986545621017,1.08620189321643,0.00132698058576415,0,0.000848784184364823,0,0.128614961411322,0.261966689825988,0.587934129993376,0.0771185964752715,0.000106491688894021,0.0047780768894443,0.362939588874695,0.0476509924835102,0.00158084174758183,0.00895592815094583,0,0,0.000136468706651425,0.00878736021630497,0.0145419527217569
0.0669602975750484,0.000993706928374156,2.35524950039802,5.78353516638637e-05,0.000119741826132077,0.00500749586654289,0.147373685544903,0.149200704827871,0.00011988948242017,0.00229296107966908,0.0383120678218041,0.000272433426326618,9.92588959031342e-05,0.342537164436654,0.000790361184197762,0.00648722994848001,0,0.051761157636343,0.389830641310447,0.000191923661588105,0.161093126684659,0.000423261386318168,0.856448027505752,0.00556408567986358,0.000169191767436313,0.612930055071368,1.11688075995005,0.0406009704821638,0.346375799538896,0.488202389375922,0,0.00146605671777042,0.0336231611225682,0.358045584096878,0.0162390506158497,0.195859543571699,0.308227999603939,0.229728131319295,0.0675143090434065,0.00226154521106635,0.00451942880912177,0.000768772717516437,0.011773365392941,0.00279583376848479,0.0027405332711706,0.00596791491228795,0.000544961415065795,4.39522599158883e-05,0,0,0.000292374751296458,0.00453886435942128,0,0,0,0.000301372705770558,0,0.000130879173156708,0,0.00049174631086047,0,0.000369669903255713,0,0,0.00377263045943811,0.0082402082516593,0.000287042681974721,0.012356002542123,0,0.00086628847317416,0.00072598612364469,0.0026623277077588,0.00273704362197374,4.36356058091879e-05,0.096946645589216,0.153245596575102,0.00262746413152137,0.000134053764174021,0.000303276960082287,0.000387823953882548,0,0,0.00438649279908544,0.00742132258844804
6.29558807350606e-05,0,0.00807099023558937,0.0005542158535707,0.000165177752828932,0.00218881000012213,0.0149213065405117,0.00441407493744963,0.000735230892833955,0.0224412691183472,0.770389516627786,0.00676737641828713,0.000765136287767204,0.00669518932415525,0.000118737014203501,5.42785478127301e-05,0.051761157636343,0,0.175521516788619,0.00361997653505652,0.00170228715669953,0,0.00519017292437127,0.00236767000504416,0.000838948749539052,0.123913790333665,0.0127501185975428,0.00742341505775721,0.0147098600320481,0.00244722906170223,0.000979193884334365,0.00490925289652832,0.000297057521172115,0.173381372098289,0.00745851375518755,0.0597145888479955,0.401578313757108,0.505201121651961,0.0872968190919973,0.00275937817287956,0.000820792953832993,0.00239499018336583,0.000331095127336219,0.000455588505886537,0.000428258381252524,0.000331122032238954,0,0,7.29341414525895e-05,0,0,0,0,0,0,0,0,0.000607887620931101,0,0.0235610811369742,9.9411648930544e-05,0.00852652650842084,0,0,2.81134521304488e-05,3.97525552424908e-05,0.0079310630610467,0.000679995662334985,0,0,0,3.36971346025229e-05,0.000213635219211549,0.00105264944224797,0.0487838946418188,0.0279959177315187,0,4.01793517608643e-05,0,0.0188501788711348,8.84867413303616e-05,0,0.000390152362590262,0.00303180015924239
0.00338998451783464,8.20060753535508e-05,0.0889346704385053,0.00017241381864239,0,0.000900239255787408,0.0151594167088907,0.0136427233085843,0.00036356765099642,0.00933143881944346,0.141444150905712,0.00171483792414152,8.6241911050603e-05,0.0262990150071714,0.000383658002322656,0.00270493303925027,0.389830641310447,0.175521516788619,0,0.00185750962462199,0.0256220956339856,3.76566064285457e-05,0.109052551797895,0.00124265998776062,0,0.136923379150526,0.133527907419648,0.00823855666095459,0.0362900295690783,0.0164818487382042,3.72090905568659e-05,0.000964148872389946,0.00611669476718821,0.374075733154078,0.0234911463051567,0.228876857217969,0.314586501910661,0.612632585988497,0.155919498751988,0.00124418968926272,0.00284992388183341,0.000429640635279417,0.00180158029365652,0.000406149667888561,0.000373843747090867,0.00121338360333041,4.57037952921092e-05,0.000160007400574028,9.77515906497719e-05,0,0,0.000732938382898812,0,0,0,0.000135395736488217,0,6.39589433229268e-05,0,0.00266190472953343,0,0.00100789379814368,0,0,0.000849412645135937,0.000386427573023856,0.00167128313318549,0.00153390234457833,0,0.00015833371405552,4.74439311886728e-05,0.000627820145928795,0.000218238269436383,8.95551687476576e-05,0.0379543716635068,0.0519156479401906,2.35104913968563e-05,0,0,0.00187125025696615,0,0,0.000610204050596827,0.0130932638974891
0.000508402280224118,7.06655384635717e-05,0.000157883914026421,2.6611424006946,0.00983733004359607,0.10976503894325,0.0227191915709806,0.104738345679649,0.0968766725211999,1.62632148855802,0.0110322417042308,1.35705496483451,0.000148704334945592,0.0876531711014255,0.033329254553941,0,0.000191923661588105,0.00361997653505652,0.00185750962462199,0,0.000485249657912469,8.50937021909115e-05,0.000486333307363909,0.134622487435813,0.000119329309859061,0.00279062538032122,0.000641519435449815,0.18737046159464,0.0649570417143989,0.00347963126169197,0.000458859487494642,0.0178530050509735,0.000697146477783701,0.0568312874857536,0.00981681302785756,0.154028202810479,0.00364305865318455,0.0208094448791545,0.0055551249580077,0.0989656284234284,0.00882500544669204,0.00551070447991278,0.0143665564774938,0,0.00741012059465466,0.00155188543070998,0.0405190814251324,0.000728717607299373,0.000110826111978788,0,0,0,0.0636813613887313,0.00528006023134127,0.00411188719232175,0.0063847735390171,0.0154658161185573,0.0569977248278161,0.0229786394260114,3.89858496789158e-05,0.0514455241602136,0.00541277363830494,0.00833272002993503,0.0277414868450153,3.38310603771746e-05,0,0,0,0.0452924008386905,0,6.29999679562926e-05,3.88485828978896e-05,0.207710688960973,0,0,0,0.118285575201962,0.00502087494574571,0.000192299710179937,0,0.000477735261551398,4.85565502336502e-05,0.00767174705644606,0.000729852043030745
0.00299722328950668,0.000887909721349794,0.656034735851475,0.000158385446385726,0.001722785696758,0.00444232087923337,0.63460498619011,0.0303873870886435,0.00159425321835282,0.00401739335136071,0.00239546177877389,0.000275581291423678,5.55281268116176e-05,0.0378175627260679,0.0425291950081924,0.500400970277423,0.161093126684659,0.00170228715669953,0.0256220956339856,0.000485249657912469,0,0.0227252389715006,3.6523884791843,0.0313525311973991,0.000131140278770948,0.0409529592065163,0.354179970114604,0.899637991805367,0.0541362025315554,1.89964502271758,0,0.00250393108349078,0.0265222086900756,1.19494595110049,0.262776760375986,1.3830825461561,0.170806603638235,1.15959376264203,0.321650093268767,0.0164842794140943,0.0243307738287216,0.011662688136859,0.0342077758683963,0.00326380677986982,0.00646952917099477,0.00799659880596481,0.00507585166374572,0.000538780301845456,0.000194700555655956,0.000673377066915807,0.00015607239394902,0.00896050010083325,9.78125640161035e-05,4.06646244137645e-05,0.000231928396758801,0.00670092018989028,0.00106506283211025,0.00142455929638,8.43898578327298e-05,0,0.000276741040392122,0.00655433953965148,0.00234876901150307,0.000442583323224252,0.179494520762222,0.0022479452696086,0,0.000824101182974541,8.31403470176459e-05,0.0922099760141352,0.0225316267529327,0.098823795298502,0.0662640908533217,6.73947677991093e-05,0.00354027435420257,0.0687985859808959,0.0620342552862373,0.00616760494561392,0.0175891490160939,0,0.000461940636870664,0.000449625614929485,0.00456048480643722,0.0281132721997835
0,0.499251302635908,0.00188867565711477,0.000279891172600651,0.00399584821974803,0.000830649240118191,0.000156742917734701,0.000524641064854949,0.536492747609302,0.000192916309099978,0.00256761958641061,0.000172239285151231,0.0271009919479206,0.000291506681985917,0.00655659865230734,0.504453158369209,0.000423261386318168,0,3.76566064285457e-05,8.50937021909115e-05,0.0227252389715006,0,0.0372911027708926,1.05887846865109,0.220918106947317,0.000687645461076203,0.913718338476699,0.131298210456251,0.00039769165030112,0.000452535563297749,0.000972939678076607,0.000266212613086655,0.000323711944312864,0.00114751992840913,0.000818449992144712,0.00539617045385897,0.00127641498484344,0.00167747747406373,0.000413974298425078,0.0131093858896566,0,0.00602012022714704,0.0237966298444049,0.00417651143271567,0.00737399894840407,0.00883179961114391,0.00107443448283496,0.000368222846915769,0.000261842033409309,6.12267714379788e-05,0.0238169870628768,0.00578035128958731,0.000117343345781744,0,0,0.0012064124912546,7.65750819865702e-05,0.0033134114046554,0,0.00616718250646674,0,0.00407463304292445,0.000282892286975759,0.000272613092779738,0.200252646995091,0.000916345648779166,8.07037817515372e-05,0.000650590280540663,8.35421200801133e-05,0.0192569742630812,0.209292079157763,0.05722306153832,0.0404056577254432,0.0011366946693071,0.00407441457136413,0.486335207963996,0.0106621547568714,0.000448654370739698,0.00200766267788774,0.00234944259716768,0,0,0.00344374097800204,0.00321584601331943
0.0330703075494314,0.00213989577043947,3.77896742388118,0,0.0040450306269838,0.00510442717194396,0.338519850958357,0.0875470505913086,0.00123690914843265,0.00388997674564638,0.00674565133044017,0.00084297939886376,0,0.176870100325861,0.047131232522431,0.399069750434332,0.856448027505752,0.00519017292437127,0.109052551797895,0.000486333307363909,3.6523884791843,0.0372911027708926,0,0.030649822327536,3.80945083839237e-05,0.246529352648186,3.54015398030618,0.468260820989904,0.203973650348978,1.39965472150739,8.88668702966871e-05,0.00262255459083805,0.0321771685458437,1.56464981582236,0.505982824068408,3.42598570927174,1.24845416243852,1.83689535238184,0.659727494043431,0.0514853482807501,0.0865122196416207,0.0195166271382864,0.122452485404825,0.0145446793324003,0.0295752976673594,0.0468888974554632,0.00229405394458772,0.00079392763179561,0.00037036887247194,8.17082058847307e-05,0.00115712800860342,0.10219447996033,0,0,0,0.00390061273077121,0.000252071861137265,0.00148338096937721,0.000128662700946999,0,0,0.00277877756658649,0.000427127710545554,0.000784239045706013,0.849459642405682,0.00358443072659589,0,0.0018284708671394,0,0.0810603835725718,0.0903466253685821,0.795963716834478,0.0585199200964224,0.000332103165211001,0.0142634409543786,0.728632164089133,0.0356545426445105,0.000758240301458459,0.00450848503804619,8.57918446785214e-05,0.000116783113559807,6.69603304332495e-05,0.0161620579421583,0.111024427469248
0.00315984186554475,0.241405510087041,0.00860749151297754,0.854740836422882,0.0398333693775976,0.0381680588153385,0.174930754271451,0.0774089560712995,3.22448473240291,0.130910406077512,0.00539158653984475,0.0227123278675721,0.00259342543654715,0.0675691741711543,0.0699537034238533,0.10950634383741,0.00556408567986358,0.00236767000504416,0.00124265998776062,0.134622487435813,0.0313525311973991,1.05887846865109,0.030649822327536,0,0.0798494537040415,0.00350217392235071,0.301828386081674,1.38726698981766,0.125583805763744,0.0865140911549222,0.000540548636006278,0.0111520022681244,0.0358969252952502,0.0711448127912444,0.0427357186609543,0.328052392894103,0.0249500812012072,0.0886269974555335,0.027673065133251,0.19984551630716,0.0106984790922625,0.0113275635640684,0.304952162546214,0.00677050666852469,0.133449583171672,0.035196955643642,0.114560723965436,0.0184696145320468,0.000665520848101547,0.0056311513244429,0.00359005208061943,0.003802381437233,0.117677625714883,0.00678157447659267,0.0144148022012052,0.0769884150504149,0.105621777808972,0.440075282662437,0.053213313905326,0.00154009419674773,0.0595324772235348,0.038202537892454,0.113202416738099,0.0360806917811074,0.339203092346594,0.00479124307537423,0.000136167483391768,0.00255538220877574,0.0652988683289305,0.166577069047244,0.163514529933285,0.0885860325326029,2.38386040688267,0.000850309174792236,0.00322582447219613,0.0466724750996981,1.06048320580255,0.108453223014959,0.102125583976943,0,0.0141402836182823,0.0020242956650481,0.0901028332840465,0.0285684226652163
3.17890960896969e-05,0.456059621161293,0,9.22594875488521e-05,0.00163319807038911,0.000364448200073755,7.35773299252745e-05,0.000154953397587666,0.170884873042994,0.000226445451594997,0.0875022480431396,0,1.12937194664367,0.000105571740231949,0.00266790542840955,0.000927656293463517,0.000169191767436313,0.000838948749539052,0,0.000119329309859061,0.000131140278770948,0.220918106947317,3.80945083839237e-05,0.0798494537040415,0,0.131362061436914,1.05581626106809,0.00658897240533585,0.000266829209875953,0.000113055534849685,0.254371516747803,6.00296151303083e-05,0,0.00463229505507906,0,0.000660149879919881,0.00502024595655012,0.0038928322343323,0.000417411333163774,0.00710434375425241,0,0.135374829697635,0.00203497276074499,0.00359010505091182,0.00533818150965461,0.000827992860923132,0,0,0.00183104246403623,0,0.00721072276301879,0,0,0,0,0,0,0.0032345753072587,6.95477864566326e-05,0.18037847998857,0,0.394247029087259,0.000531156598324305,0,0.000398840549521822,8.22853476899503e-05,0.00259807167268857,0.000173146751915765,0,9.53120423422577e-05,0.00484106004796228,0,0.00186494964523784,0.832594729897663,0.100854138257534,0.325961458660122,0.000151146614866736,0.000304497774039048,0,0.184485489846402,0,0,0.00490160639404785,0
0.0096198369059417,0.00451783833028179,1.10228657514277,0.000254330100188142,0,0.00332566499298958,0.0614856181654207,0.0490301195308573,0.000884277052363482,0.0195224036488164,0.475004346097922,0.00535990204836343,0.0374485662699784,0.079319462952875,0.000995236646922193,0.00303326850810573,0.612930055071368,0.123913790333665,0.136923379150526,0.00279062538032122,0.0409529592065163,0.000687645461076203,0.246529352648186,0.00350217392235071,0.131362061436914,0,1.56237142539992,0.0205076568168293,0.0613687912629438,0.0378296087906037,0.166985980591717,0.00604927057168564,0.00526606792192446,0.321590956326647,0.0906686413196189,1.04302155074883,1.49161259397197,0.733575910948159,0.306113764720608,0.00670379590359693,0.0118742059314893,0.0112211142322316,0.0304975787780299,0.0175595293326049,0.0123049688103837,0.0161635596158556,8.58786341374753e-05,0.000121236768809557,0.000656790862367663,0,0.00672642873307438,0.00506655397753267,0,0,0,0.000517332679464099,0,0.00225114696368783,0,0.324484565539459,0.000174433096899978,0.245534299311289,0.000109880276909545,8.84775961777092e-05,0.00186037954270533,0.0148122931865725,0.183803273405623,0.063481502962718,4.62000327529192e-05,0.000334463884518627,0.00359451488315258,0.00206514271522828,0.00661310365273402,0.092217750904587,1.73533640383921,2.40926905476028,0.000475021536581428,0.000660177306854862,0.000120314778894865,0.383745008621021,0.000104157348195398,0,0.0168307797939781,0.0459765423021407
0.00653036700284055,1.05055698944562,4.21770462953177,0.000280400850793737,0.00454966514053782,0.00305010760851202,0.120872441205324,0.0348167531591957,0.203152836070661,0.00283135977381198,0.0239620388681726,0.0003341480550098,0.439433306695939,0.0524579032466303,0.00985448906880088,0.789624194836112,1.11688075995005,0.0127501185975428,0.133527907419648,0.000641519435449815,0.354179970114604,0.913718338476699,3.54015398030618,0.301828386081674,1.05581626106809,1.56237142539992,0,0.455743790009664,0.0312507220738294,0.0779489755711603,0.299240119293206,0.00162387763422385,0.00389587554808957,0.697386353422521,0.249848572028067,2.64088386340578,1.15347723241301,0.866645428543129,0.387618380153753,0.0341123750571341,0.0588011289039809,0.0114457365320185,0.574247799513759,0.112981070380292,0.179846021309718,0.26577018724458,0.0044115399446016,0.00115962955942655,0.0018093296876273,2.27234414908945e-05,0.286424205458104,0.6025523519054,0,7.76586717771832e-05,7.65362001725911e-05,0.0310958607222458,0.000226626277172777,0.010228999608745,2.09582352620602e-05,0.128287295089792,0.000126086115978795,0.189347938017854,0.00163373378840292,0.00153204404828094,0.555544570789417,0.243193345186431,0.125933830636879,0.167352140439642,0,0.0238841046059844,0.274991067933569,0.532555271614095,0.0610696363589671,0.414281573114493,2.57382336926477,14.2299006004016,0.0289758177102768,0.00118696031476075,0.00362257071996902,0.227931913924694,0.000101502402990955,0,0.208339688644088,0.133822309940216
