0,0.000110105549132323,0.00332927896821718,0.00031360180091846,0.000528106739161285,0.00125875818543616,0.452977262565243,0.0958478086231426,0.000544511103527388,0.0114737751983381,0.00104275615607935,0.000538689625487143,0,0.541648573880741,0.000270931356727618,0.000213168262126827,0.0258967551268827,0.00054717171586836,0.000997745551018008,0.000124865760671195,0.0575308170015058,0,0.0878190724220457,0.00281821267130311,0,0.00102473279486915,0.00190999762911739,0.0116359500228924,0.776523630113521,0.998197749692065,0,4.66668707042277e-05,0.0023309089276707,0.0119526321091864,0.00193413826779573,0.0108387770247029,0.0011512637735391,0.0129484332431727,0.00426569665855611,0.000395611031075758,0.000950267600521699,0.000109536702850819,0.000874178219426451,9.85586792390582e-05,0.000129085437413835,0.00016374400197137,0.00015202411628581,0.000172813376929927,0,0,0,0,0,0,0,0.000733045448975837,5.08061153408825e-05,0.000406636457024127,8.14791257316231e-05,0,0,0,9.61532090399739e-05,0,0.000502014532511878,0,0,0,0,0.000778110892347398,0.000106029404238725,8.02619108919677e-05,0.0041194698402847,0,0,5.76364527415157e-05,0.00613550330857413,0.000242845435802186,0.000246480388715226,0,0,6.88564134282351e-05,0.000215471662699622,0.000377365140202904
0.000110105549132323,0,0.00129236625739,0,0.000528740146841502,0.000545874160133681,0.00117412202942618,0.000240093997866184,0.123173266171271,7.58184799795121e-05,0.0631681768551376,0.000139711487046874,0.132398033331715,0.000915234742663199,0.00520966058288906,0.0263752178604404,0.00324401582577867,9.67206962781552e-05,0.000267185226773799,7.93848718931855e-05,0.00469714289383291,0.286853047813637,0.00352931526216043,0.234210748898893,0.203850304407941,0.00918426288765515,0.737607294012634,0.00637106080614318,0.000951125656239147,0.00028209614846437,0.00183566954080675,9.55589149002549e-05,0,0.0286164754589592,0.000647843502251566,0.00464087019318127,0.00818103847889151,0.0132796045076339,0.00138308700770039,0.00171304621074124,0,0.0295050640366006,0.0167911371781588,0.0204009995861295,0.00766917071354038,0.00506277509834196,0.000588406964703584,0,0.00275737831437119,0,0.112041571079772,0.0213453043224997,0.000547117766865,0.000189101793921971,7.24662787663579e-05,0.00119577391089636,0.000313706590911671,0.00325362959107973,0.000350681665337419,0.0084726199653431,0.000478577178231233,0.0360979126843747,0.00154824404988487,0.000116043540054587,0.00446120547068603,0.00750423989734277,0.0013993247934878,0.00226471761188246,0.000570169013744915,0.00194280032424449,0.00369874792989124,0.00706130090763608,0.00938402421247374,0.0113138726508962,0.0246231936897352,0.652271420391363,0.00217447805868027,0.000370574766884983,0.000617701401223234,0.0124937848251172,0,0,0.004309921576957,0.000881366370587602
0.00332927896821718,0.00129236625739,0,0.000351842564249268,0.000478311954997843,0.00305551468340043,0.0804230604391888,0.0225898708941286,0.000169786459087932,0.0128443792996163,0.00265927300833658,0.00595675748178784,0,0.0508969091557335,0.00172550717636661,0.00589311673915654,2.30929870858344,0.0052780079433815,0.032074209968532,0.00243741633663398,0.32182518197234,0.00072187557222799,2.88830980198833,0.010245301412151,9.26092527425173e-05,1.79447795488218,2.63330391023675,0.156596158297635,0.0633806098565838,0.0486064706456239,0.000304492443634999,0.000404934004430681,0.000578465676802272,0.443571879235682,0.0662466128987286,0.647253849830828,0.375409449827029,0.418262539028883,0.331196318513789,0.00552210288270366,0.00187378858538991,8.58362186283468e-05,0.0526847424397442,0.0357442802691888,0.0258973457725839,0.0189278324118212,0.00097145508366248,0.000668345177014846,4.84313239486456e-05,0.000219130667943168,0.00381353262870369,0.364195152937399,0,0,5.22883618709087e-05,0.00526713939344582,0.00298077123633376,0.00043778160727461,0.000183724622716614,8.92521329782728e-05,0,5.84639368250013e-05,0.00427454857518146,0.000439392643682051,0.0058456795371572,0.0223811040899102,0.00085804855055207,0.00409697504411664,0,0.00761169495399028,0.00108062854114003,0.0660228059952956,0.00504342698912923,8.26656982488155e-05,0.0111191675943182,0.711749641900504,0.00671803553943742,0.000425373774314499,0.0011406612905382,0,0,0,0.0144947908679551,0.0307237144501369
0.00031360180091846,0,0.000351842564249268,0,0.00546795141837309,0.0176980660477377,0.0167448613858526,0.0257338810426142,0.452594307796143,0.688583918044758,0.00415732411084846,0.192732495948158,0.000324005238798973,0.0216072617884637,0.0336840549373509,0,0.000809856228965708,0.000611881802128792,0.000525197415051201,2.17395708188371,0.000620210158714941,0.000423631252745736,0.00114054203220624,0.468539965410516,0.000267872478564769,0.000498770683079976,0.000806796178742,0.400934049706291,0.0131405592254486,0.000793745926458698,0,0.000464931975089284,8.47511775927726e-05,0.0181092523993887,0.00312779021268333,0.0459077220143564,0.000728658981589013,0.0146432587053426,0.00267041139450002,0.0588020069787413,0.00403191119386238,0.00117211771871672,0.0143323910738448,5.725133725999e-05,0.0105744046254027,0.0042153600995245,0.078563348224837,0.00147339227383969,0.000952017013078591,0.000439656897798977,4.58739008485138e-05,0,0.311908041573332,0.00273594667544881,0.0176115395605159,0.0413004507492301,0.0335741960477411,0.111977348331397,0.171998014119644,0.000227765575449291,0.145860005475549,0.00036541021755161,0.014500774439275,0.0222804288625934,0,0,0,0,0.125457379128243,3.08816395028919e-05,0.00062547921756782,0,0.245540045343875,0,0,0.000167696733873725,0.349730475744577,0.0114097227499497,0.000144351689646506,0,0,5.80530633679926e-05,0.00725831942079539,0.000474605875777149
0.000528106739161285,0.000528740146841502,0.000478311954997843,0.00546795141837309,0,0.109046259413832,0.0177850689890979,0.00772772092681373,0.0455696721140102,0.0157435696894741,0.00210343828970573,0.0539904888845477,0.000190672189005312,0.00666796517047538,0.214350805862698,0.00303289149868319,0.00205928616905337,0.000774473171181688,0.000126138310920822,0.00382513567314777,0.0259819362934696,0.00153695487832069,0.0206804815714349,0.0299457478330079,0.000153847578461668,0.000601540182477328,0.00281205246083545,0.0403080179243127,0.00256210106406938,0.0240481018197426,0,0.0369302840290303,0.000205182332012021,0.0733073438085448,0.110742941395309,0.0543086050876277,0.00747561947562333,0.00697790008552323,0.0183861361560902,0.54198206081593,0.442909052132566,0.000550769614328354,0.00199355067320362,0.00155793635010392,0.000882248654216666,0.00653452602865203,0.00684986513159199,0.000683858925630569,0.000600153094062996,0.000216969104975808,0,0.000235604443850851,0.00244419771199057,0.000120575755716813,0.000946952567775287,0.0011975083557345,0.00114185124242151,0.00253373191486679,0.00111466924948626,0.000127386318581027,0.00619199860045583,0,0.000921013155448049,0.00134407226007547,0.000827660661065938,0,0.000169591865062458,8.60413703225972e-05,0.00267984147460658,0.00179685787210698,0.000213292815255087,0.00256099171075205,0.00972358188017685,0,7.75782883057238e-05,0.00110967545163307,0.00944569247702115,0.000899427198980447,0.000707828904039696,0,0,0.000133994922134638,0.0003528541508174,0.0706182609487882
0.00125875818543616,0.000545874160133681,0.00305551468340043,0.0176980660477377,0.109046259413832,0,0.41471590983981,1.32252727724999,0.0306678638829354,1.9855472266291,0.028445120636512,0.679684380529936,0.00164448145804354,0.140588652080962,0.259197651338665,0.0002200287082658,0.00498743247278859,0.0115280189864037,0.00537291437838952,0.051923566768679,0.00799484083513779,0.00109038156049604,0.00924014859615973,0.0481005574966731,0.000802471486259024,0.0135213156439208,0.0102038759724995,0.0694369111986056,0.0402545989136453,0.0192314877736993,0.00118238342348506,0.0125226661124663,0.000296601623750132,0.0630608770532279,0.132574731472419,0.224482287624492,0.00726547664231955,0.0434390141977266,0.0354830475130774,0.60374397845251,0.11524956223338,0.00755072198604069,0.0188162050260412,0.00079852667602866,0.00666830673044259,0.0132894637216319,0.0385455687374939,0.00189030928021612,0.00175282887713134,0.000478243222977924,5.11519599430024e-05,0,0.0123058244793695,0.000711126802807015,0.00377440144116552,0.0132221135181335,0.0117846774193126,0.0146950617884148,0.00678518823243984,0.000175422872367889,0.01722972507665,0.000646208041828951,0.0103630873255566,0.00486261361735426,0.000588017858742499,0,0,6.19136083517193e-05,0.00737233971018439,0.000116730454365,7.24512198366404e-05,0.000195579229272351,0.0832090655007596,7.14138068848043e-05,0,0.000375334998549193,0.074213659751865,0.0067736808956575,0.0014217031155385,0,0.000216416275339115,0,0.00543082850694093,0.00951711607084205
0.452977262565243,0.00117412202942618,0.0804230604391888,0.0167448613858526,0.0177850689890979,0.41471590983981,0,1.43406949689053,0.0660285078045545,1.92318767825436,0.0686511583144364,0.0435950729237146,0.00455886291721881,2.39981168620701,0.0461150814790469,0.00104230045015456,0.0798179934457949,0.0305748934735507,0.0183369435375724,0.0124611941726724,0.271909325897476,0.00397455614517879,0.245698060387644,0.371370425847342,0.00185007944524722,0.0473258171092985,0.0653723794647467,5.27112372282726,0.453751057621692,1.17012010985806,0.00438889613862086,0.0110198376420308,0.0162119836065282,0.360013465037976,0.141088335290946,0.954869778933861,0.0423504534816519,0.419579077324326,0.161325944461237,0.117691423642724,0.0690964534041291,0.00992510018122136,0.0960445928632283,0.00223061174242545,0.039298607314518,0.0199226742573244,0.0477130538978337,0.00655246704916687,0.00368844243206074,0.00367321335285537,0.000219015336243099,0.00257646015260301,0.0250937198223463,0.000315318870068461,0.00221001368275905,0.066669362980619,0.0354494374116796,0.0530502363251107,0.0229044060317315,0.000812586068146063,0.0103366007956791,0.000688308955656079,0.0455968431251457,0.00683673041111766,0.008794611751814,0.000361223570578346,0,0,0.0109120716244134,0.0124356228969062,0.00237163845733076,0.00643084247684778,0.390943369158542,0.000112086685416779,0,0.0064601835198884,0.428686553203848,0.0345898160307116,0.0108851225432285,5.19872790480673e-05,0.000326204469613093,0.00255428948598745,0.0171839422362647,0.0220242952279125
0.0958478086231426,0.000240093997866184,0.0225898708941286,0.0257338810426142,0.00772772092681373,1.32252727724999,1.43406949689053,0,0.0354441682251314,1.66432484142871,0.0309181766529698,0.430546549852742,0.0016495583239995,1.0414510128035,0.0230892089230698,0.000631236188935929,0.0743706959355596,0.0118578326486741,0.00806803876035031,0.122140515011669,0.275085278530512,0.000218020425318975,0.320758044234707,0.0983316138627962,0.000664083404133273,0.0170398276859966,0.0262749627211681,0.202940542065287,0.216624151379365,1.07171807557152,0.00149255987655992,0.00651310846586126,0.00922279510649181,0.124843169541431,0.0284181539424905,0.350981364273352,0.0196179507079161,0.104573935509379,0.082920496142293,0.122974484386049,0.0742772730422772,0.0104610167722972,0.0264456200647952,0.00181578239533496,0.0101964339515894,0.0186413559413086,0.0150706368222903,0.00456862752264719,0.00268305242196445,0.000806976726279435,0,0.000347141742844728,0.0191265043060768,0.000175417554768843,0.00180237033881157,0.0307995722602829,0.0145117564716085,0.0231262967638873,0.0163314357252912,0.000260144201173562,0.00726314711892743,0.000245211799301595,0.0101230129927736,0.00293741984302937,0.00161733036282145,7.32237219526291e-05,0,0,0.00744216912110329,0.00250844227802677,0.000296843633793861,0.000810749936767675,0.157857137139341,0.000250721142030758,0,0.000762074297418252,0.141678448965514,0.00801679125008451,0.00255577317365067,0,0.00109811510075971,0.00036726998625063,0.00674326297268207,0.00184161455269276
0.000544511103527388,0.123173266171271,0.000169786459087932,0.452594307796143,0.0455696721140102,0.0306678638829354,0.0660285078045545,0.0354441682251314,0,0.154567023138641,0.0195839125854007,0.362618086905533,0.0414897891671886,0.0269444869663183,0.293480782241594,0.00903176546856982,0.000895388605639628,0.0015939248685296,0.000999319263900069,0.0875144767572458,0.00558821766565451,0.453758401362791,0.00160102257262121,2.94645328461109,0.0410965857862538,0.00296306394390735,0.162864485468531,0.536783580035821,0.0220624306243408,0.00720254970983088,0.000360624011285883,0.00168538178022871,0.00129129110818318,0.0251866763517031,0.0107291304673703,0.0723637703765796,0.00353846988516374,0.0255175749067912,0.00700891960407583,0.199401491102453,0.00584020591492077,0.0051720177644167,0.0385990385845905,0.0068606677907292,0.0126018189505146,0.00697402965555157,0.0489093528007813,0.00231119590164384,0.00194695288568151,0.00187977233001067,0.00544975931232386,0.00219547052594488,0.176325542333171,0.00458847977764599,0.0130238774754567,0.0158744431376434,0.0222656790263014,0.390293149743003,0.0531514482263226,0.0042481952953974,0.108042998340541,0.00805072650031718,0.0221086085769289,0.0256701644466672,0.0591048141972532,0.000936048568699478,0.00270958704738185,0.00104532452221456,0.0477237524921048,0.0285797565117537,0.0714151953801478,0.0107676085091762,0.62641206724041,0.00172657087859777,0.00574843202232826,0.019948661644337,0.288819525468201,0.0175188763496489,0.00522427550904816,0.00377301061310177,0.000355199234799528,0.00124980188698665,0.0061037571054517,0.0071005144358696
0.0114737751983381,7.58184799795121e-05,0.0128443792996163,0.688583918044758,0.0157435696894741,1.9855472266291,1.92318767825436,1.66432484142871,0.154567023138641,0,0.0951670322905253,0.496140040379487,0.00421305642303854,0.783065137905729,0.0395039759745621,0.00019765360140149,0.0164907363966822,0.0374653617825382,0.0228315652316368,1.00716182128108,0.0222278243361672,0.0003211408930942,0.0266902313698919,0.126003987896898,0.00144943916945841,0.0550656028246467,0.0442158013043472,0.600603574035225,0.310393962066635,0.0268911821996602,0.00437253147382568,0.0100034455582725,0.000948757883530389,0.21110835109428,0.0650761665342281,0.528426673194265,0.0190900145400933,0.232977752237047,0.0583089330427119,0.113425434089809,0.0526745388633222,0.00763457757232514,0.021867072875805,0.000719713033303345,0.0118376364804652,0.0103335467516972,0.0436362763650072,0.00273355397706459,0.00167338614556483,0.000994472696500402,0.000176785281376356,0.000210924584211245,0.217206673424244,0.00121995020621977,0.00947475493214223,0.0627813595389727,0.0351244565348327,0.0882244977457206,0.138347929254591,8.18493396223393e-05,0.0685662677345709,0.00105233954356972,0.0167005218585985,0.0119301187789509,0.00108147005574964,0,0,0,0.0947928925112924,0.000766832713984334,0.000857078442168609,0.000339100413472277,0.299702474463342,0.00026637512521927,0,0.000841025623089713,0.376558033558012,0.0154724016631045,0.000385612132050988,0,6.74210538928866e-05,0.000385693891276461,0.00805536015396978,0.00396076665085654
0.00104275615607935,0.0631681768551376,0.00265927300833658,0.00415732411084846,0.00210343828970573,0.028445120636512,0.0686511583144364,0.0309181766529698,0.0195839125854007,0.0951670322905253,0,0.1027147884085,0.33412053087508,0.19294909780816,0.00333139190434078,0.00270409617487236,0.0457483523327521,0.965104912264337,0.0697213531219752,0.0317317763622108,0.0068485021707572,0.0322972930422983,0.0140814196671784,0.0435530693183015,0.159724131073619,0.607404407859445,0.070443704854186,0.0346878076263209,0.290208691581582,0.0163280395900382,0.0800003707503563,0.0442133956494459,0.000385211864148509,1.21363218565026,0.0126734459014542,0.200661824752021,0.400531120144825,0.546193870011162,0.0575592108802803,0.0206353444476491,0.00295179443058561,0.0666810773047163,0.00279833581898831,0.168007766038396,0.00528110767949448,0.00345295040571975,0.00178263757929323,0.000287293048045457,0.131546128559976,0,0.0157545741437421,0.000421988000626749,0.000142370427946979,6.73303582734764e-05,6.93691923318028e-05,0.000566877098416659,0.000247246542548305,0.0069222302414403,0.000112733423578995,0.165145289882417,0.00164532998221553,0.523087188880517,0.00186943831279283,0.000335565970478088,0.000528892186392963,0.000396093708081809,0.0227697202048069,0.00102453898981849,0.000294967627263448,0.000265702952880484,0.0034606094881954,0.000250805129083961,0.013676162896799,0.0906828588827713,0.126306815159019,0.129551622034662,0.00343319400432022,0.00314450062402885,0,0.1276101369702,0.00164771191998659,0,0.0378911556175338,0.00427887599259191
0.000538689625487143,0.000139711487046874,0.00595675748178784,0.192732495948158,0.0539904888845477,0.679684380529936,0.0435950729237146,0.430546549852742,0.362618086905533,0.496140040379487,0.1027147884085,0,0.00628244128274921,0.320937193419167,0.2801289559781,0.000121115751971245,0.00957536243303988,0.039819718560591,0.0207311978576605,0.890378825947729,0.00174461512027729,0.000738845145838514,0.00601677411648941,0.0546393858779634,0.00149481695336572,0.0544408773585015,0.0381879318715102,0.0513922869233075,0.12338962819661,0.00641274252351307,0.00547445464362279,0.00384397394044988,0,0.136159520226546,0.189669961938245,0.299477789424099,0.0149274014886827,0.113579415150952,0.0340572804270283,0.703711897814317,0.0114776216079031,0.0100447108246351,0.0111398887386163,0.0013492426970764,0.00703129249451378,0.0157222874746289,0.174163344478232,0.00219019024814376,0.00270649700015323,0.000123542629382956,0,3.47067672703296e-05,0.141189475913072,0.00531004796893425,0.0250724413517111,0.0110487435586198,0.0274322854496063,0.048910125841042,0.0695994661265992,0.00124551102920978,0.202715013525316,0.00132809401279829,0.016162235588505,0.043110751304221,0.000318278478781533,4.81016647316158e-05,0.000539384951728466,5.4319502284646e-05,0.0800238561386093,3.45805449814767e-05,0.000232490953124898,0.000165567858634635,0.0732851893774804,0.000218877710303805,0.000272612755550912,0.000340051627505097,0.113962464129574,0.00535989234677765,0.000518766419761789,0.000102555260811079,0,2.90885277744204e-05,0.00377093066570262,0.0399602674965189
0,0.132398033331715,0,0.000324005238798973,0.000190672189005312,0.00164448145804354,0.00455886291721881,0.0016495583239995,0.0414897891671886,0.00421305642303854,0.33412053087508,0.00628244128274921,0,0.00763011298274993,0.00136510136450299,0.00859219066063601,0.000179268011820245,0.000628200236648214,3.44359414036393e-05,0.00254549766826453,0.00202791339044749,0.0873565325912336,0.00113794596758234,0.063038091759269,0.45014784013976,0.0116196909735496,0.305457226258314,0.00404058040353078,0.0077826437143586,0.000536660101787695,0.0979499134131541,0.00282926969272848,0.000107285155709547,0.271788484546841,0.000112193744282654,0.0108402190449188,0.19430051751478,0.0826493486703136,0.00135629953409679,0.00341037744552411,0.000476807708383942,0.265983348076775,0.00285941784104356,0.283657705964888,0.00789374664395179,0.0016668403407581,0.000659328699853319,0.000301548381830287,0.143254435125728,0,0.0156521231188177,0.000658179054093826,0.000124042374240148,9.24868293902043e-05,0,0.000282532716049188,0.000457202322692836,0.00200203326068457,0.000121515123726028,0.32310024140131,0.000307560388167405,1.30976546770381,0.00190125438351165,8.56035622687038e-05,0.000206795206320334,0.000410832101958728,0.0229314546195147,0.000997353398610819,4.67238182679415e-05,0,0.00381526476590451,0,0.00327596741090303,0.18795378969071,0.174608989437211,0.203876658811901,0.000383086755922123,0.0060092817927341,0,0.342700594915271,0.00181366247017145,0,0.0391196212905058,0.000183652294704545
0.541648573880741,0.000915234742663199,0.0508969091557335,0.0216072617884637,0.00666796517047538,0.140588652080962,2.39981168620701,1.0414510128035,0.0269444869663183,0.783065137905729,0.19294909780816,0.320937193419167,0.00763011298274993,0,0.0195590540298061,0.00219765802246882,0.250967087754499,0.110126691495682,0.101995262293821,0.113084940935122,0.377220765083441,0.000826332175694272,0.546528731176299,0.116232927792592,0.00149361026883155,0.159112494289215,0.217017418557807,0.269287849361597,1.66627926189945,1.94158445703312,0.00634536471273696,0.00267399649606214,0.0143279737839939,0.299672352360317,0.0418460773514133,0.426685656956204,0.0367135418044801,0.233276236685347,0.0993552801392953,0.0820170199336797,0.0462876155566118,0.0176830501490715,0.0301898418579401,0.00317636941012278,0.0133909631152334,0.0356621688189071,0.0162216447513632,0.00683371844959305,0.00521158964227514,0.00124673543147318,0.000232922768618631,0.00358119674561444,0.00845638322848175,0.000192484354703608,0.00120069025696173,0.0255267750463445,0.0107085071331465,0.0233550900862068,0.00631349513082739,0.000597598505343488,0.00539202373150956,0.00165887741860829,0.0102584038986716,0.00207919384155201,0.00360093770727849,0.000564037498245698,0.000262374705946052,0,0.0041140930590062,0.0034230656153739,0.0013100087854733,0.000858828173963871,0.175026481017918,0.000595324536267644,0.000889881148697093,0.0120741848300707,0.16696314822327,0.0101192353152286,0.00429384381624072,0.000190812149945218,0.00241352987554161,0.000689192155955299,0.00848469821205495,0.00337667134002902
0.000270931356727618,0.00520966058288906,0.00172550717636661,0.0336840549373509,0.214350805862698,0.259197651338665,0.0461150814790469,0.0230892089230698,0.293480782241594,0.0395039759745621,0.00333139190434078,0.2801289559781,0.00136510136450299,0.0195590540298061,0,0.00185249735206087,0.00243413724784717,0.00171754438647269,0.00105419745840595,0.016086619633344,0.0255978166760227,0.0158997276689498,0.0194696624124652,0.173336648587429,0.00159155986863406,0.00257840486607033,0.013342741211652,0.107377797287454,0.0118091335521456,0.0483773042750331,0.000153600353431225,0.00807784794741633,0.000560594293576139,0.0136833027677181,0.48565830710895,0.0453910203188843,0.00983088672833299,0.0279943808772223,0.0260715221764766,0.530973642394052,0.0177970367474117,0.000961593639556453,0.00754401002450596,0.00440715199657152,0.00267576825302429,0.00891388538440727,0.0331369749774294,0.000539650633296937,0.000768405715420895,0.000135031060413289,0.000380509036102819,0.00037212177775811,0.0152296649598894,0.00114622627423405,0.00438999788494401,0.00473729554608632,0.0057057987694069,0.00811201828250052,0.00590479798331833,0.000356051240949971,0.0285916900066699,0.000323159022264302,0.0033704726544976,0.00740227947337663,0.00324058298267432,0.000195096862383568,0.000561529411154556,0.000217359661191177,0.00851720321056615,0.00341929386654132,0.00132384202685287,0.00521328205254174,0.0273316101744038,0,0.000416541686952147,0.00359706464131004,0.0303399651355113,0.00232690865889556,0.000995160313135218,6.48210489554524e-05,0.000104859194967997,0,0.00117915071319181,0.140151993905417
0.000213168262126827,0.0263752178604404,0.00589311673915654,0,0.00303289149868319,0.0002200287082658,0.00104230045015456,0.000631236188935929,0.00903176546856982,0.00019765360140149,0.00270409617487236,0.000121115751971245,0.00859219066063601,0.00219765802246882,0.00185249735206087,0,0.032645992080052,0.000841920562239659,0.00195012817411405,0,0.589675747717041,0.457728497567873,0.673659670952638,0.300429807668525,0.00806037771911923,0.00361220137853816,1.15989050014028,0.067168402736035,0.00267483952477371,0.00381964000522199,0,0.000140761881598782,0.000198991926155615,0.0538212089085268,0.0683704136684298,0.30748131507054,0.105096257218401,0.149714864114835,0.152574074865951,0.00352417428630002,0.000476923012720722,0.00137188576350295,0.107852710395953,0.0199511704360329,0.0483443734125434,0.0433829975057211,0.00615199906860377,0.000707924750798148,0.000153154888217127,0.000598037300756037,0.0042382487377828,0.0355312776552889,0,0.000163186123807967,3.50644533355057e-05,0.00602226625455099,0.00139057864053268,0.00390647205600517,0.000233846188391256,0.000569237444272893,0,0.0021506223676057,0.000971022698100243,0.000959522548741651,1.0911808610013,0.00641750154891232,0.000396002558687866,0.00132636580678991,0,0.368831285136149,0.199852379916414,0.831638098237026,0.193811568792861,0.000535677609235957,0.00311570836997932,0.29335220630633,0.186012510530433,0.00298933338257574,0.0149225153904524,0.000603562917800978,0,0.000856312037505389,0.0185422657963203,0.0338944063838049
0.0258967551268827,0.00324401582577867,2.30929870858344,0.000809856228965708,0.00205928616905337,0.00498743247278859,0.0798179934457949,0.0743706959355596,0.000895388605639628,0.0164907363966822,0.0457483523327521,0.00957536243303988,0.000179268011820245,0.250967087754499,0.00243413724784717,0.032645992080052,0,0.113918628561123,1.4325846058925,0.0032224752148405,0.42823070436289,0.00325107449157883,1.99566625525002,0.0334754115734869,0.000302172520196557,1.20924752979749,1.89617296521433,0.181527527169341,0.355727086487759,0.177315727204659,0.000293416705720353,0.000959320543825566,0.0441724080566129,0.872178271512856,0.0533155267627369,0.434722488795961,0.259649782170008,0.381346964096769,0.217623481773282,0.00575130877272377,0.00307728707735328,0.000367846010834792,0.0133560594577016,0.00928836394395323,0.00650901733044616,0.00539936437143617,0.000488419625374287,6.23235742596626e-05,4.63164381907522e-05,9.84622099657953e-05,0.00334789609910407,0.0788732147955116,0,0,0,0.000894756376861088,0.000132158006341982,0.000906333407938994,0,0.000117466036564112,0,0.000240186006923437,0.000499926202825379,0,0.0300205221504243,0.00648870347045366,7.33703800573706e-05,0.00088314683135574,0,0.0345813214261864,0.00410350062061242,0.0267776401567048,0.0161355985947454,4.06942036547363e-05,0.00770253773544587,0.219745717627399,0.0246605643232976,0.000340263544772405,0.00349644971812041,0,0,0.00014859321825521,0.00342369219363339,0.0178155289170012
0.00054717171586836,9.67206962781552e-05,0.0052780079433815,0.000611881802128792,0.000774473171181688,0.0115280189864037,0.0305748934735507,0.0118578326486741,0.0015939248685296,0.0374653617825382,0.965104912264337,0.039819718560591,0.000628200236648214,0.110126691495682,0.00171754438647269,0.000841920562239659,0.113918628561123,0,0.175533108754584,0.0138564209922033,0.00614910882354652,0,0.0159527106114125,0.00803747901573136,0.001447415412572,0.348661106008591,0.0694259121280645,0.0115142483453872,0.18481570491411,0.0074884681311596,0.0096102930912965,0.0149291432782835,0.000928502330144921,0.366986768886863,0.0262839438563624,0.296584144350573,0.326605139703465,0.369605501616883,0.118528369939937,0.00877878247027885,0.00192662210833595,0.000568223871586078,0.00226309156443106,0.00483884897306131,0.000907084131157689,0.00166348781346576,0.000403123765563944,0.000103419712697196,0.000406168043132156,0,0.000750474208209318,0.000938137365842155,0,0,0,3.9518991462779e-05,0,0.0011043985760008,0,0.000746032622038555,9.79356262832284e-05,0.00211340218424381,7.82740341174692e-05,9.84334830735207e-05,0.000426811735642519,0.00102156881887609,0.00462644141947317,0.00118343786780365,6.20223044543505e-05,0.000292162194718605,4.9701504993552e-05,0.000378794327036443,0.000864547584658101,0.000724719917649215,0.0345679499859042,0.0574546078786605,0.00016003177969243,0.000115344004427397,4.43554709301233e-05,0.00283300879715801,0,3.36803406787873e-05,0.000678208534270788,0.00819969735247483
0.000997745551018008,0.000267185226773799,0.032074209968532,0.000525197415051201,0.000126138310920822,0.00537291437838952,0.0183369435375724,0.00806803876035031,0.000999319263900069,0.0228315652316368,0.0697213531219752,0.0207311978576605,3.44359414036393e-05,0.101995262293821,0.00105419745840595,0.00195012817411405,1.4325846058925,0.175533108754584,0,0.00873553004998866,0.0165687751498446,0.000277393826639515,0.0416217223909571,0.0041422626454662,0.00030282269929229,1.54342805407129,0.258282552101287,0.0105869267730607,0.180201697283956,0.00559933549742781,0.000707378144029292,0.00629062148309058,0.00152411685342196,0.579667964183689,0.0152018190811312,0.186602223501566,0.0923116395344787,0.321177997676789,0.106142703754014,0.00586224474749308,0.00140981074764476,0.000203135576281703,0.00148217315080779,0.000502976785351295,0.000454742344823253,0.00113004986202226,0.000340951380313528,0,0,0.000111546235387814,0.000869348478168878,0.00428438651194248,0,0,0,7.65560232142929e-05,5.79783889539421e-05,0.0011139833225345,0,0,0.000375858802577713,7.21789733592272e-05,0,0,0.00067901161714184,0.000930478112345946,0.000134619603206128,0.000365722179561865,0,0.00113767081147526,0.000335257317145455,0.00113543197230117,0.00252168917886246,0.00012389587119404,0.00525729916272912,0.0291632770498675,0.000534449494686422,2.45930131227642e-05,7.79679780169609e-05,0.000223289110206911,0,0,0.000614961348695481,0.00604932568731748
0.000124865760671195,7.93848718931855e-05,0.00243741633663398,2.17395708188371,0.00382513567314777,0.051923566768679,0.0124611941726724,0.122140515011669,0.0875144767572458,1.00716182128108,0.0317317763622108,0.890378825947729,0.00254549766826453,0.113084940935122,0.016086619633344,0,0.0032224752148405,0.0138564209922033,0.00873553004998866,0,0.00115169241717165,0.000131464643416601,0.00265505910296751,0.0786302626656871,0.000388011999616772,0.017812321827867,0.015213153217419,0.129488499805824,0.0611050986428127,0.00407952706901388,0.0012007510467872,0.00240007889246019,0,0.0435033524761848,0.00629401651241063,0.115670498022076,0.00566318791561738,0.040378504834007,0.0108617177968665,0.0685215450232274,0.00681094116851717,0.00289455211636997,0.0122029148206484,0.00024383690351252,0.0059890828745148,0.00514530811884613,0.0447901506601077,0.00192004349266615,0.00126631061721499,0.000151528833924902,0,0,0.13763307937996,0.00135800979434852,0.00887576472310979,0.0303233818015574,0.0211167943538725,0.0349890778489233,0.0732380942302677,0.00031770010779539,0.0588994450537909,0.000483954344876042,0.0123715211307511,0.0111011098921811,4.90222752066314e-05,0,0,3.32020509199768e-05,0.0514246232271457,0,0.000396709945298553,0,0.12949504993859,0.000115104637221273,0,0.000490032007143408,0.184989490178037,0.00776678140305413,0.00025451192887125,0,0.000260327644659012,8.59416128941774e-05,0.00449699464071489,0.000778913797357083
0.0575308170015058,0.00469714289383291,0.32182518197234,0.000620210158714941,0.0259819362934696,0.00799484083513779,0.271909325897476,0.275085278530512,0.00558821766565451,0.0222278243361672,0.0068485021707572,0.00174461512027729,0.00202791339044749,0.377220765083441,0.0255978166760227,0.589675747717041,0.42823070436289,0.00614910882354652,0.0165687751498446,0.00115169241717165,0,0.0331012148307284,4.5839162428486,0.0975354555797108,0.00168079684007029,0.0331317232440986,0.47082523918431,0.779632192626856,0.369705227317569,2.73986330845608,0.000125557588972151,0.000956835608356691,0.0844889487149108,1.12935162297713,0.357681688436391,1.19644163549908,0.317560859468484,1.14361273915839,0.831329313227694,0.0212255779004522,0.00988871984330849,0.0010715324413698,0.0413532306811758,0.0103777911231158,0.0139380250837928,0.0178350434223708,0.00461912685676042,0.000587703678025609,0.000346282134260658,0.00137683711861555,0.000813005036575888,0.0283739600563389,4.45214840008617e-05,0.000286015688697892,0.000103243652739066,0.00784599906245241,0.000566468669413414,0.00389170112261779,0.000176852927985835,0.000212947212362015,0.000103144228230655,0.000714322976269424,0.00177704266244013,0.00212241689647324,0.288919413200601,0.00464216319976925,0.000140382676587551,0.000744539247771245,0,0.282958496690518,0.0547946316862583,0.231590399128505,0.172284049389055,8.47400452949406e-05,0.000998293838348828,0.0988181812648982,0.225638899805859,0.00926704510562675,0.0321588409756831,0,0,0.00176581241315697,0.00741713811066388,0.0963941701302839
0,0.286853047813637,0.00072187557222799,0.000423631252745736,0.00153695487832069,0.00109038156049604,0.00397455614517879,0.000218020425318975,0.453758401362791,0.0003211408930942,0.0322972930422983,0.000738845145838514,0.0873565325912336,0.000826332175694272,0.0158997276689498,0.457728497567873,0.00325107449157883,0,0.000277393826639515,0.000131464643416601,0.0331012148307284,0,0.0303706638240679,1.51106397754656,0.112346034185401,0.00228030088605347,0.592774333429492,0.0375959043287411,0.000596379247378299,0.000809286666678153,0.000440011838414216,8.40109938006608e-05,0,0.0143012818219484,0.00140530531836161,0.00842780223270029,0.00437841725559367,0.0104818627524776,0.00334484616645625,0.00722799109206701,0.000163022623599214,0.011070323353787,0.0315694263464828,0.0132193888779779,0.0143400157219023,0.0127628166679693,0.00229989408139959,0,0.00296180799177241,0.000167655460913718,0.0223714884388224,0.0132949791162083,0.00119542261187876,4.32496474770069e-05,0.000146542367152727,0.00118026649688191,0.000219661869180653,0.0172969449647676,0.00067000214270187,0.00548886420830243,9.63785457199696e-05,0.0177523060437077,0.000445246371637952,0.000357875929913258,0.292011848407431,0.00291052691587281,0.000694856276845038,0.000899473053010988,0.000233228521442694,0.0674990731542666,0.109790301643953,0.123423009917162,0.0801051468019727,0.00241133982511074,0.00669389103797486,0.234676180783019,0.0452206833674406,0.00138381926297969,0.00236286754059964,0.00715818596150602,0,0,0.0066732437266696,0.00403994979830735
0.0878190724220457,0.00352931526216043,2.88830980198833,0.00114054203220624,0.0206804815714349,0.00924014859615973,0.245698060387644,0.320758044234707,0.00160102257262121,0.0266902313698919,0.0140814196671784,0.00601677411648941,0.00113794596758234,0.546528731176299,0.0194696624124652,0.673659670952638,1.99566625525002,0.0159527106114125,0.0416217223909571,0.00265505910296751,4.5839162428486,0.0303706638240679,0,0.129170894878947,0.000926174038100771,0.257523712012302,3.27747470328808,0.881626735216032,0.566740607921577,1.08947993208012,0.00061584450794977,0.00118926353242702,0.0710929404933786,1.73194463179093,0.519651623881461,2.6074564614046,1.19987227804778,2.21481604255899,1.70506429141411,0.0404165874398111,0.010614965978012,0.00358441374938014,0.123162163706264,0.0268418640269739,0.062771178740208,0.0540467720106123,0.00683239939315451,0.00112346036488477,0.000416689770228159,0.000405721668088719,0.00266903113550642,0.223103668679224,0,0.000747836756611705,0.000195042956705415,0.00626172830867289,0.001502739763215,0.00205025358859662,0.000362793646423322,2.48093974469036e-05,0.000274699582536823,0.000239939162698758,0.00195416137460677,0.00197924039393567,0.631558510785226,0.0120066152436878,0.000564247408871856,0.00191915712734657,0,0.27416019006247,0.0663537863073289,0.854862734780684,0.124286376128328,0,0.00431513820090847,0.643575514410145,0.156583422921553,0.00222917176305491,0.014374725038519,0,0,0.000365361002397144,0.0280669641750915,0.213597435544567
0.00281821267130311,0.234210748898893,0.010245301412151,0.468539965410516,0.0299457478330079,0.0481005574966731,0.371370425847342,0.0983316138627962,2.94645328461109,0.126003987896898,0.0435530693183015,0.0546393858779634,0.063038091759269,0.116232927792592,0.173336648587429,0.300429807668525,0.0334754115734869,0.00803747901573136,0.0041422626454662,0.0786302626656871,0.0975354555797108,1.51106397754656,0.129170894878947,0,0.0760880612977179,0.013641147143276,0.63283287792984,1.18253284138723,0.0954818081042117,0.0499826667997311,0.000708500120943663,0.00375858312318796,0.0112557843595747,0.148070596931862,0.114252690540378,0.503420328130202,0.0593103998481743,0.188394227684978,0.0989829657148659,0.144826692889677,0.019481652346444,0.0138015012944297,0.332352300566511,0.0280027332633363,0.114933049886125,0.0468783026653734,0.126494395579189,0.0155464434675709,0.00681657576213845,0.0241492175937223,0.010598364919488,0.0192625624703231,0.165820773174539,0.00355612003164259,0.0121586191476245,0.180130038648609,0.123144522648957,0.530674037945835,0.103874684715781,0.00572912002809567,0.0557345642388783,0.0112557667604197,0.168878155172066,0.0293041034563806,0.37277131102095,0.00546009799954292,0.00145604698175693,0.00156846304135649,0.0537654943140659,0.284012832689254,0.259586198694179,0.167654872265536,2.79653435591581,0.00190767799755402,0.00445858443022064,0.111486878867362,1.69868639016667,0.157689096993917,0.0982997912522517,0.00435850254616937,0.00127235548914175,0.0115260631474794,0.0596155961439953,0.0372960142648003
0,0.203850304407941,9.26092527425173e-05,0.000267872478564769,0.000153847578461668,0.000802471486259024,0.00185007944524722,0.000664083404133273,0.0410965857862538,0.00144943916945841,0.159724131073619,0.00149481695336572,0.45014784013976,0.00149361026883155,0.00159155986863406,0.00806037771911923,0.000302172520196557,0.001447415412572,0.00030282269929229,0.000388011999616772,0.00168079684007029,0.112346034185401,0.000926174038100771,0.0760880612977179,0,0.0210653122079692,0.65314451461868,0.00413750553321686,0.00121256457648649,0.000511824061618984,0.051169461771337,0.000515461294806057,8.2724501955593e-05,0.112765135910927,0.000231299003721535,0.00558335387990561,0.0206758063780302,0.0221561132248736,0.000300855151160801,0.012161159281687,0.000305620873724884,0.261477273758824,0.00268286128255413,0.0280447963953029,0.00284503566929588,0.000896170896972049,0.00245952597171503,9.01522209869865e-05,0.0297631802350175,0,0.0268953161631822,0.000785973687664399,7.57405972198963e-05,0,0.000338361278606221,0.000657383680829281,0.000635303769120258,0.00158715364495301,0.000734866377767244,0.0504261787447731,0.000334683217112577,0.311675006799933,0.00109476683529954,0.000230838689362931,0.000323879068956423,0.000435094582519507,0.0052984320044575,0.000585852592610109,9.27501508750497e-05,3.96161767420888e-05,0.00107368692636656,0.000545133488362927,0.00251820679224419,0.206574767139939,0.0514858591175321,0.234806276564252,0.00218009753180443,0.00120043556175356,0,0.0679336106042723,0.000364763524994874,0,0.00935838139082948,0
0.00102473279486915,0.00918426288765515,1.79447795488218,0.000498770683079976,0.000601540182477328,0.0135213156439208,0.0473258171092985,0.0170398276859966,0.00296306394390735,0.0550656028246467,0.607404407859445,0.0544408773585015,0.0116196909735496,0.159112494289215,0.00257840486607033,0.00361220137853816,1.20924752979749,0.348661106008591,1.54342805407129,0.017812321827867,0.0331317232440986,0.00228030088605347,0.257523712012302,0.013641147143276,0.0210653122079692,0,2.69185102977109,0.0288073329863576,0.242182399908057,0.0169902939749678,0.117075919698262,0.0145062035346003,0.000811933608776299,0.437915829061208,0.0660254036196269,0.798677573197031,1.22443108890706,0.779852502303647,0.344433573404948,0.0126719963380919,0.00375322571283738,0.00110524216794006,0.084915299949213,0.0927145877873505,0.0415988897995543,0.0310412192593021,0.000561738856604812,0.000363391288005322,0.00186167162874608,0.00069151102134659,0.0247902264192117,0.15839849679242,0,0,3.66783446460366e-05,0.00174090677218394,0.000969316321155184,0.00498539498637222,9.63585659588877e-05,0.0163819343730419,0.000527454482735908,0.100195813959723,0.00647635995490293,0.000628120274278679,0.00254642221905308,0.0515995789032879,0.0780618704483102,0.0291262083975559,0,0.00233024603148668,0.00670634657426775,0.013009397837956,0.00771821139283872,0.0167955401045635,0.577087323077957,1.6181419848513,0.00303754582986073,0.00190252804653501,0.00278158130258244,0.0878890465984414,9.12528362942099e-05,0.000132616106554499,0.0240686398694372,0.0279691788576318
