0,0,206.620570629835,11.369261264801,0,10.8772527575493,6839.25882399082,768.456399708986,8.49059647321701,24.4681783616543,10.5650781393051,7.26783961057663,0,14220.5674776435,0,1.00224637985229,475.822228938341,0.54189920425415,15.3774543106556,1.12910425662994,52.2755637466908,0,231.441030591726,27.6634698212147,0,83.8615217506886,25.3391051888466,140.478747218847,7692.75176632404,4137.70600995421,0,0,4.32798999547958,91.8110346794128,0,14.8135614395142,4.24483805894852,71.6615232229233,8.82746458053589,0,3.42381179332733,0.807438552379608,3.64774113893509,0,0,0,0,0,0,0,0,1.55234616994858,0,0,0,0,0,2.52177137136459,0,0,0.515500366687775,0,0,0.753918170928955,0,0.664569020271301,0,0,0,0,0,0,10.2054006159306,0,0,2.13759931921959,7.60906720161438,0,0.644520819187164,0,0,0,0,2.19995856285095
0,0,5.58722788095474,16.2979963719845,13.4026971161366,21.5920049250126,0.480138212442398,5.7090135216713,868.9498898983,7.50947573781013,16.4332594573498,31.3156715035439,1500.49742156267,0.58236026763916,62.5658382177353,67.3555659353733,15.440504103899,1.03515768051147,19.7296591103077,8.63795232772827,7.22345140576363,3114.98416629434,9.70130586624146,1259.08157470822,4133.91229897738,97.7028540074825,21734.9703318477,12.196673065424,0,0,20.7263022363186,0.33148929476738,0,7.90633326768875,8.84855455160141,42.4224973320961,29.2863897681236,25.5921308994293,8.15758502483368,114.426920324564,0,615.233155846596,75.16316395998,28.2310051620007,31.1947534382343,29.9651755094528,0,3.48588222265244,31.3884863853455,2.82644617557526,253.452222168446,29.6288422942162,0.357947885990143,0,0,12.0913243889809,2.37684321403503,6.86235445737839,0,63.387494802475,0.538146913051605,156.266566455364,8.61428344249725,0.666762828826904,14.4689029157162,38.85513651371,9.44662463665009,40.9095103442669,0,5.3537472486496,22.8182902038097,22.1618800163269,25.6265088617802,36.1914715766907,232.726708799601,1325.25898876786,7.77354398369789,4.68236774206161,9.0916500389576,26.9773025512695,0,0,29.6422024667263,8.10796016454697
206.620570629835,5.58722788095474,0,3.11416155099869,1.81007334589958,53.1154207885265,1324.13520422578,3301.31991708279,14.5703476071358,35.7501816153526,68.8070738911629,10.4947685599327,9.77025282382965,3654.40282410383,1.7765628695488,124.724922269583,4623.40104797482,15.2520986199379,136.286044687033,0.629607498645782,4849.97022360563,19.3966322541237,33135.0910517275,117.506946861744,0.605785012245178,18081.0762659609,42444.1284166574,2058.26045465469,1068.69268897176,2385.24726817012,0,3.96742784976959,31.1671772003174,293.844747692347,96.2011265158653,595.218058288097,295.879140734673,509.889897584915,275.630408734083,21.8267543017864,19.9759160876274,11.1002938747406,315.652368992567,35.9829252958298,143.049589931965,86.6273906230927,10.2443980872631,1.21594667434692,0.480564385652542,5.18414923548698,41.8145916461945,837.313548982143,2.5403379201889,0,0.390294253826141,62.6105344295502,0.546016812324524,5.09681236743927,0,15.1245183348656,0,0,27.0404371023178,0,315.711575716734,231.176304191351,2.45678901672363,73.0283639431,0,61.408498942852,42.1299515366554,467.134936571121,122.134428799152,0.946258306503296,202.60422873497,2137.84629571438,115.890052646399,10.7707170546055,47.6479447185993,0,0,2.52104640007019,69.2784367203712,53.4172692000866
11.369261264801,16.2979963719845,3.11416155099869,0,102.478394716978,478.705976992846,289.436281383038,559.877944082022,4420.42327854037,13918.7288340628,100.224949866533,10488.2784985006,41.6731370985508,383.388522654772,409.975716352463,3.96381565928459,11.7262278199196,33.7047442495823,89.5583297014236,19145.2008338571,7.44068115949631,141.197102040052,15.9558060765266,12494.5097259283,34.5766601264477,43.6330873072147,253.797747284174,3924.21277245879,662.188819050789,38.7561537921429,3.10091930627823,16.3332607150078,20.2118423581123,458.129561334848,1086.61999353766,3413.04024606943,58.3751757740974,772.3532576859,113.960694462061,1762.65417018533,197.082897663116,74.4959720373154,590.151105523109,1.60142916440964,56.1617128551006,7.65240308642387,335.588195919991,2.155178129673,1.68697822093964,8.00206848978996,0,0,1056.63115435839,5.17441567778587,53.5804395377636,116.828820973635,70.1629844307899,637.09461414814,116.440845966339,92.7937617003918,340.941953003407,4.2954914867878,86.608745187521,201.268694102764,1.70844227075577,0,0,0,423.912342935801,0,24.5790076851845,0.891687035560608,1181.66196265817,2.87593805789948,0,14.5795168280602,1088.53584724665,51.1020614802837,2.40985840559006,0,3.66716066002846,4.37609231472015,26.6839587688446,104.731200754642
0,13.4026971161366,1.81007334589958,102.478394716978,0,1527.42516088486,51.1392033398151,115.426792144775,659.383492052555,165.315434634686,4.51859444379807,576.3513481915,12.0630265474319,13.4602595567703,6971.93961951137,21.2056760191917,3.40852475166321,0,3.87365472316742,99.3133324384689,56.7690996527672,106.376213788986,82.3272346556187,249.932294726372,23.3741872310638,2.90475022792816,133.649711102247,151.04784449935,9.02402606606483,1.80407020449638,0.760533928871155,429.302815973759,0.89531397819519,1018.12050679326,2831.42367240787,1569.28295907378,29.1925455331802,39.7961216568947,26.4188440442085,11619.4199931324,2819.9583235085,25.180949151516,27.3075196146965,21.5637485384941,0,36.5199183523655,10.718290746212,0,0,1.4044862985611,0,0,21.9013152122498,2.10530298948288,0.467112332582474,4.01463034749031,1.48393452167511,14.8360677957535,4.53858906030655,14.7103392481804,3.71718633174896,0,1.8965205848217,15.0018761754036,4.55583691596985,0.910735368728638,2.40067571401596,2.73641884326935,9.80711129307747,1.60429120063782,0.767013728618622,13.9071587920189,29.1786834001541,0,1.45184004306793,16.1515810489655,35.7246970236301,1.19180929660797,0,0,0,0,1.75224512815475,713.145003259182
10.8772527575493,21.5920049250126,53.1154207885265,478.705976992846,1527.42516088486,0,15578.8762747943,10744.6250972599,1624.26577162743,32211.0888881981,220.822664231062,12232.7102297544,55.7099429666996,542.491642221808,5903.327301085,15.8202551007271,58.2372588813305,56.8250595033169,86.5828661620617,528.115303188562,135.243268698454,135.892501652241,115.203030586243,672.9241065979,37.3968957066536,62.5831057727337,246.084491193295,2326.48167449236,310.446921527386,105.104994356632,5.21469169855118,142.439213246107,9.6300767660141,802.953893512487,6439.86846619844,6875.43326795101,110.199446380138,589.580005943775,111.202506452799,5236.73870024085,1394.8401030004,187.866195857525,182.294060915709,6.90090915560722,23.9923337697983,11.8957506418228,103.288679838181,1.06956422328949,5.59165766835213,2.04664945602417,0,0,211.139390826225,2.97695744037628,15.8573851287365,27.1488956212997,19.032771140337,118.261006504297,16.4812582433224,147.368176013231,98.8270239531994,3.83290928602219,20.8907745480537,69.7572599649429,2.31663078069687,0,0,0,66.7726657688618,1.35237860679626,1.07433319091797,7.39719486236572,262.364276617765,0.714379370212555,2.13609081506729,5.48963385820389,257.464135468006,10.8137067258358,3.94642680883408,0,0,2.95330142974854,7.12992665171623,460.749257594347
6839.25882399082,0.480138212442398,1324.13520422578,289.436281383038,51.1392033398151,15578.8762747943,0,27729.0811153352,662.114788979292,36990.3935276419,443.580321013927,833.783960402012,83.6416717767715,35740.7629300356,122.144395142794,12.9005107283592,528.598339349031,169.334616452456,395.278189450502,126.566815048456,1242.09859976172,6.79870799183846,1845.76146605611,5286.05842143297,1.4523304104805,419.976281523705,468.152900397778,67707.9227983057,5273.59749060869,11295.9187941253,12.4297127127647,51.3633437752724,91.5302791297436,1426.05284410715,654.142626643181,3138.69912719727,181.451446413994,1558.31945568323,220.842550754547,366.902095228434,273.634034723043,72.4387223422527,328.209796339273,5.42892354726791,39.2214316129684,8.26913285255432,75.9534957408905,2.42594414949417,11.0927917659283,6.55946868658066,0.448220819234848,6.36998701095581,173.857862204313,3.51147377490997,13.7911705672741,64.3651920557022,34.496065735817,118.562137931585,26.7015495896339,50.3661965429783,61.7544020712376,9.30559712648392,69.8863727748394,31.8979026973248,56.8555334210396,0,0,0,49.5616811811924,7.33569520711899,7.55480656027794,55.7512162327766,555.396189898252,0.728484869003296,2.17598837614059,100.24403360486,504.468416213989,56.7846679985523,2.18665283918381,1.08013594150543,0,3.2658075094223,28.2035000920296,78.3176878094673
768.456399708986,5.7090135216713,3301.31991708279,559.877944082022,115.426792144775,10744.6250972599,27729.0811153352,0,622.633245676756,15601.6463555694,575.344093590975,5858.9094427228,126.799326688051,16968.8681626916,564.789461344481,41.8789340555668,3681.5143288672,154.290396213531,419.00898322463,495.074732169509,1588.95976805687,32.2008998692036,2996.83753195405,971.017109364271,11.2423951625824,1388.37426280975,728.318173378706,8850.79180827737,3642.922614187,7570.07667377591,7.24168747663498,499.120786726475,42.2908322811127,2254.20175665617,418.075377613306,3797.77154493332,175.77951541543,1028.3065328598,248.789924710989,1503.33888232708,469.260773867369,143.76181191206,177.958406984806,8.7341413795948,30.7150047123432,8.40738761425018,61.7835706472397,0.638757348060608,14.910387814045,6.67979738116264,1.33109891414642,12.7002494633198,84.9423848688602,0.50630247592926,4.05198326706886,51.1522426903248,5.00643488764763,96.8625509440899,19.0809213519096,105.848117679358,45.8364190161228,18.2994783520699,18.8254269957542,40.5852438509464,36.3033239841461,0,0,1.90220540761948,30.0269447267056,2.96603938937187,4.03548836708069,50.4512222111225,514.885412439704,0,9.74534499645233,91.4540907740593,288.031927838922,24.2947304844856,3.40538075566292,0,0.625048935413361,5.0031144618988,10.7197109758854,49.2906310856342
8.49059647321701,868.9498898983,14.5703476071358,4420.42327854037,659.383492052555,1624.26577162743,662.114788979292,622.633245676756,0,893.435440212488,50.5863783061504,3882.93246760964,922.590369433165,222.422375977039,4844.6705750227,293.486290603876,31.9886540472507,17.3043054938316,52.9344539344311,1164.73801359534,110.799028128386,6791.79386290908,65.7065694332123,31671.9713979661,1466.61941558123,103.090492844582,5653.18020039797,3423.29432818294,563.272113054991,76.1135093867779,35.1819858551025,37.5598389208317,55.7567226588726,226.431068569422,427.236635267735,1127.6664571166,71.5765312612057,392.82669749856,48.874180585146,7471.61936381459,80.3317999243736,196.468281686306,663.586859107018,32.5780423879623,172.030579030514,17.0372104644775,206.56676825881,17.4664767980576,13.8048675358295,58.4825918078423,20.6963703632355,2.9158496260643,809.969895929098,10.1559696793556,56.7530298233032,354.099565058947,145.510718792677,1648.36574953794,121.225369215012,95.7899659276009,259.89376488328,46.8818787038326,516.781682729721,184.245336681604,546.382826507092,7.77761918306351,12.1703954935074,13.2099623978138,184.096881955862,71.7693266570568,579.287634968758,112.281495571136,4756.97163411975,23.1947478950024,46.266336619854,165.207899719477,1953.78570830822,372.564830809832,116.960399150848,4.17977344989777,14.0174632966518,38.9184227883816,116.579874902964,307.471062451601
24.4681783616543,7.50947573781013,35.7501816153526,13918.7288340628,165.315434634686,32211.0888881981,36990.3935276419,15601.6463555694,893.435440212488,0,959.820178359747,6925.81761288643,190.199175447226,2993.32301874459,384.375360161066,8.79429739713669,67.3714618086815,370.654986858368,717.39788621664,6972.91178119183,69.3042708486319,31.0577647089958,88.6803892254829,1001.7346432209,10.2030947506428,316.317227602005,210.375443249941,9477.95131230354,2111.74146917462,183.976257234812,38.2350309193134,125.460685312748,27.6337538361549,2026.16731509566,1806.60666978359,13616.3994227052,358.369929403067,2703.58771726489,236.88704174757,2264.57520577312,734.748756974936,194.625958323479,866.848114609718,14.5917030274868,5.24554094672203,11.6318452358246,36.9978434145451,1.27675211429596,14.2057076096535,0,3.16086193919182,0,57.0345043838024,0.681858122348785,2.00716260075569,13.8838785290718,1.07648384571075,81.240429520607,5.62980848550797,98.6750215888023,46.1545555591583,12.5341834723949,8.94761654734612,27.1803216636181,1.24610742926598,0,0,0,21.4437323510647,0.354410469532013,2.61866295337677,4.41099661588669,188.237182915211,0,0.912985295057297,3.18844401836395,96.7628445923328,4.4423049390316,0,0,0,0,3.79018837213516,135.927552819252
10.5650781393051,16.4332594573498,68.8070738911629,100.224949866533,4.51859444379807,220.822664231062,443.580321013927,575.344093590975,50.5863783061504,959.820178359747,0,602.542350620031,9496.99912256002,396.668352305889,21.1523218750954,17.2258681058884,571.668480843306,20248.1906018257,7044.09976029396,61.6156897842884,131.830049186945,8.79448807239532,486.373924136162,115.116882175207,630.045877814293,5519.27518573403,676.185142308474,527.18587231636,1810.9108813107,143.805348575115,152.828112006187,280.175451695919,12.946134775877,10015.5118822753,118.088592797518,891.85165399313,1496.94131371379,3637.90147608519,628.759354233742,74.0586179196835,38.8822278678417,3235.25389838219,77.0491338074207,488.174124985933,90.6722409129143,10.7991280555725,7.05894827842712,31.7000059485435,1116.15936133265,0,54.5272350609303,27.1865971684456,1.9445159137249,0,5.50828021764755,5.09814590215683,13.8209437727928,20.6095171570778,3.2835077047348,2836.40187913179,10.0661390423775,6697.66692316532,6.67548173666,3.27553382515907,6.10648587346077,12.9541530609131,118.022204041481,21.8456415832043,5.3443001806736,3.54604825377464,28.0018308162689,11.4063235223293,34.2896896600723,358.772434204817,812.473914414644,534.377648562193,10.6790562272072,44.0923482179642,2.31092664599419,1214.22183609009,25.7849169075489,0,199.869395107031,61.4573177397251
7.26783961057663,31.3156715035439,10.4947685599327,10488.2784985006,576.3513481915,12232.7102297544,833.783960402012,5858.9094427228,3882.93246760964,6925.81761288643,602.542350620031,0,179.997659027576,849.773420661688,3312.5310766995,4.12202948331833,29.9746776521206,215.122917056084,294.194713741541,15122.4610690475,37.9614025652409,230.415995746851,28.246983319521,3118.30131116509,76.5238915979862,159.614751636982,407.589877605438,1287.50281170011,658.866943985224,56.6759181320667,16.4206061959267,109.918911874294,2.81128370761871,807.285050451756,1982.95570757985,7695.60305953026,205.823979526758,1260.10934731364,94.6036874949932,5525.91182562709,312.856357336044,205.811835348606,324.055940449238,4.11840480566025,28.851219534874,7.87329244613647,220.613156706095,3.67373621463776,13.822461605072,2.24925178289413,5.04670917987823,0,466.163245081902,2.14398294687271,61.465477257967,40.0852737724781,92.3005104959011,206.878814935684,104.58777731657,166.274705857038,462.975634992123,9.6925528049469,66.539102435112,141.358684420586,5.68377459049225,0,2.91091120243073,3.99452343583107,180.598271965981,0,1.45354461669922,2.02668023109436,434.994139432907,1.05026471614838,5.87339153885841,3.17428016662598,466.380474060774,32.8013962507248,0.440950602293015,0,0,1.60958242416382,20.1421529650688,197.992071181536
0,1500.49742156267,9.77025282382965,41.6731370985508,12.0630265474319,55.7099429666996,83.6416717767715,126.799326688051,922.590369433165,190.199175447226,9496.99912256002,179.997659027576,0,70.9440779089928,74.3455182015896,14.8945533633232,17.9499242305756,55.4385689795017,7.92646899819374,21.0248830318451,10.0714421868324,724.937460720539,17.8896282315254,457.300411164761,10058.5198638141,510.672833710909,1889.47808325291,131.459421306849,229.38787099719,16.1173411607742,222.022791951895,47.9351149201393,0,2768.91560205817,21.4069466590881,202.421700417995,397.535569310188,807.517973303795,83.3419952392578,154.712091207504,16.6197335720062,3764.3471249938,109.972099870443,1439.1027238965,120.020976006985,33.5932720303535,8.35103777050972,35.3195236027241,2910.03817534447,0,115.016450107098,1.11528408527374,1.43404269218445,0,1.67874106764793,2.43092560768127,13.9369886219501,19.1527237296104,4.50972551107407,5438.95153790712,5.86266604065895,17401.4418624938,6.56331494450569,5.0049761235714,9.6220560669899,0,324.40494325757,13.6155245602131,4.24752217531204,0,58.7084045708179,0,13.5811958909035,2673.09173941612,2617.93777212501,2882.22414183617,3.91106367111206,49.0325215160847,0.71577912569046,3855.22294899821,28.5360070168972,0,227.453057438135,3.33482980728149
14220.5674776435,0.58236026763916,3654.40282410383,383.388522654772,13.4602595567703,542.491642221808,35740.7629300356,16968.8681626916,222.422375977039,2993.32301874459,396.668352305889,849.773420661688,70.9440779089928,0,42.6060322225094,17.4161895513535,6826.34979638457,114.459973365068,554.23826995492,94.409071803093,1243.67628073692,4.4649364054203,3309.45751824975,709.467509835958,4.28629586100578,1554.196934551,675.573898762465,5049.20250251889,20594.4816659093,21397.7129146755,5.20771646499634,394.812409996986,95.0613425076008,2296.3563747108,80.0531363487244,558.716029733419,138.202320188284,1027.39568677545,143.872244000435,114.918464571238,99.2466462850571,45.1321538686752,101.787633389235,3.66671133041382,34.7707781493664,2.59041541814804,32.121758043766,2.75209870934486,5.35200816392899,10.7368555366993,1.76496148109436,15.803408652544,27.5620853602886,0.372291564941406,0.674171626567841,40.7254856228828,5.60001721978188,66.6852909326553,2.44329684972763,45.4283581674099,8.13621634244919,2.90759611129761,32.4352165460587,6.11111462116241,31.5186752378941,3.9007725417614,0,2.2510786652565,9.95429360866547,5.19591191411018,2.53414404392242,33.3218995630741,511.94337117672,0,8.72138074040413,76.3501632511616,277.737537145615,35.1476376950741,2.99673157930374,0,0,6.62877315282822,18.0343741178513,25.4867506027222
0,62.5658382177353,1.7765628695488,409.975716352463,6971.93961951137,5903.327301085,122.144395142794,564.789461344481,4844.6705750227,384.375360161066,21.1523218750954,3312.5310766995,74.3455182015896,42.6060322225094,0,14.3394401073456,10.7961573302746,7.10895898938179,8.84084424376488,414.665126681328,70.9996037483215,558.252696782351,69.207063138485,1507.79300710559,158.468606978655,21.0666417181492,810.412971496582,537.431056141853,76.7897020578384,15.1598857045174,2.61011612415314,265.439407974482,7.42437335848808,74.5029661357403,2003.25160342455,674.717532366514,69.8039090335369,128.33153873682,107.895084738731,7656.59437716007,89.4589277803898,37.5605534017086,76.2065882384777,38.7193586826324,18.2982427477837,92.5067584514618,58.8719210922718,1.11624896526337,1.19024789333344,2.05536782741547,1.18406999111176,1.99660158157349,122.898338705301,1.51824510097504,18.6726893484592,17.0888746082783,15.5189782977104,72.7703480124474,12.4291853606701,34.3975752592087,59.9434908926487,0.942351043224335,12.5947054624557,48.4464121460915,8.49625793099403,5.41119289398193,1.65662580728531,8.04832142591476,23.4096348583698,11.3442979454994,2.56418210268021,50.2681376636028,187.21489751339,0.686780393123627,9.60376125574112,51.2336058914661,163.111362874508,9.2359165251255,4.83548754453659,0,0,0,3.78887540102005,723.79179918766
1.00224637985229,67.3555659353733,124.724922269583,3.96381565928459,21.2056760191917,15.8202551007271,12.9005107283592,41.8789340555668,293.486290603876,8.79429739713669,17.2258681058884,4.12202948331833,14.8945533633232,17.4161895513535,14.3394401073456,0,248.277191787958,6.61086118221283,136.871622443199,0,9527.05633801222,8199.84777238965,13634.3289901018,4009.24211701751,41.0873929262161,162.776338160038,9188.01606953144,1283.04933208227,16.7323579788208,105.025394707918,0,8.07101827859879,1.38748067617416,720.044621020555,1291.2656442821,5967.50622338057,1539.17984798551,3526.15747976303,2292.29237791896,30.0644600391388,139.903790682554,45.4389110207558,611.675143659115,70.8683451414108,271.530446618795,144.898935228586,121.044752985239,6.5334158539772,5.01516664028168,47.655514985323,37.0192018449306,179.28980538249,17.7175568640232,8.18085080385208,5.08656653761864,305.415167838335,51.8246576189995,781.004516899586,4.36839127540588,72.4983286261559,32.2063114345074,3.9710396528244,271.264179170132,92.9782017767429,12766.2793756723,99.8257292807102,0,30.7684157788754,9.77193066477776,1070.25387230515,2842.01613950729,7391.32540097833,1391.10732921958,2.44328844547272,85.5261720120907,5501.78343674541,736.584932804108,87.5690732300282,596.302868783474,0,0,13.7133952379227,107.272500991821,617.560454577208
475.822228938341,15.440504103899,4623.40104797482,11.7262278199196,3.40852475166321,58.2372588813305,528.598339349031,3681.5143288672,31.9886540472507,67.3714618086815,571.668480843306,29.9746776521206,17.9499242305756,6826.34979638457,10.7961573302746,248.277191787958,0,76.3240446746349,7208.85305178165,2.74395525455475,7809.18711769581,24.0178189277649,14130.5820133686,321.862959057093,1.70853316783905,1892.63156250119,22986.426168412,2005.23847448826,6155.93998166919,4994.43913272023,2.61116108298302,8.46123707294464,279.981903195381,14371.8200626671,569.399666577578,3603.68162566423,3310.28047379851,3996.09729984403,2080.74914431572,46.0222098231316,73.4217455089092,25.5179315805435,909.356639176607,126.584265947342,406.260631084442,297.302311450243,18.9859918355942,1.65725308656693,2.99195170402527,18.3433557450771,136.862719148397,1965.03596687317,0.374568611383438,6.86548990011215,0,163.48653113842,7.41333571076393,13.5040223002434,0,33.7112494409084,1.33041051030159,2.13217437267303,46.0211701691151,2.32138460874557,287.997402340174,764.561596602201,6.64832875132561,419.719320476055,0,106.805485099554,78.5836612284184,554.174320757389,189.911518722773,1.06565141677856,1036.53920069337,5951.00526356697,168.52787476778,29.5300451517105,128.927166283131,2.23720833659172,0,4.09005975723267,246.228477776051,343.594270706177
0.54189920425415,1.03515768051147,15.2520986199379,33.7047442495823,0,56.8250595033169,169.334616452456,154.290396213531,17.3043054938316,370.654986858368,20248.1906018257,215.122917056084,55.4385689795017,114.459973365068,7.10895898938179,6.61086118221283,76.3240446746349,0,2931.28288716078,29.0133618116379,24.6731738746166,0,73.970727711916,41.5487876236439,7.44176542758942,2969.5470969677,237.374368458986,222.397483944893,411.807970523834,41.5785021483898,56.5375922620296,38.6525317430496,3.77100598812103,2135.74985653162,90.1998797953129,471.050762563944,2273.28280809522,3484.26054427028,500.953458249569,26.9335625171661,11.7867507338524,53.4113323688507,36.7845584154129,77.7645628452301,7.74894905090332,12.2915900945663,0.951979160308838,0,71.2423503994942,0,9.23982113599777,3.86845591664314,0,0,0,0,0,5.53070443868637,0,210.011573195457,0,514.848607480526,0,0,1.79959174990654,2.49608394503593,127.870580434799,20.0041844546795,0,0.989040076732635,1.15562927722931,4.27105578780174,3.65020740032196,44.319540143013,667.664924353361,294.598671525717,0,0.74640280008316,0,402.121899932623,0,0,0.628871858119965,45.2574028372765
15.3774543106556,19.7296591103077,136.286044687033,89.5583297014236,3.87365472316742,86.5828661620617,395.278189450502,419.00898322463,52.9344539344311,717.39788621664,7044.09976029396,294.194713741541,7.92646899819374,554.23826995492,8.84084424376488,136.871622443199,7208.85305178165,2931.28288716078,0,42.5218686461449,682.717226922512,4.36966174840927,1870.34473544359,187.212167620659,6.70030331611633,5091.14107260108,4181.10587054491,778.487911716104,1276.62333658338,313.3429004848,18.3353413641453,75.3557736873627,57.4733190536499,21453.7078455389,1066.15533778071,7879.68161162734,10227.004878968,10092.597402662,4625.47210210562,27.0989502370358,55.4011414647102,21.2404848337173,381.978424012661,137.719001531601,146.67643904686,189.691370010376,9.12974938750267,4.33878445625305,19.2755158543587,8.57579734921455,96.233321249485,258.180539399385,0,2.45236897468567,0.615436673164368,28.0438127219677,0,14.3131644427776,0,43.5778174996376,1.25747132301331,90.2720453739166,3.25240239500999,0.354808628559113,46.793928861618,173.048472225666,78.0518073439598,514.793401002884,0,20.8691759109497,15.7373289167881,107.059073656797,27.4873552024364,14.0801398456097,2223.44042032957,3270.2666823566,26.3785239160061,12.3386183977127,53.2492617964745,82.5644834041595,0,0,105.288640201092,621.972823083401
1.12910425662994,8.63795232772827,0.629607498645782,19145.2008338571,99.3133324384689,528.115303188562,126.566815048456,495.074732169509,1164.73801359534,6972.91178119183,61.6156897842884,15122.4610690475,21.0248830318451,94.409071803093,414.665126681328,0,2.74395525455475,29.0133618116379,42.5218686461449,0,6.85497626662254,57.3135758638382,1.60705152153969,2625.85517442226,8.271300137043,23.1793539524078,107.240076988935,832.713618040085,105.788537323475,5.25590404868126,2.06395256519318,14.471201390028,1.6655735373497,118.089444369078,127.295970976353,1183.05488115549,31.3010832071304,194.225486814976,20.3070886731148,1336.33752128482,44.5238960981369,43.853707909584,87.3252581357956,2.16536462306976,13.9151572585106,0.516060709953308,87.9294175207615,0.915819883346558,2.15021294355392,2.56746724247932,0,0,198.729660838842,3.93797636032104,14.4012704491615,23.9059400260448,13.2553638517857,81.3656657338142,18.9918266236782,37.670233219862,172.855279237032,2.1660164296627,26.6264838278294,48.8068466186523,0.498898386955261,0,0,0,59.5916331410408,0,0,0,164.770256012678,0.832172930240631,0,1.05186635255814,236.45125696063,7.76820886135101,1.68389022350311,0,0,0.592816591262817,3.18663200736046,16.6513070762157
52.2755637466908,7.22345140576363,4849.97022360563,7.44068115949631,56.7690996527672,135.243268698454,1242.09859976172,1588.95976805687,110.799028128386,69.3042708486319,131.830049186945,37.9614025652409,10.0714421868324,1243.67628073692,70.9996037483215,9527.05633801222,7809.18711769581,24.6731738746166,682.717226922512,6.85497626662254,0,771.049041867256,76174.8167015016,3089.27246454358,5.69211518764496,1170.03379648924,10612.5137313604,17396.8824769855,691.838437885046,18241.9744642973,0.923195779323578,48.5051880776882,176.53639960289,18750.3594058752,4365.1159350276,7504.99983662367,2347.98658809066,20567.1852900088,5520.53226521611,122.30568292737,497.372659087181,122.258121162653,843.914205372334,61.7713978588581,167.546335041523,108.826456606388,103.437125176191,5.17946368455887,5.12367612123489,47.1514517962933,15.4360965192318,104.233732759953,10.0866414904594,6.24589043855667,12.1305136680603,212.39047268033,80.1481521129608,242.820765703917,2.87134349346161,210.151463538408,4.48042449355125,0.460006535053253,377.663556069136,29.5035275518894,4780.40739890933,57.2540193498135,4.13971462845802,18.6691239178181,5.3923741877079,760.393836766481,889.007640302181,2402.10455521941,1557.26373314857,0.434465348720551,59.5791198313236,1390.10160684586,999.617435246706,153.781197071075,485.146915912628,0,1.80726253986359,28.1275783777237,63.9058835208416,1200.09418684244
0,3114.98416629434,19.3966322541237,141.197102040052,106.376213788986,135.892501652241,6.79870799183846,32.2008998692036,6791.79386290908,31.0577647089958,8.79448807239532,230.415995746851,724.937460720539,4.4649364054203,558.252696782351,8199.84777238965,24.0178189277649,0,4.36966174840927,57.3135758638382,771.049041867256,0,485.172504633665,16612.0657504499,2000.60046693683,56.9670923650265,22126.2327189147,731.062725454569,13.0461895167828,23.3775750398636,14.5806677639484,3.29760676622391,2.20838326215744,33.132852524519,40.8067375421524,121.683219909668,25.3652156889439,57.3444364964962,21.4522238075733,716.794765591621,4.93660122156143,188.408093869686,154.802540123463,18.3962641358376,44.8880797028542,25.9159107208252,31.1544790267944,0,12.6984803080559,10.9193247556686,68.3140708506107,29.6541774272919,7.71701094508171,0,1.46895432472229,45.4696859121323,15.9143017530441,187.355510920286,1.45461428165436,28.9853773117065,6.60301658511162,76.4856061339378,60.879102408886,30.9889511168003,2141.744556427,31.7870146334171,4.31117296218872,8.99051657319069,3.52205145359039,94.2188972830772,1444.26182454824,578.795495420694,774.219371944666,24.7769241929054,78.3332909047604,2512.28451064229,237.146518796682,42.306960940361,74.9047292172909,7.01660150289536,1.11180520057678,0.630558669567108,20.9143162071705,40.4536039233208
231.441030591726,9.70130586624146,33135.0910517275,15.9558060765266,82.3272346556187,115.203030586243,1845.76146605611,2996.83753195405,65.7065694332123,88.6803892254829,486.373924136162,28.246983319521,17.8896282315254,3309.45751824975,69.207063138485,13634.3289901018,14130.5820133686,73.970727711916,1870.34473544359,1.60705152153969,76174.8167015016,485.172504633665,0,694.982105672359,3.85241371393204,2969.73293682933,60332.4602486193,7586.64079397917,1580.1161056757,4903.87614068389,0.409568220376968,35.0863048434258,79.7945464551449,23605.7970897853,5583.78555259109,20205.4761666656,7025.18254324794,29835.6764160097,18039.346878767,138.012611567974,670.179144650698,69.9168447852135,940.15041461587,161.981257140636,436.545628994703,337.88189509511,109.269738614559,9.225251942873,0.719879448413849,21.9084823727608,92.7775453925133,1036.60608944297,4.90352314710617,13.1149232387543,9.16367194056511,481.770175069571,60.0109449923038,430.321608483791,0.973754942417145,74.0354171991348,19.0172557532787,2.08603495359421,228.83168888092,42.5633574128151,12589.7877530158,238.014989763498,2.31276804208755,64.9690352082253,3.43757233023643,751.353694587946,1099.37321531773,12087.591417551,852.392150312662,2.66996800899506,201.467291891575,9147.73679858446,792.963221490383,42.4813795685768,299.911497414112,0.609783828258514,2.55457317829132,6.41248813271523,139.017087876797,2686.15595769882
27.6634698212147,1259.08157470822,117.506946861744,12494.5097259283,249.932294726372,672.9241065979,5286.05842143297,971.017109364271,31671.9713979661,1001.7346432209,115.116882175207,3118.30131116509,457.300411164761,709.467509835958,1507.79300710559,4009.24211701751,321.862959057093,41.5487876236439,187.212167620659,2625.85517442226,3089.27246454358,16612.0657504499,694.982105672359,0,1245.03441402316,211.305399298668,8342.72637572885,14316.6768605411,1715.36941757798,732.54599288106,11.062883079052,41.5021732747555,248.412476271391,967.718670934439,2028.65657734871,3721.13334414363,500.424824863672,2231.22868409753,539.297238200903,1800.62797579169,248.982877999544,468.387792915106,3917.45837980509,118.109992474318,1213.13501045108,147.406718671322,992.483975410461,118.351530611515,20.0045357644558,450.152311891317,50.0186796486378,27.9104620218277,1557.60918197036,14.0589981675148,171.387232095003,1533.13968324661,821.127344846725,3198.60547411442,332.240805566311,710.395237267017,445.457252919674,26.6906397044659,3210.10059151053,365.405257850885,3505.34502443671,31.7060759663582,9.8670107126236,17.2147971689701,410.813834667206,814.813591510057,2315.24373573065,990.22800141573,21495.9392940104,18.6390483677387,64.2427124381065,1137.19452774525,9824.58483424783,2367.46318811178,949.170387357473,2.46350410580635,36.5179736316204,273.239852756262,775.038478553295,1208.69772952795
0,4133.91229897738,0.605785012245178,34.5766601264477,23.3741872310638,37.3968957066536,1.4523304104805,11.2423951625824,1466.61941558123,10.2030947506428,630.045877814293,76.5238915979862,10058.5198638141,4.28629586100578,158.468606978655,41.0873929262161,1.70853316783905,7.44176542758942,6.70030331611633,8.271300137043,5.69211518764496,2000.60046693683,3.85241371393204,1245.03441402316,0,141.676702678204,4498.53175449371,18.763785302639,7.53914907574654,2.20570653676987,115.749333411455,1.24891322851181,0,206.743911296129,0.649560809135437,7.43239456415176,2.08037924766541,46.2628588080406,0,186.369437247515,2.14886069297791,832.243805468082,16.4670324623585,47.28056204319,20.5260892510414,4.52449202537537,4.02122613787651,9.11991733312607,62.4750710725784,0,137.294523119926,0,0,0.628681361675262,0.372470915317535,0.454266637563705,5.73841458559036,14.1455711722374,2.10071671009064,658.87811088562,3.50520515441895,2879.63022151589,2.21384093165398,2.48218858242035,8.05030074715614,0,29.7641690969467,7.67565307021141,0.828667104244232,0,44.7206540107727,0,15.4760597348213,817.461814522743,254.795034915209,1086.84372141957,1.06903538107872,15.0313268601894,0,286.464959621429,6.76540514826775,0,59.33197042346,3.41962623596191
83.8615217506886,97.7028540074825,18081.0762659609,43.6330873072147,2.90475022792816,62.5831057727337,419.976281523705,1388.37426280975,103.090492844582,316.317227602005,5519.27518573403,159.614751636982,510.672833710909,1554.196934551,21.0666417181492,162.776338160038,1892.63156250119,2969.5470969677,5091.14107260108,23.1793539524078,1170.03379648924,56.9670923650265,2969.73293682933,211.305399298668,141.676702678204,0,65683.2586223781,847.347306847572,1024.10426473618,656.906193435192,322.403001457453,33.0864331424236,32.2951147258282,2850.28701525927,602.696664899588,5005.5376496911,10438.873852253,5165.65206381679,2186.74134197831,62.5864904224873,44.6864397823811,163.58702737093,1851.66359704733,950.674131274223,760.083278983831,686.418760448694,14.0167094767094,7.23303198814392,231.013168126345,33.7095959186554,904.002611249685,929.684675574303,0,3.7338302731514,0.639898240566254,153.602583706379,3.36261793971062,39.367029607296,0,1365.16909688711,0.376695543527603,4080.38531419635,36.6916835904121,0.768891572952271,107.876496523619,550.963404148817,1552.30136740208,2697.86654174328,0.695262551307678,130.963192790747,184.195497363806,377.249676167965,58.6521045565605,771.39225640893,16553.064922899,22281.5829722881,89.8527624607086,78.9513781368732,226.530198961496,2992.69483941793,1.91184902191162,2.23994886875153,469.633645474911,383.572219491005
25.3391051888466,21734.9703318477,42444.1284166574,253.797747284174,133.649711102247,246.084491193295,468.152900397778,728.318173378706,5653.18020039797,210.375443249941,676.185142308474,407.589877605438,1889.47808325291,675.573898762465,810.412971496582,9188.01606953144,22986.426168412,237.374368458986,4181.10587054491,107.240076988935,10612.5137313604,22126.2327189147,60332.4602486193,8342.72637572885,4498.53175449371,65683.2586223781,0,5774.87100115418,577.01744773984,517.354494124651,528.207528650761,12.7872587144375,57.8157445788383,8134.00832027197,4859.62064012885,28171.8490568399,7765.45689606667,14876.6403188109,13796.325324297,1524.05032598972,396.092455297709,153.010531842709,8939.9692723155,2277.26148462296,3657.65855258703,2901.98394522071,131.560757339001,41.431853979826,211.359414070845,151.447532176971,10980.2217471004,10411.4054658413,0.491350501775742,5.08249062299728,9.32457163929939,1582.02531471848,105.932142436504,118.298660904169,4.13271191716194,877.261711597443,10.2319033443928,4321.75268876553,605.679324269295,14.7604505419731,4486.57659605145,3945.42983096838,1667.9664285481,5626.53816655278,1.65557262301445,1004.16565054655,2571.22319316864,9367.32971867919,714.000739008188,1860.48347836733,27245.367675364,114387.659032643,957.880705714226,353.485858052969,1169.81763380766,3437.41572028399,2.49806094169617,17.5520260334015,2071.23180891573,3100.91369637847
140.478747218847,12.196673065424,2058.26045465469,3924.21277245879,151.04784449935,2326.48167449236,67707.9227983057,8850.79180827737,3423.29432818294,9477.95131230354,527.18587231636,1287.50281170011,131.459421306849,5049.20250251889,537.431056141853,1283.04933208227,2005.23847448826,222.397483944893,778.487911716104,832.713618040085,17396.8824769855,731.062725454569,7586.64079397917,14316.6768605411,18.763785302639,847.347306847572,5774.87100115418,0,7012.82783925533,32066.2470351756,15.9610626399517,172.510687232018,1582.06443879008,8087.56701216102,7362.16551351547,13148.7753264308,1326.62003049254,13738.8706220686,2322.16126540303,1020.77442401648,1101.2381914854,697.712051331997,4086.4483910501,107.79509562254,878.745853424072,129.582382082939,914.249769032001,89.12416690588,17.5423884689808,353.585815757513,21.5061867833138,62.7757304906845,1424.40470227599,25.0834233760834,133.643093019724,1169.93738099933,532.972312957048,1138.36657565832,213.947271466255,1204.83293244243,448.207515716553,11.3053151667118,2493.2818557024,337.679352879524,1952.54256361723,32.1943407654762,1.06461548805237,9.05574721097946,399.068553268909,606.040109276772,806.097369104624,825.862443059683,10714.7670799494,0.788673222064972,20.7797638475895,811.453449100256,6386.54511761665,2031.8421330452,944.627541273832,0,27.5681424438953,234.690884560347,553.856408149004,1495.73534232378
7692.75176632404,0,1068.69268897176,662.188819050789,9.02402606606483,310.446921527386,5273.59749060869,3642.922614187,563.272113054991,2111.74146917462,1810.9108813107,658.866943985224,229.38787099719,20594.4816659093,76.7897020578384,16.7323579788208,6155.93998166919,411.807970523834,1276.62333658338,105.788537323475,691.838437885046,13.0461895167828,1580.1161056757,1715.36941757798,7.53914907574654,1024.10426473618,577.01744773984,7012.82783925533,0,24099.5010473728,31.1525550186634,3695.04056930542,6386.22380244732,13483.3661217391,231.127612829208,921.997524708509,273.697491973639,3305.40280368924,233.838014125824,181.569517940283,340.830504953861,91.8977592289448,262.963932812214,12.4347242116928,71.5043250918388,8.97676476836205,54.1679170131683,8.6038064956665,37.2423905730247,13.4378288984299,2.99604874849319,25.577020585537,73.1988137662411,2.42966541647911,1.39651396870613,80.5698592066765,15.6960449814796,168.121845215559,12.517870247364,55.5103304982185,14.7992052435875,19.7619445025921,88.4808450639248,11.4631345868111,23.0317227840424,12.5428220927715,0,4.84362387657166,15.3756574988365,5.29252427816391,8.32429838180542,20.8175129294395,1009.65668448806,0.471666276454926,27.0856409966946,140.593416839838,557.569586247206,74.9736801683903,5.58540749549866,8.78974837064743,0.676332473754883,9.96605384349823,59.287327259779,64.3662829995155
4137.70600995421,0,2385.24726817012,38.7561537921429,1.80407020449638,105.104994356632,11295.9187941253,7570.07667377591,76.1135093867779,183.976257234812,143.805348575115,56.6759181320667,16.1173411607742,21397.7129146755,15.1598857045174,105.025394707918,4994.43913272023,41.5785021483898,313.3429004848,5.25590404868126,18241.9744642973,23.3775750398636,4903.87614068389,732.54599288106,2.20570653676987,656.906193435192,517.354494124651,32066.2470351756,24099.5010473728,0,2.80168059468269,4.77257573604584,1002.30909234285,9156.44488269091,111.442756742239,315.904368102551,108.615148454905,3228.45690390468,193.540256381035,23.2571685910225,48.3599581718445,19.2398770153522,142.576093316078,10.3874346613884,61.4729594886303,15.9695224165916,31.163560628891,3.37248355150223,2.24498379230499,12.0181746780872,2.80579268932343,12.7742936015129,4.53672027587891,0,2.90140333771706,28.1341831386089,15.8344744443893,26.8802293241024,1.57417973875999,43.0731392204762,2.13983872532845,0,85.8305536210537,3.69984930753708,246.218075156212,5.95750972628593,0,3.21340188384056,2.7532474398613,74.1288844645023,58.7027248740196,79.8769715726376,485.403932243586,0,5.00543034076691,114.853437691927,349.514837712049,42.7874428331852,26.1291410028934,0,0,3.97008800506592,16.269464224577,59.574372023344
