0,0,0.00540782342156584,0.00024343712827223,2.1370740873596e-05,0.00226817808490048,0.293775653922347,0.0447016821847239,0.00031269890352821,0.0111472261072874,0.00597643969376564,0.00300216512140895,0.000479956511264062,0.62873517818436,0.000325232855833298,0.000118453128842112,0.0557363466420867,0.00314714974041648,0.0179831796723848,0.00109735771422067,0.00642270068211292,0,0.0261800140786607,0.00196884370430821,0.000155752067584878,0.0104247295925562,0.0121643413393664,0.00259276865841615,0.955961229681475,1.20785496921684,0.000193674862122747,0.0011641328703198,0.000678911446862328,0.013962545898396,0.000882094639283531,0.006121284496391,0.000620568180858639,0.0164991619704864,0.00347696837308052,0.00133235614909148,5.3634522990328e-05,3.50193288995892e-05,0.000166619513067409,0,0,0,0.000284807191721249,0,4.0295898954022e-05,0,0,7.85406509608087e-05,4.25037579538554e-05,0,0,0.000321403252819383,0,0.000274576864366424,3.34382661434591e-05,0,0,0,0,0,0,0,0,0,0,6.35358037534684e-05,0,0,0.00108595738496622,0,0.000139706645852446,0.000567413457665357,0.000587551819287875,0,3.99994722873449e-05,0,0,0,0,0
0,0,0.00556917715632832,0,0.000574709412192419,0,0.0003091525536248,0.000138385513988948,0.268846693511395,0.000272794352732566,0.00404553409035108,0.000256327487631822,0.197032879394004,0.000669290082515073,0.00627750846050533,0.00857052816755576,0.0121629567150329,0.000356036120594829,0.0015819559704417,0,0.000950087394440713,0.314441103450083,0.00149320372178762,0.249046988724036,0.184591543394501,0.0202097575745021,1.11491469855626,0.00299930525582443,0.000611952122975505,0.000221694459625745,0.00632552813193549,0,0,0.0041260105395273,0.000746331048392606,0.0127382183599286,0.00617541658312558,0.00671423138278049,0.00584420661159848,0.00384291217933316,0,0.0155865236314018,0.0253302246930786,0.0087542585884132,0.00816858526648543,0.0101567937659975,0.000305073036297947,0.000242759209796238,0.00165078490646708,0,0.301868592135252,0.0222785088294401,0.000566409744846427,6.74351135875463e-05,0,0.000536414014314678,0.000116832352707651,0.0084636465700664,0.000188900225345177,0.00490982596330372,0.00015227781063886,0.0240450834982152,0.000508235229845423,0.0003032128669402,0.00419457881279582,0.0252529862018086,0.00145569511909938,0.0113794715612307,0,0.0016740148899591,0.00495408543323582,0.00506915047023618,0.0114986340765455,0.0121179822852005,0.0872116265739396,0.831294059837747,0.00240231703246902,0.000300718201607365,0.00258506007320546,0.00245703926160792,0,4.43474430441559e-05,0.00250347405073016,0.00140199306106352
0.00540782342156584,0.00556917715632832,0,0.00217385214880135,5.56905266578942e-05,0.00774428455405535,0.353262517834692,0.0777759119463323,0.0013470569673383,0.0436018812760126,0.00210443531360049,0.00448474088620958,0.00274362895413663,0.0816672283159648,0.00333805292442937,0.00159489618534548,2.28148264761817,0.00673979083165989,0.108680562671878,0.0016097289058805,0.473525724469554,0.00127838168599187,4.17466121517257,0.00418637919865226,0.000392146921062804,1.63391680184201,1.85610781954827,0.0159039282054128,0.0178382077462416,0.302017982297614,0,0.000437292401423958,0.00156983530706499,0.035977745425407,0.0370146289285748,0.330406955463321,0.127439618963891,0.19321274842248,0.192273459266881,0.00540927572601857,0.00165426457877536,0.000275368743630537,0.0827551460165984,0.0181769383611108,0.0291675159299223,0.0254783142179411,0.00197078513657904,0.000527102390933395,7.57516116455916e-05,0.000146313968104053,0.0386000798581931,0.253240355242707,5.46092860318035e-05,0,0,0.00145577491395344,0.000180168446302262,0.00071826153038705,6.16791832876623e-05,2.08197034042806e-05,2.32153267198741e-05,4.60951564825415e-05,0.00098618056304348,0.000534576656169009,0.00441080173849939,0.103647964058573,0.000105726631285692,0.00793852398447457,2.99988052276343e-05,0.00748775818123588,0.00249829711597936,0.0523991157982301,0.00433497059183319,0.000302889833327723,0.0243165167220544,0.768595205944754,0.0020677078157491,0.000697197457948819,0.00597653915151641,0,0,0.000104431383164877,0.00863040333366059,0.0234569423723207
0.00024343712827223,0,0.00217385214880135,0,0.00719048111863542,0.0117648841491185,0.0326353042224735,0.0159965090047553,0.223682757138785,0.415406729793468,0.00157625772316884,0.0822221392828258,0.00424619676184539,0.0260663659697882,0.0622459231552439,0,0.00317829758331447,0.000955230262860273,0.00244501908232413,1.14998595777669,0.000361800326590258,0,0.000989432712186813,0.394954715241255,0.00118521571355989,0.00276023906975172,0.00341397698104327,0.61566208602147,0.0164585787498629,0.0025753053276846,3.25276299986988e-05,0.00264042242587903,0.000412088720841828,0.00198021180555312,0.0090699680327813,0.072451766117779,0.00103504360406744,0.0249443936888823,0.00352863424408033,0.0474109883325123,0.0058211008479855,0.000455853766683918,0.0443046643564232,0,0.0128925086218174,0.00254014809001344,0.163024917420141,0.00389952456261052,7.19900936580241e-05,0.000133940387172723,0.000254879098003137,0,0.347557844582766,0.00132987582873065,0.00556307639671963,0.101873463804677,0.0126439377561063,0.0946418623918327,0.226956012817838,0.000470548037127673,0.123191562810024,0,0.00725253205647367,0.0140272739717762,6.37990821671128e-05,0,0.000295323318554437,8.25601532553734e-05,0.0997705516434517,4.86738779380977e-05,7.87243662052274e-05,9.59930621914149e-05,0.290882532106675,0,0.000224462244564336,0.000314005398107073,0.440975913471831,0.00463000913725141,0.000112882202127528,0,0.000257678493846819,0.000237341184243578,0.00277092188840746,0.000612559141562718
2.1370740873596e-05,0.000574709412192419,5.56905266578942e-05,0.00719048111863542,0,0.18999536096802,0.00892871381453975,0.0792290312411192,0.0103256527684573,0.0542464834084866,0.000745607327774322,0.0739795130279902,0.000720257441072291,0.0038019601142939,0.237702595629799,7.01827830861569e-05,0.000608072460881189,0.000284974684696954,0.000225482640856361,0.00505967448270705,0.000429148567027375,0.00120631299704424,0.000291565035493386,0.0245592153040444,0.00575801360122138,0.000719969075738558,0.00214508524862875,0.0102976840181961,0.00117570023134558,0.00302312091042005,0,0.0997470266623772,7.48717787569317e-05,0.196672820129115,0.00622800174488948,0.0840320172106005,0.00038007880467183,0.00654888411607729,0.00968254158643962,0.979463500177589,0.747909245272335,0.00127637996586363,0.00025936717095893,0,0.000931177324022911,0.000763558924543,0.00407508078103631,0.000314542783493602,0.000508676682555056,0,0,0,0.00168479270372602,0,9.46113891328811e-05,0.00066211159003194,0,0.000410288724581722,0.00102767122169484,0,0.00162836744167662,0,0.000169562185408783,3.91039216399312e-05,0,0,0,0,0.000287478110747784,0.000295466590721571,0,0,0.00194440946420607,0,0,0,0.00193420661423912,0,0,0,3.41511148969293e-05,0,0.00017740085840404,0.00029759214097867
0.00226817808490048,0,0.00774428455405535,0.0117648841491185,0.18999536096802,0,0.169058549759421,1.01467749980298,0.0135437247325023,2.14646607336786,0.0161649931086797,0.741765216390869,0.0075550153976831,0.0851786879540838,0.120720609046832,0.000262517777188015,0.00853069822144094,0.00882042222647581,0.0062056552103017,0.029238425005978,0.00296044214566539,0.000374863029150051,0.00690084029928118,0.0120975185991006,0.0224301545345717,0.0143296787003738,0.00735384445297565,0.0249765445820239,0.0224738334975901,0.0339940527772125,0.000360424198810711,0.0150254997165777,0.000692328148686608,0.00908418113605441,0.288261163203099,0.307360366356047,0.00547618003666712,0.0517756620434318,0.0263149297485418,0.433911090462377,0.151663660682125,0.0073748068027815,0.006351747761327,9.64910330080866e-05,0.00495391975476375,0.00201449195374385,0.0170703771640276,0.00213323287628609,0.000310717879134667,0,0.000247689558267605,0,0.00312754386631986,0,7.77348381276669e-05,0.0136012105567652,0.00156631196541402,0.00366135929707662,0.00214408730194724,0,0.00308490635692973,0,0.00185734180461774,0.000192023020733452,0.000348002968754277,0,0,0,0.00176309892644781,0.000638079790811429,0.000694804376670527,0.000247459267876363,0.0274774366547191,0,0,0.000332010399311888,0.0216269293286766,0.000136714953764493,0.000252051843682512,0,0.000160172306686664,0,0.000861746262940383,0.0120984860240123
0.293775653922347,0.0003091525536248,0.353262517834692,0.0326353042224735,0.00892871381453975,0.169058549759421,0,1.27277653968977,0.0680506843179438,2.23444057092912,0.0282455701789238,0.0205957602355053,0.0245843956883921,1.9860584174744,0.0662031733034382,0.00171906996126956,0.119228398591475,0.0242524523239463,0.0632945752831839,0.0161100058472514,0.425812864259737,0.000535986352265674,0.192707300210662,0.391085910041018,0.0120280272934662,0.074592470502901,0.0926378845468821,3.92921047526342,0.408827737982458,1.51744488308342,0.000599113132689983,0.0192257241517105,0.0215315689068164,0.0360597314853045,0.0929679343555361,0.331543534138996,0.019180938978071,0.234953411236105,0.0622285435201162,0.0974189598523962,0.0262366578476541,0.00282335003931028,0.119465152323674,0.000537618723468068,0.0614245917408481,0.0133212715786752,0.109955328125759,0.0169602059559064,0.00047884893218674,0.000412134022804723,0.000692341571249842,0.000442824662755146,0.0434517311679179,0,0.00257385770889516,0.251012995031858,0.0280388898425597,0.0517471590560995,0.0451724601528066,5.27575287821651e-05,0.00961673778306787,8.0585198138285e-05,0.0216660689297805,0.0100980588032255,0.00264607451157331,6.29792989552021e-05,0,0,0.00796063569890791,0.00564768410472472,0.00254590295932672,0.00388293372230723,0.492587349486216,0,0.000110668576990271,0.0132577862107606,0.459317335333125,0.0209857368435025,0.00551634517010431,0,0,0.00151419708271632,0.0168753723768441,0.0108730665311193
0.0447016821847239,0.000138385513988948,0.0777759119463323,0.0159965090047553,0.0792290312411192,1.01467749980298,1.27277653968977,0,0.00701547444796713,1.08106499571587,0.0798693965486542,0.251445769122208,0.0203803708446992,1.50654809653265,0.0367471678199038,0,0.176816257498145,0.0423794346437779,0.0658708760999585,0.0309148922235737,0.0259556881643797,5.40393391827941e-05,0.0835435237694011,0.0173676467834822,0.0377900380948262,0.0732692811460229,0.0377265649845548,0.0447149585645734,0.158617147560221,0.702577059762114,0.00221712084562059,0.0395051477785067,0.00283457348260963,0.0440809775837229,0.0237274148078277,0.350857334087861,0.0122576719162922,0.124660559448942,0.0444093586499043,0.159370430792653,0.0305721612128301,0.0134521453529484,0.0192690553103271,0.000305542470905414,0.0140794462733369,0.00415817729333606,0.0393944662401575,0.00475086992402865,0.00135337103505666,7.64851734559895e-05,0.000172689001719776,5.73522135698587e-05,0.00626645149250065,0,0.00167835840457216,0.0640170455352486,0.00346131206710403,0.00688043649071831,0.00508918973354421,0.000273188242928245,0.00353793830414279,0.000642222343734485,0.00207465610228687,0.00118328826032895,0.00100134469032406,2.85438548042088e-05,0,0,0.00154631336171116,0.0023574486146863,0.000316259775956482,0.000799025214621466,0.106005551720968,3.31391372088492e-05,8.11072555162431e-05,0.00070033955246697,0.0966435666377538,0.00264978223537455,0.00253530709826728,0,0.000298873033301091,0.000413845786119318,0.00404236053866263,0.00248360174773925
0.00031269890352821,0.268846693511395,0.0013470569673383,0.223682757138785,0.0103256527684573,0.0135437247325023,0.0680506843179438,0.00701547444796713,0,0.134855854953059,0.00731156338095391,0.0828037898577888,0.207852837608185,0.0115375778151909,0.0820193041676317,0.0261029257321527,0.011487211185086,0.000623328073356032,0.00299355468892011,0.0488158192750848,0.0172845362239362,0.60984657914093,0.00649688839516737,2.40122757094843,0.234877195443901,0.0153164525844509,0.610328471463401,0.310308200427584,0.0275923265856236,0.00815275331417598,0.0100068222024615,0.00141661320751838,0.00403346641567698,0.00685741003801957,0.0169408927170733,0.0516136667495549,0.00593019006629405,0.0243403494325511,0.00897841438756595,0.0457930934349374,0.00218001159612643,0.0129862373718602,0.0389253199373964,0.001198192915756,0.0123098516360981,0.00270421650192157,0.0225017266103325,0.00366087127355072,0.00132587090092763,0.000118904396760512,0.0110652133668247,0.00194219911080506,0.0476887426157551,0.0005486378575564,0.00201451648635256,0.0321134891565343,0.00743000227741852,0.236381361889934,0.0368987193787135,0.00454613574024318,0.0115277078984911,0.00671598232248428,0.00869391891587545,0.00810985948774349,0.0526422699505475,0.00186540187736952,0.00460748676686874,0.00205360834522434,0.00608441843585384,0.0272658775468246,0.0775278125007896,0.0234308682215153,0.357974490921096,0.00598366502122905,0.00589027459599746,0.0559528103706101,0.141055514259543,0.00819734814248742,0.00763138271934505,0.000684353177887207,0.000242016319964802,0.00128307973469327,0.00334503164179528,0.00986630508193065
0.0111472261072874,0.000272794352732566,0.0436018812760126,0.415406729793468,0.0542464834084866,2.14646607336786,2.23444057092912,1.08106499571587,0.134855854953059,0,0.0846914218686887,0.564812814827704,0.0559507362543854,0.689275328976834,0.0948994287242379,0.000190921907178604,0.0829370571193305,0.0632775437458532,0.0888917041156828,0.353487624127358,0.0117063069182455,0,0.0341988481636856,0.154250849592481,0.0171057353027609,0.106922747476062,0.0690457394406791,0.600886859190163,0.294305744317898,0.0656347312430742,0.00157228273251041,0.0586657630297683,0.00527543414917827,0.0385513876619964,0.533705410334323,0.615823550850191,0.0216970243291953,0.33710960945767,0.0422963041582539,0.248640124621715,0.0636315720099198,0.0092595387756795,0.038931458535252,0.000165606892291528,0.0183405390338247,0.00414005306321982,0.161019966011713,0.00462549249127667,0.000975528567131349,0,0.000857217097323667,0,0.199628709950425,0.000717114748937192,0.00295768688469933,0.202579159160158,0.00866567750721294,0.0853048892126229,0.109174799984939,0,0.0693342026580051,0.00058086825756999,0.00478688676222342,0.011555887518758,0.000324655588176691,0,0,0,0.0446387130257693,0.000642844491124621,0.000775304936226099,0.000363713179346302,0.455524097723985,0,0,0.000234663559348622,0.502663554398002,0.0037496766451547,0.00062916389378224,0,3.29304909444153e-05,0.000857585413411532,0.0047014869216166,0.0397794296301334
0.00597643969376564,0.00404553409035108,0.00210443531360049,0.00157625772316884,0.000745607327774322,0.0161649931086797,0.0282455701789238,0.0798693965486542,0.00731156338095391,0.0846914218686887,0,0.105248049273917,0.660284446818493,0.268961316000055,0.00526795371722865,0.000316802386160737,0.0541239699445225,1.25563545184119,0.102368417396294,0.0101850657072561,0.0100768331858324,0.00764868829869015,0.0273772594142852,0.00453047287347195,0.0485651486519175,0.602298657517032,0.0521887448545936,0.00450066308409122,0.206626701626705,0.0294359534927176,0.0185058683027306,0.376765342253508,0.00104085692508171,1.00303362873119,0.00446450839991796,0.147825412959358,0.110915060628994,0.311273255645129,0.0659377747050975,0.0108952202238125,0.00524136847834776,0.207377811306814,0.00168236138795481,0.0901480063423173,0.00105825504411188,0.0010523538972245,0.00208433835643904,9.93733265503345e-05,0.0470502294184101,0,0.00873671100668384,0.000377899291336668,6.6375300560385e-05,0,0.000123021414550769,0.0003868788324054,0.000262629752415484,0.00738959893516556,0.000107696967863115,0.133718675042257,0.000629898763421029,0.433065267711642,0.00139754130416364,0,0.000112003848124284,0.000496931513165409,0.00049620417220098,0.00017380756525641,0,6.32291786236793e-05,0.00236619395053974,4.51249859973847e-05,0.00172886763993832,0.0141922537863378,0.00870075587027354,0.0219235060361823,0.000941674454865255,0.0020112611953897,0.000119609292444977,0.0451922382293603,0.00158342174076325,0,0.00507838012915406,0.00296226825302246
0.00300216512140895,0.000256327487631822,0.00448474088620958,0.0822221392828258,0.0739795130279902,0.741765216390869,0.0205957602355053,0.251445769122208,0.0828037898577888,0.564812814827704,0.105248049273917,0,0.0341301372212801,0.310862860564219,0.408334978015298,8.45076006706837e-05,0.042920279022038,0.0759881426626264,0.073146916711702,0.506373312384487,0.00194946269008362,0,0.010773558299039,0.0810360980285782,0.0178266686399387,0.154395265260668,0.0733971828261462,0.0164870378621511,0.079667981330185,0.0187455554842651,0.00314595309043076,0.0398090326418854,0.000106107241826537,0.0303965813105848,0.362991981682716,0.288707995604189,0.0134597979267273,0.250493452339401,0.0408237773332384,0.535656202821716,0.0279380340470578,0.0112222655154326,0.0298151148536081,0.000321352160900998,0.00952956761268567,0.00354389716220582,0.14592121643578,0.00476703079409573,0.000831250350842315,0,4.39318394327461e-05,0.000107316456925094,0.123950728035287,0.000865630738449457,0.00637163935045611,0.0266089054408814,0.0145483242027834,0.0192972921394249,0.120166207576566,0.000823305434112553,0.110647302987558,0.000292304378598159,0.00861520640024108,0.0117200786348499,8.05840635321971e-05,0,0.000738144529855191,0.000201217379111176,0.0357464725638132,0.000228782495422048,2.31676126364052e-05,8.63805451733054e-05,0.0720449029227093,0,0.000818483984007493,0.00097243480380112,0.140181553524688,0.001458394658781,0.000225302353248272,0.000318154912401447,0.000285337639554527,0,0.00214130097139579,0.0155401524798233
0.000479956511264062,0.197032879394004,0.00274362895413663,0.00424619676184539,0.000720257441072291,0.0075550153976831,0.0245843956883921,0.0203803708446992,0.207852837608185,0.0559507362543854,0.660284446818493,0.0341301372212801,0,0.0324327671795578,0.00773586837955335,0.000794226846388336,0.00363348183063884,0.00168822376119485,0.00240667729767881,0.00864903252627874,0.00622837303390512,0.228335380607975,0.00948301962928399,0.0843440735243413,0.996262640441442,0.0336332443518453,0.27423409175851,0.0135075008481841,0.0104807275216789,0.0256811148987066,0.0635111239426026,0.0457939776763336,0.000291162077110123,0.210440763232997,0.01197416038626,0.0666239474836789,0.0748891787402665,0.149273956199416,0.0684118470218964,0.0136858651820313,0.00251778480049837,0.265639837550751,0.00701494328559185,0.268583999718694,0.00708312371412308,0.00256350510608165,0.00815868224159025,0.00153357787608247,0.207158925614359,0,0.0488393209577597,0.000495542785628569,8.89987331654105e-05,0,0.000504724256266922,0.00554610017143577,0.000779506131394685,0.0296338804708703,0.000839948033240089,0.464879465583128,0.000974307648700917,1.71421604567366,0.00804704059264123,0.000251982526612532,0.000456953637368738,9.12000616844056e-05,0.00222763755274849,0.000153874307502222,0.000265000611437529,0.00249784439515889,0.0126838924460976,0.00039257834420107,0.0156441433630011,0.139732534906559,0.0619286816592052,0.193255209682507,0.0114075435216707,0.0085151548304229,0.00202626255433291,0.19539166048354,0.00706738692040332,7.21442008802355e-05,0.0169781542138152,0.00259881489197429
0.62873517818436,0.000669290082515073,0.0816672283159648,0.0260663659697882,0.0038019601142939,0.0851786879540838,1.9860584174744,1.50654809653265,0.0115375778151909,0.689275328976834,0.268961316000055,0.310862860564219,0.0324327671795578,0,0.0210445008816381,0.000370942252742025,0.390630032386979,0.173723183003729,0.203865521470492,0.0594864221012811,0.0550169301433307,0.000385812740069741,0.168263794717089,0.0352239272749235,0.0225614716388513,0.195293052318878,0.130009866643117,0.0754549191562981,1.93992982503066,2.17042582117185,0.00343994525837672,0.0287471787419168,0.0091181578691412,0.119834050290155,0.0234333580214667,0.282811697148459,0.0200358112018834,0.169828936825677,0.0369083210455196,0.0517316977204867,0.0137241307163838,0.00872069366861738,0.0147871226283153,0.000796002498418981,0.00791490489605299,0.00243794603891818,0.0325075063999471,0.00264160215421099,0.00162195926877667,0,0.000839034175160482,0.00120338418248714,0.0017365892536315,0,0.000400421300117779,0.0426842917411524,0.00130632765752009,0.00757414007970841,0.00288939511536733,0.000351884402046645,0.002048106830852,0.00145049910824243,0.000843529752972569,0.000742747200191066,0.000885444626549099,0.000682653626745001,0,0,0.000713692058105614,0.00240933049822899,0.000500542882060396,0.000600682619865688,0.0817669298359869,0,0.000952629589808321,0.00401356463241532,0.0774809093358811,0.00226441757809811,0.00389834142612973,5.41821349885941e-05,5.38978468748272e-05,0.000333756986805302,0.00219265006643883,0.00213638264671755
0.000325232855833298,0.00627750846050533,0.00333805292442937,0.0622459231552439,0.237702595629799,0.120720609046832,0.0662031733034382,0.0367471678199038,0.0820193041676317,0.0948994287242379,0.00526795371722865,0.408334978015298,0.00773586837955335,0.0210445008816381,0,0.0163290659269302,0.0118102223392922,0.00246807617696569,0.00476031615413134,0.0262559794076536,0.0859241281829633,0.011611180433106,0.104433195678614,0.229497970914196,0.00849554517141896,0.00675298028314435,0.0547121269072661,0.116222505712023,0.0108470291748965,0.130476941584971,0.000167344994057354,0.0100042460901668,0.001434000682038,0.00661601497984588,0.146237008925085,0.0491800118211724,0.0270857434786537,0.0254329992157379,0.0206385313187788,0.554537345723293,0.0113417034650361,0.00148744300838688,0.015597249861732,0.00232181937222175,0.0045858214030057,0.00551548018236706,0.0203360870327029,0.000792209512434718,0.000281114494954819,0,6.6282418761307e-05,0.000969516337111367,0.00856073249610048,0.00021531941982187,0.000568899438699156,0.0132572952121416,0.00138729156075388,0.0058332236463271,0.00861882014444688,0.000250271965027666,0.00727979672302983,0.000133505464943928,0.00100286876294238,0.00106325022103029,0.0039378866878848,6.06559201665163e-05,0.000197246968017393,0.000353844490359545,0.00253512718092187,0.0113149391619297,0.00157049382247772,0.00432618851769449,0.0318024204307811,0,0.000750847841606304,0.00561133532496051,0.0351360158668176,0.0021458245419321,0.00430018153600261,0,0,0.000724086359858107,0.00128673270725497,0.134907900990718
0.000118453128842112,0.00857052816755576,0.00159489618534548,0,7.01827830861569e-05,0.000262517777188015,0.00171906996126956,0,0.0261029257321527,0.000190921907178604,0.000316802386160737,8.45076006706837e-05,0.000794226846388336,0.000370942252742025,0.0163290659269302,0,0.00278647222997041,0.000192620581382901,0.00128169727347326,0,0.957387582841331,0.70222667459369,0.725496261491696,0.512670419705751,0.00326314515440835,0.00178450199060322,1.27816772264501,0.144505968100922,0.000709323683926743,0.0039024478145664,6.1043145634073e-05,8.27896338323474e-05,0.000641412157038182,0.00333569252370389,0.132397017254192,0.448517488083294,0.145382591022235,0.111990182573464,0.107682370423939,0.00467834712415157,0.000630465347592073,0.000246626501652813,0.0397920143777138,0.00195257639996209,0.011808695230953,0.00652702072880757,0.0146978467481256,0.000944017351476971,0,0.00024151544550927,0.00259209980596246,0.00521595037453738,9.59659702231643e-05,0,0.000656501266069728,0.011245566045873,0.00479328811016463,0.00488953268464473,0.000895417746932011,0.000145812844641459,0.00108208310575497,0.000174894548201859,0.00472788241711692,0.00198001062733524,1.32388116020214,0.00169794384709809,0,0.000151769266765845,0.00019307503875696,0.274537165001777,0.377961842889128,0.715918331110495,0.135960468880281,4.52633343205452e-05,0.000599630954782623,0.545470036689679,0.0690302125555813,0.00826471795559716,0.0169861972003521,0,3.58372976078719e-05,0.00176797445872127,0.00314938620491444,0.0189412136529853
0.0557363466420867,0.0121629567150329,2.28148264761817,0.00317829758331447,0.000608072460881189,0.00853069822144094,0.119228398591475,0.176816257498145,0.011487211185086,0.0829370571193305,0.0541239699445225,0.042920279022038,0.00363348183063884,0.390630032386979,0.0118102223392922,0.00278647222997041,0,0.00806200089789851,0.491022058051341,0.0112703818037677,0.347240069225332,0.00296669882483464,0.775722956990189,0.0174848986210635,0.000819686553865432,1.89167190872416,2.85509599992766,0.0240869128010565,0.257639374859169,0.30327634264231,0.000215139127883223,0.00796078498188892,0.0327150296035603,0.874080881061293,0.0284232988908509,0.300047270607292,0.172607347551646,0.323137363615876,0.10573999435789,0.0110102368321874,0.00251422132757027,0.000909555133653713,0.0512597450735022,0.0138537396192325,0.0150415955113559,0.0197367394501212,0.00183312244678296,0.000934853824503972,0,6.86615231649935e-05,0.023148573519702,0.154977370425087,6.94034083070695e-05,0,0,0.000558514387017664,0,0.0023618756116232,0,0,0.000189562363269329,8.92454688490811e-05,3.07660912552237e-05,0.000224301992280913,0.00184867041736563,0.0837190677713245,0.000316963918123928,0.0123799459415622,0,0.00253270169299852,0.00220772584601413,0.019433663944137,0.00409516367038144,0,0.0846517026592623,0.593355119695039,0.0011733954739545,0.000343276816899425,0.00395324659101268,8.82732976463196e-05,0,0.000171253852770907,0.00354237910906254,0.0122205706956518
0.00314714974041648,0.000356036120594829,0.00673979083165989,0.000955230262860273,0.000284974684696954,0.00882042222647581,0.0242524523239463,0.0423794346437779,0.000623328073356032,0.0632775437458532,1.25563545184119,0.0759881426626264,0.00168822376119485,0.173723183003729,0.00246807617696569,0.000192620581382901,0.00806200089789851,0,0.252548501532587,0.00757030802126834,0.00182593440758562,0.000287822121581203,0.00585685736337219,0.00153337497430267,0.00160726077603927,0.412538419831693,0.0940990637974955,0.00274487181117178,0.117004969185523,0.0250437890926151,0.00462104189929678,0.108802415740968,0.000204413648904714,0.182409697062381,0.0101863689365946,0.185663590225186,0.228057946647416,0.304256762747456,0.132347323817925,0.00698106885218429,0.00175239528430593,0.000419761080938321,0.00200903211016186,0.000983096136395401,3.52797686327368e-05,0.000703140132718152,0.000214696406320217,8.64369030497137e-05,0,0,0.00106721161806846,0.000418959442762691,0,0,0,0,0,0.000898755279513962,0,0.000362990216575593,0.000300667599041987,0.00170457339377122,0,0.000195151250971496,0,0.00040802341423969,0.000529441253630724,0.000618530822406754,0,0,0.000100333250936246,0,9.19029501554309e-05,0.000198406124035549,0.00694779899276419,0.0147825083022837,0,0,0,0.00185601786005709,0,0,0,0.00737744615853909
0.0179831796723848,0.0015819559704417,0.108680562671878,0.00244501908232413,0.000225482640856361,0.0062056552103017,0.0632945752831839,0.0658708760999585,0.00299355468892011,0.0888917041156828,0.102368417396294,0.073146916711702,0.00240667729767881,0.203865521470492,0.00476031615413134,0.00128169727347326,0.491022058051341,0.252548501532587,0,0.0134340527662164,0.0633227162380674,0.000638024019725573,0.13028918231431,0.0057133152357739,0.00147479855540918,1.57985976614311,0.441445543030175,0.0101629929959897,0.138398094525061,0.0860604653865197,0.00109484451626664,0.0313433556076147,0.00624219358404225,0.367475797784849,0.0173889950563404,0.364539495784624,0.191815509759333,0.425431248710153,0.156440815880303,0.00707608263889323,0.00204515368505711,0.000591189466006288,0.00516505727205107,0.00186031057073384,0.001470564432846,0.00245847552351008,0.000405449562496138,0,0,6.03240781999111e-05,0.00363761740486835,0.00986493954019913,8.3032900739393e-05,0,0,0.000157186084092939,0,0.00128449821316072,0,0.000460644062757716,0.000274347071989304,0.000615121333279973,0,0.000254051357391665,6.64140373979807e-05,0.00695063441884698,0.000734253082148405,0.00292083836725096,0,0.000209225487337217,0.000225989740488422,0.000804231781212541,0.000576923182403356,0,0.0317256684949779,0.0786372816261503,8.72260042611359e-05,0,0.00039262912215403,0.00169274191203835,0,0,0.000466440399325144,0.0151108551429859
0.00109735771422067,0,0.0016097289058805,1.14998595777669,0.00505967448270705,0.029238425005978,0.0161100058472514,0.0309148922235737,0.0488158192750848,0.353487624127358,0.0101850657072561,0.506373312384487,0.00864903252627874,0.0594864221012811,0.0262559794076536,0,0.0112703818037677,0.00757030802126834,0.0134340527662164,0,0.000699312584553811,3.27891004045516e-05,0.00404689713768145,0.0339073193543891,0.00380760319892423,0.0149400262954669,0.0122982691441041,0.0481306271231197,0.0270124148724393,0.00629796994884731,0.000483743917324871,0.00787938650720149,0.000125589450355485,0.00360576868720861,0.0166594358612275,0.13056782352606,0.00373241453811188,0.0315991526928841,0.00391263319506405,0.0471785085499328,0.0132050784812254,0.00129134888243469,0.0317985203869175,0,0.0125793942012889,0.00268594828726147,0.0945738105548785,0.00353595839486782,0.000258229113417327,2.58444948407352e-05,0.000128344330232475,0,0.163192251416747,0.00114231931477621,0.00379087082517269,0.0708885656125187,0.0142191168456446,0.0301692448359765,0.145424854806671,0.000295214794781363,0.0596938558637232,4.97830484953314e-05,0.00758367207866939,0.00939669901902768,0.000273245239561897,0,0.000103795397477979,0,0.0357593265291669,0.000413229924533516,0.000216852645073641,0.000230913051803714,0.182855444933786,0,0,0.000484572177603254,0.275971524202017,0.0044860723486182,0.000112619480190534,0,0.00031906538181974,8.79686970522013e-05,0.00314346271668049,0.00203438236929184
0.00642270068211292,0.000950087394440713,0.473525724469554,0.000361800326590258,0.000429148567027375,0.00296044214566539,0.425812864259737,0.0259556881643797,0.0172845362239362,0.0117063069182455,0.0100768331858324,0.00194946269008362,0.00622837303390512,0.0550169301433307,0.0859241281829633,0.957387582841331,0.347240069225332,0.00182593440758562,0.0633227162380674,0.000699312584553811,0,0.040782286488373,4.64210208013898,0.0884686676987133,0.0120390889298119,0.0511291295260471,0.566812219974107,0.741005058772861,0.0670259837115132,3.11251941632178,0,0.00319198013157305,0.022301658955285,0.556241549324257,0.429655552759275,1.08250600028664,0.136313938383328,1.16755633116783,0.467239734003576,0.0305432070117113,0.00404348099681821,0.00306984403239684,0.0961006889696005,0.00292654931388393,0.0255196099516997,0.00958096544382374,0.0518462110292937,0.00704143171485793,0.000880812155481199,0.000971319221853378,0.000962035311875359,0.00550801216179548,0.000474265433229289,0.000103485602380037,0.000519342150831834,0.0373258838314945,0.00998797078186764,0.00948250833983745,0.00116900009658382,0.000269293575451899,0.000809841927621893,0,0.0117789149943799,0.00543880560980982,0.17247878766791,0.000652482902711809,0,0.000195760198822114,0.00021642038613776,0.252431420486784,0.0588954090968352,0.121613036184316,0.182724070960625,0,0.000743116934536542,0.0908761159536501,0.161579104005519,0.0302421759641282,0.0557016565763067,0,7.20969804803312e-05,0.0060140591933725,0.0115250597906767,0.0499328061574714
0,0.314441103450083,0.00127838168599187,0,0.00120631299704424,0.000374863029150051,0.000535986352265674,5.40393391827941e-05,0.60984657914093,0,0.00764868829869015,0,0.228335380607975,0.000385812740069741,0.011611180433106,0.70222667459369,0.00296669882483464,0.000287822121581203,0.000638024019725573,3.27891004045516e-05,0.040782286488373,0,0.0259206315428835,1.68661324341945,0.157697810369302,0.0106199695723221,1.19625766427782,0.0395040269327662,6.15877110850781e-05,0.000853170052682866,0.0138393287448076,0.000520594257937989,3.76103296511769e-05,0.00315266779968407,0.00174315278961537,0.0112573866622369,0.00422478454289125,0.00746301738745817,0.00428210611993147,0.00538801719638784,5.92655773316979e-05,0.0182522391075798,0.0136105001376084,0.00278165506928263,0.00412835704998932,0.0017196564140388,0.00191002857858481,0.000393190992513144,0.00135677106624568,3.52221527293503e-05,0.0272886321498535,0.00483390840036093,0.00112980120798133,0,0,0.00145513973808081,0.000503982529190197,0.0274503024895158,0.000207453364711005,0.00181425453001268,0.000127499228415645,0.0115433199115246,0.000442147266111344,0.000505398114845178,0.239770746968265,0.00250364573135505,0.00028950831511854,0.000729993751409521,0.000187453329758859,0.0269979307119885,0.219708573644323,0.0802090891687427,0.0938165360034205,0.00373766982347578,0.00606339925614081,0.469987946829098,0.0138483036218659,0.000992989059182407,0.0017530490274442,0.00112138856721434,0,0.000203588437338871,0.000720341897771588,0.000874703330209013
0.0261800140786607,0.00149320372178762,4.17466121517257,0.000989432712186813,0.000291565035493386,0.00690084029928118,0.192707300210662,0.0835435237694011,0.00649688839516737,0.0341988481636856,0.0273772594142852,0.010773558299039,0.00948301962928399,0.168263794717089,0.104433195678614,0.725496261491696,0.775722956990189,0.00585685736337219,0.13028918231431,0.00404689713768145,4.64210208013898,0.0259206315428835,0,0.0542530640696605,0.00446999787100965,0.0836716348882812,2.75863508777832,0.0977417035188866,0.13714906929269,0.70441179728277,0.000124818535320639,0.00262802316474122,0.0330329955607426,0.900770628075816,1.00031275420253,2.9494796586546,0.884670415249716,2.58106417279726,1.72800671257732,0.0589996867646934,0.00615818918333652,0.00227387653570954,0.0559672953343794,0.00407990029971269,0.0189133107228689,0.0205726321110582,0.0160191597761703,0.00184057473227355,0.000227800179888144,0.000283987683499745,0.0026561203896542,0.0459774763798811,4.59525317337662e-05,0.000235425510129267,0.000721065497134262,0.00788531337543567,0.00298428813798217,0.00264538247331431,0.000416100235422927,9.46662313141348e-05,0.000960536144293714,0,0.00446441662674162,0.00297969829259258,0.371926808800324,0.00687917868135045,0,0.00061087831142095,9.73063297623392e-05,0.116694647019749,0.0633551979403375,0.387937194180435,0.0567856859558959,0,0.00126446881053231,0.827207082480202,0.0318195650779452,0.00602623319622698,0.0120014525778403,0,3.53243105827749e-05,0.00180570841063455,0.0023806914859177,0.231643845671109
0.00196884370430821,0.249046988724036,0.00418637919865226,0.394954715241255,0.0245592153040444,0.0120975185991006,0.391085910041018,0.0173676467834822,2.40122757094843,0.154250849592481,0.00453047287347195,0.0810360980285782,0.0843440735243413,0.0352239272749235,0.229497970914196,0.512670419705751,0.0174848986210635,0.00153337497430267,0.0057133152357739,0.0339073193543891,0.0884686676987133,1.68661324341945,0.0542530640696605,0,0.111570515890019,0.0136619177160891,0.940855088994588,1.17835223818189,0.125211367448507,0.0920808541098665,0.00340317187393717,0.00318317976515911,0.0240382990280098,0.0228070339492833,0.0924494374321078,0.179946891472805,0.0187621084148673,0.0799948004476088,0.0335775618865204,0.163696968752783,0.0059847433257371,0.00496974313365186,0.25524993242283,0.00237235298862712,0.108070701608434,0.0247025128287587,0.135317493822845,0.0249980782493002,0.001799075730803,0.0015825057130743,0.0161444601726334,0.00670346473968687,0.118141256250111,0.00116997086901648,0.00834628313293351,0.293047176288321,0.0489580466486482,0.372460208588494,0.101018430163662,0.0024742873029997,0.028237241403735,0.00289417858215181,0.0525533146918497,0.0243264794122894,0.171743899719524,0.00333146117053228,0.000376758425428471,0.00077984034434157,0.0204347003853722,0.169915192817518,0.146900411720663,0.0987051027853442,1.48467825146076,0.00398548199498556,0.00320859018872561,0.189738684952783,0.922559063923495,0.060831367371816,0.0639753380152651,0.000114646670493209,0.000557966415583119,0.00780712940002395,0.0303971217749978,0.0325833585736357
0.000155752067584878,0.184591543394501,0.000392146921062804,0.00118521571355989,0.00575801360122138,0.0224301545345717,0.0120280272934662,0.0377900380948262,0.234877195443901,0.0171057353027609,0.0485651486519175,0.0178266686399387,0.996262640441442,0.0225614716388513,0.00849554517141896,0.00326314515440835,0.000819686553865432,0.00160726077603927,0.00147479855540918,0.00380760319892423,0.0120390889298119,0.157697810369302,0.00446999787100965,0.111570515890019,0,0.0357688974057085,0.486831784228518,0.0184626069916774,0.00495368859176515,0.0166288988456421,0.0647839164182657,0.0379412562093629,0.000529816394677341,0.0435553251186835,0.0047891167828517,0.0642372975034651,0.0310023156969302,0.169613474131523,0.0383864266485506,0.235946746613226,0.0643829781751585,0.165076909332779,0.0337633710594644,0.0115690326578119,0.0677312868040101,0.0325639472953094,0.0923968058879068,0.0242279495527704,0.0303335958254281,0.000199548334581875,0.0461951258540461,0.000361168853344363,0.0013331778918807,0.000346067034126305,0.00486950280132443,0.0131054448080489,0.0178716184397249,0.0107275927063436,0.00623957484173877,0.0276883754405536,0.00665716196761259,0.204341634811106,0.0169094602504434,0.00220885007608536,0.00498915485152972,0.000666397083834475,0.00356554563039844,0.0011467890824651,0.00104168287933818,0.0184253569362686,0.00239101695562266,0.00748588471923164,0.0119053475988839,0.059653828370563,0.0435583043517573,0.216358488510321,0.0235212410990649,0.00775896386675318,0.0114384879409567,0.0388581151878196,0.00314931041366087,0.000734130230725563,0.00888395524784602,0.00452672616166077
0.0104247295925562,0.0202097575745021,1.63391680184201,0.00276023906975172,0.000719969075738558,0.0143296787003738,0.074592470502901,0.0732692811460229,0.0153164525844509,0.106922747476062,0.602298657517032,0.154395265260668,0.0336332443518453,0.195293052318878,0.00675298028314435,0.00178450199060322,1.89167190872416,0.412538419831693,1.57985976614311,0.0149400262954669,0.0511291295260471,0.0106199695723221,0.0836716348882812,0.0136619177160891,0.0357688974057085,0,4.31894625452899,0.0121397680104158,0.132676910066374,0.0896335015899509,0.0381538282346765,0.107848100518429,0.0023172983891936,0.209485220529068,0.0572276593457896,0.937437802546229,1.0154507382426,0.723809993562959,0.435999908057434,0.0114030612300093,0.00567063754530522,0.00915273087994971,0.0707737856452978,0.0956230658385482,0.0295797638431437,0.035507546856698,0.00151590463889423,0.000983213449035098,0.00425238870783986,5.96443495508492e-05,0.083100853856956,0.107647327714359,6.6276682937786e-05,0,0,0.000513174466786233,0.000207894609553874,0.00583971436615046,0.000152737375905591,0.134072734012142,0.000798010634268282,0.515418808823941,0.00142972770571216,0.000679833820983421,0.00223768152971461,0.0926848381887699,0.0315413057282672,0.0672753392049697,0,0.00324833581888429,0.00453986679476958,0.0128120204065162,0.00532359168390914,0.0143336971763262,0.866204793605339,1.70838479986445,0.000271301932159638,0.00171860994129428,0.00746170932954804,0.330847322259657,0.000497512881860047,0.000293384486783442,0.00777998957153387,0.0430131496244594
0.0121643413393664,1.11491469855626,1.85610781954827,0.00341397698104327,0.00214508524862875,0.00735384445297565,0.0926378845468821,0.0377265649845548,0.610328471463401,0.0690457394406791,0.0521887448545936,0.0733971828261462,0.27423409175851,0.130009866643117,0.0547121269072661,1.27816772264501,2.85509599992766,0.0940990637974955,0.441445543030175,0.0122982691441041,0.566812219974107,1.19625766427782,2.75863508777832,0.940855088994588,0.486831784228518,4.31894625452899,0,0.19177299152216,0.116777394827973,0.219568919546539,0.0742933009151817,0.0155990157916609,0.0138148731745441,0.343580809955289,0.54574357802462,4.03064497194587,1.10833340791857,1.88456282422349,1.93871080831263,0.0529011965154208,0.00656265899615413,0.00392413222205642,0.654190811908104,0.162119052499679,0.249922198881052,0.258367595496255,0.0177098921427629,0.00660720358133649,0.0026179630564481,0.000968045354963761,1.02964545111224,0.999766083175971,0.000506266783556384,6.57277999208689e-05,0,0.0116599915680666,0.00111653829075272,0.0318901551109972,0.000690494293962026,0.0581785301857336,0.00105020630009874,0.307704174237884,0.00513177875801163,0.0044679910776332,0.883715694299407,0.591530905506182,0.0925028045864726,0.201021887393933,0.000238825047634718,0.0649014986892998,0.423137678191905,1.03606853342691,0.163244896950814,0.0396383850173749,2.05436518535591,14.1172992867487,0.0366266423871754,0.00506049079930762,0.0441876986182113,0.254353905357785,0.000271711867071169,0.00089274054859698,0.0472199155422116,0.288075643963151
