0,63.2852767407894,719.441328257322,155.684486985207,3.93149936199188,142.185524612665,8642.35220435262,660.344234526157,1162.64263087511,1459.86942985654,5.36929965019226,308.179876714945,15.6217466592789,11529.981304884,46.2410089969635,92.2491300702095,904.702399998903,16.4913163781166,86.8974877297878,547.53645119071,491.059572100639,246.857254415751,749.38305798173,842.106104642153,13.6303096413612,893.506321132183,930.414927214384,699.822012603283,8037.16214782,7752.06747812033,1.49216675758362,44.1892182826996,18.9871674180031,327.446458548307,45.2618017792702,1150.66024425626,164.13441079855,439.494971245527,66.1026439666748,195.502507418394,62.1372391879559,88.0054189562798,312.23835927248,49.2972584068775,92.9792506992817,29.8321340382099,340.417426913977,29.545734167099,1.37212523818016,265.772543638945,6.14993017911911,105.878721863031,35.898974776268,0,25.6512772142887,383.209777727723,175.607236504555,147.216449230909,22.2548325061798,0.843056589365005,52.3040433526039,166.995690345764,279.866782903671,23.4817836582661,204.899822384119,19.1392602026463,0.387899875640869,6.84814074635506,27.3516917824745,561.48041009903,88.7979025840759,198.155354529619,1014.32377910614,0,66.6047941744328,291.692624092102,215.838327288628,269.824053913355,2367.26374554634,0,1.51493924856186,2.43910533189774,74.4607863128185,28.6388402581215
63.2852767407894,0,473.187207907438,9.05821588635445,5.76912266016006,1.96556797623634,51.3526514470577,37.8553692102432,1175.3923946619,7.20255479216576,108.79243594408,22.554718285799,462.215773284435,103.5373288095,6.41352152824402,1539.54255354404,1365.86516329646,3.66399109363556,73.5236955285072,6.83521008491516,662.654730170965,2677.61803722382,1278.20254442096,1241.93835180998,629.519252955914,686.80524662137,25976.0670806766,60.5190063714981,186.310115277767,515.520287781954,22.7535860240459,1.92130649089813,10.6717028617859,645.721737504005,60.2632850110531,1741.05522859097,496.479008227587,696.243605345488,364.722983747721,24.2821904122829,7.02028986811638,11.2375661730766,252.109771817923,105.011778771877,46.2996376156807,40.0698153972626,3.07414430379868,0,15.3077508211136,3.27168020606041,906.556169629097,160.099023938179,0.658977061510086,0,1.0947360098362,5.92358756065369,4.98739257454872,0.999957472085953,0.361842930316925,14.948922753334,2.28790256381035,63.2478010058403,10.7721194922924,0.35974395275116,22.2960755825043,65.0700961649418,2.91835111379623,24.8891669809818,0.725535333156586,22.1936970949173,50.3073244690895,92.1079037189484,5.06886839866638,19.9695672988892,244.498848468065,2026.9952211082,3.22231552004814,9.45165148377419,14.8353626728058,10.7336095571518,0.71947568655014,5.07047647237778,38.224772721529,32.2563785910606
719.441328257322,473.187207907438,0,92.3873405009508,24.1521181464195,18.5166546106339,2854.61367362738,779.097707539797,113.815605223179,223.522890001535,15.3150877952576,7.26309639215469,67.5662313699722,1924.87352624536,21.4272570312023,709.813672184944,6241.03003174067,2.67767560482025,36.3124001324177,3.88122490048409,1990.67433381081,2689.79902973771,36394.4960922897,1940.33543279767,75.9853681623936,25097.9653236568,65025.3650746644,512.323655247688,2219.31820234656,6617.00218772888,0.724022567272186,2.56865218281746,14.8670413196087,633.612095624208,57.4611971080303,983.727511286736,243.626893371344,1181.75303354859,292.412705093622,41.4773440361023,23.3515296876431,15.6036053001881,173.944507777691,139.383151441813,66.2332989573479,12.8181430399418,14.3978388011456,1.83489793539047,0.954065412282944,2.37838578224182,9.1520089507103,284.954448789358,0.411162346601486,0,0.475981473922729,17.2328179776669,1.43210998177528,5.33819580078125,0.329602301120758,0,2.84633234143257,28.9904523789883,24.3748017251492,0,493.279693067074,31.4408278167248,0,2.95823484659195,0.473850846290588,327.158037036657,105.229481548071,731.801450818777,31.7132177948952,0.585527718067169,166.909966140985,1336.73476591706,12.2411060631275,13.6277330815792,115.530368924141,2.69979560375214,0,3.63301801681519,20.355417072773,10.1496331989765
155.684486985207,9.05821588635445,92.3873405009508,0,9.63987427949905,175.451379179955,5993.56851679087,564.044219493866,6566.85992246866,14376.4545452893,1.86731979250908,6971.13629090786,8.49483036994934,804.150261193514,387.19432118535,35.3095614612103,5.99259290099144,1.75896182656288,7.10169139504433,27985.4382199943,32.2113624513149,98.4865255355835,164.890480071306,10124.7503374219,2.29879760742188,19.3430432975292,138.044028013945,17051.59403418,523.908203363419,70.5148870646954,0,13.3500674068928,37.6012739241123,253.536295771599,158.241967350245,2023.15792426467,23.3086014389992,396.76747789979,204.088518559933,454.331482201815,116.269779890776,108.329604804516,205.236130386591,1.40809631347656,47.0383566915989,15.8926373124123,565.145242244005,17.384750187397,1.68713849782944,124.803703725338,0,3.58471789956093,1023.50878699124,0,82.3920246213675,895.955062121153,144.848141729832,639.693164795637,103.953700780869,0,546.403211206198,42.8561454713345,241.637258648872,94.7812521755695,8.23086726665497,0,0,0,585.180827975273,21.3659553527832,8.74800589680672,11.8291755020618,2022.58465126157,0,0,7.07300764322281,330.455086380243,85.3584040403366,207.742588758469,0,0,2.05012187361717,56.9752893447876,8.06849685311317
3.93149936199188,5.76912266016006,24.1521181464195,9.63987427949905,0,5775.73426398635,45.039436519146,1306.40665090084,10.6662857532501,37.1712028086185,0,22.6003867983818,0,173.692559450865,1709.8989084065,281.35380512476,1.19382834434509,0,0,11.8191471397877,307.396441012621,54.3504437506199,849.795737355947,29.0351933240891,1.07358831167221,0.483218967914581,454.766455441713,72.9151002764702,218.639456570148,20.5325836837292,0,610.472127735615,7.12201243638992,58.672915160656,2410.64553844929,110.52365809679,60.183203458786,305.821471989155,84.2735906839371,15319.6095498502,1766.85322102904,2.22018224000931,21.8866112828255,14.5087364912033,22.4381669461727,214.328143298626,4.70030075311661,9.6677782535553,2.57302594184875,0.528860807418823,0.782811284065247,9.31041944026947,0,0,1.74895316362381,1.86491933465004,0.847812652587891,3.27219867706299,0,0,11.970654129982,2.42576557397842,0.339253425598145,2.10596543550491,18.0539698600769,5.47191452980042,0.996143460273743,7.20073932409286,0,11.7104642093182,5.95943680405617,44.6044771075249,7.15970993041992,0,8.47337654232979,62.850595831871,2.94835209846497,6.26744249463081,11.8705683648586,0,0,0,8.00097090005875,1887.14119675756
142.185524612665,1.96556797623634,18.5166546106339,175.451379179955,5775.73426398635,0,790.401846975088,35076.9066685736,1245.07731553912,22212.0496735275,30.7195311486721,13752.0459443927,27.1471348106861,6612.62266153097,6078.17039954662,3.3252047598362,14.2481050789356,94.5583894848824,107.250153630972,268.014616429806,22.3087425231934,17.8655533790588,39.475734770298,254.127123981714,12.4234270751476,231.945734977722,355.07561570406,343.771809518337,1539.72406244278,80.0572168827057,16.3746480345726,3943.32104751468,4.31574684381485,437.381194740534,5323.03974220157,2674.00297531486,50.1379385888577,2045.43066990376,133.472326993942,5743.6262050271,2442.39662265778,391.542086899281,253.520876467228,7.50318199396133,54.9261206686497,19.6686829328537,303.091722071171,21.7602914273739,2.44160827994347,100.3195335567,0.9040447473526,2.03564515709877,156.654098927975,1.81272226572037,128.167103499174,250.265444219112,55.7940987348557,103.749229282141,20.3157795965672,0,195.267830818892,128.472136318684,100.069510400295,38.3217761814594,9.74723926186562,2.2179759144783,0,4.83837711811066,91.1374454200268,31.4030599594116,4.76775643229485,12.1754716336727,549.235106229782,0,15.6646026074886,11.3314815759659,83.7321717143059,79.4504499733448,376.874875605106,2.13344073295593,0,1.03553515672684,34.2934904098511,1305.13467156887
8642.35220435262,51.3526514470577,2854.61367362738,5993.56851679087,45.039436519146,790.401846975088,0,10763.2584808767,3093.75046855211,25007.4109590948,14.9480314552784,238.402936130762,27.9470285475254,30912.0739665627,271.504489511251,867.328279972076,89.4718493521214,48.0456053614616,106.938981324434,158.144387930632,11904.4880823195,435.693075954914,11748.4700792432,15554.8906718791,16.0685882866383,329.441102772951,3369.89853847027,57429.9703393281,3168.40397286415,15065.0557678938,4.7156757414341,54.4106013476849,154.492166876793,1113.65540286899,540.496366083622,5768.80790171027,156.691052615643,2117.80513572693,656.108712941408,976.687407314777,364.376291483641,268.576044589281,683.786043912172,31.0622013509274,183.809590518475,40.8518604934216,527.237519323826,79.9872546195984,1.29821825027466,522.36022233963,2.95000198483467,76.7875837683678,277.984266504645,2.73479068279266,101.886627390981,1350.2193838954,373.809519767761,387.143951207399,71.9467396438122,4.29084733128548,119.855497896671,180.206505715847,548.645502328873,63.9882209599018,111.611466437578,9.64514973759651,0.426226943731308,3.41533619165421,127.212653666735,272.292731136084,59.205155402422,182.955450087786,2566.56980675459,0,15.45588940382,132.591539651155,331.622288018465,488.820458739996,2493.17034718394,0,4.75269341468811,9.10698196291924,163.996637254953,63.6837847530842
660.344234526157,37.8553692102432,779.097707539797,564.044219493866,1306.40665090084,35076.9066685736,10763.2584808767,0,2225.85697388649,11082.8637521863,260.1056201756,5746.32308191061,183.764137774706,22031.043153584,4185.65203368664,35.4123602807522,271.540455639362,494.366875559092,463.973722606897,834.345930308104,508.199381113052,158.608072519302,1122.51996636391,1577.78988847136,75.8323714435101,1177.49544736743,1722.9356303215,2019.90232717991,3212.69164523482,1721.78311273456,100.926546007395,13531.7828921676,29.8954720199108,1206.75745406747,388.783170372248,3792.4121440053,212.210885614157,4321.02025786042,182.277589052916,6868.03395688534,3013.33087697625,956.414005249739,723.705459684134,38.9273031651974,203.956341952085,60.6011632680893,776.361261367798,81.6122901439667,4.57006585597992,648.847604542971,9.441730260849,59.9564369320869,445.548878073692,6.47316980361938,188.663909047842,1947.62358655035,473.788949847221,330.888213694096,129.204023212194,2.87565904855728,207.02743947506,278.944203495979,718.639535695314,91.4360246360302,73.443339496851,8.41860398650169,4.23950308561325,7.6527564227581,274.715776979923,164.833288997412,39.7989165186882,113.156009584665,3157.91703823209,4.0244622528553,83.168167501688,189.60703548789,472.538773268461,473.063135802746,2293.64084336162,6.96393501758575,1.82529544830322,13.1459347605705,203.117664068937,53.4007373154163
1162.64263087511,1175.3923946619,113.815605223179,6566.85992246866,10.6662857532501,1245.07731553912,3093.75046855211,2225.85697388649,0,1936.01777622104,30.956469476223,6962.67922574282,221.534189254045,2308.1802906096,1859.40675398707,211.322119951248,94.7204675674438,11.0895643234253,20.3635822236538,3380.45019227266,171.674366056919,9216.2415266335,213.79287314415,33173.4204327166,220.729872435331,87.5626482963562,1129.25374796987,6481.95816618204,2411.48727557063,3063.95556390285,9.66347694396973,50.8517999947071,58.0465737879276,277.07290494442,215.174717903137,2913.6193150878,58.8369062244892,624.39654135704,192.205863654613,2933.73082992435,244.172685205936,157.179475992918,495.092056572437,49.5938273668289,215.818288624287,73.0469450354576,420.381682306528,48.9686834514141,6.59956431388855,265.259387761354,1.88712692260742,75.2229966819286,956.028375715017,1.41046142578125,141.841785490513,1488.45958845317,325.331913590431,2093.19459795952,127.903178483248,16.5698285996914,280.674020946026,91.1638575196266,380.745372086763,89.5483312010765,583.746856480837,17.0843596458435,21.3847067952156,49.9877506196499,570.247606813908,823.721971035004,415.129732131958,383.540690839291,4295.2410839498,5.66550266742706,105.168849498034,146.99832546711,799.596755325794,291.452058374882,2156.6650224328,9.20135104656219,20.1519957184792,7.59365424513817,144.177397459745,99.5630344152451
1459.86942985654,7.20255479216576,223.522890001535,14376.4545452893,37.1712028086185,22212.0496735275,25007.4109590948,11082.8637521863,1936.01777622104,0,24.9767009913921,12048.1943433285,34.6009947061539,5434.60196307302,462.516439259052,64.6464213430882,36.2926635742188,80.258473277092,173.090879648924,12508.1911169589,194.127667456865,86.884230479598,556.383793532848,2611.10109099746,18.6424910724163,324.985051214695,845.094385236502,16606.0960187912,2539.94942623377,248.55309702456,18.9686159789562,123.566913723946,40.9903964400291,1723.7201013267,1729.27290761471,7423.08236801624,106.123874992132,4535.22985494137,755.538855671883,1601.33197805285,756.80291607976,514.147921919823,632.660423576832,18.615818887949,104.37625169754,32.2358793020248,340.015744686127,10.9741595685482,2.96511402726173,152.991291999817,3.3704027235508,6.31154295802116,403.218994230032,3.20534539222717,51.3151926845312,607.353113099933,76.5915566384792,278.85281920433,194.852177858353,0,275.711241304874,180.132196187973,159.121193468571,58.832996815443,14.2022077441216,0.375282496213913,0,0,215.390356689692,41.2808216512203,15.8613947927952,23.0429167151451,1185.70014798641,0,5.72326076030731,18.3859411776066,168.05071875453,76.4754420816898,372.71122610569,0,2.82786226272583,4.44550004601479,52.9173065721989,105.467778146267
5.36929965019226,108.79243594408,15.3150877952576,1.86731979250908,0,30.7195311486721,14.9480314552784,260.1056201756,30.956469476223,24.9767009913921,0,22.8796109855175,24134.7827789783,989.661265045404,3.71505081653595,66.2661067247391,646.671505331993,23871.93687886,3307.66137176752,5.13636484742165,55.4230843782425,94.1761436462402,54.7243241965771,38.9403045475483,3534.19458994269,11085.3128313124,3339.54841929674,5.0302055478096,573.02970457077,31.9564597308636,9346.18168133497,177.60092690587,3.31587824225426,5654.92079168558,14.1035910844803,116.996784389019,226.759026706219,682.42285194993,138.608031570911,12.4526190459728,3.64067137241364,1391.05646699667,20.7234578132629,1336.54157984257,19.9535482525826,8.17975780367851,3.12666016817093,0.885264337062836,376.14287519455,0,107.62237405777,0.818818211555481,0,0,0.592592656612396,0,10.9876837730408,12.6174190938473,0,512.584531158209,2.30948275327682,1889.64613732696,15.936275780201,0,1.19527328014374,0,175.057231068611,33.3132453560829,0,0.647059261798859,13.6119579672813,1.09227707982063,0,213.849091768265,1126.06172847748,655.527797520161,1.26532077789307,4.65119168162346,0.913967072963715,743.056267678738,10.9987317621708,0,30.7568270266056,0.901422679424286
308.179876714945,22.554718285799,7.26309639215469,6971.13629090786,22.6003867983818,13752.0459443927,238.402936130762,5746.32308191061,6962.67922574282,12048.1943433285,22.8796109855175,0,35.8458943367004,1821.02537387609,2951.80769217014,3.19170725345612,6.28267860412598,63.0444578826427,103.42566499114,13804.3163238466,12.6924775540829,92.0028177797794,18.8943769335747,1561.59163278341,10.0944402813911,188.208195775747,303.273484349251,413.275376886129,963.700443387032,38.279131680727,12.9150418937206,120.619879603386,16.6490876078606,529.175093442202,2063.98012268543,4256.55476546288,65.8221924901009,2320.53112348914,289.191741377115,3156.14145511389,567.967840313911,392.052359879017,537.791539937258,9.04896831512451,80.2531157135963,22.1100268065929,1404.11122655869,35.1576575934887,0,236.963668704033,0,5.26300153136253,1114.18361601233,7.98366737365723,131.913972735405,996.139842182398,195.237157821655,374.151586264372,103.769332110882,1.26242852210999,938.236927509308,211.491659462452,335.644524902105,248.477463811636,3.93885582685471,0.328433901071548,4.13786217570305,7.56567147374153,782.414765894413,32.8190852403641,8.24532359838486,8.31695774197578,1918.20473638177,0,9.87971472740173,5.73369437456131,461.633558988571,135.073314547539,268.666123509407,0,4.52227073907852,6.58317005634308,90.7235036790371,1292.52769961953
15.6217466592789,462.215773284435,67.5662313699722,8.49483036994934,0,27.1471348106861,27.9470285475254,183.764137774706,221.534189254045,34.6009947061539,24134.7827789783,35.8458943367004,0,548.346159905195,4.06831243634224,441.024842053652,58.7656515240669,1096.80576482415,13.9290792644024,8.26962801814079,234.023100942373,414.072759985924,297.78206461668,225.998755723238,12478.3506366909,3269.77522617579,3188.96849358082,13.37087225914,352.760114759207,130.433973580599,4831.04248932004,131.307546764612,2.502720028162,3513.58441543579,10.5759218335152,180.487600535154,654.299869388342,2159.08896714449,51.0744726955891,17.4884425103664,10.2009988427162,4696.77880370617,27.5447173416615,2371.35241225362,77.8606728315353,16.0874394774437,15.9366984367371,4.46297937631607,778.109834372997,0,604.434852212667,3.56054863333702,1.53673142194748,1.23262238502502,10.211880594492,2.62598815560341,60.8699804842472,90.0025856494904,0,1972.53772857785,6.51060402393341,7464.23853164911,72.0307559072971,0,2.15287095308304,1.40242677927017,682.510452091694,87.687076240778,0.526685535907745,7.77740544080734,63.5362404584885,2.35401853919029,12.5257370769978,968.063105225563,3705.98981633782,2635.22284293175,2.58529138565063,23.0533010959625,4.68746483325958,2195.04279452562,79.791417658329,0,115.775995314121,0.488598674535751
11529.981304884,103.5373288095,1924.87352624536,804.150261193514,173.692559450865,6612.62266153097,30912.0739665627,22031.043153584,2308.1802906096,5434.60196307302,989.661265045404,1821.02537387609,548.346159905195,0,1923.10896113515,112.242651164532,1651.28594121337,1846.19380813837,1917.41712224483,894.072904109955,1011.20875415206,480.339662969112,1901.50884455442,1983.14337438345,251.841468811035,4574.28705585003,6153.53198760748,2094.41520497203,33326.5380736291,12126.9908662736,314.192746341228,9079.80327764153,206.010708034039,3514.87212705612,536.479437083006,10352.7135842144,731.223418623209,7995.902377069,403.999093323946,4958.07593983412,5148.05591934919,1337.81555938721,865.517394542694,119.207136362791,181.641510903835,70.1460036337376,669.929440557957,73.2126826047897,11.1591972708702,383.919131726027,33.8063715398312,146.416818827391,114.430517047644,1.57975959777832,54.590070605278,697.463939860463,166.977750152349,261.40144944191,30.5080500543118,11.8858851790428,186.029701143503,588.448578417301,393.363202571869,38.4431967139244,278.353008031845,30.5969012081623,18.4194790124893,34.0477615892887,79.0111185312271,817.534493535757,159.883156657219,318.037168055773,1630.2326977551,21.1299787759781,411.889291763306,844.506936252117,363.475798487663,372.947209179401,3384.41349202394,19.2393296957016,1.00455367565155,15.6887649893761,115.180840879679,67.108786791563
46.2410089969635,6.41352152824402,21.4272570312023,387.19432118535,1709.8989084065,6078.17039954662,271.504489511251,4185.65203368664,1859.40675398707,462.516439259052,3.71505081653595,2951.80769217014,4.06831243634224,1923.10896113515,0,366.681528419256,15.2565253376961,10.9166978001595,11.7953844368458,237.231063753366,522.25272154808,57.7078897953033,573.475741416216,952.985703855753,2.91047272086143,35.5440341830254,299.288046091795,507.19057559967,393.780745387077,82.5340849459171,5.99639397859573,148.446542620659,30.644677400589,100.172178208828,4352.07539659739,484.571895033121,129.452385962009,522.086917519569,131.077475845814,28841.7837540805,750.957081019878,64.5180075764656,135.21157169342,47.3164387345314,110.445595741272,353.405132353306,561.542219489813,35.2913176417351,1.59527802467346,64.3425375819206,3.68352073431015,15.0245126783848,228.130807727575,1.01893639564514,35.9989739060402,213.120766967535,72.4087812900543,105.468179881573,44.3438502848148,1.90555244684219,348.010457187891,62.5836608707905,107.399231761694,92.4275562167168,51.7328736186028,29.3043254315853,10.3120059370995,16.4021831154823,206.290680676699,198.748763591051,15.1190013885498,209.399892807007,434.646322220564,0,33.5713751018047,114.047118127346,290.866742223501,177.9074472785,202.12013939023,0,2.75827437639236,38.4085523486137,80.5737544000149,1247.06500852108
92.2491300702095,1539.54255354404,709.813672184944,35.3095614612103,281.35380512476,3.3252047598362,867.328279972076,35.4123602807522,211.322119951248,64.6464213430882,66.2661067247391,3.19170725345612,441.024842053652,112.242651164532,366.681528419256,0,159.512447416782,1.98343139886856,27.6854501664639,2.41320556402206,11135.7335836291,13982.2831400931,31834.93948856,18663.3896847069,532.845889687538,79.3869081437588,15524.5622363985,8120.54652771354,379.902594149113,958.038966119289,21.5025849938393,1.96749591827393,55.7922957241535,432.828387320042,1542.18112245202,7590.38112741709,601.36550155282,1794.53180634975,1723.66113391519,434.108196794987,124.521627932787,118.888047873974,456.783704668283,99.435855537653,57.7162317037582,48.7321312427521,121.819484233856,2.91080212593079,11.8309579491615,26.900799959898,5.92412021756172,497.29453343153,1.73471808433533,0,7.44561132788658,51.6766830533743,31.2955710291862,32.3127107918262,0.753951758146286,13.4845693707466,55.7417886257172,185.181810736656,89.8235974311829,3.00694340467453,3128.9628906548,9.00140655040741,7.3395928144455,7.91953417658806,4.99510389566422,2540.82599249482,378.850638985634,3796.48280283809,207.793441921473,7.60914328694344,101.921084135771,1385.27524507046,151.905209958553,119.606003195047,869.160178780556,21.4222048223019,0.403283655643463,5.88849654793739,25.8765551447868,189.487937182188
904.702399998903,1365.86516329646,6241.03003174067,5.99259290099144,1.19382834434509,14.2481050789356,89.4718493521214,271.540455639362,94.7204675674438,36.2926635742188,646.671505331993,6.28267860412598,58.7656515240669,1651.28594121337,15.2565253376961,159.512447416782,0,937.898016571999,11284.061535418,6.51226612925529,1584.66838538647,367.720315873623,11883.7860016227,119.620718300343,83.5885225236416,21173.7401471436,29697.6027522981,96.2599682509899,5344.84955152869,6422.98689693213,5.39352309703827,17.2668476700783,1033.38061413169,5387.95476344228,183.76170155406,6177.03217315674,3486.23453888297,1775.19171029329,1779.69737282395,45.7791003882885,21.9229191541672,38.2379025816917,1048.81720668077,1329.15546154976,210.285672932863,182.4844417274,25.9656668901443,6.47624707221985,0,8.02668163180351,617.080572664738,709.942302882671,0,0,8.64705687761307,17.7937688827515,13.9366197884083,12.6270810067654,0,2.33063822984695,2.38908612728119,46.0956947505474,37.0033078789711,0,327.405865609646,727.492329955101,13.2658252120018,595.781981766224,0.398330628871918,354.185167312622,66.276318103075,573.981154769659,37.6377462148666,3.28722232580185,6203.8023326695,10710.4651588202,39.9219507873058,43.6956105828285,219.646964967251,3.74898609519005,0,1.70686548948288,348.51279887557,48.4626550376415
16.4913163781166,3.66399109363556,2.67767560482025,1.75896182656288,0,94.5583894848824,48.0456053614616,494.366875559092,11.0895643234253,80.258473277092,23871.93687886,63.0444578826427,1096.80576482415,1846.19380813837,10.9166978001595,1.98343139886856,937.898016571999,0,825.612567782402,8.36564192175865,12.3591648340225,1.22774189710617,23.4845389723778,10.7717642188072,665.199896633625,10005.7966797054,1963.72587767243,5.66470435261726,1028.41741466522,28.4336676001549,1167.11173987389,304.945073127747,19.5761452615261,5255.13992151618,33.8107964396477,245.175958603621,751.19714614749,2148.89250776172,200.674017339945,31.4839055836201,3.17290794849396,390.785315752029,45.7583674192429,465.743800938129,57.4950593411922,23.778163433075,3.59543025493622,1.45234858989716,65.4181328117847,0,81.5034270882607,1.20426866412163,0,0,6.54741337895393,0,38.4277580976486,15.7538911700249,0,207.934956729412,1.78099149465561,983.575656145811,31.6452751457691,0.279178440570831,5.73446106910706,2.18326258659363,241.375632882118,155.556214272976,0,2.57430014014244,14.4056371748447,4.59659361839294,2.93278896808624,327.74436339736,2290.34533074498,1497.13647204638,0,14.9551015496254,0,330.914145857096,25.6542077958584,0,33.2769315242767,4.85102164745331
86.8974877297878,73.5236955285072,36.3124001324177,7.10169139504433,0,107.250153630972,106.938981324434,463.973722606897,20.3635822236538,173.090879648924,3307.66137176752,103.42566499114,13.9290792644024,1917.41712224483,11.7953844368458,27.6854501664639,11284.061535418,825.612567782402,0,16.7242010235786,115.130417227745,13.3620461523533,224.342373847961,14.2722027301788,267.469955652952,17504.3120917082,6775.15107151866,16.913724988699,1779.34216731787,185.611095994711,24.1230078339577,101.921307057142,220.919915258884,15985.4127648473,114.830642312765,1701.52973732352,2188.12973478436,3243.62863638997,1224.77544513345,48.2854201793671,10.1290549039841,97.8610303401947,211.263992339373,331.279050439596,65.8457215130329,54.7379384934902,13.6083410978317,0,16.079753279686,0.684569001197815,247.02008202672,16.5383995175362,0,0,6.47634184360504,0.897362411022186,28.2180642783642,2.94952648878098,0,20.2136985659599,7.0847727060318,116.592682272196,28.597925812006,0.826537698507309,32.370363175869,58.8677085042,112.730600088835,397.557654321194,0,27.030176281929,6.38962164521217,46.944071739912,0,118.198788642883,5344.93515208364,4838.53998652101,0.741373151540756,10.6796932518482,10.4623899459839,23.2165093123913,4.83952730894089,0,119.60280957818,24.6641685664654
547.53645119071,6.83521008491516,3.88122490048409,27985.4382199943,11.8191471397877,268.014616429806,158.144387930632,834.345930308104,3380.45019227266,12508.1911169589,5.13636484742165,13804.3163238466,8.26962801814079,894.072904109955,237.231063753366,2.41320556402206,6.51226612925529,8.36564192175865,16.7242010235786,0,6.4342126250267,43.0803146362305,8.33462682366371,1781.89852702618,4.21205312013626,41.2484733462334,64.9276789724827,939.390477925539,803.058566629887,22.5067732930183,1.00945836305618,31.3787884712219,11.2198110222816,337.861905038357,207.093055814505,2332.25513032079,38.9484460055828,687.492282509804,187.596204191446,542.204777598381,208.232580423355,150.083620578051,261.65511739254,1.84687241911888,39.6358695328236,9.05875724554062,596.59105232358,10.2336209416389,1.73141169548035,112.303472220898,0,2.16377690434456,858.175235748291,3.20238614082336,89.9690155982971,632.943557992578,130.941523492336,280.20815962553,100.139404550195,0,714.913165211678,51.8155837357044,231.359418064356,107.778345763683,1.66414198279381,0,0,0.352074921131134,564.93839648366,6.40857550501823,4.92042130231857,4.25908282399178,1436.59440419078,0,0.450482219457626,3.22790694236755,315.628594666719,83.8771233558655,116.836869344115,0,0,2.56178048253059,39.1576915383339,15.5763236582279
491.059572100639,662.654730170965,1990.67433381081,32.2113624513149,307.396441012621,22.3087425231934,11904.4880823195,508.199381113052,171.674366056919,194.127667456865,55.4230843782425,12.6924775540829,234.023100942373,1011.20875415206,522.25272154808,11135.7335836291,1584.66838538647,12.3591648340225,115.130417227745,6.4342126250267,0,4551.3256751895,54375.7113790214,3890.44156315923,300.838544756174,475.013276308775,4259.30894786119,18692.6550521851,2946.70217755437,30237.4640725851,13.1200397610664,7.52437835931778,1063.68366721272,5820.07930245996,1829.24610674381,10068.514429301,5166.3622648716,15295.9746026099,4135.3183657527,820.364819705486,541.485082626343,329.601961672306,752.463398128748,187.424160540104,111.543877691031,66.9259039759636,134.655328840017,7.83599972724915,4.90753930807114,41.0679101496935,15.1153240799904,952.335159778595,3.07658043503761,1.80993849039078,13.4649097919464,74.4264163523912,46.3034573197365,33.894941419363,1.25489926338196,7.03832951188087,96.5946817696095,343.726621359587,142.545433998108,5.76011896133423,4374.11960050464,31.2255424261093,3.13496688008308,15.5844339132309,10.5297546833754,3537.12502768636,359.164489865303,6168.34170043468,173.763729870319,7.79596692323685,188.761747509241,2180.19344598055,130.459273457527,180.515787154436,933.425574541092,2.67551735043526,1.16316711902618,18.1061046123505,37.4724823832512,231.852338343859
246.857254415751,2677.61803722382,2689.79902973771,98.4865255355835,54.3504437506199,17.8655533790588,435.693075954914,158.608072519302,9216.2415266335,86.884230479598,94.1761436462402,92.0028177797794,414.072759985924,480.339662969112,57.7078897953033,13982.2831400931,367.720315873623,1.22774189710617,13.3620461523533,43.0803146362305,4551.3256751895,0,4599.72873023152,23776.7479525208,496.561128616333,234.755049586296,12916.5313094258,618.424520254135,680.62815824151,5576.84961089492,12.8470985591412,4.49955001473427,17.5709580481052,381.376363575459,224.321217238903,2519.88884648681,383.326329827309,931.440514355898,519.710656225681,151.218274474144,46.4553488790989,44.0526378154755,213.065304726362,66.6438725590706,40.3058397471905,24.5945411920547,20.0134773254395,3.73556917905807,5.65382814407349,11.2184664607048,3.36189949512482,254.411681294441,10.9173644483089,0,1.03527426719666,27.3768536746502,10.5559614002705,24.6619627177715,1.92044466733932,11.4574152231216,9.25782665610313,59.3903962671757,29.4295418262482,2.01419949531555,2141.54289224744,9.89955484867096,0,4.26173463463783,2.29348313808441,591.96896725893,282.746870070696,1134.06615054607,103.726248532534,1.39459645748138,77.2330597639084,1288.41823640466,34.8654110431671,31.1568368375301,198.480455607176,17.5609428882599,0.465957492589951,4.45219567418098,6.54998669028282,38.7606761753559
749.38305798173,1278.20254442096,36394.4960922897,164.890480071306,849.795737355947,39.475734770298,11748.4700792432,1122.51996636391,213.79287314415,556.383793532848,54.7243241965771,18.8943769335747,297.78206461668,1901.50884455442,573.475741416216,31834.93948856,11883.7860016227,23.4845389723778,224.342373847961,8.33462682366371,54375.7113790214,4599.72873023152,0,6635.99494031072,404.167286902666,10023.9186304212,63702.8685458004,6994.11058735847,2842.33811113238,20663.5211247206,11.1095832884312,6.73942071199417,253.472141742706,3884.23273798823,2986.85687026381,23615.5478304029,5213.73546600342,19322.3822626173,10118.8877664804,773.077637940645,390.811947852373,249.736973613501,1806.02680158615,1305.53520095348,506.470546245575,233.72637462616,56.6681889593601,13.0066112875938,5.82531172037125,71.1491294205189,49.089134812355,3548.77147400379,6.49444523453712,1.30715382099152,4.7753632068634,176.426091909409,25.0271507799625,22.816425204277,1.27471533417702,12.6972612440586,70.4664466381073,167.324808448553,137.810385137796,5.60770529508591,2799.06574943662,253.104174315929,3.59863975644112,54.069630920887,7.07974615693092,1077.26051926613,425.620092004538,5841.97178693116,104.983769088984,4.69076770544052,1176.24475359917,11842.427310586,60.226210474968,139.889015138149,543.972232580185,10.1937352716923,0,17.2471432387829,158.414213120937,511.880887269974
842.106104642153,1241.93835180998,1940.33543279767,10124.7503374219,29.0351933240891,254.127123981714,15554.8906718791,1577.78988847136,33173.4204327166,2611.10109099746,38.9403045475483,1561.59163278341,225.998755723238,1983.14337438345,952.985703855753,18663.3896847069,119.620718300343,10.7717642188072,14.2722027301788,1781.89852702618,3890.44156315923,23776.7479525208,6635.99494031072,0,249.738371163607,71.7902826070786,8270.44289171696,42953.2202184498,2207.7757833004,7923.88329136372,10.5753747224808,27.8382400870323,94.5796571075916,655.204639464617,565.800066322088,5597.55047222972,145.738915383816,1651.4348167181,596.111974060535,907.809098303318,218.699179977179,239.479287862778,963.908923923969,41.9259880185127,333.037842303514,98.8630265891552,1187.13098236918,142.36336261034,9.35652884840965,933.477660834789,3.50168833136559,135.928191006184,995.581895619631,3.5143478512764,276.958086550236,2588.20231708884,694.921785771847,1553.58773046732,165.314653098583,13.6044833958149,659.890229135752,381.649141073227,1172.47523370385,130.325892150402,1110.39003530145,23.3385047018528,0,9.89395305514336,528.186896145344,2160.72541037202,732.858207672834,798.001119852066,6403.14384329319,0.431825995445251,38.3045147955418,209.371025770903,1209.84618887305,874.287440210581,6457.43684899807,2.87874418497086,7.1794930100441,14.6727791428566,299.540948003531,91.7552472054958
13.6303096413612,629.519252955914,75.9853681623936,2.29879760742188,1.07358831167221,12.4234270751476,16.0685882866383,75.8323714435101,220.729872435331,18.6424910724163,3534.19458994269,10.0944402813911,12478.3506366909,251.841468811035,2.91047272086143,532.845889687538,83.5885225236416,665.199896633625,267.469955652952,4.21205312013626,300.838544756174,496.561128616333,404.167286902666,249.738371163607,0,2384.13824573159,18981.295666337,13.710302054882,139.076302707195,130.220028936863,791.656762450933,27.5109541714191,0.95504367351532,826.714526176453,11.4405998289585,130.211455911398,591.272200137377,760.40582498908,83.9694474339485,3.45131051540375,2.95149105787277,202.733679354191,38.120633661747,436.737789362669,48.0603549778461,20.1041571497917,3.42353576421738,1.40247631072998,212.126705318689,0,1003.61948817968,1.89943793416023,0.333695381879807,0,8.38282158970833,2.23195978999138,32.8816581070423,37.2484498918056,0.536024868488312,395.916638582945,1.38820388913155,1989.94813358784,30.5079541504383,1.38504609465599,3.4390544295311,6.56651902198792,187.603563219309,99.0912623405457,0,0,32.5110743641853,4.66060960292816,5.77001994848251,804.969942688942,2144.21677476168,2734.01139318943,1.70186859369278,22.7084879875183,0.940723210573196,433.680481255054,28.2325811982155,0.449885755777359,58.7970813810825,2.61444437503815
893.506321132183,686.80524662137,25097.9653236568,19.3430432975292,0.483218967914581,231.945734977722,329.441102772951,1177.49544736743,87.5626482963562,324.985051214695,11085.3128313124,188.208195775747,3269.77522617579,4574.28705585003,35.5440341830254,79.3869081437588,21173.7401471436,10005.7966797054,17504.3120917082,41.2484733462334,475.013276308775,234.755049586296,10023.9186304212,71.7902826070786,2384.13824573159,0,81915.2586365938,88.3109118640423,5158.9622630477,2726.84392157197,2338.84138152003,259.999423712492,331.024883180857,15199.6418374777,246.315455019474,5130.36125469208,5530.12284940481,7365.07234531641,3006.11237791181,106.170644670725,18.9912934303284,412.169036179781,941.540627658367,1592.2361677587,277.857287198305,234.284638285637,41.0967257618904,7.33150112628937,100.861969590187,6.77360597252846,1213.58473679423,212.565540879965,0,0,32.9449816048145,9.27477851510048,137.313490897417,37.3001560270786,0,330.296793341637,10.1725783199072,1341.17134055495,111.348843574524,8.52411472797394,204.010843247175,502.257885575294,513.972291231155,1459.95792326331,1.02221417427063,207.867116630077,64.678888708353,357.745703682303,23.8100283741951,666.32959702611,15963.7284084558,17610.7853219509,17.9648425877094,55.0519855618477,93.6780567765236,400.818269044161,47.1505234837532,2.59029170870781,421.129102528095,73.1729357838631
930.414927214384,25976.0670806766,65025.3650746644,138.044028013945,454.766455441713,355.07561570406,3369.89853847027,1722.9356303215,1129.25374796987,845.094385236502,3339.54841929674,303.273484349251,3188.96849358082,6153.53198760748,299.288046091795,15524.5622363985,29697.6027522981,1963.72587767243,6775.15107151866,64.9276789724827,4259.30894786119,12916.5313094258,63702.8685458004,8270.44289171696,18981.295666337,81915.2586365938,0,1450.13320893049,5975.2249417305,4271.46479779482,849.526044934988,220.132130175829,530.072310566902,31373.3630434871,2801.36023038626,41293.1364591122,16475.3038945496,27725.0926538408,14444.3653271496,635.344574838877,228.425141006708,639.567242026329,8168.71567329764,6933.0885142684,2120.9238088727,1418.47726413608,171.483430415392,45.4860011637211,215.686406493187,87.7508222162724,11089.1744596958,8069.93146622181,2.67532595992088,0.834589242935181,88.7499774098396,307.070354387164,438.478611677885,110.454155057669,2.95384776592255,468.794840186834,61.5990832448006,2315.14160826802,476.227638721466,24.3942202031612,4351.61898034811,2838.45776283741,1101.24196574092,3554.93135759234,3.34516784548759,1082.55041950941,1538.02845993638,7783.47672581673,154.886680662632,1562.26051232219,45077.7975169718,105056.017505378,98.8479418158531,374.386378139257,708.967546373606,625.29980379343,96.1667122244835,39.2113190889359,2178.06353569031,586.056119889021
699.822012603283,60.5190063714981,512.323655247688,17051.59403418,72.9151002764702,343.771809518337,57429.9703393281,2019.90232717991,6481.95816618204,16606.0960187912,5.0302055478096,413.275376886129,13.37087225914,2094.41520497203,507.19057559967,8120.54652771354,96.2599682509899,5.66470435261726,16.913724988699,939.390477925539,18692.6550521851,618.424520254135,6994.11058735847,42953.2202184498,13.710302054882,88.3109118640423,1450.13320893049,0,2082.83423119783,27585.1043227315,0,27.1318494975567,243.377350270748,1184.43193906546,742.593975186348,6556.00276079774,177.592945367098,3538.86421561241,1049.42057263851,1036.41684898734,407.675500810146,251.569386988878,744.663505285978,23.632290571928,205.306694447994,67.6188832819462,761.281924009323,74.3662150502205,1.6566709280014,474.47119769454,2.96363770961761,45.9512904286385,786.581023365259,2.15900439023972,158.142412215471,1636.32664680481,399.011541336775,800.741594791412,135.991558551788,0,426.512357741594,198.15231230855,595.63988301158,102.092264413834,218.095573335886,10.9515111744404,0.528089225292206,1.55017066001892,403.699305057526,519.380491316319,93.0892566740513,249.168105483055,3385.60049787164,0,14.4939674437046,70.8972930908203,546.745222330093,431.241609275341,2460.19690456986,0,11.2764943540096,5.04599127173424,184.557364463806,87.3622869253159
8037.16214782,186.310115277767,2219.31820234656,523.908203363419,218.639456570148,1539.72406244278,3168.40397286415,3212.69164523482,2411.48727557063,2539.94942623377,573.02970457077,963.700443387032,352.760114759207,33326.5380736291,393.780745387077,379.902594149113,5344.84955152869,1028.41741466522,1779.34216731787,803.058566629887,2946.70217755437,680.62815824151,2842.33811113238,2207.7757833004,139.076302707195,5158.9622630477,5975.2249417305,2082.83423119783,0,15386.7665465176,173.646564036608,1628.41494232416,4462.10810232162,9177.63418063521,737.418712884188,18748.9250356853,2070.83800756931,5219.79441988468,708.998276621103,2564.6169167459,3114.26324561238,767.501936227083,1190.33805266023,159.945780813694,163.662636727095,60.64833766222,897.672976523638,56.492210149765,5.88377213478088,318.971278131008,26.8969438076019,284.296469986439,88.7226899564266,0.604266583919525,48.4709494113922,431.177885070443,219.391395300627,230.304454147816,13.6063371002674,9.230912566185,256.031766980886,954.492897480726,428.802853435278,59.7801885604858,688.701227396727,59.9395462274551,5.67257595062256,36.0107014477253,81.689000159502,1654.41053897142,256.780082285404,764.419899404049,1588.1297635138,7.87133252620697,441.19903832674,1310.61609008908,493.481402605772,514.631958901882,4159.68312722445,10.2486778497696,9.29717367887497,18.2584449350834,134.8689006567,106.401768922806
