0,0,0.0125498204614599,0.00048960107817502,5.77364997866392e-05,0.00213835390542426,0.14062563834984,0.121611165460781,0.000262209457844162,0.0057196872963904,0.00189705885320232,0.000271499148918641,0.00182820843607408,0.762899602382285,0.00346419074160197,9.04072839995385e-05,0.0267869987000133,0.000702652586472011,0.0055855783447031,0.00054523381629821,0.0149807799192063,4.89150233382941e-05,0.0146473982042729,0.00494549527263479,0.000126326031365299,0.00943976946862151,0.00530299576995291,0.0153860108963307,0.707377663225338,0.697049412949181,6.22724030521155e-05,0.00248979549049579,0.00280334017474001,0.0129171104051456,0.00179863762204914,0.0175629367536553,0.00286535711529148,0.0133102023169866,0.00372369935617838,0.00313316402534802,0.00199361197282235,0.000182954312241506,0.00108412490587727,5.22044539554358e-05,0.000392291157750368,0.000286624263260579,0.000417014897630763,0.000145608707314945,5.14258475883961e-05,0,0,0.00013920315897454,8.51430638189317e-05,0,0,0.00022717804990418,0.000277365624345827,0.000214340930421078,0,0.000149677173031235,0,9.03542448907376e-05,0.000337454482399178,0,0.000438364313813996,0,0,0,0,0.000158160487028551,0.000149390658370865,0.000139109837598396,0.00237923389961796,0,3.54452127512932e-05,0.00118025820606919,0.00456785247293744,0.000838175164799882,0.000392452863959122,0,6.67629266728163e-05,4.9633314517951e-05,0.000232358384937465,0.000326250632314062
0,0,0.00225649051453059,0,0,0.000146342313300228,0,0,0.058184244713653,0,0.0115851775816999,0,0.116287873502479,0,0.000147873723781705,0.0145678163173953,0.000293500837720371,0,7.44222422910455e-05,0,0.000730990550399137,0.101515900472609,0.00261408410855273,0.0590596319889802,0.321429517061872,0.0195457699848908,0.796064731796142,0.000973811398360893,3.34402120026231e-05,0,0.0345023792698616,0,0,0.000580499235704899,0.000180765428703499,0.00334815961527117,0.00268806339637147,0.00157415460279469,0.000635521626262951,3.41897676468492e-05,9.44456354075908e-05,0,0.00124842741528399,0.00143960016546668,0.00072134463241111,0.000574224300189281,0,0,0,0,0.132624577413754,0.00202528386687384,0,0,0,5.52327743508815e-05,0,0.00115520727763078,0,0.000957730089804223,0,0.00114343002308433,0,3.65006646329164e-05,0.000771360641866707,0.000280370413944363,0,0.000136112777545094,0,0,0.00606826540444,0.00043202691945045,0.00126133018849371,0.0052840951211082,0.00565769530268853,0.353775770913555,0.000251115919706225,0,0.000159264610310614,0.000365789352446997,0,0,0.000210896144189549,0.000260899170070362
0.0125498204614599,0.00225649051453059,0,3.07640228923559e-05,0.00728205327705414,0.00224601987673925,0.0132176377210343,0.0430112455957567,0.000154160152615786,0.00325972270365764,0.00415875552769212,0.000866384515277924,0.00295888199490333,0.0801975511208099,0.00895172514146907,0.00350307387468741,1.71058098829294,0.00286480838972217,0.140237436978983,0.000275953953795504,0.507560147074718,0.00336031115294883,3.39193071570144,0.00704113793925721,0.000141455286682272,1.18223285308128,1.08936296300659,0.0311612696017193,0.0412761515283001,0.231601516397288,0,0.00197178146768243,0.00307156793276948,0.134046140557619,0.103446363157421,0.528894858554605,0.394748016681907,0.339343236004432,0.309623853889022,0.00919588073142456,0.00184568566958213,0.00031359521898036,0.0235085187604626,0.0123936119834791,0.00977197707593959,0.0125398471219969,0.000647991476919484,4.54096848799944e-05,3.99896164553166e-05,0,0.00785696046092224,0.154440564748662,0,5.27671442364693e-05,0,0.000531429334953416,9.0964075091648e-05,0.00140781385559479,0,0,0.000184504722975779,5.71817410496235e-05,0.000109400586387682,0.000350184915607118,0.00695394424976058,0.00857060403610965,0,0.00183758572041638,0,0.00168064635106658,0.0105940722121955,0.0186830974136623,0.00316951219532889,0,0.0484491439623672,0.870611619560828,0.00268023216948357,0.000223703841931665,0.000708044772881114,0,0,0,0.00221646453417206,0.0137477835639707
0.00048960107817502,0,3.07640228923559e-05,0,0.00151720967027654,0.0170316401854933,0.0287445503222623,0.0368786674294842,0.491520192188987,1.00097113399039,0.00223486463209579,0.198454906421407,0.00517361631881287,0.0297806740143124,0.0257884532948747,0,0.000292483637812209,0.000989781809586165,0.00115939741875635,1.71731126215218,0.000369594261282873,0,0.000541723040362489,0.681081125121713,0.00223331513241725,0.00184777472655872,0.000388562210762644,1.08795496795809,0.01444352176717,0.00148050225576767,3.63155306878567e-05,0.00496643690274594,9.34630082093596e-05,0.0068925397179863,0.00194223259319869,0.0565170719431303,0.00182424260222882,0.00462478931932067,0.00145338545692717,0.0233423804675728,0.00548703073651593,0.000575598615393388,0.00129552454852104,7.58266614973309e-05,0.000786340069740044,0.000212218003607869,0.0117083284663509,0.000241373120628822,9.88904413447383e-05,0,0,0,0.0969439944756816,0.000251923284103966,0.00255558610427554,0.00363012925357387,0.00735104627234316,0.0293986523365457,0.0444523079067347,0.000559200966437793,0.105701321074213,0,0.00187852293170971,0.00525311173372206,7.35840668953897e-05,0,0,2.37000780724168e-05,0.0496366206464471,0,0,6.11651384828686e-05,0.0491526873902642,0,0,8.86120754758358e-05,0.0795108334885933,0.00052182050847646,0,0,0,0,0.000739658289284565,4.81446618195057e-05
5.77364997866392e-05,0,0.00728205327705414,0.00151720967027654,0,0.0233328337536601,0.00330966049011545,0.00960954428581142,0.00538524534137984,0.00468150332188415,0.00075945731122322,0.0202650297878713,0.00313150810735189,0.002755767441554,0.0601926338496702,0.0128945921250706,0.00299734174678621,0.000595238633372307,0.00184860026466322,0.00128418676912093,0.0676308899404943,0.000358890516896928,0.203730206529969,0.0154184058800636,0.00143008248372593,0.00952847031225605,0.0461125925249695,0.0311170588496926,0.00279919973768211,0.0224230612459461,0,0.00309892325300868,0.000468630648808933,0.00371018021460308,0.331644126331364,0.0300983796591031,0.0282236160339735,0.00588196778562045,0.0533069302218775,0.339081288064929,0.203505719835573,0.000960703717998792,0.00156699142504241,0.000644494263759136,0.000621353200826645,0.00250657823982351,0.00387791775864706,0.000782377715220749,3.97226235343933e-05,0,0,0.00100216693618207,0.000941223153323838,6.1411142081356e-05,0.0004621170867728,0.000831977980264481,0.000550428876630473,0.000130235765201843,0.001320039065071,0.00079454027832174,0.0022659291961966,0,8.17064915174719e-05,0.00138526770174908,0.00191092300251391,4.50452955666781e-05,0.00010218854554224,8.37489754075054e-05,0.000801562127007722,0.000145101381189918,0.000336135306678963,0.00155189043306524,0.00233331301559548,0,0.000222247236958373,0.00375375000182064,0.0046853075773158,0.000258781274675798,0.00035529805924958,0,0,0,0.000236122753854489,0.0348852112265799
0.00213835390542426,0.000146342313300228,0.00224601987673925,0.0170316401854933,0.0233328337536601,0,0.560991774110906,1.44564161585021,0.0465228640766433,1.15692319144907,0.0156809020834238,0.988770313882454,0.0286718741821788,0.265414849555808,0.219174979170905,0.000652365459610152,0.00272657002846152,0.00547425860704917,0.00579709272265514,0.0799843169994302,0.00997591207826082,0.000148132760424065,0.00759055049817827,0.106052784122685,0.0191615945054155,0.0120791569360704,0.00370829700881399,0.142006598629558,0.015803254398869,0.0248011139350121,0.000453858333584881,0.0358728060448207,0.000729395939033386,0.0317037020618047,1.62919983089808,0.136708999873373,0.0111878905364777,0.0229040427196904,0.0177598114120941,0.538520522872964,0.045507832182248,0.00796291284771125,0.0202569021174645,0.000570539347711825,0.00991503811690007,0.00521962442302379,0.0401705047456569,0.00685396058894558,0.00206251737278236,0.000131280913084364,3.57561301012754e-05,0.000126291792571723,0.0359707816625381,0.000787543281669604,0.0120420002226784,0.0296803867008894,0.03379612043005,0.0252189758362098,0.0741703789263758,0.00438194989777701,0.0292545853560787,0.000121471460592485,0.0155022752034598,0.015575826629001,0.00020442647154187,9.17879497980115e-05,0,0,0.0394726676401015,0.000434967741393828,0.000635802886893773,0.000217057478063536,0.144681123746,0,6.94564237807749e-05,0.000493160135942101,0.236997012257561,0.00678711674114839,0.000802932861886474,0,0.000144399699257064,0.00020815990166583,0.00647774342451027,0.118755821291142
0.14062563834984,0,0.0132176377210343,0.0287445503222623,0.00330966049011545,0.560991774110906,0,0.880066110170961,0.071823585860092,4.64357470295659,0.0358950135312185,0.0380237802631984,0.0448354391019754,1.595686273789,0.0482874031046388,0.000833650771342561,0.0081371135406667,0.0180475786875248,0.0214735437443632,0.0207639856955444,0.0750446132462461,0.000197906455850768,0.0167305982364829,0.169349652125814,0.0130756391462601,0.0408751095524509,0.0103428481138966,3.14165134192544,0.192374174882676,0.640407662684938,0.00114479391886146,0.0465611039662498,0.0056782640409866,0.075983403231484,0.0277548161472869,0.476236862591555,0.0229036358611638,0.0640180599017875,0.0128153805225728,0.128866396160527,0.05426333014764,0.00430981808463625,0.0190854483581096,0.000318336258192754,0.00794018863193901,0.00148211375876627,0.0187036008527622,0.004197799936193,0.00119646117560666,9.62309583582403e-05,0,8.34757967891814e-05,0.0378678900981965,0.000372818203070354,0.0110076698490206,0.0319431536690183,0.0414601011524389,0.036014373702601,0.0845218701208778,0.00344365097363944,0.0227705787222882,0.000127834306802583,0.0210078979594159,0.00647659399578707,0.000307461946447396,1.83519067857027e-05,0,0,0.0430796646960159,0.000621001438498426,0.000580179925099397,0.000222181105030549,0.160381601211915,0,3.69744053685904e-05,0.000491059393954325,0.247581134118992,0.00982488562138477,0.00124749821470243,0,0.000560163047474182,0.000353013001617932,0.00521221145110404,0.00325741296713397
0.121611165460781,0,0.0430112455957567,0.0368786674294842,0.00960954428581142,1.44564161585021,0.880066110170961,0,0.0347859789641327,0.755930555379241,0.0164932003034797,0.487167669496469,0.0330011249577786,1.57139016160994,0.138886932113365,0.000359203623254121,0.069056770991775,0.00641232916537987,0.0173391632777966,0.0739531011315383,0.0729751297867476,0.000382034467587519,0.0523760958638589,0.147752534301106,0.0240472125776188,0.0389931107122687,0.0162352533765287,0.253457947683075,0.146815864521881,0.552292432988028,0.000547147189987051,0.0174067680179043,0.00877498214955532,0.0509129016099053,0.0114539800467047,0.19458217710351,0.0173044930168833,0.0524860177987972,0.0219329535857436,0.340744681205321,0.0256046400322811,0.00686813892262827,0.0527213698118699,0.000411273226532769,0.01751069629857,0.00207656787627655,0.0497407003118021,0.00615654685119489,0.00237199683771929,0.000514350737797106,0.000162989171039069,0.000273612458116364,0.0207266736533338,0.000475110237947845,0.00845990097188067,0.0475820820874587,0.0284151266889557,0.0202369628238613,0.0432807084619418,0.00599460781823275,0.0188912492498054,0.000100979100507403,0.0219614246421337,0.0123999541000795,0.000907509430847755,0,0,0,0.0251767826871823,0.000670882263360882,0.00198463960534494,0.000430661537539422,0.215707455125788,0,0,0.00330142520588808,0.325421648326768,0.0130436620856403,0.00259950423220929,0.0001616839806427,6.15598461644173e-05,0.000662609382625484,0.0115510539892664,0.00174938270896411
0.000262209457844162,0.058184244713653,0.000154160152615786,0.491520192188987,0.00538524534137984,0.0465228640766433,0.071823585860092,0.0347859789641327,0,0.548465884166904,0.00617443406184346,0.236258217432683,0.0462316074144746,0.0145971440897835,0.248602777103734,0.0116362195945004,0.000426208701120078,0.000556348271616161,0.000487735106179988,0.271554413973634,0.00735295503922303,0.489054799212901,0.00530262521967674,2.82734181415801,0.183154364388197,0.013523194052195,0.559009674028066,0.509241567751014,0.00645807519266064,0.00782964303812804,0.0359353771917044,0.00250924669732733,3.44587620046854e-05,0.00693185184289353,0.00156570834114542,0.0360161219072449,0.00282799756214289,0.00544409882022818,0.00154247244184592,0.0719053924296388,0.00420540611376425,6.94294981675981e-05,0.0295679883855851,0.00173848137060619,0.00981271954185602,0.00218323867791791,0.0266296788948143,0.00162480234282937,0.000114741409453392,0.000316655329449451,0.00169113472971014,0.00020968229228332,0.0703874863479485,0.000730154481562209,0.0049984367995342,0.018934651089464,0.0175457242210004,0.421483340453343,0.0627473190043367,0.00286366748411085,0.0218817064555471,7.80259417889834e-05,0.0124584038410763,0.0105853985782436,0.206738035888628,0.000686126913573981,0.000379939402177763,0.00135181346938201,0.0300954833614014,0.0515820282523813,0.195661533291188,0.0510329032428491,0.562794929856205,0.00050012894551928,0.00243267864258554,0.0184944458659325,0.310273041534709,0.0143532971539671,0.0122933465096284,9.83406831081868e-05,0.000260175637228429,0.000802762152303434,0.00736185638763881,0.00725919973259229
0.0057196872963904,0,0.00325972270365764,1.00097113399039,0.00468150332188415,1.15692319144907,4.64357470295659,0.755930555379241,0.548465884166904,0,0.0618864877808333,0.695544016997328,0.0572954755611066,0.493775424519063,0.0499496565040039,0.00104385916327038,0.00610873570997685,0.0276283363268284,0.03159517246737,1.17623993731822,0.0145926309258095,0.000123582067541194,0.0165666406812209,0.304396799462282,0.0199526419176731,0.0578240282448012,0.0105115651747698,0.839315485243404,0.132541122791796,0.0351584874185603,0.00115931064378972,0.0713899573046647,0.000418410084668219,0.100719651183591,0.0157196857671497,0.424940358207885,0.0330590189568402,0.065290520780736,0.0176295786562619,0.193227782574077,0.0582842641055791,0.00926505965422533,0.00901549866961383,0.0003621401393255,0.00559062041569242,0.0011146139218562,0.049769019713484,0.0042349829795078,0.00249344564146878,0.00011173162759924,0,0,0.113722069974131,0.00151704178455403,0.0117523797259106,0.0221011755898566,0.0230910517050477,0.0842471167777627,0.158628298436259,0.00445949297384451,0.0550544501248683,0.000501924957915688,0.00915235763890507,0.0210786336868307,0.000287258506457162,0,2.96744888692736e-05,0,0.0859150423585829,0.000343828797193193,0.000380916455858576,0,0.179352641673959,0.000128568444580579,0,0.000220167397722125,0.328673849323385,0.00284072858485748,0.000171572439392948,0,0.000209836163825024,0.0001642512779809,0.00217284273432931,0.00144779615062486
0.00189705885320232,0.0115851775816999,0.00415875552769212,0.00223486463209579,0.00075945731122322,0.0156809020834238,0.0358950135312185,0.0164932003034797,0.00617443406184346,0.0618864877808333,0,0.028016378759684,0.801316933564516,0.0785547114059719,0.00440745578930919,0.000413261752013421,0.0165189665199117,1.16102488786031,0.277894063470135,0.00839587038379592,0.00512313933576911,0.0128232491130518,0.0147468351863022,0.0168977122576942,0.078738304219874,0.760507322201687,0.017391547654953,0.0298718027266563,0.0477047323758421,0.0341164048263342,0.124117231421387,0.0941364427129045,0.00290020842482747,0.632082045906934,0.0134428333280946,0.0826873012914359,0.308114630801247,0.426840215677949,0.0802680654307638,0.0290226422084949,0.00444546529209029,0.077308898491844,0.00225764242701433,0.0612346615538803,0.00373639061398985,0.000508282424362302,0.00106522729938157,0.00021927209789536,0.0227531415051511,5.36623203905105e-05,0.00365067497019441,7.51124226605895e-05,2.53341575267434e-05,0,1.92808971236348e-05,0.000634478492184615,0.000138440889774311,0.00244850170394408,0,0.300212417843477,0.000580026385412836,0.526963019885007,0,0.000567755264456129,0.000348839346066439,0,0,0,2.96028885458469e-05,0,0.000836492284088754,0,0.00686146593408393,0.0314432832201038,0.0185372388606496,0.029052111520193,0.00612870818909423,0.000275224245562231,7.45617904701235e-05,0.0697898777535585,0,0,0.0158401417633746,0.00343668070472412
0.000271499148918641,0,0.000866384515277924,0.198454906421407,0.0202650297878713,0.988770313882454,0.0380237802631984,0.487167669496469,0.236258217432683,0.695544016997328,0.028016378759684,0,0.0328127401113082,0.0755150273701289,0.577308660006173,0.000247117580546737,0.00220457179197494,0.0148141612793961,0.0139511489256038,0.931484981397497,0.00138903810383382,0.00014587920017395,0.00513448665033623,0.165784986526256,0.0144852427296157,0.0317471395212691,0.00512890290930649,0.0518679558898622,0.0257766597732426,0.00590618779412966,0.000697764413820149,0.0356402581231892,8.76637571523902e-05,0.0487086479392165,0.908172658995935,0.13259270416608,0.0154352790733154,0.0258462254020997,0.0111974345295905,0.497117577362508,0.0222025362774002,0.00558526828275612,0.0108659246116375,0.000868532267329215,0.00312214913893998,0.00324210315582392,0.0753996839290703,0.00277767411260205,0.00180178692116419,2.3376022556746e-05,0,2.81222086156607e-05,0.0611385027997806,0.00123355614333001,0.00742425431644436,0.0084189726876968,0.0189341476384177,0.0171823560630582,0.070456686091052,0.00509407099989844,0.0675035546283976,0.000856586688022075,0.00574008842516837,0.0263057894406933,0,5.75604887661695e-05,0.000106658566286552,3.79412581109047e-05,0.0400716543114077,0.000361564504632712,9.30075133228661e-05,0.000694464330859066,0.048920594582195,0.000300310200177217,0.000151754497588766,0.00132131375365126,0.118670428806235,0.00156474648684236,0.00015361892367475,0.000267769049713373,0.000785274526164162,0,0.00194636249334052,0.156244938367293
0.00182820843607408,0.116287873502479,0.00295888199490333,0.00517361631881287,0.00313150810735189,0.0286718741821788,0.0448354391019754,0.0330011249577786,0.0462316074144746,0.0572954755611066,0.801316933564516,0.0328127401113082,0,0.0443392204076569,0.020976657660497,0.00570653424875079,0.00721681238234792,0.0113751465776822,0.00269485902909477,0.0102224509931025,0.043568900960268,0.107983786331816,0.0326409558050803,0.057257236519689,1.09889771509965,0.0530345005738137,0.16343695363061,0.104408111056594,0.0229041987771475,0.0809428320626854,0.295158409837122,0.0449225956690428,0.00359217756572992,0.0850279083717502,0.0220599909393306,0.188220224419565,0.237268319797237,0.723371238057015,0.25631232906262,0.219665198058233,0.138481079666375,0.632182937623386,0.0326327516843181,0.141469527660312,0.076201809752231,0.0180360158278898,0.0910817723678318,0.0415804330533915,0.109594380812038,0.000184994332983124,0.0133743607806065,0.000189821644226408,0.00128985475188768,0.000976502595156195,0.00246058315216676,0.00897303414552858,0.0222872180419595,0.00471804244255052,0.00898876899525572,0.844773594381737,0.0107788468508909,1.21368562364002,0.00778247800856563,0.010661021785743,0.000636531879886461,0,0.00151830844059088,4.77958346572637e-05,0.00664536550357693,0.00107901998234851,0.00222754742408848,0.000950280753981258,0.0238402887003173,0.151369693550917,0.024457154038548,0.0558977475582965,0.0331711717312881,0.00274214592782038,0.00143608620495832,0.111569838397843,0.00247651866913302,0.000192877349885321,0.0596478628682346,0.00466998550797762
0.762899602382285,0,0.0801975511208099,0.0297806740143124,0.002755767441554,0.265414849555808,1.595686273789,1.57139016160994,0.0145971440897835,0.493775424519063,0.0785547114059719,0.0755150273701289,0.0443392204076569,0,0.0347757635373742,0.000926681087854479,0.137417299661472,0.0269246232962192,0.0483748709600743,0.0386810219527978,0.124114647110805,0.000677322106147587,0.101377099394272,0.11169364512101,0.0118575388181354,0.107392890872197,0.0328993023969279,0.278823472641205,1.80046310508466,1.71985674582328,0.00252517668200041,0.0245421312263262,0.0213778533862763,0.19838074138128,0.019480977731541,0.267775908573777,0.0403709030883719,0.0996835398814868,0.0345592155414635,0.119771476259026,0.0380545641252569,0.00925307750695498,0.0337372078438845,0.000398964558537126,0.0135696621138166,0.00350195239806099,0.0124185380972822,0.0058513482186531,0.00200858749676004,0.000131779569751453,0.000269892656726563,0.00118264782898878,0.00282198577332648,8.1408098091984e-05,0.00268670710749746,0.0239981590171259,0.0100774446739822,0.00921405634583436,0.00765061481131836,0.00431717116185588,0.00334378360228661,0.00101474545393855,0.00677799671050002,0.00208196905163146,0.00192553734026183,0,8.96159723213435e-05,0,0.00444218156896935,0.00111887899010147,0.00180635139076764,0.000828135091535138,0.102724481294821,0.000140453595333672,2.39470648690581e-05,0.00848901024136169,0.141401911496967,0.00936416130797015,0.00337530504434721,0,0.00026877004849472,0.000613238691258883,0.00702913781203398,0.00185344791388593
0.00346419074160197,0.000147873723781705,0.00895172514146907,0.0257884532948747,0.0601926338496702,0.219174979170905,0.0482874031046388,0.138886932113365,0.248602777103734,0.0499496565040039,0.00440745578930919,0.577308660006173,0.020976657660497,0.0347757635373742,0,0.0218901184474847,0.0162412623827088,0.00276258249707856,0.00585618970072931,0.0325018068436158,0.230539718117926,0.00191911133851413,0.230279571018179,0.278429458686341,0.011095414075892,0.0139257874487724,0.0371736385112181,0.315557286029794,0.0210323471293597,0.200757117047599,0.000141767906593418,0.0220734112787669,0.00380484380257419,0.025652780711839,0.257905945874996,0.117823566603421,0.0379298349725907,0.0202231388207771,0.0323342952991072,0.420124146570947,0.0118846760621383,0.00223319113196076,0.0135061158981993,0.000566006078675365,0.00342994044027926,0.00149794420544763,0.0371285446926582,0.0012741604194061,0.000357806937715494,0.000152889304073596,5.14369080523252e-05,0.000534658666810441,0.0104899651007713,0.000265328828160059,0.00348699340298283,0.00785460609915743,0.00915047509476504,0.00275931219657058,0.0173282854248889,0.00294388997920792,0.0161285866911279,0,0.00383152456437008,0.0108439012162115,0.00350754097263301,6.00730485568285e-05,0,0,0.00989487505193169,0.00191047853098953,0.00136178838979466,0.0015779834216905,0.0290452424238106,0,0.000529165965395093,0.00312822778110843,0.0489856111201519,0.00284086755589718,0.00181382838599528,0,3.50611759645939e-05,0.000528517557549214,0.003357148734219,0.0253532418934805
9.04072839995385e-05,0.0145678163173953,0.00350307387468741,0,0.0128945921250706,0.000652365459610152,0.000833650771342561,0.000359203623254121,0.0116362195945004,0.00104385916327038,0.000413261752013421,0.000247117580546737,0.00570653424875079,0.000926681087854479,0.0218901184474847,0,0.00452932331798318,0.000183379029109478,0.00380443072743195,0.000130133116841114,0.240531581584486,0.504307534730253,0.819139447960675,0.150399842177905,0.00903327068118145,0.00805606053994404,0.678464262053047,0.0549252496714451,0.000868627231491378,0.0122561101922267,0.00199481502603857,0.000141474216853857,8.52235830069541e-05,0.0111653982091239,0.0670703885388764,0.405879660981102,0.126399539027186,0.077520395627757,0.0996926365359292,0.0151423218720318,0.00308474632713382,0.000612492742735768,0.0399634238895366,0.00527711898598335,0.0117854985557896,0.00680627314106343,0.0016471186591628,0.000789746970893859,0,0.000262337409644174,0.00115607289188142,0.001062786249221,0,0,0,0.00142625993503722,0.000866905187751054,0.00143182342465844,5.74047435827017e-05,0.000409858657918287,0,0,0.00224673547391474,0.00101039055394916,1.02605746619675,0.00159346419611267,7.70121717376945e-05,0.000617745653045786,0,0.142579375655881,0.161893834786478,0.619574016107805,0.0785377515037127,7.41171128245357e-05,0.00100134891531797,0.155729785618065,0.0542835532948788,0.00673024889796139,0.0239309919764303,0,0.000309001570858943,0.00113627803359113,0.00594216409465864,0.0114210824364103
0.0267869987000133,0.000293500837720371,1.71058098829294,0.000292483637812209,0.00299734174678621,0.00272657002846152,0.0081371135406667,0.069056770991775,0.000426208701120078,0.00610873570997685,0.0165189665199117,0.00220457179197494,0.00721681238234792,0.137417299661472,0.0162412623827088,0.00452932331798318,0,0.013271745648677,0.765558842121025,0.000703522793103124,0.180948854217063,0.00115889273304398,1.45333891544723,0.0104641107757683,0.000652132012915551,1.92356833586516,1.06483830638573,0.0339865681488895,0.237324453567574,0.610343968595371,8.0986806958461e-05,0.00926737292366647,0.0369373927215544,0.534233386293725,0.0194116478888542,0.104758524284416,0.207883606245461,0.185326330936319,0.0720196613845526,0.0108943394793866,0.00823715825046054,0.000360768584084344,0.00312928361019186,0.00102507002393706,0.00126773473508506,0.000758620813654187,0.000437769221279335,0.000291379417653179,5.69082841676712e-05,0,0.0005335777177356,0.00720747242655609,0,0,0,0.000306675633208454,0.000152785085069275,0.000289258921008992,0,0.000329089700462746,4.76407737962008e-05,0.000467531280743099,0,6.41062098329067e-05,0.006615577169843,0.000506130164440226,0,6.37532767362356e-05,0,0.00298161068556689,0.00223317872552535,0.00297811350744715,0.00311319825341469,4.48421260160685e-05,0.00954277518786973,0.0867029063875228,0.00758023649189154,0.000951209383607077,0.00145307126018879,0.000493043223993897,0,5.54822510916949e-05,0.000645700930280113,0.00190356255027752
0.000702652586472011,0,0.00286480838972217,0.000989781809586165,0.000595238633372307,0.00547425860704917,0.0180475786875248,0.00641232916537987,0.000556348271616161,0.0276283363268284,1.16102488786031,0.0148141612793961,0.0113751465776822,0.0269246232962192,0.00276258249707856,0.000183379029109478,0.013271745648677,0,0.662647937017919,0.00379310896571078,0.00338851272647376,0,0.0110435797970721,0.00789356035436506,0.00156873761175963,0.73587578769539,0.00869676738219045,0.0142821211599005,0.0212724039929446,0.0178649131985011,0.000971032049709311,0.0315579612946941,0.00173496802227781,0.138492012372258,0.0221675620433604,0.0886016268765237,0.278622673945148,0.285983294298117,0.100813350280969,0.0126098996689183,0.00206344421945975,0.00757712888903534,0.000328824991364789,0.00402552113179339,0.000416543403616237,0.000295951594128537,0.000334997843291783,7.43454374071601e-05,0.000161075725207805,0,0.000184383503094363,0,0,0,0,0,0,0.000713186385984585,0,0.0106920932652103,0.000172938581891226,0.0253578114316044,0,0.000382219510839248,0.000101127412960172,0,0,0,0,0,0,0,0.000480547727736879,0.00111824789025328,0.0134618135788879,0.0359600194807289,0,0,0,0.01838643236808,0,0,8.72589433480978e-05,0.00378308054653904
0.0055855783447031,7.44222422910455e-05,0.140237436978983,0.00115939741875635,0.00184860026466322,0.00579709272265514,0.0214735437443632,0.0173391632777966,0.000487735106179988,0.03159517246737,0.277894063470135,0.0139511489256038,0.00269485902909477,0.0483748709600743,0.00585618970072931,0.00380443072743195,0.765558842121025,0.662647937017919,0,0.00388389957537886,0.0356946897167786,0.000332995810688484,0.198190840376267,0.0114268994757274,0.000772461559964016,1.25498274260687,0.199231901116429,0.0270174856981516,0.0607266122299289,0.0709248429723299,0.00058985988400464,0.0293123958018481,0.00593938985575175,0.709446604909671,0.0568309757729643,0.317523213857217,0.456511983508199,0.343879466353344,0.198458507198106,0.0121657408304067,0.00435585161183676,0.000493081286335849,0.000833797599722647,0.00343963203678781,0.000399040351365888,0.00116028459328517,0.000121183608205485,0,0.000101503250245285,0,0.000142019980461431,0.000585437106240809,0,0,0,0,0,0.000982794700568296,0,0.00460410116264053,5.62423086113811e-05,0.0130542185605468,0,0.000462129812696076,0.00193509385936027,0.000133186534554637,0,0,0,0.000207465130977023,0.000547420735501123,0.000617605000057041,0.0010997683449718,0.000183059524750042,0.0207951958141962,0.0572079625939839,0.000597832909915197,0,0,0.0111060460447514,0,0,0.000117217518769932,0.00861865137367918
0.00054523381629821,0,0.000275953953795504,1.71731126215218,0.00128418676912093,0.0799843169994302,0.0207639856955444,0.0739531011315383,0.271554413973634,1.17623993731822,0.00839587038379592,0.931484981397497,0.0102224509931025,0.0386810219527978,0.0325018068436158,0.000130133116841114,0.000703522793103124,0.00379310896571078,0.00388389957537886,0,0.000260460948140955,9.94921462476971e-05,0.00269262649939133,0.252762288321236,0.00423324944863266,0.00635375264335156,0.00121336939915749,0.304982491278681,0.0158742859555615,0.00297961539518825,0.000145064386555815,0.00972961024609195,0.000177874733376276,0.014052802073374,0.00187481074237605,0.0690886210776093,0.00494401321375373,0.00820299508687778,0.00283976146415759,0.0537015492146241,0.00919081479778316,0.00133531532190987,0.00134302981411381,2.74079986358881e-05,0.000701896933762501,0.000182033781117881,0.0143903970768443,0.00125655459924472,0.000642396498161578,0,0,0,0.0412521197517376,0.000159093179303348,0.00224914060745511,0.00485107893117304,0.0060469228974396,0.021693947359049,0.0448577108631489,0.00150927727703938,0.0326159742384891,6.3367098350203e-05,0.00210407046599521,0.0068430513643903,0,0,0,0,0.0248550517879251,0,4.38900026951552e-05,0,0.0464695806894785,0,0,0,0.0850845814180298,0.000608503988212371,9.27341141548511e-05,0,4.36843803021908e-05,0,0.000506807161297416,0.000290535646066773
0.0149807799192063,0.000730990550399137,0.507560147074718,0.000369594261282873,0.0676308899404943,0.00997591207826082,0.0750446132462461,0.0729751297867476,0.00735295503922303,0.0145926309258095,0.00512313933576911,0.00138903810383382,0.043568900960268,0.124114647110805,0.230539718117926,0.240531581584486,0.180948854217063,0.00338851272647376,0.0356946897167786,0.000260460948140955,0,0.0478947574369645,2.92155917151072,0.0581932852948824,0.00471280596628428,0.0992383630969079,0.153264672630841,0.580460977424128,0.0352017984432767,1.93706527064663,0.000411055139990461,0.00313887266346149,0.00544758802970209,0.495772350426191,0.398001917968233,1.50541108944071,0.199285863955354,0.967750382146528,0.801437019377357,0.102271038281038,0.0238001877742882,0.00186751542237963,0.0534317569399556,0.00431878851457431,0.014602813294849,0.00485936619916863,0.00460487213221687,0.00200387804768371,0.000548388309667659,0.00059999108345468,0.000465513310848129,0.00518913782072419,5.148377589221e-05,6.41650120906353e-05,0.000146766213928223,0.00726426721832631,0.00222954761809062,0.00178240419398101,0.000205516401317668,0.00140758968023205,0.000156944046239972,0,0.00338185023980488,0.00240556592906735,0.34705681440092,0.00277121494182983,3.48694214063883e-05,0.00158721975829073,0.000449273765102601,0.186602235637882,0.0522673802862596,0.197321008407549,0.0970757517348739,0,0.00163832122469195,0.0555815080454013,0.093650343710289,0.0183990336725359,0.0446203081955416,4.76650342621803e-05,0.000273648890039575,0.00215477783483366,0.01122252050894,0.0341289878952469
4.89150233382941e-05,0.101515900472609,0.00336031115294883,0,0.000358890516896928,0.000148132760424065,0.000197906455850768,0.000382034467587519,0.489054799212901,0.000123582067541194,0.0128232491130518,0.00014587920017395,0.107983786331816,0.000677322106147587,0.00191911133851413,0.504307534730253,0.00115889273304398,0,0.000332995810688484,9.94921462476971e-05,0.0478947574369645,0,0.0827435269722501,0.812654558138739,0.325190385669795,0.0238707872679529,1.30370473136191,0.0297093103922341,0.00012732550484972,0.00138302414662232,0.0731316801888913,0,0,0.0010856931481571,0.00180973337805125,0.0138943191839218,0.00346058366171624,0.0036377827936759,0.00231061394454925,0.000966182825720585,8.58117045224191e-05,0,0.0131747882120048,0.0032208632703885,0.00330910282506943,0.00234925270033252,0.000579722307164479,0.000221268839367295,3.44470481365323e-05,0.000125846370828581,0.0469860059052993,0.00386021573553507,0.000205235600337136,0,0,0.000685636007064247,0.000196584406800938,0.00661018591304053,4.42996232459784e-05,0.000157236775454712,0,0.00127725856542139,0.000193086453665459,0.000400365638579869,0.318230096432166,0.00077527181649048,4.21275674432516e-05,0.000363032862637186,3.08371361454368e-05,0.0310429636083893,0.191528658401933,0.0999882818586796,0.0302933280097473,0.000530186261243773,0.00295013411197048,0.366507992901099,0.0138732121539099,0.00124247161723206,0.00342712222747423,6.5575507750082e-05,3.02619693477869e-05,5.86394549550056e-05,0.00139388715880315,0.00269965035775907
0.0146473982042729,0.00261408410855273,3.39193071570144,0.000541723040362489,0.203730206529969,0.00759055049817827,0.0167305982364829,0.0523760958638589,0.00530262521967674,0.0165666406812209,0.0147468351863022,0.00513448665033623,0.0326409558050803,0.101377099394272,0.230279571018179,0.819139447960675,1.45333891544723,0.0110435797970721,0.198190840376267,0.00269262649939133,2.92155917151072,0.0827435269722501,0,0.0660924084483627,0.00288698651209284,0.692409450132693,1.6197451210801,0.18072804969663,0.144439611654332,1.37320500553712,0.000623931377242112,0.0051516193213298,0.0196500748180822,1.07164113500027,0.925376925411364,3.90619730621864,1.64698637193094,1.95632252563698,2.07672601036976,0.153381809222303,0.0207861040901731,0.0017247108085671,0.0628315700044318,0.0140874576831919,0.0198217959698031,0.0228503276992605,0.00188029196284021,0.000545239494937444,4.27675490542173e-05,0.000103022155353177,0.00244174812819171,0.0893934213833385,3.70162768304348e-05,0,0,0.00155550824362097,0.000465762130062294,0.00113882567108867,0.000117943502393007,0.00102797663800504,0.00019383533529334,0,0.000475052190093732,0.00296145224801962,1.15674024412743,0.00520668749553019,9.23801483909367e-05,0.00183102365187677,0,0.0931871455837485,0.0991856553361908,0.831192493534477,0.0460952721373322,0.000127427326664412,0.00762062200122538,1.11363919530854,0.0319967190918297,0.00386084562751299,0.00956846591034879,7.47161999881742e-05,0.0001404015353006,0.000446505705709481,0.00662692687953853,0.0730445166013358
0.00494549527263479,0.0590596319889802,0.00704113793925721,0.681081125121713,0.0154184058800636,0.106052784122685,0.169349652125814,0.147752534301106,2.82734181415801,0.304396799462282,0.0168977122576942,0.165784986526256,0.057257236519689,0.11169364512101,0.278429458686341,0.150399842177905,0.0104641107757683,0.00789356035436506,0.0114268994757274,0.252762288321236,0.0581932852948824,0.812654558138739,0.0660924084483627,0,0.120796762271191,0.0247849769386891,0.637711538448839,1.34777269379894,0.0902683556743353,0.141144757143156,0.0150981389525516,0.0248072213496397,0.0129434510896245,0.0810154865806549,0.0811683440946549,0.685672240259819,0.0524388980994105,0.10664536345858,0.047981585290177,0.184417800265587,0.036881053983259,0.00451323427163643,0.394852633054934,0.00501190362548614,0.129753443914493,0.0167095213413913,0.103458234584624,0.0339407113108482,0.00313350828898675,0.00412849164347833,0.00447541460648632,0.00243563738264538,0.0546945333820156,0.000984222634081795,0.0373512851055208,0.243824408357684,0.224263668498637,0.370122754293448,0.119337912792553,0.025970212893564,0.038061853785165,0,0.179481904750096,0.0151830380781065,0.335210934095027,0.00440111441062273,0.00122625868173427,0.00522180371368086,0.0554266930786926,0.147964472554951,0.20487080428072,0.107494003910265,1.94022126489382,0.000998415416861046,0.00307846417428417,0.0931122697511309,1.61765143192309,0.195602039704995,0.137785885724159,0,0.00673788201763551,0.0103703366420266,0.098047283362612,0.0570676962556437
0.000126326031365299,0.321429517061872,0.000141455286682272,0.00223331513241725,0.00143008248372593,0.0191615945054155,0.0130756391462601,0.0240472125776188,0.183154364388197,0.0199526419176731,0.078738304219874,0.0144852427296157,1.09889771509965,0.0118575388181354,0.011095414075892,0.00903327068118145,0.000652132012915551,0.00156873761175963,0.000772461559964016,0.00423324944863266,0.00471280596628428,0.325190385669795,0.00288698651209284,0.120796762271191,0,0.147176056100567,0.996767726104232,0.020519609213737,0.00519279385645761,0.00843766708547887,0.581663200155345,0.00687871947455286,3.7608809339714e-05,0.0271191478039494,0.000487620055506277,0.0277979279579187,0.0164221699732083,0.0534335007253607,0.00827913357265847,0.181277370092577,0.00780501698733216,0.0442613311840029,0.0188312095104355,0.0227049089553105,0.012604265844558,0.00503571841413228,0.204745050907658,0.0085844371105882,0.0653913084368976,0.000110485101359391,0.034926045531861,0,0.00245669939372464,0.00125520857211497,0.0037694962953971,0.00397185723251444,0.034237114071318,0.0027074467996322,0.0123619369172222,0.181532717212753,0.015492377349705,0.325121447447094,0.0142972762133477,0.0223172000224443,0.000348818787537325,4.74472259835005e-05,0.000457802862742257,5.63515342998028e-05,0.00905963619708199,0.000372270914165855,0.00231121662852794,0.000256705953616393,0.00846903589684742,0.229221498773313,0.0357259179617293,0.268464028254806,0.0197074250632179,0.00224153986942249,0.000767250832358858,0.0434049439594721,0.00175285261724826,0,0.0192284006330319,0.00084007340094733
0.00943976946862151,0.0195457699848908,1.18223285308128,0.00184777472655872,0.00952847031225605,0.0120791569360704,0.0408751095524509,0.0389931107122687,0.013523194052195,0.0578240282448012,0.760507322201687,0.0317471395212691,0.0530345005738137,0.107392890872197,0.0139257874487724,0.00805606053994404,1.92356833586516,0.73587578769539,1.25498274260687,0.00635375264335156,0.0992383630969079,0.0238707872679529,0.692409450132693,0.0247849769386891,0.147176056100567,0,1.70542123795379,0.0479877883656564,0.0932221846944375,0.155455409983815,0.114469347725498,0.0539299627931712,0.00868344087118846,0.631327006880031,0.215202135551541,1.32395202915458,1.69960078991139,0.955215401035027,0.629543025961883,0.0286678596934228,0.00943579718936618,0.026294340007497,0.0258876283154017,0.141255473704201,0.0176913369353116,0.00994197819360189,0.000972378934303281,0.000346230570957899,0.00240679372713439,0,0.0441611359294635,0.0296929523453459,6.90741864322067e-05,0.000185454480025244,0,0.000222641318031454,0,0.00777859046573818,0,0.242485369058368,6.36947403748632e-05,0.866302636128974,0.000177321800873149,0.00135245792588437,0.00390195991753464,0.00517833519587316,0.0014864563450748,0.00408838959202742,0,0.00107275412647203,0.00887774355746008,0.00270559184893807,0.00979662457364702,0.128269661507684,0.859192717981593,3.48096700259688,0.000912303707045304,0.00046432683596052,9.11656533865452e-05,0.402037795367344,3.42555409237743e-05,0,0.00511249112249736,0.0323672023621201
0.00530299576995291,0.796064731796142,1.08936296300659,0.000388562210762644,0.0461125925249695,0.00370829700881399,0.0103428481138966,0.0162352533765287,0.559009674028066,0.0105115651747698,0.017391547654953,0.00512890290930649,0.16343695363061,0.0328993023969279,0.0371736385112181,0.678464262053047,1.06483830638573,0.00869676738219045,0.199231901116429,0.00121336939915749,0.153264672630841,1.30370473136191,1.6197451210801,0.637711538448839,0.996767726104232,1.70542123795379,0,0.113864783818347,0.0338756842318529,0.0889944886499159,0.084126101778765,0.00667075675667781,0.00381003625135077,0.381758295802771,0.525448773588395,2.68035067170016,1.2473347215197,1.17993451195407,1.12167110493799,0.0328522750295355,0.00883291114387531,0.000860272339250419,0.164109304750789,0.140526471217571,0.081534855390749,0.0708853935232913,0.00271280735674221,0.00112139976588341,0.000867005812001536,1.8254359924829e-05,0.594586815698354,0.599549773905868,0.000253877962421334,2.70376606645584e-05,0,0.00143798867895778,0.000282247640157258,0.0221273076745217,0,0.0430273646121269,0.000187844267841804,0.162336562791351,0.00054749994994191,0.00242541047287442,0.407208188109203,0.055762478379196,0.000634064969759357,0.0147185209263138,0,0.00447513088064587,0.362115246195212,0.355610544456395,0.041284459123969,0.132288807724871,1.08083304389354,12.0901883101384,0.00691599826116798,0.00104590591386938,0.00297632219667545,0.12839147128738,0.000391778027252174,4.21579950557232e-05,0.0160625396749348,0.0675298208536519
