0,0.000133264440205008,0.0488346221667865,0.000139357076537535,0.000252204487330079,0.0142180297454901,0.636913847514938,0.134179704403688,0.00026221487804544,0.0115020644436489,0.00498115134372437,0.00447283489334346,0.00402118576740125,0.88728668298433,0.00102703091333547,0,0.0727463853257917,0.00358065953487046,0.00147163226126382,0.000782145149808377,0.0228713221725049,0,0.125306490167359,0.00156413346236913,7.60780219527481e-05,0.0113337487502654,0.00601223308462879,0.00975851269099434,0.518989109874404,0.471222008094472,6.89227327250093e-05,0.000511937540941164,0.00322988500195577,0.0181127717153566,0.00125540060280493,0.0157338433926967,0.00234662811661797,0.0109892985661099,0.00422012261701785,0.00350185241482928,0.000879517558096203,0.000627812233638212,0.000370553712340772,0,0.000185093588993609,0.000231723415097296,0.000505146143715412,8.83900206018093e-05,0.000113021671313047,0,0,1.88243947615028e-05,0,0,0,0.000229161556912422,4.22129943617583e-05,0.000201832689495385,2.89242277947366e-05,0.000244840888444767,0,0.000397239735812485,3.36431919153184e-05,0,9.17436478897037e-05,0,0,0,0,5.95418694437146e-05,0,6.69322681018859e-05,0.000968587259504068,0,0,0.000283462322021514,0.00129042895774099,6.69494968326986e-05,6.42600190530122e-05,0,0,0,0,0.000109276460777328
0.000133264440205008,0,0.00275793457775168,0,4.92600946851373e-05,0.000692179357718363,0.000924285411404136,0.00161524307915785,0.165503978545418,0.000611934212660313,0.0551626672252307,0.000487017324488044,0.0851254419705739,0.000898368260930837,0.00189302569855186,0.0565078702796146,0.00180128264925313,0.000921882231134116,0.000637196709843576,0.000180591058265194,0.00633162407233485,0.28077201121698,0.00850138582879347,0.114187328064192,0.346314697134012,0.0316538009377858,2.23871200787068,0.00788191468881903,0.000974188717740479,0.000413984850015685,0.00798522769347081,0.0012208031564056,0,0.0120419484183108,0.000375227164307207,0.0144153795636947,0.0387836762205504,0.0157726098327982,0.00342626616742579,0.00129717393209919,0.000206663301521003,0.175041766921837,0.0160678609614448,0.00520986271319518,0.00430729897518748,0.0067929290628013,0.000566327810365051,0,0.00399992012198403,0,0.536737782567225,0.0253961601931279,0.000120206250879645,0,0,0.00037208976518029,0.000148436386790722,0.00359817533708541,9.68519334393738e-05,0.0386100070074481,6.79968728312254e-05,0.0467341701812849,0.000607616841083705,0.000138164587123096,0.000835331111921819,0.00321517867149393,0.000964844691319913,0.00582966823463681,9.60857391355488e-05,0.000293223844265431,0.0247031482509536,0.00567878577211959,0.00384553967982867,0.00882093187935252,0.0838490161357258,0.984992973565756,0.00097088089976439,0.000240809324815929,0.000233813799518093,0.0320334773924303,0,0,0.00261790998890738,0.000564674219912916
0.0488346221667865,0.00275793457775168,0,0.000121792664460167,0.00160285206863856,0.0162762725483716,0.50415830433583,0.163246955328256,0.00108123787068826,0.0278813140588685,0.0337740966030282,0.00200162466765582,0.0379128223752726,0.328534410818992,0.002772266389084,0.00769167593252068,2.38084830346561,0.0401143149601802,0.057032414437129,0.000707722129272193,0.13527353891372,0.00336070735561554,4.06551601617993,0.0170907259852,0.000315791613171071,2.37062266163939,2.14953611614894,0.140402952159244,0.0657300737726688,0.260692948480987,0.0011949683827389,0.00316595807098587,0.00875449871853926,0.316102626617336,0.0763424562265334,1.3515694413661,0.430120695662221,0.601895572418969,0.429334896067509,0.0220017565826454,0.0200992985056458,0.00115785270260947,0.012271226888591,0.00224381409526098,0.00263052042149803,0.00430602734777115,0.000873665324448541,0.000698704065564364,0.000155557464406699,0,0.0210672687033727,0.128634658417138,0,7.46725731115934e-05,0,0.00258776769048554,0,0.000858471634045841,0,0.00010017755949682,0,0.000332845786305577,0.000374029531286076,0.000810996648800253,0.010521100574014,0.00590201518990333,0.000183136852833822,0.00310072201301319,0,0.00235945226542534,0.00667777889178744,0.0490967817670937,0.0099893381469505,6.18371921722293e-05,0.0409436686538421,0.602482848672845,0.0124904080014392,0.00103261020874121,0.00312886284556501,0,0,0.000162735305549234,0.00285799160240538,0.0487607243863104
0.000139357076537535,0,0.000121792664460167,0,0.00334551654913862,0.028389874285422,0.0452022485344497,0.0100322473731587,0.233105854227694,0.647092473244308,0.00225152827177484,0.256462591747741,0.00540902740791322,0.00578335267093022,0.0508778571203833,0,0.000159858753126636,0.000675883776782364,0.000159906595509917,1.89407179809576,0,0,3.31631112682223e-05,0.231109102300042,0.000230064007623627,0.000581543774765312,0.000124652075802773,0.708088655516977,0.00396537439384452,0.000129013790143311,0,0.00116865709859268,0,0.00467315256405845,0.00589262479406084,0.0620196556209109,0.000284554427730277,0.00410010397309951,0.00123357361374079,0.0401345544496488,0.00278634658056423,0.000740880227341037,0.00552054027296502,0,0.00228978708749324,0.00073018483263564,0.0500804425177958,0.00107604199845272,0,5.30185062895715e-05,9.04653183923366e-05,2.8832634825021e-05,0.0631534326462399,0.00151522709005297,0.00914590710297763,0.0175606857203093,0.0173295069781004,0.0908206381675833,0.0434444347918239,0.000225115999081835,0.0203749187279874,8.09040055874735e-05,0.00717762254993991,0.0180724010129746,0,0,3.95452368829846e-05,0,0.0355033611500668,3.78519555738866e-05,5.67561467873454e-05,0,0.090963287051926,3.84053785795867e-05,0.000160342775922835,9.40236552406845e-05,0.192229193396961,0.00197178556624943,0.000410002396500289,4.68636784930825e-05,0,0,0.00420860251146565,0.000410628304596812
0.000252204487330079,4.92600946851373e-05,0.00160285206863856,0.00334551654913862,0,0.201954240087518,0.0179936833737321,0.0408640752225649,0.00530582289573693,0.0414199783253368,0.00109250992869377,0.0620589980765515,0.00772654643901796,0.00480258098533976,0.333369810223403,0.000842940229306969,0.00128115620426454,0.000749743777616905,0.000263455421487823,0.00684593519963604,0.00906680084778832,0.000209705221112549,0.0165973808358494,0.0106503838818794,6.94802069088816e-05,0.000262333721869066,0.00108591766558115,0.0146973101491452,0.00146027853834739,0.00758309605846866,4.36197387247979e-05,0.113172101007768,9.37641446769236e-05,0.0819268170202343,0.0642366060330382,0.0521787843610989,0.000965713642315045,0.000789688933126972,0.00367961592389407,0.923612046998402,0.662660594067495,0.000805291512470009,0.0029408396561619,0,0.00132330236166884,0.00266098974085593,0.00557937533688043,0.000515056116519898,0.00021653350223118,0,0,0.000128933805562765,0.000239215283476189,4.31108508872688e-05,0.000107518414063096,0.00114782633379085,0.000254283590448916,0.00335810520798273,0.000337025060807571,9.85851664200725e-05,0.000678841228774562,0.000464377844384193,0.000179505874833435,0.000791820524122581,0.000625031212058782,0,0,0.000120080478365541,0.000404707288571045,0.000216777881270349,0,6.44006622770726e-05,0.00991519852717126,0.000206872872495264,0.000594562478464901,0.000594270573440537,0.0109227489280451,4.2111285204649e-05,0.000497758906900257,0,0,0,0.000689782058604628,0.022876290407008
0.0142180297454901,0.000692179357718363,0.0162762725483716,0.028389874285422,0.201954240087518,0,0.41894647493502,1.10145192272144,0.0336356250734205,1.60382857237588,0.0463287917888613,0.827074173177021,0.108268490691498,0.167552759998048,0.257346236556371,0.000304331961031199,0.0170896007731349,0.0185170265418403,0.00486985203241462,0.0736448811507339,0.00415322492823361,0.000477872126471653,0.0191348873887302,0.0193875530583353,0.00297873910351579,0.0161841523119379,0.00597733690499239,0.0767436738943616,0.0485141774729824,0.0425947870599534,0.00213218336123371,0.0145297462304366,0.000336147755192756,0.0759757484814842,0.0618893224315162,0.47277346096832,0.00917512783318919,0.0264786255483552,0.0308202187312389,0.597526884459425,0.204031184763211,0.0152918100491998,0.0276744694826236,0.000101074291526437,0.0123865660069824,0.00634686994490537,0.0444487397735547,0.00531378550246814,0.00164426194204712,0.000258302506705687,5.3595017804116e-05,0,0.00834898246206397,0.000356461794891,0.0044987886839976,0.0241218150091838,0.0145811768565978,0.0317702551948113,0.0118613385022923,0.00241215528648197,0.00647762979497874,0.00312809259794518,0.00693130667989934,0.00634531013227999,0.00201704100824549,0,0,0,0.0063696949946234,0.000874099540200383,0.000515698485868096,0.000381837087991268,0.130811544126588,0.000609464050060749,0.00035664919234547,0.000210457012890071,0.169942075306381,0.00407374558625743,0.00266101547812982,0.000444516643030435,0.00015867061204803,0.000163777875717401,0.016581858521142,0.003437652917599
0.636913847514938,0.000924285411404136,0.50415830433583,0.0452022485344497,0.0179936833737321,0.41894647493502,0,0.582234936484177,0.115447971588482,3.54801963859492,0.0694118761975908,0.0479907513679575,0.133337056504832,2.36142397599242,0.084341414726762,0.000993273037803772,0.0700679237278494,0.0388980533241534,0.0126925328482222,0.0438372193668319,0.649834593961482,0.00124270723543538,0.510285392787558,0.235298068387476,0.00357064760278335,0.0827090304115514,0.0418953774779692,5.1102511818947,0.283379217276985,1.04640872671372,0.00352304677019979,0.0299210361343255,0.0096212357800746,0.207959499091371,0.170398205445844,0.866587516626455,0.0303996961967802,0.166537523002877,0.0656563832821078,0.178000881391426,0.0828389888423795,0.0139006841495421,0.0389842986232391,9.41184164668917e-05,0.0182598228429244,0.0051785666841242,0.0516027999743139,0.00773936069610955,0.0021933605491402,0.000610292429415062,0.000297062060873121,0.00103184332178213,0.0216697300899383,0.000640647073707879,0.0150394629668116,0.0517766525828625,0.0559972816976296,0.0453396273704468,0.0382456121227742,0.0023576237966213,0.00990657166617846,0.00261607045044605,0.0208300709194532,0.00819285587660334,0.00465087437849934,9.78168834613266e-05,3.37681028859914e-05,5.97233280206323e-05,0.0139244442218714,0.00110724419625132,0.00156582504410743,0.0041737411869263,0.256849913453287,0.000467801564536855,0.000316883969005346,0.00793860451600254,0.345980886671326,0.00912401555373958,0.00580116207987815,0.000273578298135578,3.57757150025815e-05,0.000118464304124683,0.0198569170521952,0.00894264647686107
0.134179704403688,0.00161524307915785,0.163246955328256,0.0100322473731587,0.0408640752225649,1.10145192272144,0.582234936484177,0,0.0243055071000366,0.790384864856936,0.112649282940762,0.239917623520126,0.11087117637635,2.58637539301508,0.0508968861627083,0.000252706929625556,0.166081177496796,0.0542806971757954,0.0230229211462754,0.0373222494307991,0.040088321955404,0.000496090125064432,0.225018498312127,0.0138320890427576,0.00447786044293195,0.0748101521014465,0.0392268742318086,0.0632688612946,0.307146247121069,0.350152996400701,0.00491409301450202,0.0813537909469848,0.00153369523126082,0.0795771453977585,0.0235611386479524,0.357413309796238,0.0179525384473761,0.0462203378551427,0.031464009207086,0.17751725846896,0.030306052407369,0.0155104329032824,0.028478596134928,0.000207730713214427,0.015970705574451,0.00642996511839257,0.0331117195675768,0.0061155636707525,0.00127908069482935,7.96707221984267e-05,0.000413974592731848,8.69808091888424e-05,0.00371796540904184,9.64024749960451e-05,0.00510170894184953,0.0268810586348387,0.0193598094208217,0.0254939612802011,0.00789777533355622,0.00396366868535931,0.00383767741404664,0.00566936202620877,0.00842445595630691,0.00322641472639042,0.00151601173164779,0,0,0,0.00281466263351993,0.0006457293590312,0.000513196037836999,0.000355540576215059,0.143483951241142,0.000685321219737276,0.0012460908884739,0.00273153527294114,0.163428813633534,0.00425136341538271,0.00582695176681785,0.00174557258508025,0.000323807537255108,0.000106028905947149,0.0138630146124285,0.00172256799013858
0.00026221487804544,0.165503978545418,0.00108123787068826,0.233105854227694,0.00530582289573693,0.0336356250734205,0.115447971588482,0.0243055071000366,0,0.117091213163811,0.0177010870687236,0.126721431438462,0.0368419354508051,0.0126154866716481,0.122226812539162,0.0179696048018368,0.000683228083935841,0.00110457195575374,0.000279628201486319,0.106346789231712,0.00748205583531969,0.835998876998585,0.00457499435119906,3.35175928162456,0.131429913331134,0.003342275775489,0.217025119468597,0.686127912207017,0.0112587647901311,0.00384716074113724,0.00436761269134404,0.00135855923939684,0.000628964519117713,0.0100392274462582,0.00782440644668299,0.057185138556692,0.0126319402549462,0.0102901231550509,0.00430069454143774,0.0636189556485954,0.0035295328325852,0.039498959325529,0.0347845255145723,0.000736749524220618,0.0124376737189692,0.00396874217139538,0.0127653399189892,0.00344032322977852,0.00118613962983883,0.00132828040665038,0.000619998220701843,0.000962726374079065,0.0379361899728811,0.000273211263530999,0.00993419154500902,0.0356146716079956,0.0246731084355815,0.399751752228312,0.0393129043588188,0.00902325364973778,0.0151613803562516,0.00959453962972635,0.0173471882287217,0.00519237772558823,0.0856861063471588,0.00196547991918239,0.00277298966227744,0.00173989781441478,0.0120624800201728,0.0311863687273935,0.158683218822802,0.0153201604912068,0.625518424902322,0.0011683445635581,0.00615574151139956,0.0112912084784285,0.404579619214083,0.0138317772003782,0.0242237484348134,0.00582508638419139,8.75779635405544e-05,0.00128651244115877,0.0131822564580693,0.00887930647930208
0.0115020644436489,0.000611934212660313,0.0278813140588685,0.647092473244308,0.0414199783253368,1.60382857237588,3.54801963859492,0.790384864856936,0.117091213163811,0,0.100852846196212,0.397001397781178,0.190125397517688,0.549919562001736,0.0929408155555254,6.21425419773459e-05,0.0148538067472004,0.0431730766504936,0.0138234651982357,0.502267649906236,0.0113027398075615,4.02201995095015e-05,0.0194177466902085,0.0597707404937401,0.00517631066530634,0.0446788084223961,0.0119998802573099,0.617378210503072,0.16943430088333,0.0251167703890467,0.00355886687286063,0.0338335659061438,0.000987166157143981,0.182775231345107,0.114980098261439,1.02868709548876,0.0193689650300453,0.113996934091117,0.0333242193704921,0.274214175726226,0.0765989922570812,0.0236596755529756,0.0181260562297899,0.000214565388567314,0.00852100868191214,0.00334388092069124,0.080767816575023,0.00361486336708832,0.00127530685240483,0.000435301350011453,0.000271152486851245,0,0.0621258159592636,0.00226653449203703,0.0145731265680475,0.0539756746866347,0.0421898013175522,0.0818687980046989,0.0680369583851786,0.00140407809348708,0.0293383615955639,0.00324193053355888,0.00903272333964341,0.0291346837825396,0.00102703083423595,0,0,0,0.0330795328084196,0.000303865337991804,0.000472634384935587,0.000297750652133331,0.225807629249441,0.00093721600678858,4.1386378712982e-05,0.000479250388593644,0.401816770978359,0.00203940870025721,0.00132239933160709,6.26390603600442e-05,0,0.000188629529988378,0.00935861183564933,0.00406100767730623
0.00498115134372437,0.0551626672252307,0.0337740966030282,0.00225152827177484,0.00109250992869377,0.0463287917888613,0.0694118761975908,0.112649282940762,0.0177010870687236,0.100852846196212,0,0.0612590078524626,0.80904691047248,0.0974879979443273,0.00340696799860063,0.00445657679702913,0.146224846991066,1.78366886423171,0.101841663707644,0.0103301269297196,0.00390172693003374,0.0162525278149359,0.0303799647613974,0.0140143116034681,0.225465167939367,0.526166410316129,0.0986198883627045,0.0190247769902539,0.174007179128868,0.0319518874507611,0.0519291912632186,0.115920468494174,0.00275373310835165,1.02285573587869,0.00981468232766008,0.139297619783451,0.456948418144196,0.539806340040563,0.202065383829311,0.0107978309902009,0.00361470908881709,0.116258616381235,0.00412299853419395,0.0124812959910164,0.00169916297631879,0.00130635858153616,0.00238380300808347,0,0.0415401378797073,0,0.0287061213108787,4.13654152020812e-05,0,0,0,0.000283063307694361,0.000366211031055256,0.00725600802036399,0.000169328821427241,0.486087703689951,0.000551185556029275,0.61783830817617,0.000593891479365736,0.000200614781342968,0.000262308271063715,0,0.0272270553856565,0.000473536529937834,2.93660884083957e-05,0,0.00585792127306597,0.000105472447230101,0.00504001194395814,0.0758439907407145,0.25134481154906,0.275786893733482,0.00149863779549274,0.000593381223320275,0.000291054845609843,0.440899875485611,8.208294974339e-05,0,0.00408068204559129,0.00837824992833436
0.00447283489334346,0.000487017324488044,0.00200162466765582,0.256462591747741,0.0620589980765515,0.827074173177021,0.0479907513679575,0.239917623520126,0.126721431438462,0.397001397781178,0.0612590078524626,0,0.0761627795373529,0.151938917640006,0.29304208800281,8.64122332803008e-05,0.00584634396145746,0.0277827818698871,0.00845718359478228,0.527706393469751,0.000239136126233876,0.000213330138379365,0.000991348946230097,0.0388055929170227,0.0037674053567974,0.0245680935427376,0.00582041945686653,0.0330353001713316,0.0656218428493605,0.0101924800553752,0.00214428947879427,0.0125465179564474,8.77296806975607e-05,0.0729431379105453,0.0641021145668575,0.303261613537673,0.010361375924505,0.0331245809893612,0.0150371703163641,0.256058799155343,0.0163462928468101,0.0162345538960868,0.00870406662549127,0.00017348722220698,0.00498159860448371,0.00187054887271717,0.053202821857814,0.0025384616753217,0.000736994739149317,7.97449132735131e-05,0.000180706473017693,0,0.0318660457131561,0.00202676869941047,0.00721211187798307,0.0186593744140249,0.0154103813771143,0.0604317199625108,0.0370140208114411,0.00148502547554164,0.0353730815452531,0.00290845415945809,0.00539670739669646,0.0206125816919145,0.000530722616827235,0,0.000122382370629951,0.000174739647680119,0.0201502288209228,0.000284644823518052,0,0.000473921776672676,0.0698072121212366,0.000175907851403773,7.03365832179934e-05,8.46192630586177e-05,0.130517740243396,0.00218386042515943,0.000914948456908319,3.35320613639056e-05,0,4.73970102204382e-05,0.00392627376254235,0.00130047744877159
0.00402118576740125,0.0851254419705739,0.0379128223752726,0.00540902740791322,0.00772654643901796,0.108268490691498,0.133337056504832,0.11087117637635,0.0368419354508051,0.190125397517688,0.80904691047248,0.0761627795373529,0,0.0731279186694844,0.00933226345168991,0.114082366287745,0.0170931869850821,0.0162509716622667,0.00484393074311233,0.0186154877742757,0.139581300133682,0.0430264739659022,0.291442623165929,0.122475468634805,0.901039451337372,0.0473450863895229,0.198009844791456,0.230321415055118,0.0626778296370393,0.104364222317369,0.0757853474418294,0.0745364669911655,0.0038872143292637,0.298258102448232,0.0430800642013921,0.60236795538287,0.355765981620047,0.392245160108512,0.290097399964683,0.228296268015607,0.118485819940507,0.714118432920267,0.0641698699552645,0.015808448553776,0.0383264522416026,0.0382896930373606,0.225391159793681,0.0280359178802091,0.095240043660417,0.000313231300633595,0.0397288515332686,0.000297149955405771,0.00496881921959177,0.00123820753518712,0.011349461761091,0.0127746487610876,0.037149215579255,0.0117148749045885,0.0107456885367608,0.667916855704603,0.0108066718239494,0.906519387132528,0.0446345938488596,0.0176888106221025,0.00512381144095893,0.000242144191230416,0.0185793009747866,0.000142398993991255,0.00604619658684782,0.0024399883748648,0.00832064969773107,0.00246554170815999,0.0350987777463105,0.160917528541949,0.228921267923496,0.448897167942558,0.0619198499809486,0.0162249274950652,0.00648677395401223,0.528371146237938,0.0054001765114229,4.70322887423932e-05,0.074955773751021,0.00797279099122011
0.88728668298433,0.000898368260930837,0.328534410818992,0.00578335267093022,0.00480258098533976,0.167552759998048,2.36142397599242,2.58637539301508,0.0126154866716481,0.549919562001736,0.0974879979443273,0.151938917640006,0.0731279186694844,0,0.0117682313881667,0.000429258063228756,0.407815304633086,0.0510772483090975,0.0264486515149239,0.0277896107068403,0.106503432640615,0.000329304408822104,0.538455227219388,0.0269497536036996,0.00272502065990428,0.0982282738331559,0.0538611920514436,0.133693379317589,1.54871578057013,1.23709847544736,0.00366930030522962,0.0545902635796989,0.0148354907421632,0.10141869766071,0.0177321193521997,0.265512213147994,0.0211476345714025,0.068030898199959,0.0306024536729812,0.0452385586116112,0.00880198021773734,0.00677785236486587,0.0145771213044358,4.89518759190142e-05,0.00667952630496065,0.00237208441404125,0.016454575648715,0.00180095020893097,0.000835459678573061,0.000110289539651096,0.000752107021180093,0.000312707527121335,0.000810874455005022,0,0.000983849052456561,0.010267752487187,0.00314499003003418,0.014257213788306,0.000598363824006662,0.00214618637509748,0.00156198119433115,0.00317579285221322,0.00139245458989612,0.00135189414914142,0.00354510500350696,0,4.14052899119854e-05,0,0.000400181316592678,0.000730374179786415,0.000768812155919966,0.000947630912454543,0.0655519861458341,0.000581088392409206,0.00128584656428805,0.00213423170319016,0.0652915896674374,0.00263447074350529,0.00414966513125086,0.000900767377195732,3.86971831261814e-05,0,0.0054886096605041,0.00118814481766199
0.00102703091333547,0.00189302569855186,0.002772266389084,0.0508778571203833,0.333369810223403,0.257346236556371,0.084341414726762,0.0508968861627083,0.122226812539162,0.0929408155555254,0.00340696799860063,0.29304208800281,0.00933226345168991,0.0117682313881667,0,0.00181420025093788,0.0018991136380831,0.000804980969888224,0.000433069749429524,0.0497090657642495,0.0153329577483148,0.00994126667435459,0.014640753685892,0.277018862950259,0.00121545338215602,0.00121868445863192,0.00394197389083525,0.158156780567398,0.00626343473326633,0.0254453167059213,7.83564644159078e-05,0.0090581097366062,0,0.00371783656233554,0.114005196457241,0.0422489087424968,0.0022910265727123,0.00375858376561071,0.00140411390419186,0.940461580081693,0.00312101276966052,0.00124688949647875,0.00808768083929675,0.000789969533333302,0.00194790069839199,0.00408135670892233,0.0222692154532268,0.00126382208509812,0.000552122030223653,0,4.56634522903561e-05,0.000329568650392354,0.00966551488171766,0.000447942723341778,0.00144363194580438,0.00629791248712556,0.00453293612680826,0.0219824234561076,0.00816895339306877,0.000187383494473844,0.00855276655170817,0.000116058896241129,0.00306234375915584,0.00713361180304217,0.00158637205113557,0.000106256695465147,0.000527639383769631,0.000160916696393609,0.00619394375172,0.000919004500770003,0.00119316482600835,0.00066801800496751,0.0298123984321101,0,0.000632856519124061,0.000404572338374674,0.0474270725022122,0.00147320916366139,0.00182749295537835,4.3971453676194e-05,0,7.35417920126918e-05,0.00267867705007292,0.0744834281990555
0,0.0565078702796146,0.00769167593252068,0,0.000842940229306969,0.000304331961031199,0.000993273037803772,0.000252706929625556,0.0179696048018368,6.21425419773459e-05,0.00445657679702913,8.64122332803008e-05,0.114082366287745,0.000429258063228756,0.00181420025093788,0,0.00361501104803193,0.00119300926718001,0.000578767120762139,0,0.823786517157906,1.06406594770216,1.05682710414104,0.26253206071989,0.0259247051189035,0.00511286548248695,0.974143206841232,0.114338425125847,0.00112656264448342,0.00758978174452911,0.000439891531560481,0.000114406331944942,0.000148618384099513,0.00810703581226712,0.0338344974184466,0.39905527665707,0.0783278601221597,0.0721283973339042,0.0475455465035105,0.00508016780990313,0.00310957240497683,0.00783782589634795,0.0420321106224383,0.00250582565546997,0.00934844669420343,0.0056415938849462,0.00473713686569719,0.00122341461212799,0.0021024429867187,0.000976636281393096,0.00594301009653538,0.0046266170545134,0,0.000115435130245149,0,0.00313015614838793,0.00160501491890976,0.00467575743100452,9.46012976645975e-05,0.0032803300673252,7.88903904585836e-05,0.00413613219301368,0.00488510480160823,0.000665692880959988,0.686073374523878,0.00208548891509698,7.55334196125569e-05,0.000627293377123207,0.00011350232703504,0.125770642024411,0.227383734573967,0.458586857741526,0.14640106756777,0.000962293524397328,0.00246248646991935,0.242523001675713,0.156983527566436,0.0160760358434988,0.0263806781945095,0.00126562688390493,0,0.00203412925617096,0.0151856142796063,0.00874135403709442
0.0727463853257917,0.00180128264925313,2.38084830346561,0.000159858753126636,0.00128115620426454,0.0170896007731349,0.0700679237278494,0.166081177496796,0.000683228083935841,0.0148538067472004,0.146224846991066,0.00584634396145746,0.0170931869850821,0.407815304633086,0.0018991136380831,0.00361501104803193,0,0.229101527471393,0.558430285520438,0.00114746840632032,0.068957149454657,0.00175097186066523,1.7898861163013,0.00731444770639233,0.000565224436181277,1.50458444059921,0.831255425878936,0.0327094639259039,0.505721903260739,0.199485423370581,0.000394712343640536,0.00962072387362835,0.137382250165501,1.191124144631,0.021705553442093,0.291419911547062,0.100713833025152,0.338754149531339,0.187290506988125,0.0137608817982845,0.0139420862797488,0.00146860105645064,0.00085402615331252,0.000402528727424711,0.00033084349737297,0.000863134897138832,5.9544738404721e-05,0,4.60987219898701e-05,0,0.00353574669000264,0.00411060798758267,0,0,0,0,0,0.000606948717359021,0,6.44319514822066e-05,0,0.000131906160332292,0,8.3331020467222e-05,0.000635130786415204,0.000225397599790215,7.22687172889111e-05,0.000308519434091657,0,0.000169393328155562,0.00105173341583932,0.000778423855119733,0.000806118976835264,0.000177329859836548,0.0114844933572822,0.041234669598473,0.00126147970884371,0.000106947341175079,0,3.6420874212265e-05,0,5.10135728675723e-05,0.000340143082689658,0.0112008030854057
0.00358065953487046,0.000921882231134116,0.0401143149601802,0.000675883776782364,0.000749743777616905,0.0185170265418403,0.0388980533241534,0.0542806971757954,0.00110457195575374,0.0431730766504936,1.78366886423171,0.0277827818698871,0.0162509716622667,0.0510772483090975,0.000804980969888224,0.00119300926718001,0.229101527471393,0,0.528137386486909,0.00463355765053843,0.00330732887809484,0,0.0357824178724784,0.00257631008851974,0.00125536447356424,0.535469084056513,0.0849651155981819,0.0106995718677309,0.11063331107371,0.0214380266570903,0.00311748600207237,0.0546477008909428,0.00230703058212462,0.419244684283138,0.014792690711775,0.262462175923207,0.433827897674486,0.388251225235641,0.243308288936414,0.00545249602807198,0.00167452206241229,0.00038216570160687,0.000682219682622939,0.00126100602243087,0.000342360314950481,0.000806727611306655,6.14187984624207e-05,0,0.000317918518054515,4.49297935435772e-05,0.00174485470561901,0.000283048366436183,0,0,0,0,0,0.000692713538162202,0,0.0144242249339077,5.5613560619384e-05,0.0056113891385214,0,0.000221006297953158,0,0,0.0124072234497688,0.000146481371579975,0,0,0.000244655327381879,0,4.42447446592152e-05,0.00136843608446679,0.0985017180372938,0.0634241448523302,0,5.33908769050837e-05,0,0.0429739797462029,0,0,0,0.0165959364358387
0.00147163226126382,0.000637196709843576,0.057032414437129,0.000159906595509917,0.000263455421487823,0.00486985203241462,0.0126925328482222,0.0230229211462754,0.000279628201486319,0.0138234651982357,0.101841663707644,0.00845718359478228,0.00484393074311233,0.0264486515149239,0.000433069749429524,0.000578767120762139,0.558430285520438,0.528137386486909,0,0.00112220863913944,0.00519491043880634,9.29995473282935e-05,0.0462884781450258,0.00129798240402811,0,0.573125510317602,0.0916740986160856,0.00559449722415845,0.0575541530607637,0.0110315966373511,0.000156498421619877,0.0138664537869173,0.00232943891418757,0.43349060883174,0.00556236852939426,0.183786736764789,0.119141202211727,0.115088913172235,0.117246834288367,0.0029062270376193,0.0013735464864631,4.34034336021244e-05,0.000604105213571444,0.000193953137261271,7.44981223246751e-05,0.000308672953435049,4.27602005726695e-05,0,0,0,0.00159472973218265,0.000227015174306378,0,0,0,0,0,0.000325865783754289,0,0.000461340123480737,3.21601785113961e-05,0,0,0.000296386221738398,0.000178549356392861,0,0.000163275999945521,0.000131391290860712,0,0,3.12547070536166e-05,0,9.26667906080486e-05,0.000102237259716928,0.0108677587828185,0.0178100106686754,0,0,0,0.000456906343063057,0,0,8.54103373685482e-05,0.00942728003466698
0.000782145149808377,0.000180591058265194,0.000707722129272193,1.89407179809576,0.00684593519963604,0.0736448811507339,0.0438372193668319,0.0373222494307991,0.106346789231712,0.502267649906236,0.0103301269297196,0.527706393469751,0.0186154877742757,0.0277896107068403,0.0497090657642495,0,0.00114746840632032,0.00463355765053843,0.00112220863913944,0,0.000149649093615174,0.000114032127075672,7.54050902598799e-05,0.0650139903622523,0.000664683827610492,0.00430521072645375,0.000959404177092744,0.199671700155864,0.0127975399807618,0.00214594850573512,0.000427409618588924,0.00385413547395017,8.58920042817146e-05,0.0119830600434561,0.00452333741489471,0.111516453261535,0.0014983099172889,0.00768763746799312,0.00398884768765355,0.0515611462434955,0.00519439971243941,0.00214093175115824,0.0109212159686382,6.47065422627628e-05,0.00454694905804171,0.000547406033404022,0.0542198091693244,0.00147034653703015,0.00031728717346929,0.000200801727716386,4.06493849593699e-05,0,0.04286570036268,0.00223432669133832,0.0103444660214146,0.0259234152643922,0.0336442506901992,0.0604433390536312,0.0542557834626056,0.000849493551939163,0.0217683756627386,0.000396127132638648,0.0113366957846369,0.0200200353148688,0.000330723945929303,0,0.000706614498679057,0.000168065189476013,0.0311420667959184,9.83931854690315e-05,4.91887597441077e-05,9.09647570438385e-05,0.0981813340769573,0,0.000555050285941288,0.000148063975556537,0.218887408148288,0.00421355771806386,0.000337425834564611,0.000178169794134408,6.01426709246933e-05,6.60681656936109e-05,0.00579110171964374,0.000332768232431933
0.0228713221725049,0.00633162407233485,0.13527353891372,0,0.00906680084778832,0.00415322492823361,0.649834593961482,0.040088321955404,0.00748205583531969,0.0113027398075615,0.00390172693003374,0.000239136126233876,0.139581300133682,0.106503432640615,0.0153329577483148,0.823786517157906,0.068957149454657,0.00330732887809484,0.00519491043880634,0.000149649093615174,0,0.103597456692668,2.90429323400121,0.0388353106669369,0.0049201456777847,0.0328892544371571,0.144321695593938,1.62418589430481,0.0916444716595948,1.67025882015151,0.000122926881043673,0.000246630532210917,0.0449832909482967,0.547916167918413,0.271545915597788,1.53931959033712,0.0765601679738519,1.00530281071072,0.375638790597634,0.0352219010442919,0.0285168122048377,0.00380132397110716,0.0315338664792739,0.00104583176423143,0.00762746508344023,0.00329834120998133,0.00559297555246699,0.0013245084219957,0.00168938920006259,0.000947755427927614,0.000103862111389026,0.00174678437050218,3.54585451636314e-05,9.59566038228872e-05,0.000297522462842077,0.00411485859702569,0.00243877780158959,0.00432990581498086,0.000125067904122711,0.000773382222674577,0.000174576843763217,0.00171834689978167,0.00635156113012929,0.000673851391550913,0.0984614049172256,0.00152351929593705,0,0.000194870264140367,0,0.0566249579420886,0.0381794012786472,0.0264676548841098,0.105977764320708,0.000541291849934399,7.05828072000444e-05,0.0168328254173658,0.110065586246085,0.0202482584500284,0.031149259176408,0.000267870064097062,0,0.0016620907132751,0.0113001600066122,0.0262833299500565
0,0.28077201121698,0.00336070735561554,0,0.000209705221112549,0.000477872126471653,0.00124270723543538,0.000496090125064432,0.835998876998585,4.02201995095015e-05,0.0162525278149359,0.000213330138379365,0.0430264739659022,0.000329304408822104,0.00994126667435459,1.06406594770216,0.00175097186066523,0,9.29995473282935e-05,0.000114032127075672,0.103597456692668,0,0.254748599588715,1.13859591026916,0.113511163127093,0.00282032556918679,1.41428759906446,0.124239366163169,0.00165069641444221,0.00672575483781585,0.00217870828213208,0.000150628544503376,0.000964144914959862,0.00501578645218484,0.00287229561560061,0.0328127190489467,0.0265723065241613,0.0113713791972507,0.00422797280408923,0.0061073169812982,0.00109020299971391,0.048493379006439,0.0294711047079283,0.0035595046800905,0.00865080799015845,0.00548589695739478,0.00150098580705356,0.000458304249657988,0.00133634002146176,0.00140137136773616,0.0184891413054949,0.0147672511642098,0.000507205593810007,0.000124422157011181,9.93012928649042e-05,0.0021871659749033,0.00131679983803175,0.00503920969523749,0.00113669862813559,0.0105716623966899,9.22753441810162e-05,0.012665925344921,0.00237207174529093,0.00038749394795978,0.441700832737689,0.00196726992424094,0.00022222879173997,0.00114077823510325,0.000191252880568475,0.0958177442010995,0.287641788132478,0.246467689815305,0.142558084410116,0.00194463842677525,0.0107752631721253,0.516777558707932,0.100268964686411,0.00966840069947332,0.0158751190302549,0.00913144437124887,0,0.00121195988126102,0.00901232874884099,0.0056439698571188
0.125306490167359,0.00850138582879347,4.06551601617993,3.31631112682223e-05,0.0165973808358494,0.0191348873887302,0.510285392787558,0.225018498312127,0.00457499435119906,0.0194177466902085,0.0303799647613974,0.000991348946230097,0.291442623165929,0.538455227219388,0.014640753685892,1.05682710414104,1.7898861163013,0.0357824178724784,0.0462884781450258,7.54050902598799e-05,2.90429323400121,0.254748599588715,0,0.12800934597849,0.00465466218092041,0.448465514508534,1.90290186781901,0.693602931207849,0.313132215164842,1.21867654384619,0.000992846079967441,0.00290150452898506,0.102995070957312,1.1466515078724,0.525431489596351,4.85966677481465,0.942540417622823,2.71510184689671,1.43515183736409,0.0887315650629212,0.0762305222805261,0.00551548742121482,0.0353297770202575,0.00383403351075695,0.00727202661187988,0.0067934176968858,0.00346609329576135,0.000584447646452218,0.00201075791950671,0.000520090189616233,0.00196481695402917,0.0204108390390523,6.24874842994809e-05,0.000212199130671024,0,0.00265259059883287,0.00125897956538785,0.0016739121046273,2.64495607981235e-05,0.000488350921034545,8.63166211997869e-05,0.00166966012270069,0.0020901941843113,0.00134420597926737,0.759535409347903,0.00134383108601849,2.91907375971973e-05,0.000674816602387502,4.93412507937253e-05,0.115638092651106,0.158636027687257,0.608176291460082,0.0911180496858645,0.000943092746322988,0.00234940574760711,0.615064108192881,0.099588366541831,0.00577765725742759,0.00941165729349733,0.000194801513829634,0,0.00174520942635221,0.00548184413309738,0.102405582315486
0.00156413346236913,0.114187328064192,0.0170907259852,0.231109102300042,0.0106503838818794,0.0193875530583353,0.235298068387476,0.0138320890427576,3.35175928162456,0.0597707404937401,0.0140143116034681,0.0388055929170227,0.122475468634805,0.0269497536036996,0.277018862950259,0.26253206071989,0.00731444770639233,0.00257631008851974,0.00129798240402811,0.0650139903622523,0.0388353106669369,1.13859591026916,0.12800934597849,0,0.0718185783780571,0.00587264592682497,0.493043511337464,1.1188612255016,0.0598703604742997,0.0483752442886403,0.00153027586371964,0.00201914893779518,0.00721951370972877,0.0348571112092959,0.0901971653742879,0.380422455197606,0.0368451217291604,0.0484308654428137,0.0322662328745621,0.0992738490808473,0.0137178505642719,0.0259673337192514,0.161824065825155,0.00157351088161452,0.0647025052263022,0.0184850494338258,0.0762183775773641,0.0240971833221295,0.00574358272941056,0.00312774078251602,0.00304063523124467,0.00666280303077656,0.0409889470443195,0.00122475674714711,0.0271471019596321,0.14967205489137,0.102650362363572,0.35127220366196,0.0551834159082457,0.00765763652682884,0.0331553273045527,0.00828524414710874,0.0680458497603143,0.0123480589491752,0.112034684346248,0.00203667336613357,0.000702793831475913,0.000599553869887247,0.0227943848967307,0.0331460047611344,0.0912034010812632,0.0539504070159151,1.32178594147368,0.00187807380683369,0.00218929793574262,0.0898345871768647,1.03480452466293,0.0553644147587471,0.0820629082079554,0.00219203179262925,0.000291768720925063,0.00210808870006822,0.0673025505905203,0.0182031754579785
7.60780219527481e-05,0.346314697134012,0.000315791613171071,0.000230064007623627,6.94802069088816e-05,0.00297873910351579,0.00357064760278335,0.00447786044293195,0.131429913331134,0.00517631066530634,0.225465167939367,0.0037674053567974,0.901039451337372,0.00272502065990428,0.00121545338215602,0.0259247051189035,0.000565224436181277,0.00125536447356424,0,0.000664683827610492,0.0049201456777847,0.113511163127093,0.00465466218092041,0.0718185783780571,0,0.0138677223893114,0.462853049433178,0.00578046086512701,0.0028496663585754,0.00149203859513834,0.0579352625828091,0.00288192661508351,0.000108818301386684,0.0516714537900457,0.000466304187087477,0.00773226869718775,0.0326122020795061,0.0566743097366347,0.00249718921915944,0.00331694548146491,0.000524399150989711,0.420344515697705,0.00234959717913715,0.00407009510060489,0.000498957918818444,0.000887288996249825,0.00234108856551481,3.94252236691415e-05,0.0299800994965613,0,0.0536276020458488,0.00019182018660903,0.00023618870277825,0,0,0,0.00016846614067252,0.00341659311051378,0.000124934525227636,0.0667506297766513,4.85141648234725e-05,0.250957693471335,0.000198489152740985,0.000233363156719774,0.000473827838509053,0,0.00279381821015486,0.0001566033610304,3.8800384485066e-05,0.000148374043541193,0.0041246142103216,0.000702361715068117,0.00318111280380554,0.195134200931611,0.0589228237886151,0.278757368059407,0.000459110055719256,0.00049354681464833,0,0.0770423996298069,0,0,0.000895659305428549,3.80879586151242e-05
0.0113337487502654,0.0316538009377858,2.37062266163939,0.000581543774765312,0.000262333721869066,0.0161841523119379,0.0827090304115514,0.0748101521014465,0.003342275775489,0.0446788084223961,0.526166410316129,0.0245680935427376,0.0473450863895229,0.0982282738331559,0.00121868445863192,0.00511286548248695,1.50458444059921,0.535469084056513,0.573125510317602,0.00430521072645375,0.0328892544371571,0.00282032556918679,0.448465514508534,0.00587264592682497,0.0138677223893114,0,2.1704250221708,0.0253922626497416,0.115275077490827,0.065740133145228,0.0685703548255627,0.0372634657473672,0.00524684017011833,0.518270383430453,0.0421520754508905,1.25474121919465,1.23820899309391,0.539069612595799,0.473528565494711,0.0117069167872895,0.00947414105798151,0.000755902301712634,0.0306218695247911,0.022761142093764,0.0131834100198303,0.0169821914437248,0.00014083923053585,0,0.00208602854058082,7.25413327192662e-05,0.114360376085239,0.0609327349755408,0,6.77509673850834e-05,0,0.000436893888460293,9.64660303922895e-05,0.00381305280105496,0,0.073725478284385,0,0.0501940938768798,0.000281227690003887,0.00116824369242835,0.000720121434552062,0.00600903829131697,0.0955769328453501,0.0261609366230739,0,0.000172254092741326,0.0062654863140275,0.00400992806275207,0.00125365421151202,0.0204855615966478,1.65221020528805,1.91010910311532,0.000259513013708323,0.000296076164442867,0.000146423214191586,0.266749167909243,4.706352236408e-05,0,0.00695207650386477,0.0505869607089763
