0,0,73.4965025782585,1.34549513459206,10.2641536593437,59.6659078896046,6778.7069747746,1615.25813555717,3.06260439753532,128.524443417788,256.011800646782,28.9324303865433,15.2975023388863,11373.4168151617,23.1003415584564,1.12228983640671,346.714037656784,117.776079744101,181.535458385944,10.4969299733639,161.029270112514,4.07737499475479,508.131866842508,11.6290174424648,1.78858613967896,255.594008505344,241.545761138201,27.3033200204372,6499.55708700418,9557.29801529646,15.7910795807838,81.3458056151867,63.9817691743374,630.793151959777,37.3063247203827,213.418559581041,41.7756009101868,27.4272462129593,61.2368148565292,50.6799843907356,60.7028149068356,20.1536448597908,4.6454302072525,0.384088933467865,0.439926773309708,0.538998305797577,0.787653863430023,0,0,0,1.41886445879936,3.73076558113098,0,0,0,0,0,1.36930954456329,0,0,1.92636162042618,2.74906742572784,0,0.637905776500702,0,0,0,0,0,0,0.546901226043701,1.91933432221413,10.1691148281097,0,0.385470747947693,17.6642179489136,10.7462396621704,0.609983026981354,0,0.462124109268188,0,0,0.605100035667419,9.612927287817
0,0,89.9719724357128,0.654139518737793,0.357558846473694,0,9.99718856811523,1.11905962228775,1598.59055292606,4.37505891919136,707.255053043365,1.35492521524429,2179.93699038029,8.05448633432388,8.80376592278481,213.703020095825,251.58799251914,8.49135893583298,53.0668603777885,0,39.4464944899082,3459.37286746502,48.8887101113796,3009.30777037144,3218.21014624834,302.605781793594,9292.41346657276,63.2986367046833,8.27945804595947,17.7707184255123,58.0170830190182,0,3.16018337011337,1305.54144111276,46.0390281677246,306.730960249901,33.2308974266052,41.5006145238876,82.0783722698689,11.9718813896179,2.74275180697441,478.032337605953,289.957424849272,25.2117692530155,25.9936103820801,75.1496484875679,0,0.357919305562973,138.249759972095,2.17218208312988,411.154115438461,218.393497228622,2.0659227669239,0,1.33352637290955,13.2730629444122,1.17464566230774,26.509506136179,2.43459075689316,50.2699816226959,45.4859837591648,273.990411937237,4.17343330383301,0.493340522050858,4.74282318353653,100.102555960417,13.0436415374279,16.357127904892,0.279082059860229,19.6452111303806,30.4222987294197,150.139669328928,21.7399462759495,39.1642666459084,166.116755962372,2966.29054310918,6.46669343113899,4.74692693352699,16.8679629713297,41.6884059309959,0,0.68818861246109,51.1455615162849,36.7334544360638
73.4965025782585,89.9719724357128,0,0.296964138746262,10.2408708333969,3.9602963924408,622.216815203428,159.997955828905,68.0216104090214,32.5471684336662,48.0168569684029,1.64101451635361,2.13962465524673,350.386839926243,16.4071469306946,92.0680533647537,4621.70350062847,307.246159851551,863.838278621435,2.7127757370472,3341.75221410394,196.090288072824,38186.4568551481,204.126785933971,1.9904443025589,28266.6909029782,40110.0880301595,592.978248685598,172.411623686552,3051.37194116414,0.629176795482635,11.9641229808331,20.9487658441067,435.164639890194,169.908475339413,1887.54956328869,138.03481388092,198.99864679575,446.244483798742,17.8578156530857,22.4566361010075,2.13748255372047,1122.30806326866,58.1096343696117,185.806117624044,421.378853261471,6.26304826140404,2.31343546509743,1.69996070861816,1.98764529824257,168.404531031847,1091.92467015982,0,0,0.837394595146179,26.521929204464,2.12847983837128,27.2169877588749,0,13.6899152994156,1.34943783283234,4.5192751288414,8.53300362825394,2.27038043737411,55.2382844090462,581.318047523499,35.9437426328659,78.4358230233192,0,34.1076388061047,213.40754583478,859.120786160231,94.3455378115177,5.98793864250183,293.600748062134,6050.42563804984,40.0562915503979,9.6713111102581,33.7913238108158,5.24561965465546,0,0.451640903949738,139.005149185658,135.29360461235
1.34549513459206,0.654139518737793,0.296964138746262,0,72.6126572787762,309.075428307056,394.72874251008,203.984519690275,2085.26299902797,2573.50604686141,38.9908060133457,5493.83134698868,0.689830720424652,88.6730141639709,548.410804569721,0,3.42522147297859,2.2434589266777,3.52664548158646,14508.666321069,0.33605894446373,0,5.54912862181664,1685.91421738267,0,3.19367837905884,1.4644495844841,10030.6529158354,47.3880109190941,12.0072250962257,0,34.989568978548,2.35465690493584,217.46016061306,12.2113997936249,224.633029669523,20.4652594029903,8.40465453267097,17.358558177948,841.770543366671,77.0789886713028,3.18216508626938,32.703427106142,3.19242370128632,2.07573360204697,0,76.7852843999863,5.17503839731216,3.81062486767769,1.03625559806824,1.98614883422852,0.445953071117401,309.391204893589,30.7151203453541,69.7231621742249,238.833431750536,64.4475230872631,706.818490594625,755.789565354586,4.7948203086853,721.880588829517,7.75467064976692,57.8814007043839,57.4917052686214,0,0,3.42883104085922,2.18467298150063,270.688197612762,0,0.664377629756927,0.347818374633789,852.658220887184,0,2.02097964286804,0.913431197404861,932.136234432459,13.7693698108196,0.808947384357452,0,0.305555313825607,0,15.0815095901489,0.319919794797897
10.2641536593437,0.357558846473694,10.2408708333969,72.6126572787762,0,3099.86848801374,438.33508041501,116.945293813944,757.515341758728,269.256018072367,20.8499936759472,1010.79598608613,1.12393856048584,57.4990021884441,4405.23514395952,85.5999428033829,16.9800211191177,7.16196376085281,3.99328541755676,137.302725404501,310.771810442209,7.60499888658524,274.557080209255,325.64907643199,0,11.5945764482021,88.2021197378635,317.248014062643,35.7133773863316,218.692561596632,2.09270757436752,603.171652853489,2.76228123903275,2451.99622961879,2391.82933190465,1367.9688154459,76.8849475979805,13.8767721951008,68.857235878706,19973.1881295741,10440.1743184328,10.1066631674767,63.8723086714745,1.31834042072296,2.65805619955063,11.3595235347748,12.0749772787094,2.12818640470505,1.25218820571899,0,0,2.04766488075256,11.7452176809311,5.83155918121338,3.19800651073456,21.8815685510635,1.88649481534958,40.4987578392029,20.8220496177673,0,38.8824846744537,6.72276449203491,0.629700183868408,14.5622006654739,8.86479386687279,0.542140781879425,2.14998090267181,0,8.13832575082779,7.91995722055435,1.83785313367844,9.45408865809441,156.696465402842,0,6.10995751619339,19.8526370227337,102.883640468121,0,2.68279761075974,0.884009480476379,0,0,9.09963011741638,1307.48899841309
59.6659078896046,0,3.9602963924408,309.075428307056,3099.86848801374,0,5717.89585998654,15200.6322288215,328.785438418388,34160.7847174406,141.006250917912,6228.17519691586,9.15084931254387,893.379822552204,3041.09671536088,1.17996835708618,18.5640523135662,45.550582587719,25.4484040141106,597.08587372303,29.3359866440296,0.73264217376709,46.9889958500862,73.2108502984047,0,38.8968674838543,26.1415098011494,490.127007544041,218.064074605703,197.598716020584,4.05995556712151,289.849943161011,8.96019998192787,541.395974248648,28556.4081274569,1495.58057036996,60.1486375629902,20.7216595411301,78.0792792141438,8603.37477743626,196.678668171167,19.9362120628357,24.4550934433937,1.69695806503296,0,5.41561722755432,27.3717010915279,0,2.00151121616364,0,0.965030372142792,0,26.1307586729527,4.33177292346954,7.13491427898407,44.8335157334805,1.66345995664597,47.5815765559673,41.3635397255421,0,243.554554224014,9.67713701725006,6.80284368991852,17.1411496400833,0.40267738699913,0,0,0,4.53932851552963,2.50411629676819,0,4.48277401924133,202.242241799831,0,0,4.11596941947937,169.054315775633,5.68374159932137,1.00746917724609,0,0,0,1.13863801956177,741.173000723124
6778.7069747746,9.99718856811523,622.216815203428,394.72874251008,438.33508041501,5717.89585998654,0,13505.5742646456,1513.79542183876,26519.6008701324,1842.04168087244,273.909470587969,135.370080769062,19521.0284359157,1013.89070177078,29.9395336210728,663.949620649219,697.362770080566,743.872121199965,209.479707449675,4232.69696819782,15.499186873436,1717.80947336555,6285.40412947536,2.64564344286919,1143.60330337286,1108.95982204378,46068.839722544,4457.15452203155,14971.1305610836,82.2020534574986,1283.88559553027,467.302375078201,6751.94091153145,1487.8836324811,12351.2618517578,593.219099700451,583.544835150242,1509.69418287277,3032.9355301559,1943.7204849422,180.689930915833,1801.32666137815,20.7541437447071,58.6638922691345,75.8503712117672,586.163668572903,205.650147020817,40.3506151139736,6.62581717967987,74.9889962375164,11.189560353756,458.45659700036,45.4018986225128,96.4728026390076,2816.16401964426,327.482652783394,815.351439774036,976.696027606726,5.94766277074814,415.316977262497,92.3385415673256,411.711295902729,120.197206258774,12.026867210865,4.74455246329308,0,0.438999593257904,172.824817061424,7.52120566368103,15.8704984486103,18.1754236519337,7842.22990036011,2.07726860046387,1.73782819509506,74.5156637728214,7581.23131459951,219.737495064735,7.95572483539581,2.35984823107719,24.0858505964279,6.90593528747559,401.946760445833,289.037771344185
1615.25813555717,1.11905962228775,159.997955828905,203.984519690275,116.945293813944,15200.6322288215,13505.5742646456,0,136.926931887865,12232.3732959628,584.525167047977,3714.75861370564,39.9147433042526,26346.8415955007,281.904931724072,3.55199652910233,408.81910187006,224.976028233767,222.029415935278,724.869197368622,353.187922239304,5.76076325774193,678.537196069956,139.103262841702,4.84755796194077,408.166453063488,307.801293343306,693.168714106083,2088.2022510767,4209.84123313427,32.3694483935833,424.459549367428,101.923440545797,1529.62988382578,3071.3610561192,2407.58964717388,169.324558526278,73.4636388719082,216.274982511997,1925.85523739457,178.848781436682,63.2346183359623,64.6634384393692,0,2.75345307588577,2.88763135671616,19.6659278273582,0.429433315992355,3.93900448083878,1.88849782943726,4.84299218654633,0.4450723528862,19.6149248182774,5.53589111566544,1.5049686729908,128.030368447304,6.29877150058746,59.9607408642769,27.4000844061375,0.569167912006378,104.370000749826,18.4587486982346,19.9220634698868,4.13109439611435,0.406907439231873,0,0,0,2.78394621610641,0,0.914720177650452,0.861426413059235,505.611094176769,0,0,14.5048647224903,394.755367100239,0.973297894001007,0,0,0,0,14.7607424855232,92.2040736973286
3.06260439753532,1598.59055292606,68.0216104090214,2085.26299902797,757.515341758728,328.785438418388,1513.79542183876,136.926931887865,0,3381.55053913593,245.600712686777,4498.67271921039,493.622326016426,83.9215295612812,2629.56676927209,397.366017282009,224.066389620304,36.2081678360701,66.4054018110037,1333.91089582443,481.645279020071,8862.10644692183,142.889562875032,36005.1106412709,773.523782551289,250.373280495405,5304.72435539961,7807.13241681457,106.294227361679,186.839680075645,22.5646146535873,34.0276921987534,34.2571588754654,477.54912981391,225.664525061846,1192.34610623121,42.9279320538044,86.6622577607632,217.76403465867,3633.92863470316,121.331901848316,29.700116455555,1009.87672591209,26.5215925872326,28.0030624568462,67.5060430765152,247.91966843605,98.247535854578,20.9930681288242,7.42373913526535,92.9548500776291,18.7208778858185,421.807417303324,41.4633331298828,70.6160680055618,701.076190382242,95.4232459366322,3777.24818632007,463.906838059425,15.1504141390324,564.346209049225,41.3965026140213,126.600716382265,88.998275578022,523.328380584717,15.9643107354641,17.3965592384338,13.3211253583431,128.788266837597,186.04204633832,835.82032713294,73.3350988924503,8541.83181658387,7.71881687641144,34.6962997019291,259.601547449827,3451.11687898636,137.610356986523,32.9454911351204,13.9318770170212,41.883314460516,7.25319322943687,129.485160768032,223.295948296785
128.524443417788,4.37505891919136,32.5471684336662,2573.50604686141,269.256018072367,34160.7847174406,26519.6008701324,12232.3732959628,3381.55053913593,0,1455.08081306517,5990.80997180939,44.7096275389194,4239.77714639902,899.105162531137,3.52381202578545,135.333492696285,306.663531720638,339.014165699482,3019.78255158663,74.0773349404335,0.393878281116486,99.5813053250313,795.803974360228,0,260.26854249835,99.6175361573696,5071.06861412525,2318.12517029047,448.596179276705,8.88467898964882,1196.11967876554,27.2573834657669,4595.42505472898,11497.4487296939,5318.67188048363,441.98279696703,108.586476534605,509.05192399025,3718.47625815868,834.286607772112,168.804588705301,65.6265420913696,4.35159987211227,1.31162098050117,10.6448719203472,231.778988867998,5.35591053962708,8.03746965527534,1.5951429605484,12.0847077965736,0.304513394832611,917.683993726969,78.9812636077404,88.9381675720215,1069.55042585731,76.7898349165916,1460.238322258,1518.61348110437,0.499666631221771,1153.1472184062,54.32794713974,105.676735877991,154.833746165037,2.17988231778145,0,0.433343946933746,0,377.653558015823,0.336010754108429,1.60713163018227,4.352961987257,3454.2379616797,0.427905648946762,0.303171426057816,3.51576662063599,4203.11093425751,6.3665499985218,0,0.579762578010559,0.643112063407898,0.507158637046814,18.2147507667542,314.453313827515
256.011800646782,707.255053043365,48.0168569684029,38.9908060133457,20.8499936759472,141.006250917912,1842.04168087244,584.525167047977,245.600712686777,1455.08081306517,0,569.666120946407,7924.38320052624,2096.32807898521,73.2880761325359,42.414697676897,1365.78476433456,20504.1479796469,4898.90602174401,224.106200844049,846.779629945755,398.142266482115,789.588874951005,420.890386015177,948.735147386789,5643.81078962982,2528.05308037996,417.900831758976,2516.61123749614,1475.87133660913,1426.58097341657,504.369785517454,198.411388844252,14664.9998212755,239.946112602949,3765.19793953001,4489.02637845278,3067.76046946645,2945.43951129913,274.494049757719,78.1827482581139,4228.94781002402,122.495211690664,793.069741487503,17.8992556631565,43.7923926711082,19.2674320340157,5.46511763334274,1825.20902863145,0,236.024991482496,53.5711623728275,0.384064257144928,1.74774974584579,0,6.24305620789528,6.42596960067749,54.7123132348061,3.96197390556335,3221.27718016505,17.2639065980911,12956.2059386671,3.07514160871506,7.45450735092163,4.55530101060867,27.9667102992535,26.4716245830059,3.51323121786118,1.76695394515991,1.06356590986252,52.8603506684303,27.8056956827641,79.8855836689472,356.357792258263,324.67807212472,2191.35339844227,19.6827325224876,10.4524984359741,0,813.371804505587,0.558349251747131,0,767.323787897825,166.273239225149
28.9324303865433,1.35492521524429,1.64101451635361,5493.83134698868,1010.79598608613,6228.17519691586,273.909470587969,3714.75861370564,4498.67271921039,5990.80997180939,569.666120946407,0,29.2469222545624,1276.26315039396,5701.26454678178,0,15.6361715197563,162.090165317059,118.543875724077,9559.40805751085,3.67727619409561,3.18055135011673,9.19577938318253,710.781149595976,1.71913611888885,117.267836093903,40.0448070168495,5514.1477611661,847.694877386093,46.3526755869389,7.30430263280869,520.455760866404,0.991899371147156,1850.48521515727,4224.10119375587,1304.42909619212,122.887946784496,56.8514924347401,169.457625210285,6675.19230228662,342.687065899372,72.9824364483356,23.3821389377117,4.40043553709984,1.94800710678101,2.60078775882721,318.325570315123,5.84410762786865,4.05689311027527,0.70770651102066,1.66409814357758,0,647.714258730412,108.57700407505,228.072668522596,133.56664699316,61.8131892085075,636.542330592871,726.80525007844,2.24372175335884,1624.1648645997,49.8172432780266,42.4439355432987,223.881357192993,0.725842177867889,0,5.29215925931931,1.88535690307617,301.633898794651,0,1.62121522426605,2.1454656124115,747.297370046377,0,5.45713812112808,3.5885363817215,796.860666513443,9.08650240302086,1.03951454162598,1.20268660783768,2.56129312515259,0.72280079126358,19.8175341188908,427.6360206604
15.2975023388863,2179.93699038029,2.13962465524673,0.689830720424652,1.12393856048584,9.15084931254387,135.370080769062,39.9147433042526,493.622326016426,44.7096275389194,7924.38320052624,29.2469222545624,0,130.615431964397,11.4351297318935,22.2893672287464,1.21511700749397,22.34080478549,6.75024965405464,11.9004718959332,49.2711955010891,1011.07926315069,20.6903199255466,590.846865803003,10110.6031221151,304.961590200663,3525.70886415243,37.5569568574429,94.5877310931683,75.1450467407703,2816.01183259487,27.0026933252811,4.7091611623764,2213.53327193856,16.8166008591652,450.630176454782,2743.81471943855,406.7848482728,386.761072546244,32.0438759922981,13.7352173924446,548.413695901632,135.436946004629,1227.43880191445,34.943675339222,32.0163478255272,3.86711448431015,7.42255848646164,1313.04844504595,0.335824102163315,336.341213822365,0,0.78587532043457,0.943606376647949,1.41410398483276,6.18635410070419,10.7148621678352,17.1712870895863,3.03063535690308,4947.8104210794,8.64801666140556,19795.163230896,6.54887989163399,0.395906716585159,0,5.94524818658829,28.6730896234512,8.81360870599747,0,0.440393060445786,66.7007934451103,1.4234824180603,25.9942382276058,984.778954595327,671.025613039732,4795.51887133718,3.98583713173866,20.6376904249191,1.53392091393471,1601.84916761518,1.54023540019989,0,657.488146543503,11.5105989575386
11373.4168151617,8.05448633432388,350.386839926243,88.6730141639709,57.4990021884441,893.379822552204,19521.0284359157,26346.8415955007,83.9215295612812,4239.77714639902,2096.32807898521,1276.26315039396,130.615431964397,0,116.975440591574,6.81090867519379,1212.59301219881,867.314973473549,848.881231874228,443.454980075359,896.32674703002,11.3157961964607,1886.05563527346,127.072817742825,6.44634965062141,1225.36410146952,1102.89510977268,492.695122271776,17122.301429987,15365.0284070671,123.133852809668,743.832014024258,227.682420313358,3778.61911487579,133.474296271801,1453.45069250464,282.91307285428,143.570191383362,344.771074235439,522.380146831274,190.500323832035,78.8219245374203,53.5690874457359,2.87767097353935,3.79052329063416,8.4949726164341,22.2326319515705,1.31718379259109,5.49097257852554,0.761188745498657,3.38120386004448,9.99419668316841,8.38747626543045,0,2.18470913171768,84.4638243615627,1.98914563655853,36.087542027235,14.7767496705055,6.23459202051163,50.1632613539696,8.62083920836449,5.87517192959785,5.68445044755936,3.17790055274963,4.55960875749588,0,1.22712516784668,1.85651624202728,0,5.34854516386986,7.35349830985069,323.162442803383,1.50710773468018,8.70235478878021,98.54279088974,212.645663052797,1.89110994338989,0,4.36988216638565,0,0,10.95960983634,22.1524531543255
23.1003415584564,8.80376592278481,16.4071469306946,548.410804569721,4405.23514395952,3041.09671536088,1013.89070177078,281.904931724072,2629.56676927209,899.105162531137,73.2880761325359,5701.26454678178,11.4351297318935,116.975440591574,0,119.429325133562,26.1569903194904,18.4560782909393,15.5368838012218,750.389428377151,405.18096768856,32.8005774319172,320.093943417072,2338.86559137702,0.77810126543045,244.898521363735,175.969964414835,1307.88060736656,104.568048268557,456.411638796329,11.9684534370899,215.534292429686,13.7629128396511,588.869597554207,6673.78807932138,510.092851102352,158.888811439276,51.2554058730602,141.929763942957,6207.2255513072,270.465131551027,17.8741176128387,197.907513380051,27.2706414461136,12.4914823174477,59.6970502734184,62.5745034217834,17.3660787045956,2.81004279851913,0,4.87640786170959,1.58352679014206,49.0703666508198,6.03923243284225,17.5447314977646,69.6619104146957,1.76198545098305,142.624646812677,61.3536651134491,5.70971721410751,131.667574167252,34.4738916754723,2.75374940037727,29.540123552084,20.6495859622955,0,1.62645435333252,3.67925149202347,16.8050789833069,10.2463948726654,8.22024410963058,26.6831246316433,514.16679918766,0.663252830505371,19.2268137037754,63.202078461647,337.29416307807,9.24181336164474,2.64195767045021,11.0306283831596,3.16931855678558,0,15.2632614970207,3016.59314104915
1.12228983640671,213.703020095825,92.0680533647537,0,85.5999428033829,1.17996835708618,29.9395336210728,3.55199652910233,397.366017282009,3.52381202578545,42.414697676897,0,22.2893672287464,6.81090867519379,119.429325133562,0,105.370353043079,29.0691178143024,100.321519166231,0.919589906930923,11225.1043234468,9336.33494335413,11790.8356917202,1874.68423965573,52.094485193491,118.067966610193,9147.33901724219,2497.01593589783,9.29126104712486,100.201414436102,4.9619452059269,4.34865498542786,8.03498309850693,655.836553961039,956.543433248997,6778.85118737817,490.444460004568,614.44460362196,1303.62901726365,59.7203795313835,83.1730045080185,5.90451562404633,2995.10534733534,98.296639829874,424.286554962397,771.560455352068,71.395088583231,56.0305953919888,3.7826521396637,0.558704733848572,41.6850292086601,109.884101241827,0,0,0,22.6803358197212,1.27596300840378,330.958538532257,0.858837842941284,7.72971788048744,2.48935294151306,33.5723776221275,0,4.75281184911728,14188.5751299262,10.3653528094292,8.38052615523338,18.0745044052601,0,921.627968281507,3402.75856667757,6682.70968082547,2945.74555727839,3.85673207044601,16.1883854568005,2249.5087107718,1526.88039463758,5.46673825383186,11.367217451334,0.696310043334961,0,0.628202438354492,49.953106969595,579.477223366499
346.714037656784,251.58799251914,4621.70350062847,3.42522147297859,16.9800211191177,18.5640523135662,663.949620649219,408.81910187006,224.066389620304,135.333492696285,1365.78476433456,15.6361715197563,1.21511700749397,1212.59301219881,26.1569903194904,105.370353043079,0,940.898266017437,11031.185682416,12.6993584930897,2649.79523485899,193.108090758324,23708.8858003914,354.114638492465,1.72106552124023,8404.29345884919,30616.8521384299,470.577941849828,2242.32833838463,6301.50063471496,12.5618796944618,28.4537535011768,274.157978266478,11781.3271340132,118.029778271914,930.460133373737,91.0821331441402,361.629492431879,720.192474782467,33.5279324948788,52.9053406715393,6.22810554504395,1498.3154142797,56.66179433465,160.610065460205,493.135149657726,7.04424476623535,2.72811517119408,1.62265837192535,0.50764662027359,267.994672685862,1522.60332456231,0,0,0,34.7909650504589,2.75493282079697,29.1670866012573,0,14.6075927019119,5.22029265761375,10.5922263264656,5.42540991306305,4.58977270126343,19.4623070061207,997.287551254034,39.7082377076149,119.613411307335,0,46.9782061874866,92.4006266891956,766.699703127146,55.0853775441647,4.624631524086,675.837253004313,6492.39229267836,19.8074918687344,9.35684466362,84.9921052753925,7.44075509905815,0,2.29569670557976,161.284031391144,84.8629164993763
117.776079744101,8.49135893583298,307.246159851551,2.2434589266777,7.16196376085281,45.550582587719,697.362770080566,224.976028233767,36.2081678360701,306.663531720638,20504.1479796469,162.090165317059,22.34080478549,867.314973473549,18.4560782909393,29.0691178143024,940.898266017437,0,4828.27085354924,73.6662579476833,523.169931799173,8.30102634429932,661.584409013391,87.5880328118801,9.2171037197113,12465.5594861805,2232.53391224146,207.068097263575,1073.32987420261,801.366697490215,73.1966946125031,147.389598637819,92.2517523467541,2992.90757778287,285.196919023991,3108.8110999316,1426.02279594541,1072.25521966815,1898.47950085998,58.4178115129471,34.8008267581463,12.861669242382,41.2682444453239,7.41865450143814,4.24923235177994,18.0490405857563,0.401459097862244,0.583748161792755,1.59322625398636,0,9.94245368242264,31.7778853774071,0,0,0,0,0,12.1010589301586,0,23.6854568719864,1.68235635757446,90.0605467557907,0,3.16170990467072,1.9522100687027,29.1326231062412,15.5992924869061,4.71426805853844,0,0,2.65549093484879,13.898031771183,3.91724580526352,13.881086140871,227.468990057707,937.731915801764,0.692377507686615,0,0,53.6163678467274,0,0,12.0091462433338,149.939492493868
181.535458385944,53.0668603777885,863.838278621435,3.52664548158646,3.99328541755676,25.4484040141106,743.872121199965,222.029415935278,66.4054018110037,339.014165699482,4898.90602174401,118.543875724077,6.75024965405464,848.881231874228,15.5368838012218,100.321519166231,11031.185682416,4828.27085354924,0,48.3162104785442,1628.69514812529,34.5988472998142,3058.79252320528,183.709848448634,7.2436825633049,17734.1093565971,9035.99439118803,439.014571800828,1347.54042504728,1884.66474565864,40.8004942238331,51.6429489850998,215.348003745079,8144.05223187804,323.099026739597,3353.2110453546,420.044580549002,838.249965369701,2380.61337181926,44.5503145456314,36.7864823937416,2.15762576460838,235.462875515223,34.3533070981503,28.1880397796631,97.2236227989197,0.833284437656403,2.6885632276535,3.57606291770935,0,42.8967380821705,134.336775630713,0,0,0,1.76862072944641,0.322769731283188,23.9272039681673,0,15.6682816743851,1.21131834387779,33.9005313515663,1.40266370773315,5.04653233289719,7.3639423251152,212.35812318325,22.0489849448204,31.2938589453697,0,3.64412501454353,18.2302590310574,81.3756693303585,28.7978580892086,17.4470571875572,451.616042345762,2570.9749031961,3.43280580639839,2.43143206834793,4.67620769143105,30.680723875761,0,0.307476699352264,39.0548676550388,171.235880881548
10.4969299733639,0,2.7127757370472,14508.666321069,137.302725404501,597.08587372303,209.479707449675,724.869197368622,1333.91089582443,3019.78255158663,224.106200844049,9559.40805751085,11.9004718959332,443.454980075359,750.389428377151,0.919589906930923,12.6993584930897,73.6662579476833,48.3162104785442,0,4.24848234653473,0,5.35912537574768,1286.10634738207,0,38.9859780967236,10.102457255125,8455.42386168242,276.672955989838,26.3254584670067,1.29271358251572,151.49470308423,3.98518824577332,652.322871387005,24.3780798912048,559.451702654362,67.302077203989,22.7615170180798,73.610386133194,1199.67642119527,134.061349987984,30.0334009826183,10.4701071083546,2.35501503944397,0,2.14771574735641,110.502056747675,0.379313319921494,2.5513858795166,0.453380882740021,0.744901597499847,0,415.997423440218,42.6599322259426,40.2469416260719,148.112093001604,16.0275031328201,389.139257907867,481.661220222712,0,450.152558922768,22.4995002746582,24.5341434776783,80.0257024765015,0.491322726011276,0,0,0,107.331558018923,0.590700566768646,0,0.773508787155151,627.614652305841,0,0,1.66858643293381,885.364614844322,3.39403134584427,0,0,0.982238054275513,0,3.95293101668358,1.36043572425842
161.029270112514,39.4464944899082,3341.75221410394,0.33605894446373,310.771810442209,29.3359866440296,4232.69696819782,353.187922239304,481.645279020071,74.0773349404335,846.779629945755,3.67727619409561,49.2711955010891,896.32674703002,405.18096768856,11225.1043234468,2649.79523485899,523.169931799173,1628.69514812529,4.24848234653473,0,859.320344775915,43622.8535559475,1625.09473785758,1.20303556323051,2423.51179715991,7124.900344491,9043.72243741155,1266.1606785059,39166.0366194844,45.0128360390663,34.026283800602,356.836941123009,10079.8174596429,2311.39429298043,9676.5063726604,431.282805860043,5318.98761188984,8401.12878802419,223.413717597723,302.804470062256,90.5081812441349,1800.12197703123,55.9203145503998,138.149016797543,372.669035345316,60.3683870732784,29.3323970735073,11.4925653338432,0,34.1400662660599,74.9753940701485,0,0,4.93749839067459,51.9181667268276,4.99007779359818,624.407764285803,1.54367423057556,2.27810579538345,3.0249028801918,6.83090484142303,4.42278859019279,38.126197129488,2452.68486064672,14.091951996088,0,3.55071932077408,0,537.893752753735,588.824095577002,867.387954652309,2758.90875694156,0,15.9459516406059,720.376239478588,1335.41289412975,11.3805650174618,6.56575852632523,1.23002648353577,5.86793944239616,0.560081899166107,59.1931857466698,1073.28226137161
4.07737499475479,3459.37286746502,196.090288072824,0,7.60499888658524,0.73264217376709,15.499186873436,5.76076325774193,8862.10644692183,0.393878281116486,398.142266482115,3.18055135011673,1011.07926315069,11.3157961964607,32.8005774319172,9336.33494335413,193.108090758324,8.30102634429932,34.5988472998142,0,859.320344775915,0,532.677893131971,21658.0860322714,1383.32315194607,163.824044764042,13028.0614023507,1546.54066446424,7.09233406186104,58.1072201728821,37.9198998808861,0.694330871105194,3.22744110226631,385.701634138823,117.314894229174,746.708302199841,58.4282996058464,90.4532298147678,138.10269010067,47.1665808856487,12.6148396730423,72.110980540514,963.115714877844,23.2892826497555,190.195547759533,270.784220337868,34.2274842262268,16.8744481801987,15.0785654187202,0.88093426823616,35.0374810695648,205.640604108572,3.03907406330109,0,0,25.9514299929142,3.00276738405228,175.052740067244,0.532582461833954,34.3983210921288,201.956857562065,53.9694660305977,4.00625693798065,1.40777957439423,3060.51756048203,49.3219765126705,10.2742156088352,14.1428889036179,0,248.040760576725,2625.49086713791,1387.29439803958,965.398269951344,8.79764723777771,72.6411073207855,2079.5052857101,474.2471537292,5.45968508720398,13.4520751237869,34.5215329825878,0,2.26584249734879,31.7054497897625,185.89018163085
508.131866842508,48.8887101113796,38186.4568551481,5.54912862181664,274.557080209255,46.9889958500862,1717.80947336555,678.537196069956,142.889562875032,99.5813053250313,789.588874951005,9.19577938318253,20.6903199255466,1886.05563527346,320.093943417072,11790.8356917202,23708.8858003914,661.584409013391,3058.79252320528,5.35912537574768,43622.8535559475,532.677893131971,0,695.448600053787,2.10038059949875,12564.0198893845,55366.1252851635,2964.49158222973,3032.60384243727,24085.7601389438,33.2800995111465,46.6671891510487,546.528312414885,11521.312303111,4096.05231443048,20734.8261088729,1799.69766080379,6358.43096095324,9672.61141824722,206.282778173685,354.915362596512,29.6396342515945,2997.52475950122,84.5433299839497,645.587298423052,1076.8374516964,47.8675672411919,26.393268853426,5.98812067508698,0.911390036344528,42.1764751076698,712.048514038324,0,1.21462273597717,2.45514404773712,17.8978168070316,1.14995929598808,113.344180196524,0,17.086060911417,2.31547281146049,35.6575319170952,5.57719811797142,37.7088395059109,5856.40321731567,104.830789148808,17.9997288584709,47.5168882757425,0.652552843093872,415.885816395283,952.049458771944,5018.54645848274,904.538311719894,0,87.9023413956165,6129.05556845665,554.126628488302,5.59724828600883,25.078556895256,2.57562521100044,0,0,144.716464936733,2219.11200147867
11.6290174424648,3009.30777037144,204.126785933971,1685.91421738267,325.64907643199,73.2108502984047,6285.40412947536,139.103262841702,36005.1106412709,795.803974360228,420.890386015177,710.781149595976,590.846865803003,127.072817742825,2338.86559137702,1874.68423965573,354.114638492465,87.5880328118801,183.709848448634,1286.10634738207,1625.09473785758,21658.0860322714,695.448600053787,0,1126.78481277823,410.019536182284,10885.0883346498,24966.0832199454,313.304170966148,1136.84439766407,54.6088405251503,75.3342715501785,140.044679313898,1561.58498732746,996.771350055933,5139.33353149891,144.676752358675,532.365220919251,1305.42524173856,3165.75962719321,415.690162420273,48.3323462605476,6267.61375033855,158.23199519515,237.617491185665,437.760651558638,1090.39556246996,601.762515187263,162.665528923273,24.786250859499,106.579943656921,35.3587459623814,1055.49554422498,67.1667297482491,168.772551655769,3794.36347648501,585.995054066181,6249.64594528079,1092.45110675693,21.3736067712307,1099.88790148497,107.056126594543,652.737713217735,207.972310602665,1358.72114774585,20.4658762216568,1.3993983566761,9.57943308353424,302.999496281147,403.813195645809,584.67703795433,460.375737279654,27248.9632438421,11.4181372225285,32.1011942028999,629.568189293146,15357.4219682813,672.463104575872,74.7195680737495,2.25510841608047,135.896872520447,18.4848901331425,970.417020961642,730.480555534363
1.78858613967896,3218.21014624834,1.9904443025589,0,0,0,2.64564344286919,4.84755796194077,773.523782551289,0,948.735147386789,1.71913611888885,10110.6031221151,6.44634965062141,0.77810126543045,52.094485193491,1.72106552124023,9.2171037197113,7.2436825633049,0,1.20303556323051,1383.32315194607,2.10038059949875,1126.78481277823,0,199.625068157911,4277.50828060508,30.6641543805599,1.65752366185188,4.24506226181984,513.672886401415,1.00494980812073,0,2025.58205407858,2.04540091753006,34.159998267889,104.879839330912,49.507287055254,23.0939185321331,6.64622175693512,0.69408255815506,672.509918570518,94.8232872784138,65.9510927796364,8.15009713172913,15.61204251647,0,1.27561628818512,259.763542234898,0,476.989332735538,1.74292778968811,0,0,0,1.57855275273323,1.04063814878464,11.3599262237549,0,474.257984519005,10.8825825452805,3775.72853344679,5.20305019617081,0,1.34869158267975,3.29403179883957,20.473342359066,13.455799639225,0,0,35.8082025647163,0,21.4248881936073,1597.57308089733,432.533909767866,3427.96293494105,0,9.89827519655228,1.2836982011795,374.825625896454,2.41922247409821,0,106.407574534416,6.12678748369217
255.594008505344,302.605781793594,28266.6909029782,3.19367837905884,11.5945764482021,38.8968674838543,1143.60330337286,408.166453063488,250.373280495405,260.26854249835,5643.81078962982,117.267836093903,304.961590200663,1225.36410146952,244.898521363735,118.067966610193,8404.29345884919,12465.5594861805,17734.1093565971,38.9859780967236,2423.51179715991,163.824044764042,12564.0198893845,410.019536182284,199.625068157911,0,67406.5961417258,581.128748983145,1297.28001922369,3461.09648987651,1216.088873595,125.845909327269,204.985569864511,4444.98951907456,917.626863569021,12531.8076789677,5629.53643292189,1885.49329859018,4814.54295638204,101.425531864166,68.5163545012474,77.2169872522354,1656.38558807969,242.391479551792,198.857266455889,522.793533563614,13.1206391751766,7.87619894742966,36.7919664680958,2.84880986809731,313.911993145943,651.484019458294,0,0,1.48487794399261,28.7207813858986,4.76848703622818,57.9404139518738,0.371065020561218,901.504489421844,5.84293338656425,2646.79135048389,17.2448075413704,8.73807245492935,12.7230724990368,1520.14809083939,312.325288653374,263.67624515295,0,41.317280203104,62.5160419046879,247.077217370272,69.700500190258,304.510470747948,5108.59339368343,21202.2819932103,19.6861448585987,26.6655287742615,77.8527867496014,1558.17508813739,3.35622867941856,1.94630575180054,370.628811240196,527.783994287252
241.545761138201,9292.41346657276,40110.0880301595,1.4644495844841,88.2021197378635,26.1415098011494,1108.95982204378,307.801293343306,5304.72435539961,99.6175361573696,2528.05308037996,40.0448070168495,3525.70886415243,1102.89510977268,175.969964414835,9147.33901724219,30616.8521384299,2232.53391224146,9035.99439118803,10.102457255125,7124.900344491,13028.0614023507,55366.1252851635,10885.0883346498,4277.50828060508,67406.5961417258,0,3177.30405466259,1443.03000046313,4772.070349738,1562.61418384314,56.940962523222,406.131786495447,9656.78659357131,5832.41738751531,51780.586412102,7307.87542271614,6579.07408264279,14393.224693954,256.171396672726,186.958088159561,74.4084664285183,13428.8611493409,1177.96461004019,2143.66608834267,4264.48628380895,117.891843795776,74.2704262137413,166.519424259663,16.4866817295551,4675.29624253511,7512.29527685046,1.43449935317039,0,4.70276963710785,190.285125255585,32.4260258674622,191.07533827424,2.73594728112221,1775.6839390099,130.993158698082,5656.24597167969,120.351452887058,41.245471984148,2893.66835778952,5531.41429781914,921.857996404171,1463.70836183429,0,631.903183490038,2989.04536995292,9904.11474242806,520.756370812654,1570.1016022265,17409.3386820555,118086.041512936,312.672504991293,96.5704852640629,412.074238151312,3130.71045902371,11.5791147351265,14.4991897046566,1681.66783738136,3407.26518699527
27.3033200204372,63.2986367046833,592.978248685598,10030.6529158354,317.248014062643,490.127007544041,46068.839722544,693.168714106083,7807.13241681457,5071.06861412525,417.900831758976,5514.1477611661,37.5569568574429,492.695122271776,1307.88060736656,2497.01593589783,470.577941849828,207.068097263575,439.014571800828,8455.42386168242,9043.72243741155,1546.54066446424,2964.49158222973,24966.0832199454,30.6641543805599,581.128748983145,3177.30405466259,0,556.040244460106,13045.2814460546,21.3944526016712,174.341857433319,229.287211328745,3187.5128570497,1806.13556653261,8285.41916504502,237.839681357145,1388.45642632246,2797.3584741354,1576.18587261438,735.237144619226,67.2429559230804,3970.15038669109,89.6497899889946,193.410197079182,351.833289951086,799.970201104879,316.441242814064,65.7065527141094,14.972630828619,62.1176016628742,24.563227891922,754.540741443634,63.2656306922436,113.927571564913,3006.04243659973,356.676302701235,3548.15915068984,1483.71095433831,4.40380358695984,859.529485702515,95.2182329297066,433.406032860279,178.524769455194,1432.49139487743,4.33767080307007,0,0,274.943623453379,348.267551511526,455.458722501993,527.72733643651,14123.1522863209,0,4.65755933523178,371.176397591829,11081.9784630537,334.112364202738,42.4480463266373,0,58.5688717663288,8.24874424934387,516.594886213541,636.862054556608
6499.55708700418,8.27945804595947,172.411623686552,47.3880109190941,35.7133773863316,218.064074605703,4457.15452203155,2088.2022510767,106.294227361679,2318.12517029047,2516.61123749614,847.694877386093,94.5877310931683,17122.301429987,104.568048268557,9.29126104712486,2242.32833838463,1073.32987420261,1347.54042504728,276.672955989838,1266.1606785059,7.09233406186104,3032.60384243727,313.304170966148,1.65752366185188,1297.28001922369,1443.03000046313,556.040244460106,0,21202.3681695163,99.2661617696285,1176.80935689807,3730.27532023191,9173.35865014791,105.004789739847,890.90775591135,192.450674891472,194.412846237421,297.636790394783,289.299136757851,184.499447524548,43.6705932021141,105.596040815115,5.60560074448586,9.57478028535843,5.04262757301331,15.5270997881889,5.38494914770126,5.91684123873711,0.385635286569595,1.27194827795029,15.3900846540928,0.652048051357269,0,1.15095114707947,51.4831866919994,3.76227453351021,46.3738284111023,2.04858437180519,1.0392941236496,25.6576726734638,11.1845155954361,8.6279524564743,6.4603331387043,0.345467180013657,6.53874704241753,1.15985786914825,1.14159393310547,0,2.80532038211823,7.58865839242935,12.5523000657558,343.674878418446,0.703270792961121,21.2628201544285,112.580465853214,155.4747620821,5.88040333986282,0,4.43202313780785,0,2.91033416986465,11.7528219223022,21.0873540043831
9557.29801529646,17.7707184255123,3051.37194116414,12.0072250962257,218.692561596632,197.598716020584,14971.1305610836,4209.84123313427,186.839680075645,448.596179276705,1475.87133660913,46.3526755869389,75.1450467407703,15365.0284070671,456.411638796329,100.201414436102,6301.50063471496,801.366697490215,1884.66474565864,26.3254584670067,39166.0366194844,58.1072201728821,24085.7601389438,1136.84439766407,4.24506226181984,3461.09648987651,4772.070349738,13045.2814460546,21202.3681695163,0,88.0741836428642,348.703934788704,4308.25826707482,12644.1430540085,1069.14563569427,3377.15677180886,304.984128952026,1931.63745123148,2732.29020854831,438.74143025279,962.208979874849,133.591997057199,397.814669400454,9.38138064742088,36.3092831969261,69.3896605372429,51.5412863790989,24.4912222921848,11.9551091194153,1.5160191655159,22.4520902633667,62.3559788763523,0.615802347660065,0.553989708423615,0.405534774065018,86.0243391692638,13.4345296621323,189.725325971842,8.31091696023941,1.30427587032318,5.05352413654327,6.47438928484917,11.5798534154892,21.2700693011284,42.8647050261497,15.5286474525928,0,0,0.312437981367111,20.6187314093113,40.2583602070808,66.5450892746449,641.20045208931,1.36388182640076,7.42798361182213,355.634415030479,414.611895680428,18.2842903137207,1.48689818382263,1.61629310250282,0.586945056915283,1.58286941051483,53.806576281786,272.292868584394
