0,4.85754838920593e-05,0.0228133458670257,0.000466783648486215,0,0.000494436925342083,0.374571516582054,0.0334834206716381,0.00104961062806878,0.00644070018062707,0.000637156334080017,0.000213663975537104,0.000427873812546176,0.841090441591895,0.000729652744977681,0.000467132052020394,0.0402551562908868,0.00057831006711967,0.00133878212868024,8.48654104933977e-05,0.0218244529375419,0.000114240725758106,0.0868834116223283,0.00727591754425557,0,0.00524620172872635,0.00568814923538725,0.0115527780693148,0.851670572666877,0.637210509345448,0,0.000519107435071546,0.00363343027894548,0.00754762677663831,0.000628259302009356,0.00508844918124989,3.66368001644969e-05,0.00733682444382405,0.00179458714108722,0.000773048885811207,7.26312101127683e-05,0,0.00176309646058922,3.29043289023936e-05,0.000302022623608124,0.000171200795141923,0.000234071468540668,0,0,2.26102560488641e-05,0,3.14363329121947e-05,0.00014129282586481,0,0,0.000312776231712502,0.000145086469483584,0.000256961275353259,0.000319159592698556,0,3.70881721744895e-05,7.35234073152068e-05,8.89586758139852e-05,4.50042748352051e-05,0.00033588773560431,2.96120512867749e-05,0,0,5.47085937724829e-05,0,0.000116256475820911,0.000174341601551932,0.00104363147687015,0,0.000134005871327591,0.00103010801208076,0.0011128253391856,8.67591112433912e-05,9.03504849516037e-05,0,0,0,0.000207232892086101,6.35789868270636e-05
4.85754838920593e-05,0,0.110050787152764,4.79957939662814e-05,0,0.00026403143646006,0.00157428503688619,0.000938415473627023,0.16348871188613,0.000982009543001943,0.0230014898688828,0.000118058325341248,0.1225092765465,0.00211103124505901,0.0031659700532341,0.134819218527584,0.142598991370443,0.00790298234227168,0.00881913866680818,0.000136173997132802,0.0134257349099202,0.347661232202935,0.0361848902036548,0.293678185505324,0.167078515051586,0.116515239271744,2.01899014265639,0.0225111540787389,0.0025711836140991,0.0022477290790077,0.0253696376762607,0.00035310887754786,0.000353320734733557,0.0259051543968685,0.0134344562703515,0.150269267768776,0.0205213988897664,0.0591477240488075,0.045672919612888,0.00103555392661489,0.00125958927826838,0.0163648496732211,0.0412110183744771,0.0217849682114253,0.0115794411574821,0.0159132207849648,0.000791474557030782,0.000119986178467011,0.0162923624494757,0.000430260157853329,0.0608304516959587,0.0233018126070846,0.000807300646542619,0.000314120689163768,0.000203188247655523,0.000927019554758979,0.000192391146406889,0.00532497124165713,0.000242904608532536,0.011928158781878,0,0.0324805798998701,0.000662726914963978,0.000431434132528317,0.00344876811016833,0.0512130281942132,0.0034583327739212,0.0227417102728224,0,0.00131978802535095,0.0129608575706935,0.0131391578999411,0.00896610214385598,0.00756505846989354,0.0735862310993735,0.339902331827774,0.00199604931251424,0.000877220173502346,0.000860560475918037,0.0131486061575499,4.45673183710814e-05,2.95362576224864e-05,0.00412009850037963,0.0122521158808727
0.0228133458670257,0.110050787152764,0,3.28676014488995e-05,0,0.00050750768983773,0.105498671765914,0.0462295898574824,0.00202688066717804,0.0011403607532672,0.00371775094030269,0.000194418052423507,0.00341223810646307,0.121072359067496,0.00182990701512986,0.0221837028009594,0.561336778026709,0.00325460292671033,0.0240064860876615,0,0.263220553063467,0.0184079624935914,4.26408815267602,0.0215851022540793,0.000640794902606714,2.38042880755309,2.3044110838286,0.0940050669902813,0.0839900727078239,0.142332796760721,0.000845528502483664,0.000440436920025998,0.00662110985708617,0.0376533963648299,0.0260651516135207,0.159385968283017,0.00905977867375961,0.0875065966501542,0.094560140800772,0.00113631182247307,0.00161116600086815,0.000722513751472879,0.134624280804511,0.0147776214380116,0.0566543482987163,0.0643182734878646,0.000689926967954119,0.000420014526612246,0.000111632530578357,0.000254140713676554,0.0374364107936838,0.162051438626727,0,9.94078278340818e-05,0,0.00361264551464558,3.24388163746118e-05,0.00146810939344373,6.38343249335468e-05,0.000173472804145968,0,0.000145572603005612,0.00116051551787517,9.38838582936648e-05,0.0225928441555935,0.161706621513713,0.00265843813444117,0.0158391867605167,0,0.00622854922012095,0.0305441037351958,0.135735213316925,0.00692514528693801,0.000213494446191502,0.0680608928674568,0.749333428911511,0.00627874804197439,0.00116321648308208,0.0051868027001451,0,0.000140491163831735,0,0.0152142203961903,0.024024235073682
0.000466783648486215,4.79957939662814e-05,3.28676014488995e-05,0,0.00722878306693145,0.0128428545891509,0.0398438750283285,0.0202134584034393,0.439831439623182,0.915271174985651,0.00242056269141215,0.56915185248582,0.0111058921543795,0.0145583379889241,0.077499614265694,4.10294712389231e-05,0.000328910747899192,0.00109893499508679,0.00115567965432957,2.76615442539731,0.000181736711390823,0.000874494920260119,0.000455129207297695,0.34152915767081,0,0.000553997169271946,0.000402214807078707,0.409558234989508,0.0248152800979696,0.000828808812107564,0.0001782197154616,0.00257560467010861,0.00276067043749967,0.00705353633370834,0.00306081230093826,0.0581566559222409,0.000543275619255441,0.00837450843846964,0.00168998522868954,0.0455266149116183,0.00457258588165653,0.00045048087623207,0.00588771535508352,0,0.00202781944191372,0.000586259698759175,0.0134044593549562,0.00239121713011118,0.000537369737574506,0,0,0,0.15773631300285,0.000245246531711698,0.0191057031050416,0.0160748083341714,0.0108724376125293,0.161389081667312,0.194008747317154,0.000194929991728395,0.0983965842037524,0,0.00497951961237858,0.00128189351974051,0.00012805739085297,2.65367667515874e-05,0,0,0.0617820507180038,0,0,0,0.0723854729431859,0,0,0,0.128259424133447,0.00150079202119242,7.00928252086401e-05,0,0.000134207680820775,0,0.00331627541685133,0.000776341684961559
0,0,0,0.00722878306693145,0,0.0974514535477611,0.00640666041357677,0.0165221151031861,0.0193608696836419,0.0206867619857442,0.000867424107234905,0.063917452115645,0.00965836430189441,0.00119781077193299,0.190285998694933,0.00527971943951291,0.000435343459069168,0.000228700614262604,0.000332468256483185,0.00384705580351978,0.0092151518759029,0.000460314346318353,0.0159047078734082,0.0206692494301592,0,0.000863888232155944,0.00330589735857123,0.0128449757992402,0.00283600498009808,0.00892379515700041,5.94375895552755e-05,0.0681098202884845,0.000155242537321186,0.045636999059184,0.0645639896432645,0.029838820649787,0.00229435176370854,0.00146145088214323,0.00552907052899443,0.765465653390058,0.26965553859453,0.000586515931216228,0.00198396688892599,0.000323002494865036,0.000829468655402003,0.00180540076846758,0.00097069493465774,0.000246642268657744,0.000730656839900921,3.37491479342937e-05,0,4.55325976646662e-05,0.000964685685200968,0,0.000872858478738676,0.000701367196901676,0.000272092083693266,0.00130474699025066,0.00194496909493155,0,0.00237787983692207,0,0.000222040827646709,6.5566820521152e-05,0.00111030260643507,0.000269233531471145,0,0.000135687297256654,0.000873584143382961,0.000365089993015015,0.000450148640274489,0.000920091646324003,0.00249181044916643,0,0.000576484389981401,0.00116987408984579,0.00166438541333932,0.00015093963948648,0.000280863851678449,0,0,0,0.000440721508896697,0.0518049929410004
0.000494436925342083,0.00026403143646006,0.00050750768983773,0.0128428545891509,0.0974514535477611,0,0.117474794860211,1.9273261043032,0.0839009090607125,1.54428211382025,0.0197367460538477,1.34664636723019,0.0686118178355641,0.0358155559691641,0.225209548687664,0.000508651920735204,0.00496506886495275,0.00776454176131841,0.00849966009246828,0.0333654900662812,0.00107055196483585,0,0.00239015874871949,0.0175263729265764,0.000236623309448254,0.00997492267290295,0.00258224837878668,0.0111022877891597,0.0536457959085825,0.0037034633639807,0.00283888880434486,0.0631084530118049,0.000438111034039753,0.0230607175162627,0.200680515647468,0.148922884216415,0.00292537514885049,0.025397643940452,0.00771669536464227,0.576035099830073,0.0940610927057508,0.00955180656295938,0.00662011173943986,0.000157344371172953,0.00360933407266592,0.00186602018220297,0.0143271520844374,0.00190704264939346,0.00658471421376547,0,6.13312088154673e-05,0,0.0158806080632422,0,0.013898316262376,0.00389594786917858,0.00501005607174904,0.0160475375480337,0.0381069761087456,0.000125372674712455,0.0379462751339451,0.000384887958602018,0.00350630659416254,0.00065404548860988,8.46803471544026e-05,3.02401950484693e-05,4.60928115279079e-05,0.000182501853769398,0.0119485673525842,0,0,0.000281182515509605,0.0146787300884644,8.70100916827439e-05,0.000215014719926548,0.000387918372815305,0.0167996793472413,0.00114162074042757,0,0.000174764446019697,0,0,0.00239726431918225,0.0182148096273775
0.374571516582054,0.00157428503688619,0.105498671765914,0.0398438750283285,0.00640666041357677,0.117474794860211,0,1.61001165036749,0.106060019040244,1.41421871945958,0.0349810431622841,0.0136385793313197,0.131698000336563,2.53262619089165,0.0456622299294584,0.00476107554899045,0.049140193376516,0.0169422202118244,0.0268067666457469,0.00368856024222032,0.514493835118186,0.00360992636702673,0.297698175047767,0.480407483595794,0.000558401697112477,0.0659695908849518,0.031753622205977,4.06559802326428,0.857523251068288,1.79523758389337,0.00535442438783117,0.0241311891056702,0.127281215600741,0.196778348892244,0.100243398337839,0.852845761833268,0.0161429842055152,0.269533155896755,0.0708228494941437,0.107040403203965,0.0569584430368456,0.0107238978476943,0.261712474051067,0.00174012234850259,0.0549025994579898,0.0114584277165413,0.0886090559895133,0.038373215413587,0.0142051173684861,0.00138488089303814,0.000575035597062904,0.000674822389143938,0.0483268270936486,0.000340079436530507,0.0219618539266144,0.0892991569422681,0.103081810200711,0.0511396612799126,0.118602524942803,0.0103134815199255,0.0216836745914265,0.00044150803419916,0.093259738844695,0.00291300853569156,0.00780703969100214,0.0015510382802965,0,6.70213971783042e-05,0.0176402190583436,0.00206919003557306,0.00259451121264628,0.00335645879170571,0.24668710908511,0,0.000560180886356288,0.0054288807861434,0.288620864419775,0.0549928428144112,0.00745734271809837,0,0.00409689593978373,0.0023773268593532,0.0520073207480291,0.0350967770440086
0.0334834206716381,0.000938415473627023,0.0462295898574824,0.0202134584034393,0.0165221151031861,1.9273261043032,1.61001165036749,0,0.0716920360037237,1.79989970141787,0.0492435755190076,0.366058768867905,0.0728380187791347,2.68213874080651,0.0374884469579406,0.000985787581323746,0.0590288640308746,0.0155978004862619,0.0170712674980027,0.0464649047116736,0.0705648175059547,0.000744914588918353,0.121444130010028,0.0674575335759232,0.000919929279931943,0.0331032830968359,0.015067988404196,0.111934958293879,0.46971800636996,0.3136680828522,0.00571764706649388,0.185076065805285,0.00530969830899174,0.0688329770067143,0.0176990678290781,0.170235709441622,0.00754769459448829,0.0475216666219093,0.010504711982644,0.233470504013357,0.0388230880580904,0.012646061355523,0.061689783059165,0.000619843691312957,0.0153663024024951,0.00392935578264397,0.0285186851295131,0.0118587387018366,0.00490644221504443,0.000535843606759983,8.83457136022925e-05,0.00015235935888108,0.0196364082582882,6.22434626952768e-05,0.0102271252270311,0.0393377031600604,0.027064949950311,0.0277414171886866,0.0610866791841718,0.00189586713191678,0.0145228536134566,0.00078789417018505,0.0173654604307355,0.000893306889808772,0.000544082070851594,0.000144676805991197,4.06279098700404e-05,0.000162863634677339,0.0100533634009693,0.000150006892958862,0.000308036990624428,0.000390452222811985,0.108134299764084,0.000313150426768827,0.000849897857288662,0.00226004562890714,0.115228925543488,0.00814428591456429,0.000918286137911582,0.000285484382498324,0,0.000705922201772242,0.0149582180378144,0.00227973131377128
0.00104961062806878,0.16348871188613,0.00202688066717804,0.439831439623182,0.0193608696836419,0.0839009090607125,0.106060019040244,0.0716920360037237,0,0.408608629040952,0.0131167083295572,0.377275587581248,0.0530465562392272,0.0251416399869133,0.112764005422912,0.0281876813201393,0.00958685410827193,0.0052039174612274,0.00476849902339197,0.133751306909729,0.00966324348745569,0.810049463216917,0.0141307057019631,2.06206467625324,0.0405295066627388,0.0163432466148196,0.253242362050578,0.488232752807989,0.0472505756159793,0.00545374834024991,0.00737038547662628,0.00814626102362583,0.00643666897793924,0.0147645773329045,0.0111252975835931,0.0970245590419595,0.00917463374094433,0.0207912584483017,0.00823308997570353,0.0862749480510484,0.00748663702027699,0.00634113421368438,0.169915257703851,0.0145297262066144,0.029519506244801,0.0141320522292553,0.0270523295717987,0.010442653377526,0.00707684112937188,0.00458300040458552,0.0015431134297056,0.00101880947148814,0.110751024222616,0.000499116615720535,0.0252556279292701,0.0490959894007969,0.0310094651442153,0.310329161531587,0.0854432829215765,0.00716396256464475,0.0814250559281591,0.00713621588010406,0.0383329570823761,0.00195980133278818,0.0808811000626006,0.00477313421015262,0.00547248566310323,0.00163434202227298,0.0311756750435017,0.0283018248693092,0.0740876901414725,0.0164326815027723,0.301711051194689,0.00236736087870085,0.0158917173376593,0.0126252635141472,0.184757250205485,0.0481240240686567,0.0425609328921566,0.00327600190205312,0.00141946445783118,0.00403010208657789,0.028430645043411,0.0307879783677656
0.00644070018062707,0.000982009543001943,0.0011403607532672,0.915271174985651,0.0206867619857442,1.54428211382025,1.41421871945958,1.79989970141787,0.408608629040952,0,0.106037474579061,0.634664468588564,0.222358791128028,0.404258069720115,0.104481287536791,0.00124642898907691,0.0298030210513952,0.048522356065976,0.0658760660625742,0.681045507231775,0.00299451578813939,0.000847113919165958,0.0084657843501275,0.0793051672734084,0.00194741204101752,0.0566386863011431,0.0190400728834178,0.46556216158691,0.478697273335878,0.0112978906279175,0.0133326690605138,0.0815014474871949,0.0111715834200136,0.150334519119867,0.0437735653999481,0.654037715077702,0.0132924574718529,0.198308860480329,0.0354494508536185,0.226916358406689,0.0992670458270369,0.0329648357277821,0.0530875838341634,0.00078286963533949,0.016654552141006,0.00451741795228322,0.0659668567574702,0.0135569142280334,0.0102744617481316,8.30496262170195e-05,0.000209282427820569,0,0.507746225863574,0.00113066650850662,0.0864804142503516,0.0801903266335949,0.0700029128434199,0.251259251167196,0.917201912502017,0.00129153802923805,0.345317321412139,0.000984761724549044,0.0292874822299303,0.00536585705452516,6.09730265051186e-05,0,0,0,0.229566826689834,0.00014361240657767,0.000429979111751747,3.15780396023512e-05,0.214029111003465,0.000347814083813184,8.76999028516534e-05,0.000134706814003372,0.391593299334997,0.00725849883028846,0.000206869107351905,0,0.000431730209423769,0.000138797445166129,0.0175058534686229,0.0113618577384453
0.000637156334080017,0.0230014898688828,0.00371775094030269,0.00242056269141215,0.000867424107234905,0.0197367460538477,0.0349810431622841,0.0492435755190076,0.0131167083295572,0.106037474579061,0,0.0443669577197096,0.698224235033451,0.0249572063481352,0.00238614176396475,0.00206123692635628,0.128479862219679,1.59268528951151,0.755077949706105,0.00603464637678062,0.0092127012881108,0.0149269146168056,0.0275262233908471,0.0224346801029551,0.0618852867329835,0.517016822583418,0.0938614753350814,0.0123531894071042,0.208614219070367,0.00926589437733886,0.139934083133197,0.0653506863982333,0.00263862801872477,0.749814274259833,0.00714958744382912,0.0806113523060354,0.168495784117125,0.371949358271516,0.0591508060073574,0.0182138957355528,0.00905144245042777,0.0802173177874794,0.00828083320017934,0.0572324097323029,0.00468563739822128,0.00293562478124083,0.000525608037472129,9.27502414428233e-05,0.0283355060506747,0.00015089189664908,0.0344435953187722,0.00186487544810597,0.000535823965680599,0,8.82661347367285e-05,0.00113671895774437,9.39980173564552e-05,0.00586320076794006,6.90031680311681e-05,0.11870753573028,0.000389327133868861,0.382110999667239,0.000113896172617042,3.70692950619936e-05,0.000313218159054512,0.0036252012167397,0.0263563344372614,0.00456401152271526,0,0.0002224654872998,0.00724664886247049,0.00168781867971198,0.00794103026873122,0.0728601307311599,0.339497072649316,0.290600437843101,0.00443282763302416,0.000571150043134367,0.000321690005862862,0.227626244773564,0,7.0595177238393e-05,0.00321642318031078,0.00338911640412261
0.000213663975537104,0.000118058325341248,0.000194418052423507,0.56915185248582,0.063917452115645,1.34664636723019,0.0136385793313197,0.366058768867905,0.377275587581248,0.634664468588564,0.0443669577197096,0,0.0723020003197074,0.050813147996604,0.332298876858795,0.000138361167104602,0.00596359623179475,0.0167910668816317,0.0189605257194239,1.29107129498053,0.000586652563129002,0,0.00180768090607931,0.0183321383663778,0.000920589284168741,0.0174451856662434,0.00465700200424161,0.143022931395247,0.0964312755233061,0.0012065250855337,0.00464612462331512,0.0467562735318117,0.000201911980870074,0.0457374631109673,0.214592131687166,0.0854796445734635,0.00510571901742427,0.0432867742939307,0.00920906712818233,0.361035648881897,0.0286796260184381,0.0121113294794905,0.00692946705577351,0.000413719700220931,0.00291918335205234,0.00112383019053393,0.0278338497788091,0.00293914344567373,0.0055057630991731,0,0.000104515828608728,5.70067365558386e-05,0.0862677969929781,0.000638844187517166,0.0343254880751032,0.00566071929355561,0.0102048092265807,0.0602803163039285,0.119547131151824,0.000494528332452321,0.174782411075926,0.00117060773030439,0.00675909589811346,0.00304665041041147,0,4.47778961668968e-05,0.000284982816845154,0.000112937644753504,0.059822594523046,0,9.59238780565737e-05,0,0.0163976093780984,0.000150805635619801,0.000323647401078879,0.0002384430052351,0.0354578110166168,0.000919642769939178,5.26853242382526e-05,0,0.000273869598321658,0,0.00473545020288545,0.0395484087013258
0.000427873812546176,0.1225092765465,0.00341223810646307,0.0111058921543795,0.00965836430189441,0.0686118178355641,0.131698000336563,0.0728380187791347,0.0530465562392272,0.222358791128028,0.698224235033451,0.0723020003197074,0,0.0284174490066809,0.022147489969822,0.0151699562341412,0.00826817948011483,0.0146202425844292,0.00646397462337679,0.0160146334554517,0.0199989270769403,0.0786098550376674,0.0351084806072494,0.113859705633475,0.635991624206685,0.0348854432937897,0.178430687181153,0.101465993880427,0.123193349346201,0.0367889782370912,0.296922901936534,0.0538140394816136,0.0044647331862501,0.252759408733242,0.0577034160193184,0.24036364521775,0.190973406279367,0.300388612100337,0.207091969164854,0.454609987111297,0.159945287105062,0.253131365338063,0.0695023971374475,0.12285097859777,0.0701533850248092,0.0196197440869138,0.15028538241775,0.0259015333690216,0.108332064392815,0.000405426527951145,0.0418156099313593,0.0010509678671954,0.00859847538758386,0.000362722213121867,0.0177226347753955,0.0279330509994379,0.0359343825212729,0.0122524669104157,0.0468306706707403,0.232978787997851,0.0152087354195199,0.556203622862004,0.0338414842238434,0.00250597871423294,0.0027294362013322,0.00122892774835072,0.0135693001664988,0.00210589157531029,0.00666355183790952,0.000357713259126341,0.0121584872282646,0.00252335722520648,0.0530138896527459,0.165151624648374,0.324018697799662,0.330624565602605,0.0600492614411543,0.0146449312439747,0.00139622246839487,0.321624552791917,0.00657068167811218,0.000345505597936785,0.0341367586219914,0.021158847684632
0.841090441591895,0.00211103124505901,0.121072359067496,0.0145583379889241,0.00119781077193299,0.0358155559691641,2.53262619089165,2.68213874080651,0.0251416399869133,0.404258069720115,0.0249572063481352,0.050813147996604,0.0284174490066809,0,0.00555949061277951,0.0026250739341425,0.176870352381332,0.00967075367108038,0.0193778146872071,0.0111018775837601,0.161956224231477,0.00123894890778485,0.382557396345928,0.0673359566452291,0.000466226256207347,0.053241663840015,0.0328934927186362,0.122201353333974,1.79736668946841,1.72621574086479,0.00302959200563858,0.0535597643831055,0.0133210464431299,0.0688262060863439,0.00917638747481143,0.0826874501016903,0.0036910957525717,0.0516229475319812,0.0123890291066272,0.0191590014057523,0.00901826125788782,0.00342742212356891,0.0330397594212115,0.000302162621049696,0.00622080037527763,0.00215395200291255,0.0127002619683577,0.00414256239055894,0.00153071801193911,0.000316639288344115,5.99968010939598e-05,0.000478697813969779,0.00741939514429199,4.12229035805225e-05,0.0038375628711646,0.0173508003543451,0.0110748704089809,0.00810918555978586,0.0181887897096914,0.000564851354126465,0.0037223800988553,0.000115170106756926,0.00640798365719549,0.000257130647830993,0.00158081702712103,0.000237376002222419,0,0,0.00272398495532781,0.000777496607320973,0.00101681911364746,0.000829477517417906,0.0485058917320415,0.000239707476371795,0.0013441240948237,0.0051005266176623,0.0542951398695844,0.0053369632910184,0.000911189315379006,0.000152433730548334,0,0.000505756653283059,0.00573860116456386,0.00243551255979711
0.000729652744977681,0.0031659700532341,0.00182990701512986,0.077499614265694,0.190285998694933,0.225209548687664,0.0456622299294584,0.0374884469579406,0.112764005422912,0.104481287536791,0.00238614176396475,0.332298876858795,0.022147489969822,0.00555949061277951,0,0.0115981615202705,0.00334681748475738,0.000976348224438497,0.00118099938923235,0.0374581364188583,0.0326190060306444,0.00939374586994784,0.032871825444234,0.221989719857052,5.00379976558685e-05,0.00107718656091689,0.00737091077210966,0.107898390511058,0.0130888885873722,0.0452050229563217,0.000149127734124648,0.0646991739834297,0.00128775186027131,0.00722590072172457,0.0715259982781269,0.0156441304657078,0.00330837740492653,0.00813896223269495,0.00593309134564783,0.582938566016401,0.00881561628644032,0.00131819172774292,0.0106739222223324,0.00276266107036843,0.00347552413949132,0.00782287725631522,0.00589371583623766,0.00204561024035125,0.00327811330280757,0.000236229644441128,0.000182614293397379,0,0.00298038599848262,0.000254857117004907,0.00418163785859483,0.00241809733970529,0.00177463625988788,0.00573427827320638,0.00837192907845617,0.000285949750381708,0.0107502716185451,0,0.00173489370207696,0.000212654624521673,0.0034294463913532,0.000332345895471883,0.00043366612596538,0.000174175372543287,0.00329008095819678,0.00187414716213452,0.00128253908398451,0.0018373658520307,0.0104613317608432,0,0.00122385426461871,0.00157555523879317,0.0119441592167827,0.00192305323385292,0.00204075313445166,0,7.36722565864562e-05,0.000367434731666815,0.00195958104955702,0.173605148509511
0.000467132052020394,0.134819218527584,0.0221837028009594,4.10294712389231e-05,0.00527971943951291,0.000508651920735204,0.00476107554899045,0.000985787581323746,0.0281876813201393,0.00124642898907691,0.00206123692635628,0.000138361167104602,0.0151699562341412,0.0026250739341425,0.0115981615202705,0,0.0360115407709937,0.00114505689032482,0.00333277818137608,0,0.89415263302262,0.940286365503841,1.31934882792136,0.339362699371033,0.0106644709108933,0.0250585852248015,0.600105665614571,0.289325789787366,0.0043081359522841,0.0577056967334705,0.00143182964288134,0,0.000729989894770286,0.0216596340976869,0.140236026255355,0.856345580598562,0.100190620854747,0.178568678796083,0.194668059701465,0.00365654017341371,0.0013211197887284,0.00143315963996735,0.212097003380735,0.035321822290622,0.0535621939078211,0.0498318674491419,0.00451859518655026,0.00251843738234604,0.000888807424312359,0.00158520125177754,0.00840313614184936,0.00978703914300984,0,0.000338364186222124,0.000126606306033808,0.00537533175353728,0.00161283544168468,0.00244189720221029,0.00033447061777162,0.00120321387172548,0.000116019401616168,0.00137093496678303,0.00432015820380301,0.00126646707862448,0.603629450944015,0.0126284941141694,0.000813118535535999,0.00243520017882965,0,0.0970842295191806,0.160614016128939,0.165334999355705,0.0849732888316073,0.000633680688113272,0.00717454017107602,0.101434836595078,0.0758141012258271,0.0105308769012455,0.0425014378258072,0.000901258685002506,0,0.00195452756138503,0.0229855540737259,0.0741566365355594
0.0402551562908868,0.142598991370443,0.561336778026709,0.000328910747899192,0.000435343459069168,0.00496506886495275,0.049140193376516,0.0590288640308746,0.00958685410827193,0.0298030210513952,0.128479862219679,0.00596359623179475,0.00826817948011483,0.176870352381332,0.00334681748475738,0.0360115407709937,0,0.0549255208706219,0.696457686416331,0.00218976752237429,0.273095379054873,0.0189275792664059,1.04181228810267,0.0247274067909322,0.00354665926815383,0.888044395176208,1.33527296291045,0.0405661928172015,0.375788728407198,0.304815664518539,0.0127099381468293,0.00348568556935786,0.0795305992013529,0.789930353937789,0.0382989194503586,0.294040049577868,0.0439319024859936,0.543639472249569,0.159114416217976,0.00462942440696431,0.00322781108669411,0.001319158856855,0.153928090925833,0.026408135892555,0.0529741090575329,0.0622109360186355,0.00138792580632434,0.000537324274414301,0.000128402221059358,0.000277345250400138,0.0403784217208247,0.133041996891698,0,0,0,0.00126921055502354,0.000152826154873234,0.00215050372529561,0,0.000290695166359484,0.00034278521574744,0.000688411043737222,0.000556036634904206,0.000177694615553784,0.012351844201984,0.235779240980207,0.0035942015673008,0.0645332539617021,0,0.00537414310051181,0.0148537805575753,0.0528615882514489,0.00481810857211898,0.00248797113458846,0.267167295163808,0.80942447787158,0.00388016719800755,0.00114907145890694,0.00330604262229121,0.000558739724957692,9.13621849105597e-05,5.29569215973615e-05,0.0171368999371679,0.0240173405312462
0.00057831006711967,0.00790298234227168,0.00325460292671033,0.00109893499508679,0.000228700614262604,0.00776454176131841,0.0169422202118244,0.0155978004862619,0.0052039174612274,0.048522356065976,1.59268528951151,0.0167910668816317,0.0146202425844292,0.00967075367108038,0.000976348224438497,0.00114505689032482,0.0549255208706219,0,0.357378146672484,0.00174315114921781,0.00379814284387592,0.00465656766360011,0.00917004972570448,0.0105600103160719,0.0313830744640714,0.293411826536784,0.035877324435956,0.00518118956038949,0.0526957415440584,0.0034068134791023,0.056732490562236,0.0116519734023055,0.000629987655877805,0.152928256209958,0.00938279344913776,0.088956957006647,0.125487868339206,0.256938375521164,0.0714763970596945,0.00626368512075069,0.00255062986116273,0.00466267188942043,0.00582905850098031,0.00629397070969303,0.00334219895858662,0.00242277709731283,0,8.86922856531858e-05,0.00100875737445091,0,0.00148743381568303,0.000337181942369539,0,0,0,0,0,0.00152326095151595,0,0.00900522000084929,0.000111098077678585,0.0195115595202167,4.38468140684724e-05,0,0.000110647463523745,0.00180924283332635,0.0197404586008533,0.00501512163263512,0,0.000188568865234655,0.00044283937586689,0.000495354412904387,0.000112990262718273,0.00826100671112462,0.181186966893147,0.122550240738297,0,0.000180123525021457,0.000337514909698087,0.0449489902592928,0.000146738848372936,8.74801167082785e-05,0.00156868503124933,0.00755142987103681
0.00133878212868024,0.00881913866680818,0.0240064860876615,0.00115567965432957,0.000332468256483185,0.00849966009246828,0.0268067666457469,0.0170712674980027,0.00476849902339197,0.0658760660625742,0.755077949706105,0.0189605257194239,0.00646397462337679,0.0193778146872071,0.00118099938923235,0.00333277818137608,0.696457686416331,0.357378146672484,0,0.00375271838928945,0.0264502240568841,0.00205517443961225,0.0620499437972474,0.0117355921675563,0.00786747940342741,0.985424074773329,0.265709754286608,0.013048375559787,0.0860874559798259,0.0124984938679182,0.0351661448401934,0.0108853526153813,0.00837349562006318,0.532386760722669,0.0267786036379597,0.284004118012761,0.111624312144459,0.684646952068964,0.200163521063669,0.0051958939488967,0.00250673883887699,0.00212847487860734,0.0171147994578883,0.00803981444696614,0.00592901470220949,0.00801912403767011,7.83685586609245e-05,7.39360553715707e-05,7.66710649802685e-05,0,0.00501858797450378,0.00532238755860965,0,4.80131431450009e-05,0,9.04043945297242e-05,0,0.00136574965867104,0,0.00132726063810271,0.000164704652270722,0.00366981569733335,0.000110273144195473,0.000359061340836525,0.000961461194876648,0.0163221426651539,0.00759166028587905,0.0123146112122461,0,0.000587509467098451,0.00118166293420102,0.00451416007355002,0.000305303490614301,0.00328132127107465,0.123591980148287,0.192392349903281,0.000375232429646087,0.000573114183668697,0.000594159393448377,0.00819639459455805,0.000200248319717717,4.48555844690681e-05,0.00219521052364803,0.0212142796776323
8.48654104933977e-05,0.000136173997132802,0,2.76615442539731,0.00384705580351978,0.0333654900662812,0.00368856024222032,0.0464649047116736,0.133751306909729,0.681045507231775,0.00603464637678062,1.29107129498053,0.0160146334554517,0.0111018775837601,0.0374581364188583,0,0.00218976752237429,0.00174315114921781,0.00375271838928945,0,0,0.000201153492133784,0.000205650246057057,0.0408576075160977,9.75554627858523e-05,0.00284374497718622,0.0012372675592711,0.162901589014799,0.0184889839344019,0.000225251808999199,0.00120831104250551,0.00480873352494775,0.000245627791933805,0.00597766768901442,0.000928105742508154,0.021952951982746,0.000816518569153259,0.00596155905195142,0.00169299504635552,0.0346133720633366,0.00443036002608704,0.00169749717860568,0.00590657198104334,0,0.00225222154249293,0.000553707159292209,0.0129161816610503,0.00177332355697498,0.00171267731679697,0,0.000106728822698593,2.68343125007093e-05,0.113150326982696,0.000260934131343287,0.0170751216865067,0.00898095634932583,0.00843657965820896,0.0424027611285458,0.147208623383686,0.000154070192442226,0.0892326258081071,7.56974370565298e-05,0.00513057092752615,0.00132328001002287,0,0,0,0,0.0478137612482801,0,3.21617897574842e-05,0,0.0246312703120955,0,0,0,0.0708572626657996,0.00117445497587729,0,0,0.000152317841864508,0,0.00329333510265983,0.000323960645838242
0.0218244529375419,0.0134257349099202,0.263220553063467,0.000181736711390823,0.0092151518759029,0.00107055196483585,0.514493835118186,0.0705648175059547,0.00966324348745569,0.00299451578813939,0.0092127012881108,0.000586652563129002,0.0199989270769403,0.161956224231477,0.0326190060306444,0.89415263302262,0.273095379054873,0.00379814284387592,0.0264502240568841,0,0,0.0693098179227653,4.48699014034152,0.136687044694915,0.00181964037378072,0.0811932127208228,0.195102129456603,1.58427939218553,0.125828745817585,3.07934678957229,0.000849903211168619,0.000969599846185007,0.0367091648235065,0.866291972628549,0.218929987018916,0.843634324749417,0.0465418345393693,0.848904796754792,0.361419811801289,0.0185486177799204,0.00613110555930538,0.00135457326110451,0.187176418681773,0.0288176835525053,0.0507111946596198,0.0363889035416613,0.0039976677765893,0.00334888769241722,0.000711614926505148,0.00163047557974012,0.00218134704673675,0.00346645799774753,0,0.000115141674965215,2.6340906013906e-05,0.00604969923401385,0.00223363719025757,0.00163474061741309,3.26342228066504e-05,0.000538295826385349,5.32434234411478e-05,0.000293689117961133,0.00678304710755214,0.00134420343940609,0.254603817107076,0.00865043375556446,0.000435967569085694,0.00142403299204602,0,0.0788464360009405,0.0624393926463209,0.0669488095794959,0.0785215408382087,0.000133252441070724,0.00534631206995214,0.0428424147910104,0.0822456645865685,0.0177793445142211,0.0458229139299333,0,0,0.00267941232382168,0.0253289670494367,0.0858062060253937
0.000114240725758106,0.347661232202935,0.0184079624935914,0.000874494920260119,0.000460314346318353,0,0.00360992636702673,0.000744914588918353,0.810049463216917,0.000847113919165958,0.0149269146168056,0,0.0786098550376674,0.00123894890778485,0.00939374586994784,0.940286365503841,0.0189275792664059,0.00465656766360011,0.00205517443961225,0.000201153492133784,0.0693098179227653,0,0.133564758313167,1.65404718221362,0.0798666475126111,0.0330915036645527,1.20740881763872,0.107415195079373,0.00241574946777062,0.00879082838657744,0.0182809862177474,0.000542905201251412,0.000961089609531214,0.0101521816684253,0.0115958795287658,0.0904749197357443,0.020676572340034,0.0361463234784863,0.0194534348108146,0.0036744777859147,0.000501349428130102,0.00943426129129605,0.105036280541995,0.0224710087290631,0.0318620373012106,0.0308740783365268,0.00254799698883387,0.000936540232354294,0.00869594029686514,0.00141925868793365,0.0173880387753781,0.0143178970371105,0.00308585599117602,0.000114284059997248,0.000170662447029644,0.00541801718514232,0.00189840271357174,0.0110839621833417,0.00034780222704708,0.00767341376179912,0.000261693210880637,0.0174796270191096,0.00362464733259678,0.000220103994344831,0.119609791261687,0.0192185899103453,0.00233989994426049,0.00305108278331714,0,0.0221657942558706,0.0894961713616267,0.086880994378126,0.0835577818404172,0.00659996354902162,0.0405179654597783,0.175015255896822,0.0310396199318402,0.00768870421069732,0.017314210465822,0.0118608937383425,0.000129195471307683,0.000772860982552633,0.00809469690330447,0.0255200346344147
0.0868834116223283,0.0361848902036548,4.26408815267602,0.000455129207297695,0.0159047078734082,0.00239015874871949,0.297698175047767,0.121444130010028,0.0141307057019631,0.0084657843501275,0.0275262233908471,0.00180768090607931,0.0351084806072494,0.382557396345928,0.032871825444234,1.31934882792136,1.04181228810267,0.00917004972570448,0.0620499437972474,0.000205650246057057,4.48699014034152,0.133564758313167,0,0.115652381765378,0.00103729904700998,0.332718630622118,3.02256176683368,0.421457289533983,0.470857940375398,1.44285699726145,0.00096020680199114,0.00180360154291885,0.0867080932208623,0.778944991119923,0.444993783155361,2.12439336397351,0.130803239098268,1.5977763666594,1.02360475648225,0.019433030426647,0.00827283563012695,0.00370402933713566,0.398781288756064,0.0459985524905685,0.159309713192914,0.177802069144739,0.00552840145494274,0.00256196895719225,0.000510837483320672,0.0006104858099684,0.0217769942489684,0.0902932886025405,0,0.000666209027146465,9.73425767914117e-05,0.0128665542884665,0.00069612738229877,0.00172578903399231,0,0.000165011436926079,0.00030914116521002,8.77813967275501e-05,0.0018620871237947,0.00221023497964822,0.855184397343066,0.068956753282975,0.00424346612769607,0.0102620525871101,0,0.0631152497725907,0.198475969790703,0.551605355878921,0.0662804917001885,0.000101583310131115,0.0330990225757351,0.826301400380912,0.0637073077987164,0.00257892195083254,0.0253058594264967,0,0,0.000634360657351416,0.0282331819371314,0.206676307081876
0.00727591754425557,0.293678185505324,0.0215851022540793,0.34152915767081,0.0206692494301592,0.0175263729265764,0.480407483595794,0.0674575335759232,2.06206467625324,0.0793051672734084,0.0224346801029551,0.0183321383663778,0.113859705633475,0.0673359566452291,0.221989719857052,0.339362699371033,0.0247274067909322,0.0105600103160719,0.0117355921675563,0.0408576075160977,0.136687044694915,1.65404718221362,0.115652381765378,0,0.0554140543956475,0.0406596862476704,0.42497429474897,1.14079318966928,0.229698097195035,0.136753335849759,0.00940334080716194,0.0139200393267335,0.0907425070428434,0.11061364972384,0.123537455460698,0.756349826287578,0.0821420520275885,0.181085783418838,0.0744011364903065,0.127973514492345,0.0259129881174145,0.0129176501357931,0.583298750810273,0.0290235334974697,0.117297815087455,0.0385242964358417,0.103737043808589,0.053043427927241,0.0216407906343673,0.0106145682229782,0.00372933017047901,0.00313650781890997,0.134255677101643,0.00120221027185278,0.0255455893838674,0.171111850730899,0.119012529213317,0.269699620720586,0.199827646955197,0.01555750203151,0.0324832885495653,0.00782709265040118,0.145251771891051,0.00526772564830715,0.122059337823954,0.0126395477758715,0.00149603299438057,0.00178720501257369,0.0331830477224765,0.0442421806335832,0.0801565067504755,0.0353318115264264,0.826396606928693,0.00240037351977278,0.0113875113329899,0.0311504708591001,0.680176908766862,0.148458752390711,0.0890793582637246,0.0046002257819615,0.00663276721764683,0.0118223489339306,0.0988901612711198,0.0749453126757667
0,0.167078515051586,0.000640794902606714,0,0,0.000236623309448254,0.000558401697112477,0.000919929279931943,0.0405295066627388,0.00194741204101752,0.0618852867329835,0.000920589284168741,0.635991624206685,0.000466226256207347,5.00379976558685e-05,0.0106644709108933,0.00354665926815383,0.0313830744640714,0.00786747940342741,9.75554627858523e-05,0.00181964037378072,0.0798666475126111,0.00103729904700998,0.0554140543956475,0,0.0646467109674442,0.848952723270201,0.00428445686377651,0.00233602199333042,0.00021120232957896,0.360344425873658,0.00113548959648861,0,0.0340448347645501,0.00128170496660078,0.0319733450745579,0.041455131788463,0.0293588046812366,0.0121500916314634,0.000816090311725436,0.000346902879114568,0.0541152852181255,0.0168020822777604,0.0260385691717354,0.00733151934162949,0.00490353362197251,3.58033917420387e-05,0,0.0469075195485045,0.000120282679109431,0.0442514934531048,5.71683145340681e-05,0,0,0.000160931544081903,0.00053128225383389,0.000263298140295875,0.00210364562878198,9.40794847481665e-05,0.0291026977347751,0.000122236168926716,0.164190472758225,0.000700625988077781,0.000113380087518507,0.000392918438310742,0.00390345056796502,0.008251431482219,0.0125202144020174,0.000142169727431524,0.000821088337938592,0.00488027402462736,0.00166279289278359,0.00134303822081026,0.17350754227043,0.1607483625217,0.427451630649576,0.000501925893096989,0.00074583466785634,0.000617743896743471,0.0561948662382984,0.000172559380887508,0.000142663470063758,0.0067874794621226,0.00224214938062935
0.00524620172872635,0.116515239271744,2.38042880755309,0.000553997169271946,0.000863888232155944,0.00997492267290295,0.0659695908849518,0.0331032830968359,0.0163432466148196,0.0566386863011431,0.517016822583418,0.0174451856662434,0.0348854432937897,0.053241663840015,0.00107718656091689,0.0250585852248015,0.888044395176208,0.293411826536784,0.985424074773329,0.00284374497718622,0.0811932127208228,0.0330915036645527,0.332718630622118,0.0406596862476704,0.0646467109674442,0,3.05638941429501,0.028348334448203,0.0844616315058787,0.0399438116536702,0.0507606390550036,0.0103077994357233,0.00574216210386849,0.237006774008197,0.063201842742427,0.733335476439799,0.397308637282032,0.641645639122406,0.32147926432144,0.00855066803470884,0.00450591483561866,0.00798379605131768,0.210210592307038,0.0729199189754047,0.071502043252928,0.0776639005676591,0.00168178483255865,0.00112548570881789,0.00142681567318854,0.0011013907269226,0.0622117558182611,0.066121981780386,5.91508534283102e-05,0,6.40577394103288e-05,0.00159810132366067,0.000519170773019689,0.00313527121321087,7.18163569180909e-05,0.0155333294142809,0.000308097111762661,0.041807589540088,0.00153458181012792,0.000596577790731668,0.00656587507144253,0.234256354841033,0.0863537366346296,0.151277938941278,0,0.00738285791244137,0.0115747706693394,0.026523095953237,0.00466579952911578,0.0485335183902538,1.11668671775681,1.84451305928781,0.00171272031896518,0.00491491585666566,0.00444200338669982,0.0847029706831031,0.000445191134865081,6.73211125933885e-05,0.0265638566874089,0.0585121345741448
