0,0,1201.68063724041,0.926033794879913,0,43.7566379904747,7984.18178227544,568.726726621389,3.43755903840065,21.5821397900581,4.61742031574249,12.6894123256207,0,9432.74047023058,1.12805044651031,2.55274245142937,909.228161454201,24.3792223334312,153.939984560013,7.66989481449127,403.709892749786,0,1872.08659076691,20.532781124115,1.44030153751373,288.802595704794,94.7002095878124,107.132110267878,9118.29830333591,2778.49893859029,2.21905934810638,18.1657639741898,12.7166776061058,152.407306283712,0,15.7506687343121,10.0880924165249,47.8932703435421,13.6112382113934,2.43009400367737,0,1.66463530063629,4.93879592418671,1.06885373592377,2.21471494436264,4.05746471881866,0,0,0,0.327055782079697,0,5.16738426685333,0,0,0,0,0,0.761074423789978,0,0,0,0,0,0,2.1916366815567,1.63324108719826,0,1.19422441720963,0,1.521792948246,0.475102663040161,3.29583337903023,9.26463976502419,0,4.22086447477341,11.5247194468975,4.92683702707291,0,2.02969244122505,0,0,0,1.27050518989563,0
0,0,74.8109507858753,10.6246783733368,46.8010629117489,64.1590694189072,7.89311918616295,3.84867364168167,2360.69395774603,6.36146521568298,170.654126644135,40.6019048094749,3609.64163196087,8.41205361485481,219.530123919249,489.664779663086,109.071357101202,11.5453022122383,31.4127260148525,9.65321663022041,42.8626773655415,4216.50921243429,161.242902994156,3635.6859793663,4683.58347100019,453.039596825838,13165.8311236501,111.839742809534,2.33119165897369,7.76408368349075,173.647696256638,27.92466583848,0,191.089859962463,30.4529767036438,207.305871784687,92.5148414671421,80.4731070399284,109.767188191414,137.367254942656,3.82439482212067,558.433559179306,142.706217169762,47.95546028018,73.7209347188473,117.255255430937,0.505523383617401,1.54273307323456,25.4492782652378,0.466522604227066,1657.92952930927,74.0371912121773,1.14631178975105,0,0.673413395881653,13.3439205884933,1.94493496417999,23.1284613609314,2.39302831888199,94.3728732764721,1.03374516963959,270.99287456274,11.2365347445011,4.62232047319412,30.3022576570511,93.035253494978,3.05516070127487,58.4388908147812,1.15692901611328,15.0757791101933,92.8046561181545,80.4595079421997,71.7643096745014,163.234499186277,441.641251653433,3160.80407249928,21.7491014897823,1.79756200313568,6.50149250030518,95.5245666503906,0,0,78.5001293718815,26.4807987213135
1201.68063724041,74.8109507858753,0,5.62725478410721,6.84725940227509,295.845669344068,6444.37721154094,5450.7228128314,33.3094437718391,88.7935406863689,112.905084043741,54.8710067868233,22.8480931222439,9465.02528311312,51.2909757494926,142.235028892756,9919.97940671444,302.362450540066,2501.04371067882,23.4411614537239,4711.2063613832,36.5393426418304,41123.8084467947,232.076072335243,11.1409704089165,54689.0205961764,28017.123984158,1225.23610144854,1872.29420240223,4405.42984363437,3.36540070176125,106.995313957334,51.322451800108,2943.55275800824,518.795762568712,3164.36819472909,1432.48902502656,2072.47298032045,2229.5180888474,30.8413294255733,33.3101252913475,7.69203406572342,1034.49667933583,126.328970521688,467.923773646355,720.330002993345,27.5774412751198,11.1133581995964,3.22972321510315,8.78941068053246,355.578844755888,1463.41427862644,0,6.87407088279724,0.42866250872612,199.334833949804,17.1393789350986,13.7648169398308,1.214773863554,8.68436884880066,0,5.91045713424683,68.9157785773277,11.6393395066261,159.74065476656,849.056192070246,13.1326415836811,299.863833785057,0,92.134574174881,59.2975904047489,523.542766243219,100.033499449492,34.9959473609924,1969.88623675704,6510.19009047747,102.120495021343,18.2942605912685,128.672906786203,11.2326861023903,0,4.52244257926941,557.986892223358,321.082336604595
0.926033794879913,10.6246783733368,5.62725478410721,0,114.407585173845,588.220765709877,131.135921359062,238.420527368784,5320.86568164825,4709.37633448839,32.7322506010532,8864.37630391121,50.5247920453548,205.596861183643,803.274092376232,0,1.77321240305901,27.6606884300709,4.933065533638,25427.4053083658,3.04156431555748,35.3267984986305,2.11874347925186,2055.02638423443,13.135537147522,24.2613715827465,13.0752635896206,10865.5260954201,177.39247071743,3.94558435678482,1.95344832539558,162.758202672005,5.47257933020592,216.212784588337,123.869782626629,469.581004917622,4.06497600674629,188.616757497191,37.8657932579517,664.08275693655,50.6485852301121,29.7473390996456,107.566900789738,5.99587339162827,142.694353282452,33.3364338576794,232.007460713387,55.2481139302254,24.618688583374,0.460164666175842,0,0.335110068321228,2910.42322716117,21.6311677992344,192.762844502926,349.215238213539,412.769824057817,1007.23623782396,2688.73180353642,37.9298920929432,607.289708375931,8.68452721834183,209.521137297153,53.8399433493614,0,0,2.29437792301178,1.30440410971642,1500.19498875737,0.916287124156952,0,0.784807652235031,1459.21306344867,0,4.05347944796085,0.532575905323029,3676.14456921816,80.110707372427,0,0,4.64940220117569,4.56269145011902,233.509798318148,10.459866642952
0,46.8010629117489,6.84725940227509,114.407585173845,0,634.191369861364,27.5275922417641,60.1058461666107,245.85938924551,74.439650028944,3.76185953617096,460.79046741128,18.5031334161758,8.32702904939651,8801.51576578617,9.32780206203461,0,0.575846493244171,0,118.272118151188,44.7706787586212,61.2203123867512,48.5129773616791,267.862284660339,33.3007177710533,7.0618559718132,60.8932564854622,123.016625761986,0.46106693148613,11.0012671351433,0,541.613499224186,0,4.74397614598274,2050.69542330503,51.2308619320393,4.49510633945465,8.74679210782051,32.5904949903488,5847.27123865485,119.84594553709,24.249369263649,13.5510257482529,7.28327816724777,11.9982997179031,24.570716381073,14.6803675889969,2.1733837723732,25.7875438332558,0,0,1.7118673324585,41.9049798846245,1.2963103055954,9.95477402210236,5.89440900087357,8.24180328845978,6.60964179039001,23.4667618870735,11.3941552042961,27.2624266147614,10.9470340013504,3.28362703323364,4.30586373806,9.3777077794075,0.880199730396271,0,0,14.8182321190834,4.26906490325928,1.68400800228119,7.91761785745621,14.7468645870686,0,2.65641868114471,6.04710805416107,41.1739070415497,3.56638884544373,2.00755709409714,0,0,0,6.57851243019104,847.023258805275
43.7566379904747,64.1590694189072,295.845669344068,588.220765709877,634.191369861364,0,5134.67594216764,16476.0034954399,1644.69051718712,25913.3040454686,367.314384192228,11851.7170688808,206.254440844059,2323.32790631056,5689.33610111475,1.69109556078911,173.361439719796,359.248908340931,169.519860818982,1678.36514759064,180.174657896161,96.5121786892414,258.181806981564,840.150904178619,76.1861531436443,484.763677462935,214.948008731008,4511.92013840377,903.342170149088,111.723144754767,38.2092576026917,1681.38457873464,22.9958290159702,1005.50273121893,2060.25755235553,1811.21953678131,46.7778379172087,498.919073849916,135.964375838637,7129.6314317286,246.234889924526,285.683153152466,642.28684335947,20.5276222229004,403.937498122454,114.963845342398,357.341151058674,217.143429279327,194.120950043201,0,7.91196331381798,3.11835968494415,250.931922793388,4.03334856033325,198.061654388905,311.224312126637,477.936943978071,369.131222575903,338.615709036589,141.045843303204,150.417895436287,112.188700854778,294.682694077492,50.5384052395821,2.31325218081474,0.612265199422836,0,0.776412069797516,160.898852139711,1.04353868961334,15.2676869034767,1.83834154903889,1755.17804586887,6.45269575715065,8.86576944589615,25.2143892049789,1841.11251357198,138.083757042885,12.8059768974781,1.61333358287811,15.0446617603302,22.367283642292,396.874409407377,123.453357845545
7984.18178227544,7.89311918616295,6444.37721154094,131.135921359062,27.5275922417641,5134.67594216764,0,14966.6593958139,393.630687832832,14934.2513938844,261.495058059692,523.268854558468,367.239013314247,42852.0035591125,657.28805398941,25.510480672121,760.045792430639,351.558833748102,315.501837641001,182.304026246071,10513.0632615536,20.3754555284977,13546.2088164687,928.911753445864,4.00724872946739,1572.40470248461,2915.03499513865,79076.6309780478,10700.2257533371,23470.7444122136,30.0674565136433,573.360727548599,597.995012432337,3809.20235022902,1859.88588559628,3157.13348388672,150.021696418524,3741.19535925984,1345.62355104089,1123.93004512787,483.734019517899,93.0917317569256,260.414459735155,18.8117588460445,196.826894819736,125.339811682701,90.992693990469,56.3176319897175,31.1742515265942,0.918257415294647,6.14445358514786,83.2497999072075,73.0410062670708,0.969142138957977,55.7547096312046,111.10621675849,156.333111464977,118.549313694239,124.13136023283,35.612918227911,19.8332875370979,8.8766725063324,101.619269311428,11.2148351669312,55.6910753250122,37.8263211250305,0,3.87023103237152,44.3511738479137,19.4553708136082,18.0108044743538,221.355368375778,458.029009670019,2.3144308924675,18.3604300320148,436.11329510808,757.477158665657,54.4511337578297,30.9164306223392,0,4.45916205644608,5.20696502923965,159.698846817017,180.509564489126
568.726726621389,3.84867364168167,5450.7228128314,238.420527368784,60.1058461666107,16476.0034954399,14966.6593958139,0,1498.48870947957,11428.6621052176,825.235745862126,4097.92227226496,315.821213155985,19851.5148471296,166.352097421885,5.86555531620979,2274.83233654499,722.063000351191,851.809095218778,1576.0890276134,1956.55010443926,13.2019947171211,4219.29315434396,408.158354878426,39.9289533495903,3040.8640320003,770.780366063118,2825.00388915837,2546.28097842634,1601.96611616015,61.1589909493923,747.270417690277,25.8558153510094,1455.90715652704,103.690655112267,3146.35172304511,147.277414143085,952.596729621291,400.137896180153,1073.32177352905,242.233869314194,595.229745179415,1161.94710153341,35.1184431314468,794.208710581064,190.04687333107,669.707142323256,349.422684758902,260.991912394762,0.645957887172699,9.68516874313354,24.4566513001919,204.141878068447,5.11507248878479,343.212431579828,622.291413545609,758.143243521452,474.883429199457,385.93762537837,215.731751233339,77.4433174729347,140.063405007124,476.823656201363,32.8834865689278,10.5238520801067,6.91515046358109,0,0.507683634757996,104.212687671185,5.21283921599388,20.845754891634,30.1367773711681,3580.39312246442,18.0268019139767,16.3051764667034,112.733675703406,3845.19625627995,228.74292615056,15.5451758503914,1.51933678984642,12.6401169896126,57.9390625357628,858.973635673523,87.8106073141098
3.43755903840065,2360.69395774603,33.3094437718391,5320.86568164825,245.85938924551,1644.69051718712,393.630687832832,1498.48870947957,0,1606.01177418232,213.143899023533,3755.237942487,1973.3792411387,775.164492845535,818.168567210436,154.36600497365,25.8078171014786,125.575515478849,62.2161158919334,2615.19152295589,176.231794387102,9269.68462854624,96.1456364393234,32088.4707299769,3053.88971367478,344.08850684762,6009.82781153917,8100.14906176925,412.927861809731,561.689787477255,168.317939639091,404.801684707403,49.2671326994896,543.12972676754,508.098571121693,1159.95034834743,101.951270014048,417.772263497114,168.090411871672,1388.03002583981,89.0016387104988,199.925865709782,1008.51462242007,67.7437676489353,310.022725850344,116.665135622025,324.752390533686,157.238128453493,17.8976010084152,8.2827282845974,61.6948479115963,9.89778655767441,2163.2447873652,19.477618932724,206.819853693247,222.890886485577,507.235815167427,2686.54102596641,1429.0429212153,218.232482016087,622.022069811821,71.0792994499207,303.252888739109,104.987627446651,384.458935022354,13.4490212798119,83.3477472364902,31.0467036068439,1016.39646461606,363.947969585657,285.827123582363,111.728887796402,4079.44707158208,95.6040976345539,148.148459076881,246.66226837039,3129.10608169436,279.333986312151,434.681183665991,16.9628175199032,45.4431090056896,28.0861973166466,298.271432578564,410.157202273607
21.5821397900581,6.36146521568298,88.7935406863689,4709.37633448839,74.439650028944,25913.3040454686,14934.2513938844,11428.6621052176,1606.01177418232,0,533.226955533028,10977.8559797704,551.731269061565,6399.52047371864,672.810843676329,2.89210563898087,68.001122802496,516.90971571207,175.111029356718,10359.1243847311,72.8651570379734,2.08666044473648,105.74222484231,397.865833073854,17.1040051281452,708.423702612519,195.95087313652,11570.0097220838,2888.76840403676,44.3480957448483,62.5434347689152,1328.828671664,28.1446922123432,3072.08881902695,1436.57974252105,4820.0726416111,82.3871253430843,2313.93477211893,310.942977458239,1945.69872453809,662.892119258642,236.688805580139,326.12456202507,20.3003771007061,381.410093069077,87.6807640790939,565.065976679325,170.948224395514,114.796953380108,0,1.59135347604752,1.94839107990265,2596.8292517662,38.1803235411644,402.555109500885,924.602066040039,978.24126625061,761.465899676085,3850.40989914536,139.872287660837,553.320355772972,39.1515516638756,440.807150185108,87.3914063870907,1.11830031871796,0.375629067420959,0,1.05842518806458,1180.20721653104,2.50352388620377,3.97603011131287,3.13856640458107,2025.18121007085,8.11569559574127,0.848406404256821,7.06942480802536,6457.47851115465,162.785149812698,5.21201366186142,0,4.6734356880188,6.64051249623299,592.736693680286,94.8233913183212
4.61742031574249,170.654126644135,112.905084043741,32.7322506010532,3.76185953617096,367.314384192228,261.495058059692,825.235745862126,213.143899023533,533.226955533028,0,473.476358175278,9859.31503584981,1261.21806579828,21.9469967484474,9.79079511761665,164.75676637888,12303.9645861387,1779.47000187635,225.500964909792,79.2322551310062,80.1337839961052,222.152317583561,104.500764340162,325.535852819681,8325.64465928078,578.594118475914,230.136827081442,279.735053956509,41.0099217891693,1002.87423491478,1999.66825079918,12.6941304504871,11117.8412068486,48.1966765522957,1513.31522470713,2633.92500892282,2217.10398897529,202.317613393068,266.570100575686,14.3330096304417,2494.24100860953,51.7176546156406,217.071737021208,51.4507484138012,16.143623739481,44.8574488759041,4.11160981655121,334.282094150782,0,355.860670268536,11.3301083743572,0.957744717597961,0,4.67662119865417,4.40466064214706,8.16367870569229,197.167511731386,2.58273005485535,1717.84942725301,4.47216385602951,4021.62910318375,3.95035573840141,2.12327039241791,10.5437934994698,5.46081352233887,11.6223966479301,5.82157009840012,1.6424355506897,1.40471884608269,109.533528536558,6.46828991174698,211.518739789724,1126.13501232862,305.469757705927,510.986256629229,37.4243374466896,3.16295778751373,2.3934280872345,1202.05421090126,14.9211395382881,0,78.2076264619827,18.7093911170959
12.6894123256207,40.6019048094749,54.8710067868233,8864.37630391121,460.79046741128,11851.7170688808,523.268854558468,4097.92227226496,3755.237942487,10977.8559797704,473.476358175278,0,189.927908092737,3290.18322458863,1512.1220048666,0,67.5422664582729,508.106699109077,200.662682950497,15095.5212290883,13.8708224892616,87.0293175876141,43.7146725058556,1085.06055095792,46.6917544305325,684.688442140818,220.179357945919,1550.51645407081,1294.16872400045,37.9583873152733,50.0983037948608,1025.57405924797,2.08858308196068,1114.96217221022,3902.91471320391,998.354674309492,43.7603857517242,435.753511071205,91.6577329933643,2764.96270164847,138.502080768347,199.398095756769,72.9616001844406,7.23973175883293,92.4946506023407,25.9138829410076,209.316507041454,37.5013262331486,126.17607614398,0,1.15177404880524,0,1114.58186754584,26.6010664105415,146.567218571901,119.269027411938,249.123300343752,287.867984473705,914.030431896448,109.534816145897,750.948886662722,53.5598512887955,92.6359715461731,83.407351821661,0.405154168605804,0,0,0,624.255554229021,0.376946687698364,0,0,464.759960651398,10.9774959981441,1.43951809406281,2.67686489224434,997.838082283735,51.3779641389847,1.71236306428909,0,12.534415781498,5.39023071527481,84.8449366092682,578.755578309298
0,3609.64163196087,22.8480931222439,50.5247920453548,18.5031334161758,206.254440844059,367.239013314247,315.821213155985,1973.3792411387,551.731269061565,9859.31503584981,189.927908092737,0,207.942528784275,216.443215638399,123.744938820601,16.367141276598,51.6762661337852,41.0862268805504,140.820042192936,74.2000508010387,2020.30774056911,189.327122181654,1289.74800935388,7240.03259658813,955.306567311287,1933.48500663042,694.22814655304,42.4843429625034,55.6244440078735,766.88675609231,904.815163254738,7.36609423160553,2147.12597259879,262.752016633749,1979.10664144158,3028.2907577157,870.572567880154,485.128277242184,1080.6861667037,62.7138800919056,3169.56700107455,287.038406461477,767.068987935781,258.221934914589,89.6523073017597,227.531441807747,60.7527650892735,872.11488738656,0.752522885799408,1273.92337629199,9.54218915104866,8.16330263018608,1.72666436433792,24.6215806603432,17.5777890086174,52.5736154019833,524.055313467979,15.1387969255447,5846.54913255572,24.1066642701626,16042.4553825557,22.345475256443,26.2823142707348,43.1612383723259,7.6124142408371,54.6706200242043,9.33152228593826,12.2210143208504,9.1905682682991,572.821680039167,19.2316961884499,432.239408105612,6552.01896545291,2023.59308338165,3582.40304711461,110.304834336042,20.4678140878677,21.6504191756248,6032.06465300918,48.8390288352966,3.51343154907227,170.226138502359,50.2931795120239
9432.74047023058,8.41205361485481,9465.02528311312,205.596861183643,8.32702904939651,2323.32790631056,42852.0035591125,19851.5148471296,775.164492845535,6399.52047371864,1261.21806579828,3290.18322458863,207.942528784275,0,62.9680165052414,10.5436354577541,7249.38980257511,1269.77003419399,2006.2183380127,1527.52596518397,2819.90739431977,14.3583345413208,10317.1441378742,483.695378124714,36.2618206739426,4380.33299227059,1298.15684366226,3287.09631694853,24376.8042921722,9683.71243819594,76.2941524684429,2619.99530717731,159.073330372572,2322.50768394768,60.1673072576523,1690.46676212549,149.16038441658,867.618044674397,292.37158074975,347.653737276793,45.4771218895912,222.356216579676,835.075970590115,11.9589095711708,436.281287401915,109.1591540277,420.859886854887,187.091260194778,101.737849414349,0.454570859670639,17.7430653572083,35.7046649754047,40.6849083900452,0,172.760750472546,162.560483574867,147.559152543545,298.393532395363,49.2661040127277,96.3977099359035,22.6833034753799,81.2686369419098,81.6278516054153,32.3482896983624,12.2182487845421,14.6575239896774,0,3.93964719772339,12.0823931097984,6.7360098361969,14.7710994780064,23.872427880764,2084.14989337325,21.3219559192657,78.2628631293774,200.173276513815,1697.8504922986,65.9078430533409,39.1763387918472,2.77334344387054,4.54712730646133,39.6977680027485,381.808056086302,44.956766217947
1.12805044651031,219.530123919249,51.2909757494926,803.274092376232,8801.51576578617,5689.33610111475,657.28805398941,166.352097421885,818.168567210436,672.810843676329,21.9469967484474,1512.1220048666,216.443215638399,62.9680165052414,0,80.5141119062901,19.2206792831421,42.3786866664886,44.416650146246,582.111262172461,299.622971713543,439.415068387985,462.187887758017,1462.70383486152,283.863451868296,187.383633047342,973.096771329641,1732.68889710307,53.2019846141338,119.178144931793,16.3828685879707,754.139050245285,15.8410003781319,60.0704365372658,4918.99863797426,298.382770389318,272.244715869427,77.3088386654854,342.956639528275,7791.31019148231,29.7894457578659,68.5204420685768,303.436581254005,39.9743182063103,116.44092297554,181.36905387044,116.361348628998,82.1117653846741,66.5204602777958,2.87297034263611,7.32001906633377,22.0516189336777,88.3249029219151,3.05645209550858,27.7345562577248,24.0412707328796,40.9218991994858,87.3712516129017,69.281906247139,41.5826033651829,77.5978065133095,31.8187851905823,39.6886926293373,39.0855182409286,52.9063498079777,6.46984133124352,4.33876186609268,4.00434803962708,60.1485107541084,63.1652745008469,13.1862926483154,51.0003150701523,277.128837376833,5.80978673696518,50.7016123831272,130.268142521381,244.471803694963,47.2004960477352,66.4368975460529,0.491132825613022,5.11672031879425,5.82908800244331,84.0794541835785,1808.52679380774
2.55274245142937,489.664779663086,142.235028892756,0,9.32780206203461,1.69109556078911,25.510480672121,5.86555531620979,154.36600497365,2.89210563898087,9.79079511761665,0,123.744938820601,10.5436354577541,80.5141119062901,0,250.286398410797,34.6472143828869,138.921747684479,1.62209689617157,5840.06177097559,7305.10644072294,9659.65196466446,8733.86847251654,325.216965913773,504.311342030764,14406.4294136465,8484.64187449217,3.97914522886276,589.722809314728,12.0229922533035,3.99618664383888,5.15700173377991,380.559638977051,1137.36518064141,5485.70001339912,863.390251904726,1737.36646264791,2660.13121706247,150.632523059845,28.843422293663,5.98739773035049,2037.02065032721,192.680726617575,932.544820576906,949.374532490969,46.7407802343369,18.3034541606903,1.9831534922123,0.567791640758514,101.12278804183,331.344246387482,0,11.6956788897514,1.33662152290344,78.9222272932529,5.34328067302704,42.6151590049267,2.4684771001339,16.4052796959877,0.543107390403748,1.31542277336121,16.2556135356426,45.4210073947906,9089.52335566282,187.390575677156,11.6909048557281,46.9118729531765,0.517494738101959,1956.28215685487,1919.10411286354,8069.78686481714,547.053001821041,11.9157041311264,277.268181025982,4443.14276260138,553.50180798769,21.8072459697723,493.093570411205,1.28823101520538,1.19186791777611,3.81266170740128,324.459670245647,535.329221963882
909.228161454201,109.071357101202,9919.97940671444,1.77321240305901,0,173.361439719796,760.045792430639,2274.83233654499,25.8078171014786,68.001122802496,164.75676637888,67.5422664582729,16.367141276598,7249.38980257511,19.2206792831421,250.286398410797,0,416.449270784855,4551.3134341538,25.11663839221,2544.75835028291,46.1375817358494,7900.15713575482,242.240559130907,24.3284938633442,4922.48746499419,17491.205195576,467.891436219215,7903.44531828165,3259.05919608474,4.55132865905762,139.403674155474,602.054955273867,7140.37796187401,143.419015496969,1555.58754315972,1201.88070347905,820.228184059262,502.375036031008,22.5900219082832,10.4304313957691,5.87724703550339,608.662375539541,65.6885431408882,332.258726626635,452.976590543985,11.4744862318039,7.53319573402405,2.62376463413239,2.82671517133713,239.702223032713,1006.36287230253,0,0,0.400094330310822,105.041692137718,3.51978600025177,10.4224189817905,1.34752336144447,1.97966155409813,0.995399475097656,2.96059030294418,27.5287474393845,3.57130950689316,90.154514759779,552.573057353497,5.66804724931717,244.414223194122,0,48.3502088785172,40.6331085562706,331.314970642328,45.4165280461311,21.1455976366997,1500.33876302838,4509.26891836524,36.9606111943722,6.63436388969421,61.4660593867302,5.86829572916031,0,0.605055928230286,349.583340555429,91.4210776090622
24.3792223334312,11.5453022122383,302.362450540066,27.6606884300709,0.575846493244171,359.248908340931,351.558833748102,722.063000351191,125.575515478849,516.90971571207,12303.9645861387,508.106699109077,51.6762661337852,1269.77003419399,42.3786866664886,34.6472143828869,416.449270784855,0,4471.12096473575,220.32774323225,208.227947533131,8.26924896240234,566.413165152073,63.5732234418392,20.1539437770844,3880.73878949881,1411.6634427309,251.347971230745,352.277900934219,49.7280104458332,121.184470891953,1168.19937345386,25.0223450362682,7554.22538051009,318.409928947687,2887.7116086185,2392.53425505757,5139.1935506165,1257.32433459163,86.013744443655,17.4429014325142,35.6511110067368,27.1743268072605,68.5084565877914,32.1802380084991,41.4285047054291,2.75504392385483,0,13.3069946467876,0,12.7262831926346,29.4618616402149,0,2.36148679256439,0,0,0,57.6944144070148,2.49272656440735,68.4133069515228,1.36381614208221,94.872342467308,0,0,8.24479818344116,15.4116017520428,12.0350100398064,10.1489840447903,1.17805224657059,1.44684121012688,9.06884700059891,16.589170396328,16.9770583510399,36.4997383952141,535.429083943367,474.845649749041,0.741636455059052,0,0.797120958566666,251.31042304635,0,0,6.69056367874146,83.3447243571281
153.939984560013,31.4127260148525,2501.04371067882,4.933065533638,0,169.519860818982,315.501837641001,851.809095218778,62.2161158919334,175.111029356718,1779.47000187635,200.662682950497,41.0862268805504,2006.2183380127,44.416650146246,138.921747684479,4551.3134341538,4471.12096473575,0,68.6978171169758,983.58330231905,15.6363579630852,2616.15700313449,84.9882889389992,49.5802583694458,12121.4611814022,5508.93050655723,261.374505639076,1378.17252370715,368.042333602905,33.6038976311684,435.449716567993,97.350117623806,8785.86159709096,517.137554347515,5173.43399885297,2623.53712454438,2971.79196545482,1649.9660256505,55.2979108393192,25.8248717784882,19.6723027825356,174.961139321327,67.9623670578003,111.257723629475,148.923955619335,4.5893115401268,6.24516355991364,2.48843413591385,0.580915629863739,73.5183184146881,133.219528853893,0,4.75671964883804,0,6.62291005253792,0,22.4171936511993,3.95662376284599,8.91009545326233,0,25.3406732976437,2.80386766791344,4.38575482368469,46.9535001516342,90.5097727775574,5.36532020568848,58.9062497019768,0,8.667504966259,18.0270368456841,104.445150882006,7.82987648248672,49.9450215995312,1204.05805370212,2066.24483576417,3.14856442809105,0,5.02510213851929,60.8869248628616,0,0,106.109191566706,155.96587190032
7.66989481449127,9.65321663022041,23.4411614537239,25427.4053083658,118.272118151188,1678.36514759064,182.304026246071,1576.0890276134,2615.19152295589,10359.1243847311,225.500964909792,15095.5212290883,140.820042192936,1527.52596518397,582.111262172461,1.62209689617157,25.11663839221,220.32774323225,68.6978171169758,0,7.27092227339745,26.934585660696,11.703632324934,392.341525986791,21.8056644797325,284.389362037182,86.7114708125591,2121.27069672942,747.877340734005,17.2757811844349,22.3061226606369,487.148408383131,2.22608160972595,759.005787968636,158.782202899456,1063.54261252284,24.8916409611702,471.98248642683,81.4169774055481,998.868442982435,148.012162894011,118.773106753826,156.781704306602,2.83394446969032,190.684183627367,45.1191209256649,312.838995456696,69.3648287057877,72.8042368888855,1.92743802070618,2.85090109705925,0,2714.76673403382,15.9989442229271,245.393525183201,427.185776472092,534.164765536785,716.139769017696,2985.61546164751,91.7935880422592,688.196570545435,15.0048066675663,227.877129852772,70.2626941800117,0,0,1.11326372623444,0,1841.72377038002,0,3.42824333906174,0,1305.96614766121,1.67520582675934,0,0,3775.90089139342,101.917594254017,0.412342071533203,0,18.459361821413,3.85179334878922,303.103305876255,21.2651170492172
403.709892749786,42.8626773655415,4711.2063613832,3.04156431555748,44.7706787586212,180.174657896161,10513.0632615536,1956.55010443926,176.231794387102,72.8651570379734,79.2322551310062,13.8708224892616,74.2000508010387,2819.90739431977,299.622971713543,5840.06177097559,2544.75835028291,208.227947533131,983.58330231905,7.27092227339745,0,385.318636953831,54063.3113994747,489.887825727463,26.3956044614315,2138.86554534733,4583.37318092585,10294.5624215007,2742.98281678557,43637.8557522893,6.70683294534683,27.7722101211548,600.541241586208,16901.7894113511,2882.22072431445,7016.13710018992,849.787942141294,14186.6050801128,9467.49660776556,561.862490385771,66.454546302557,14.7383803129196,1293.18183529377,110.569685727358,376.734902977943,330.925429731607,38.8805909752846,26.5921022891998,0,3.07968124747276,27.2846537828445,105.214569658041,0,11.8680849671364,0,20.3328136205673,13.8898372352123,80.1253817081451,1.30967193841934,14.5857519209385,0,2.80463424324989,38.8379215598106,41.916217893362,2726.03194460273,44.0250783860683,1.99758329987526,12.8373489975929,0,1412.7488310039,540.84932783246,2739.21421697736,475.657913982868,3.21884024143219,83.8995512723923,949.615941911936,413.09323745966,63.0962882936001,723.287396639585,0,3.72852447628975,7.95000463724136,127.686288446188,729.426369994879
0,4216.50921243429,36.5393426418304,35.3267984986305,61.2203123867512,96.5121786892414,20.3754555284977,13.2019947171211,9269.68462854624,2.08666044473648,80.1337839961052,87.0293175876141,2020.30774056911,14.3583345413208,439.415068387985,7305.10644072294,46.1375817358494,8.26924896240234,15.6363579630852,26.934585660696,385.318636953831,0,622.054054409266,22238.345459342,3219.73612469435,132.626911073923,11976.68611449,959.468752264977,6.68317663669586,365.270310521126,136.293176114559,37.4621400237083,0.678801894187927,93.6504538953304,116.776604801416,564.461304187775,86.1538978517056,123.617663115263,170.122227966785,224.123796135187,4.52112448215485,231.221125781536,550.07683172822,57.713437050581,184.767953246832,271.03327229619,13.8479694128036,0,10.1887155771255,1.69182747602463,852.123841047287,175.742137938738,3.53283992409706,0,1.24051666259766,62.5271066129208,6.91863378882408,35.8724552989006,3.93421697616577,34.2299126982689,0.547115981578827,102.211845993996,23.1558583080769,5.22436159849167,1921.65655270219,117.608701497316,5.87426739931107,26.5549470186234,0.639282524585724,316.777719795704,1201.39152136445,1039.69063109159,362.762092143297,61.6594884395599,174.563565582037,3578.94501045346,183.044359445572,7.43356111645699,94.7424395084381,36.3711176812649,0,1.33236783742905,106.337659716606,100.285036325455
1872.08659076691,161.242902994156,41123.8084467947,2.11874347925186,48.5129773616791,258.181806981564,13546.2088164687,4219.29315434396,96.1456364393234,105.74222484231,222.152317583561,43.7146725058556,189.327122181654,10317.1441378742,462.187887758017,9659.65196466446,7900.15713575482,566.413165152073,2616.15700313449,11.703632324934,54063.3113994747,622.054054409266,0,1668.61761662364,71.3256964087486,8554.64301919937,60502.8893603384,15416.5044485778,6861.89761564136,16606.6326063573,32.3054212629795,68.2237344831228,711.746342480183,15602.7865020335,5851.63236573339,20896.0173182786,3701.91581103206,20130.2156381607,23337.0827747285,664.683104127645,203.400063127279,42.8528274595737,3615.01294770837,301.588490754366,1868.49672549963,2281.5301438272,67.3017150461674,37.1008545160294,5.14138206839561,4.36377921700478,273.731813043356,1777.47491174936,0.91470143198967,39.9825031757355,5.41429415345192,523.222956746817,51.1858282983303,65.9077922105789,2.19712921977043,35.6458683311939,2.87858951091766,3.16349822282791,117.545416116714,63.5166575610638,6454.40493381023,801.249802321196,37.5500150918961,226.595119029284,0,1820.37297335267,888.874018967152,10761.05792135,591.584562510252,14.1083151698112,974.38748255372,11571.0542680919,643.729562669992,25.5647315084934,439.59301623702,3.80078774690628,0,5.07631841301918,1059.3998580873,2425.6272148788
20.532781124115,3635.6859793663,232.076072335243,2055.02638423443,267.862284660339,840.150904178619,928.911753445864,408.158354878426,32088.4707299769,397.865833073854,104.500764340162,1085.06055095792,1289.74800935388,483.695378124714,1462.70383486152,8733.86847251654,242.240559130907,63.5732234418392,84.9882889389992,392.341525986791,489.887825727463,22238.345459342,1668.61761662364,0,2865.27711927891,674.015792459249,18295.2188453674,12631.4896113276,1304.76587557793,1007.05911979079,96.9007132351398,276.769409388304,335.213021934032,1012.52692303061,1469.52750274539,3209.82168439031,308.344617128372,1477.22797298431,960.799910604954,1364.81572827697,134.5811008811,122.542288094759,4663.50499138236,148.28406354785,2438.08439356089,993.922011256218,1303.35023581982,904.742733210325,90.5106100738049,16.9199401140213,139.689127087593,246.023504436016,900.191261053085,8.11810553073883,499.932061314583,891.321007907391,1827.53007440269,2883.20968586206,1147.3492539525,406.492816001177,92.8226024508476,77.4870767891407,1198.89149430394,232.644464939833,1518.00429689884,142.170641750097,8.82090300321579,34.7364599108696,361.084652483463,884.130338162184,909.264555066824,1162.77105239034,9559.17265403271,60.2967803776264,124.890803605318,2071.70299211144,7753.79903176427,1136.60795231164,1028.34300243855,3.46422746777534,174.090714633465,179.313455581665,1980.960218817,1143.09165403247
1.44030153751373,4683.58347100019,11.1409704089165,13.135537147522,33.3007177710533,76.1861531436443,4.00724872946739,39.9289533495903,3053.88971367478,17.1040051281452,325.535852819681,46.6917544305325,7240.03259658813,36.2618206739426,283.863451868296,325.216965913773,24.3284938633442,20.1539437770844,49.5802583694458,21.8056644797325,26.3956044614315,3219.73612469435,71.3256964087486,2865.27711927891,0,2685.50356030464,13663.5914044976,96.388606607914,5.68634253740311,8.85249802470207,780.232717424631,140.866737097502,0,185.55079421401,40.0628618896008,717.951544463634,497.102404862642,148.032767564058,128.940508514643,315.381041914225,12.1895073652267,1243.47717165947,104.912602096796,180.65494197607,109.736833751202,83.7608460485935,42.4189158976078,9.10921782255173,65.1294602155685,0,1163.31364408135,13.9290127456188,2.11009746789932,2.11962789297104,0.451680600643158,9.6508586704731,13.4663879275322,67.7668417394161,11.5539018511772,317.944871485233,2.56468349695206,1730.03492283821,10.3994176387787,8.4403184056282,27.5214025974274,19.9116926193237,32.920602619648,49.0242434740067,3.33584672212601,1.85526609420776,119.908095300198,39.8375544250011,78.18851390481,4902.99665388465,2001.38617885113,4372.43543151021,9.36226889491081,5.90483117103577,0.469927489757538,723.825820565224,0.569162666797638,0,65.3023299574852,19.5038360953331
288.802595704794,453.039596825838,54689.0205961764,24.2613715827465,7.0618559718132,484.763677462935,1572.40470248461,3040.8640320003,344.08850684762,708.423702612519,8325.64465928078,684.688442140818,955.306567311287,4380.33299227059,187.383633047342,504.311342030764,4922.48746499419,3880.73878949881,12121.4611814022,284.389362037182,2138.86554534733,132.626911073923,8554.64301919937,674.015792459249,2685.50356030464,0,32292.1890749335,977.36939099431,1028.07845461369,721.019497841597,1321.36638233066,1458.39397531748,58.8502312898636,9451.93818962574,1686.84469005466,15859.5917560458,14712.1606516242,8250.81334722042,5435.44753754139,204.208093434572,68.2029276639223,307.776334017515,1627.56732037663,2592.47939234972,1367.76548349857,1053.55108460784,63.719033151865,22.5270134210587,303.6806165874,2.48648473620415,2061.35827171803,391.483190923929,0,19.6713155508041,12.3662876486778,51.4592367708683,23.6507180333138,210.130788296461,79.7698396444321,1473.24375149608,5.98929405212402,3377.06567648053,50.6964882016182,37.256933182478,279.997332960367,345.973125725985,591.14913725853,1025.80878341198,0.638757109642029,53.3872583210468,415.92596155405,367.181358158588,309.113288581371,2816.9231748879,28463.0029847324,36747.6508609354,22.9272670447826,12.5681366324425,33.8040833771229,6536.76536697149,44.3145243227482,1.77123767137527,762.968638539314,634.940452694893
94.7002095878124,13165.8311236501,28017.123984158,13.0752635896206,60.8932564854622,214.948008731008,2915.03499513865,770.780366063118,6009.82781153917,195.95087313652,578.594118475914,220.179357945919,1933.48500663042,1298.15684366226,973.096771329641,14406.4294136465,17491.205195576,1411.6634427309,5508.93050655723,86.7114708125591,4583.37318092585,11976.68611449,60502.8893603384,18295.2188453674,13663.5914044976,32292.1890749335,0,10534.0469880104,494.363676965237,739.226898699999,1519.6952894628,253.229786247015,89.7556107342243,10495.4831550866,4846.6061874032,24847.8647980392,7364.31225135922,13511.0514643341,17432.4485536218,634.617754161358,200.674309968948,87.2838661968708,8670.10057020187,2680.16257536411,5044.45327010751,6521.75243660808,176.310715734959,67.5791489183903,150.075296849012,45.2742670178413,10172.5885874629,8151.52560257912,2.44481292366982,59.1353379487991,15.8360732495785,1621.21731753647,219.447026908398,204.515639454126,84.2201573848724,690.583977371454,2.54522627592087,2405.5220938623,508.772833168507,98.1120983958244,4464.06802597642,4349.35272881389,480.86967509985,2504.80439588428,0.659017443656921,606.583282351494,2947.52444514632,11183.2008992434,1965.08272594213,5288.80534055829,30371.1565390825,97382.1122438312,1109.55230000615,102.111884087324,603.596609383821,4155.91621363163,29.8111817836761,11.6529488265514,3968.79836860299,2490.27392038703
107.132110267878,111.839742809534,1225.23610144854,10865.5260954201,123.016625761986,4511.92013840377,79076.6309780478,2825.00388915837,8100.14906176925,11570.0097220838,230.136827081442,1550.51645407081,694.22814655304,3287.09631694853,1732.68889710307,8484.64187449217,467.891436219215,251.347971230745,261.374505639076,2121.27069672942,10294.5624215007,959.468752264977,15416.5044485778,12631.4896113276,96.388606607914,977.36939099431,10534.0469880104,0,6543.36532649398,35335.4943370223,38.6298940479755,642.974841862917,1724.57222121954,7433.23563548923,5958.239544034,10809.631911695,759.550211638212,9184.54199807346,4687.40003550053,2559.96933913231,742.69792458415,199.709292709827,4597.61793106794,169.170630514622,2613.52251717448,1135.12290561199,1595.33818513155,1146.16087853909,160.686297506094,13.5468935966492,55.9028659164906,196.904845386744,2293.0878406167,26.9579957425594,825.755955070257,1813.56051018834,2738.92768657207,2418.56180921197,3190.05487698317,405.859857559204,412.34341737628,76.8717351555824,1779.23085251451,241.726555883884,1512.655048877,93.3290787041187,0.887107133865356,11.5887039005756,926.339575529099,774.779596984386,422.785351544619,1393.79353445768,9451.00592556596,13.4443719387054,75.3293983340263,1355.06936424971,12366.3498364091,1221.81724959612,931.179783314466,0,104.384892642498,168.353393167257,2603.00178048015,1354.24431434274
9118.29830333591,2.33119165897369,1872.29420240223,177.39247071743,0.46106693148613,903.342170149088,10700.2257533371,2546.28097842634,412.927861809731,2888.76840403676,279.735053956509,1294.16872400045,42.4843429625034,24376.8042921722,53.2019846141338,3.97914522886276,7903.44531828165,352.277900934219,1378.17252370715,747.877340734005,2742.98281678557,6.68317663669586,6861.89761564136,1304.76587557793,5.68634253740311,1028.07845461369,494.363676965237,6543.36532649398,0,20069.6154995263,16.6213989257812,7122.76075363159,6923.76973137259,5046.88020181656,93.3149571120739,283.554060086608,51.9408671855927,1092.0519771874,212.339150041342,94.2955775558949,35.0131654143333,28.635327398777,473.909907281399,5.54883402585983,173.056888878345,60.9431806206703,156.008522748947,85.9464980959892,11.3139670491219,1.49623310565948,3.96575635671616,9.27190119028091,19.1061317324638,0,50.935808300972,61.7908582091331,68.0310409069061,158.527445703745,11.5956883132458,20.8153933882713,6.37834018468857,19.7361330986023,52.8040723502636,19.2707887291908,28.8528572320938,4.77496463060379,0,2.34322589635849,3.24392953515053,30.5207948088646,13.0508334934711,14.5456390976906,762.148220330477,0.583423435688019,16.1243741512299,52.1377146244049,595.591231077909,53.787169277668,60.6904447078705,0,0,28.2467911839485,167.435460150242,75.1457849740982
