0,2.65551519393921,88.0220462679863,0,0.627535283565521,10.7942021489143,5949.79791924357,273.809340924025,0.981945216655731,38.6084637641907,25.2279767990112,13.1676691174507,1.84994250535965,10057.8320405185,3.97055059671402,0.490345895290375,868.046985715628,35.21715721488,417.53550156951,1.91051235795021,133.750125825405,0,257.332534819841,6.84508776664734,0.464146852493286,191.602281719446,124.172476708889,27.2241639792919,7079.0290684104,9607.88198137283,0,2.60135990381241,9.87136286497116,119.50981387496,14.1761288046837,49.6538935005665,13.3861856460571,15.1212078928947,16.9800528883934,3.53763201832771,3.63609221577644,0.382453411817551,0,2.24860432744026,0,0,0,0,0,0,0.650422513484955,1.36484375596046,0,0,0,0.880881547927856,0,0,0,0,0,0,0,0,0,0,0,0,0,0,0,0.809208452701569,0,1.45348143577576,0.635378241539001,4.21207475662231,1.5540851354599,0,0,0,0,0,0,1.43647086620331
2.65551519393921,0,30.3573339879513,4.34757494926453,12.5808016955853,3.30271381139755,37.7659084796906,32.8869354426861,4092.49007448554,9.5123507976532,187.182704031467,21.4936853647232,1296.88329738379,19.005109757185,329.850527137518,610.197741985321,246.783151984215,14.7210825681686,150.936786144972,8.52756839990616,54.231470644474,2694.1594671905,87.2445988059044,2110.95410534739,4252.7804710269,482.974395334721,10028.8210282624,150.753091424704,32.1453796029091,20.9755036532879,3.4735911488533,0.399341315031052,2.08082050085068,56.8299490213394,48.1683399677277,501.223414003849,166.860350191593,45.222362101078,80.1178641319275,286.19646653533,18.9960997700691,505.793994963169,875.008378773928,275.228041410446,91.7451412081718,109.929020702839,23.4739058315754,6.4377880692482,153.769283652306,4.99180683493614,1802.48660936952,234.857939332724,0.416635513305664,1.43514347076416,0,37.4818557798862,1.78666366636753,33.3110543191433,5.40230482816696,130.779096961021,1.12467482686043,356.897642314434,18.5218250453472,3.39012038707733,118.380455344915,172.915200084448,21.0025973916054,164.578516453505,1.16018795967102,67.3056440353394,58.2533252239227,283.337769240141,104.069825321436,246.935886442661,724.890435665846,8102.2666875124,49.6380493938923,25.8189908862114,54.4131233394146,47.9132099747658,0,0,58.4871199131012,47.2692903876305
88.0220462679863,30.3573339879513,0,2.46814507246017,2.9293577671051,6.06308680772781,590.372269034386,220.903512448072,8.29160386323929,35.5881168842316,69.9994658529758,14.1093104183674,32.5503917038441,626.015072792768,5.6293004155159,155.466543525457,6025.7473115921,121.66841930151,874.481546938419,10.0719318985939,4087.41379675269,17.0801869630814,50190.4916734993,59.1952705085278,1.54103624820709,21843.3370677829,8897.51996421814,1465.62710422277,233.82846224308,846.945733040571,5.404943972826,3.75378239154816,15.1396636366844,1361.17124313116,565.110650807619,5284.19531092048,302.689827054739,811.556732371449,1615.92228057981,15.5476264357567,119.45614439249,49.2845223397017,695.855249524117,377.471356034279,57.6032408475876,142.058683425188,26.0548511743546,3.10229995846748,0,1.05482149124146,123.807897657156,511.04810783267,0,0,1.30172753334045,41.1761993467808,0.828269153833389,2.29180353879929,0,0.384638488292694,1.41815030574799,9.11153221130371,2.07785552740097,6.40344047546387,201.241083145142,170.565432220697,9.3222029209137,66.5235709995031,0,51.9346095323563,42.1753604710102,763.981123328209,109.968446195126,9.65662723779678,361.081704884768,3574.51984867454,59.5612963736057,0.976757764816284,34.929253757,4.56335607171059,0,0.927795946598053,53.3621461689472,357.389008969069
0,4.34757494926453,2.46814507246017,0,61.3892534673214,70.5190094709396,292.367634952068,104.30849608779,3656.03005936742,5625.09488880634,9.11295104026794,2725.04392763972,74.9552002549171,42.1032008528709,799.382628470659,0.962171375751495,0,6.50838708877563,8.14232084155083,10887.140144527,0,2.77222895622253,0,10126.563203156,0,4.38257762789726,9.62352153658867,6335.35878163576,42.3077308833599,2.23228406906128,0,6.90970921516418,0.565121173858643,16.8135504424572,42.3742398619652,297.066709429026,2.3393566608429,8.90003484487534,16.5632777810097,683.100838124752,38.5831765830517,6.29479289054871,29.3266293108463,0.866081714630127,0,6.16938072443008,121.724462598562,9.97687220573425,0,0,0.585956633090973,0,720.445543497801,34.2400566637516,33.066106826067,265.829548597336,52.4030606746674,478.867229491472,1127.63635715842,1.35984241962433,271.274178832769,3.22082430124283,6.37173759937286,104.398509293795,1.39512825012207,0,0.607626080513,0,250.046936452389,0,0,0,636.94097456336,0,0.331564217805862,6.03318932652473,1020.24516022205,0.935876607894897,1.2058299779892,0,0,0,10.1234283745289,0
0.627535283565521,12.5808016955853,2.9293577671051,61.3892534673214,0,4878.92250236869,411.001112133265,506.448663413525,455.437959879637,642.014156132936,13.1662824451923,1531.13366666436,242.327981382608,28.7930028736591,1899.14344504476,48.795771241188,6.5534633398056,13.0690988600254,10.3880541622639,229.70910987258,221.237686485052,17.8736783564091,196.323669523001,208.454284727573,1.88075464963913,11.426641523838,59.7416689991951,305.637085735798,8.78975763916969,46.0001960098743,0,792.010073900223,2.53823733329773,2034.04262819886,4345.35366290808,1935.90340548754,22.5490231513977,19.8531732261181,38.3802564740181,12678.6132090092,3510.29036337137,10.3129078447819,12.2014824151993,14.6365786194801,0.597048461437225,13.6609593629837,22.9950951933861,2.74601984024048,0,0,0,0.536522924900055,22.7160054147243,1.35372221469879,0,16.3860775828362,0.895618230104446,11.0818343162537,34.566637635231,0.779214143753052,8.69116979837418,20.7535759806633,0.938959240913391,5.62694674730301,9.33951193094254,1.88738024234772,1.85382145643234,2.29274320602417,5.08725160360336,3.57897686958313,1.9858695268631,30.6492950320244,28.8085832893848,0,3.11754310131073,11.733806014061,30.7231040596962,2.16382074356079,0.515389978885651,0.774211347103119,0,0,17.1790334284306,1207.89327350259
10.7942021489143,3.30271381139755,6.06308680772781,70.5190094709396,4878.92250236869,0,3640.36962816119,13053.6858343184,260.181108564138,15357.7041567862,260.725182324648,10030.0359191895,673.014731347561,570.981756001711,3606.2699315846,4.28236871957779,66.4700308591127,252.909864246845,201.736963778734,615.78661313653,52.1449980139732,32.1481591463089,35.8761855363846,346.628028824925,5.87069234251976,200.530791372061,155.996860474348,1607.0134254992,317.706502884626,161.942138046026,5.65053218603134,342.682673454285,3.62230497598648,755.502399027348,6320.4375038445,3807.17116218805,50.975930005312,70.4687656462193,161.452527940273,4433.79579687119,1466.2523394227,63.8402925133705,64.6272011399269,6.18563634157181,5.00119423866272,8.82083058357239,71.8520130217075,6.77378210425377,2.99718451499939,0,0.658486664295197,0,34.4949795603752,4.88003742694855,0,257.060643434525,54.5085926055908,88.7940519154072,80.2115967571735,0,44.0188283026218,47.1953119039536,16.6735955476761,21.7937924265862,1.41451954841614,0,0.676672160625458,0,23.923303604126,3.66909962892532,17.7886396050453,1.76211380958557,277.178729474545,3.23376268148422,4.80024009943008,13.5964050889015,419.310645401478,12.49715924263,5.64340257644653,0,0,0,30.5031892061234,683.196188420057
5949.79791924357,37.7659084796906,590.372269034386,292.367634952068,411.001112133265,3640.36962816119,0,35727.5801069587,1825.86386069655,30572.4629735053,1279.85880829394,788.023792952299,2064.64949373901,60438.1727900207,1290.25291132927,41.8605232834816,2233.11537340283,1163.22086283565,1810.92257383466,318.303536087275,10191.7886517942,77.8978496789932,2782.18591508269,2633.94852495193,12.3055078685284,2505.29455943406,1699.32293273509,59867.9831615686,8386.97508206964,11816.6094293594,47.750519528985,1006.30409270525,560.245752692223,4170.64510163665,5287.78566583991,19910.0293557048,516.164637476206,1506.99288344383,2009.83582121134,2104.51624533534,2062.49431335926,372.433700695634,834.666437387466,30.5416933596134,41.6130020916462,151.25664973259,674.316500246525,230.969670981169,9.20516178011894,0.51628452539444,26.5571881234646,7.22163835167885,737.694815456867,55.6885949671268,229.888681024313,3629.93443712592,1210.84685856104,1007.19414231181,3084.75281468034,3.74490982294083,645.0788834095,63.01465472579,218.997359186411,123.25626885891,113.314193814993,0,0,0,408.678323239088,122.85050868988,121.427273750305,69.2248818576336,3054.64274829626,1.46976920962334,0.732912808656693,139.525417178869,7002.21800076962,98.7664070427418,48.8707528114319,0,0.623074173927307,0,227.047541022301,363.341365367174
273.809340924025,32.8869354426861,220.903512448072,104.30849608779,506.448663413525,13053.6858343184,35727.5801069587,0,962.780549615622,24336.7451672107,1179.08351868391,5099.80528254807,1163.13599525392,24177.4887380153,303.839277237654,17.5618330538273,1638.92050856352,1429.43076193333,1931.33239327371,1388.96608074009,1363.29959082603,133.334523081779,672.54658716917,1381.54882396758,20.405413120985,1267.07301932573,955.264646545053,3916.2727855891,2446.34714020789,4224.82817900181,19.5897909700871,1369.67397588491,77.0984007716179,874.297338247299,646.514142364264,4198.31853023171,141.428464487195,310.782486051321,307.137998908758,1874.86185874045,681.947497606277,117.849954500794,595.000274479389,10.0372377932072,9.73319658637047,60.6005099415779,694.130734264851,71.9766415655613,12.2926728129387,0,23.2181956171989,0.999468952417374,307.4661924541,24.613429248333,128.224624037743,3245.29311102629,696.121955960989,597.693156629801,1151.2391346693,3.30082368850708,407.276695609093,111.074117660522,115.727261692286,90.6646100878716,9.90158933401108,2.20651566982269,1.42925357818604,0,204.572512447834,14.725696772337,131.807023406029,6.52810496091843,2477.25343868136,7.19921600818634,26.7540199756622,147.995222002268,5441.10827150941,8.16236644983292,27.5494402050972,15.3516838550568,0,0,191.972184330225,38.5031909942627
0.981945216655731,4092.49007448554,8.29160386323929,3656.03005936742,455.437959879637,260.181108564138,1825.86386069655,962.780549615622,0,4379.66479027271,219.938540667295,2841.29152843356,1393.34752327204,292.383175820112,3888.66902831197,596.748361229897,23.2919660508633,82.8352509438992,115.807137012482,3190.82653743029,144.133802264929,8234.41563054919,190.03153643012,34376.5127103627,3033.13232505322,110.871253848076,7043.58425614238,8729.51449418068,191.172288477421,22.7702335119247,14.0463565587997,47.0288126766682,0.496653825044632,152.650328546762,48.4743771255016,705.911637336016,55.5792945623398,50.9994256198406,53.4321171343327,1817.152982831,211.917804539204,389.640267670155,643.936792016029,86.3423996269703,42.9601382315159,88.9919697344303,535.115709334612,101.462635368109,84.3667139112949,4.11306869983673,37.2316335439682,5.70195958018303,1619.83367663622,171.164739072323,150.288466900587,1563.9467176497,493.104363828897,3879.74251195788,1889.08614641428,164.005938827991,710.72633048892,301.072896778584,159.1057318151,337.760655283928,2533.3792502284,13.1369940936565,97.7579943239689,100.711331009865,423.176283955574,674.954406380653,3156.83351761103,498.927063584328,5297.03832861781,58.6243870258331,131.879850715399,637.328032314777,5870.42320105433,154.580166876316,138.294126987457,53.895951539278,13.3324791789055,0,108.038259118795,51.4926065802574
38.6084637641907,9.5123507976532,35.5881168842316,5625.09488880634,642.014156132936,15357.7041567862,30572.4629735053,24336.7451672107,4379.66479027271,0,1072.61108514667,14429.2681380212,1283.67347300053,7468.75205358863,1526.68432101607,4.79568004608154,156.974425673485,992.249812245369,844.889405339956,21287.0154296458,58.3164385855198,5.14297038316727,90.0620385706425,1179.82709494233,3.67896375060081,692.435771822929,469.230075210333,13609.1438365281,2694.74795165658,209.406742632389,30.4828412234783,840.375319957733,3.745714366436,1690.46072131395,1617.34984022379,9129.22354125977,108.410815924406,354.740923017263,572.05982324481,1945.96880313754,1573.30512350798,208.644704133272,137.513895690441,3.00283235311508,0.476557791233063,21.6485697329044,464.335243910551,21.5276826322079,4.16114836931229,0,7.39706939458847,0,2288.60243803263,150.071819245815,148.597364753485,2212.80493283272,376.082476615906,1422.52213281393,5616.42938011885,1.57361978292465,1075.71119207144,32.6340766847134,26.9352332651615,386.334179520607,0,0,0,0,893.181491941214,0.844006180763245,11.164429962635,1.66792130470276,2614.86528941989,0,0,2.41361635923386,6200.89088308811,2.99766293168068,0,0,0,0,62.3434520959854,84.5430986583233
25.2279767990112,187.182704031467,69.9994658529758,9.11295104026794,13.1662824451923,260.725182324648,1279.85880829394,1179.08351868391,219.938540667295,1072.61108514667,0,736.023350685835,7723.06846046448,1159.67633622885,27.7831693291664,38.4043252468109,291.691647201777,15610.2026029527,780.465123862028,252.351692169905,536.377513170242,98.4425247311592,597.129048317671,204.575041919947,683.148952871561,9955.94808860123,1023.39121368527,596.208471775055,3874.64006176591,451.576877862215,582.96598854661,987.285065352917,33.6840555369854,10193.6553056687,79.0382496416569,993.435684680939,714.747400909662,1981.55173034966,665.339732557535,50.5332972109318,1524.03993865848,1947.96360421181,36.7024725973606,1431.30227124691,58.9010672867298,15.8400366306305,23.6907034516335,19.2991530001163,912.892240315676,1.19068050384521,124.136005878448,5.32733476161957,4.58386501669884,0,1.63334485888481,13.9692411124706,6.17184615135193,152.377725601196,1.69561037421227,2644.34488549829,2.00972232222557,3808.48906591535,9.93827453255653,8.42335349321365,8.20634299516678,2.88529345393181,51.9501927495003,6.58708590269089,4.25843113660812,1.42957264184952,65.6471443772316,7.98664352297783,56.2716130614281,316.124311596155,177.457537889481,481.899381577969,16.1692548692226,68.6992311179638,1.02065789699554,613.540293306112,19.292871773243,0,409.140604585409,27.3990331590176
13.1676691174507,21.4936853647232,14.1093104183674,2725.04392763972,1531.13366666436,10030.0359191895,788.023792952299,5099.80528254807,2841.29152843356,14429.2681380212,736.023350685835,0,478.05282241106,1564.76233115792,8113.59591773152,2.24277782440186,100.179488748312,725.427594363689,657.463525623083,10047.8368477225,19.6864073574543,27.6352369785309,48.0981963276863,1835.9436134994,8.70699003338814,553.202800214291,386.214785963297,1170.99899223447,1428.68721371889,122.376667827368,16.8424595892429,352.5573387146,2.1891528069973,571.040459513664,3546.47964957356,1841.57669243217,38.9311403036118,136.131947368383,143.705975711346,2932.64389160275,846.677398830652,99.8440470695496,30.7337993383408,1.8440922498703,1.26180067658424,7.5583747625351,94.9154654741287,2.86954411864281,3.00386476516724,0,2.6280289888382,0.469834893941879,304.901966631413,28.6501394212246,17.0300406515598,122.378785312176,25.3568947613239,141.959496766329,461.689570814371,0,600.396806746721,21.3825063407421,8.13710114359856,81.9462220668793,0.842531442642212,0,0.364471793174744,0,160.066951662302,0,0,3.31987443566322,216.846713215113,1.07624280452728,0.881020843982697,4.47326892614365,414.004257082939,4.40546542406082,2.17510592937469,0,0,0,20.0653468370438,635.137244790792
1.84994250535965,1296.88329738379,32.5503917038441,74.9552002549171,242.327981382608,673.014731347561,2064.64949373901,1163.13599525392,1393.34752327204,1283.67347300053,7723.06846046448,478.05282241106,0,347.000855833292,431.242916494608,66.8841978013515,67.2032125592232,498.950002074242,126.251246660948,349.069936364889,420.620678186417,825.12680503726,357.096358180046,610.7229642272,9149.84914931655,1666.63990485668,3774.78498406708,1254.85405179858,345.297050178051,275.884555786848,2886.20927134156,677.147671222687,21.0130352675915,1931.45334035158,210.734187662601,2658.19389227033,1463.75347203016,3127.2225523293,1669.55784523487,3714.47318595648,1594.87506169081,4491.27005465329,255.501675158739,2889.72248408198,72.7766409516335,37.3257931768894,817.996230453253,38.1266590058804,1730.8981384635,0.950651824474335,166.237307071686,3.28605157136917,21.8147547841072,24.0849677324295,17.6519420444965,148.539926409721,95.2645418047905,212.215723693371,40.6387438774109,6844.61660480499,56.9161912500858,11069.5142710805,47.2676706314087,56.7440411448479,167.727034687996,1.06352457404137,119.194334566593,11.111595749855,24.1672651767731,133.956803977489,117.565146803856,153.462693274021,208.196679890156,798.383441060781,464.165097266436,1452.96593344212,302.60959097743,171.221183329821,53.3385240733624,1639.15940472484,36.141470849514,0,720.083927452564,38.6574881970882
10057.8320405185,19.005109757185,626.015072792768,42.1032008528709,28.7930028736591,570.981756001711,60438.1727900207,24177.4887380153,292.383175820112,7468.75205358863,1159.67633622885,1564.76233115792,347.000855833292,0,80.1988221406937,15.8622379601002,6250.93666270375,1628.70346820354,4897.71531285346,567.121056228876,1907.47269815207,59.0771682560444,1923.70866382122,485.733965814114,13.101125895977,2499.87510612607,2118.62729547918,1630.79784528911,12128.2799394131,23937.5084316432,6.94660159945488,863.367151916027,92.293598651886,1544.19365373254,223.527880132198,1681.40208759904,209.694225072861,301.696086451411,258.738776385784,185.547863900661,408.93778771162,45.601508975029,136.319002389908,20.8742704391479,4.35312810540199,5.67012792825699,159.91764831543,13.9286098480225,1.49150335788727,0,22.8584740161896,2.31770667433739,33.680014103651,6.02115333080292,14.2021337747574,777.961115628481,124.844271928072,155.131958961487,157.204803436995,2.36992526054382,76.0024111866951,47.8279499411583,21.2799176573753,16.7802765071392,12.059494137764,3.52431654930115,0.392972350120544,7.09665024280548,44.0181013941765,8.98854076862335,30.5829146504402,4.24310833215714,635.351013481617,1.76765650510788,40.1218130290508,257.237215310335,1159.43037214875,2.27715396881104,8.87458169460297,15.1704827547073,0,0,32.5387813150883,14.5730201601982
3.97055059671402,329.850527137518,5.6293004155159,799.382628470659,1899.14344504476,3606.2699315846,1290.25291132927,303.839277237654,3888.66902831197,1526.68432101607,27.7831693291664,8113.59591773152,431.242916494608,80.1988221406937,0,38.5406898260117,24.246339827776,20.2511173784733,29.7383683621883,1278.20443800092,327.185562670231,391.462388604879,258.822187006474,2976.10416650772,177.47511652112,18.89129114151,731.17732334137,1740.09989306331,54.6528342664242,182.23433637619,0.891605228185654,84.8899140059948,0,48.2745778560638,5136.46397262812,441.960241347551,21.1049903929234,17.1901412308216,39.2333805263042,4163.27890279889,290.177719384432,32.5566585958004,45.2010841965675,54.8953540325165,12.7160429954529,36.5097503066063,64.4525419473648,13.0117290318012,4.48832583427429,0,0,1.87233126163483,114.424837708473,11.6103608906269,18.2943767309189,91.7210142612457,37.3495886027813,75.2432642877102,144.752186119556,3.6962428689003,63.2705445587635,37.4679877460003,7.12904638051987,25.5811647176743,16.9824090301991,0.591968178749084,5.18088671565056,7.29090338945389,46.410674482584,17.56860896945,12.8412924408913,80.565857052803,106.175306409597,2.73796689510345,28.6824458539486,86.7200236618519,209.314275950193,7.67859488725662,2.78636991977692,2.12162655591965,1.84443354606628,0,65.1014964580536,1692.21943211555
0.490345895290375,610.197741985321,155.466543525457,0.962171375751495,48.795771241188,4.28236871957779,41.8605232834816,17.5618330538273,596.748361229897,4.79568004608154,38.4043252468109,2.24277782440186,66.8841978013515,15.8622379601002,38.5406898260117,0,273.425475507975,65.3795545101166,161.406976938248,1.34531259536743,3728.74772182107,7298.67783215642,9818.19596162438,5104.01163691282,51.9481452405453,372.629556387663,13453.3830275685,883.269504010677,39.0677597820759,671.417580604553,4.23077788949013,6.16708952188492,3.07595667243004,323.70208516717,837.793189764023,8588.59322032332,790.094373673201,1099.99990564585,809.54607591033,20.9454391002655,44.5143243968487,49.2371572256088,933.382510215044,148.179401695728,56.454939365387,95.1016159057617,195.349297553301,18.2187415957451,1.4158781170845,4.5129731297493,54.6188817024231,149.514480799437,2.56743133068085,1.68140512704849,2.77462455630302,203.077165395021,40.0436570346355,12.6862319409847,2.86702179908752,2.67419674992561,1.16898906230927,11.0240362584591,27.5545592904091,15.6487453579903,14951.9826957881,81.7647415697575,3.08576202392578,43.0495709627867,1.66491866111755,2256.4547290206,3440.02174320817,6905.56427779794,1604.81875050068,3.75267541408539,104.724021494389,4187.91502854228,1762.04415544868,62.6008421182632,351.4039054811,0,2.39553007483482,10.7495608329773,53.6569989025593,253.956357002258
868.046985715628,246.783151984215,6025.7473115921,0,6.5534633398056,66.4700308591127,2233.11537340283,1638.92050856352,23.2919660508633,156.974425673485,291.691647201777,100.179488748312,67.2032125592232,6250.93666270375,24.246339827776,273.425475507975,0,431.758159995079,7097.1865093559,33.774033755064,6188.91705781221,20.4446289241314,16274.5698755383,149.563347458839,12.6741070747375,4923.61722800136,17480.6262773722,934.654067456722,3756.64375767112,13667.1873265207,1.38084101676941,48.904300481081,239.446719914675,3811.74501043558,167.968964248896,1938.04515594244,1068.13137963414,412.296662390232,603.35268342495,23.3197162747383,72.601157784462,35.198225736618,996.420444607735,607.687212467194,73.0132344067097,134.116042971611,25.4237125813961,1.87693947553635,5.32068568468094,0.578315734863281,376.376910150051,664.165352225304,0,0,0,15.5803456008434,0.493818253278732,13.5642809867859,0.571874499320984,5.9399801492691,2.36589074134827,44.3119099736214,1.9109191596508,1.53739631175995,95.7079336345196,345.934243232012,31.6028563976288,233.246664449573,0,70.1405391991138,37.5268761813641,459.129418194294,87.1750128269196,31.0691933631897,1482.88152083755,6108.02950960398,59.7733271420002,4.82149863243103,39.0489405095577,4.11583414673805,0,0.515723586082458,63.7289204001427,63.2622684836388
35.21715721488,14.7210825681686,121.66841930151,6.50838708877563,13.0690988600254,252.909864246845,1163.22086283565,1429.43076193333,82.8352509438992,992.249812245369,15610.2026029527,725.427594363689,498.950002074242,1628.70346820354,20.2511173784733,65.3795545101166,431.758159995079,0,2711.47828385234,234.438337743282,829.480648845434,18.6547940075397,816.121861159801,133.055905550718,76.9380732774734,5141.1259072423,1640.73940266669,504.545283019543,4623.50139865279,650.250401869416,67.2502999007702,982.747291833162,37.8048696219921,5105.34186124802,276.480074435472,3259.20551609993,1087.98578354716,1638.62773098052,2683.34502112865,39.7954109311104,849.385421365499,448.607896775007,15.4158712625504,113.773918896914,8.22276872396469,18.3988694250584,9.14426732063293,1.27713656425476,19.3525372743607,0,22.8941569328308,10.1200995743275,0,0,0,0,0,39.5065731406212,0,224.462470531464,0,730.822931289673,0,3.46793246269226,3.69054597616196,2.60662817955017,43.7065621912479,6.73016944527626,0,0,3.94747531414032,10.5928467214108,6.53683203458786,90.2951513230801,294.350785285234,1077.08577209711,0,4.2709533572197,0,609.523777812719,0,0,13.3371592015028,142.537757396698
417.53550156951,150.936786144972,874.481546938419,8.14232084155083,10.3880541622639,201.736963778734,1810.92257383466,1931.33239327371,115.807137012482,844.889405339956,780.465123862028,657.463525623083,126.251246660948,4897.71531285346,29.7383683621883,161.406976938248,7097.1865093559,2711.47828385234,0,212.243533104658,3340.53839632869,34.6738745570183,4065.89917615056,184.064976334572,52.4959532618523,13829.4614384472,8784.5875056088,947.020926758647,6957.90620084107,5368.91172340512,8.8165345788002,446.558836221695,250.930187135935,5236.68853551149,484.649810433388,5729.93005767465,1787.06960019469,1572.24500820041,3125.00867968798,54.959831058979,272.815565496683,77.2579940259457,479.242256164551,283.711388409138,50.4652947485447,110.033811151981,28.7114484012127,10.1892950534821,1.87689304351807,0.908215761184692,135.155515164137,128.308446824551,1.61761957406998,0.534482479095459,0,3.04660493135452,0,43.3212384581566,0,53.6053016483784,0,262.712568372488,5.47183007001877,10.5670306682587,28.8005364239216,103.329589664936,47.0062381625175,282.209723800421,0,11.9828192293644,17.5321781337261,88.2128665447235,16.2803981602192,91.0135777890682,1165.79728838801,4839.45049890876,6.06841766834259,3.7305229306221,22.396231174469,246.631001025438,0,0,21.8989055156708,344.224574178457
1.91051235795021,8.52756839990616,10.0719318985939,10887.140144527,229.70910987258,615.78661313653,318.303536087275,1388.96608074009,3190.82653743029,21287.0154296458,252.351692169905,10047.8368477225,349.069936364889,567.121056228876,1278.20443800092,1.34531259536743,33.774033755064,234.438337743282,212.243533104658,0,7.39218041300774,5.74224847555161,31.6572182178497,1918.84107664227,2.44715267419815,160.769724339247,159.48259934783,2355.20694836974,480.91481333971,37.6456419527531,6.02773588895798,129.971696287394,0,198.639953970909,153.793926745653,1212.14280262589,11.2909305989742,51.243890017271,70.1887699067593,816.006872266531,255.315303117037,52.5915794074535,110.300515711308,1.71989917755127,4.29633122682571,17.227512806654,269.562489002943,18.3047592639923,3.43756249547005,0,3.61268180608749,0,1254.9075396955,91.5476581454277,112.181002169847,850.91267696023,255.815893292427,551.692774057388,2571.35586118698,0,679.734888315201,22.37792339921,33.8090370297432,210.204953193665,0,0,0,0,479.277924925089,0,6.95115035772324,0,1090.47778815031,0,0,0.89752459526062,2483.99776253104,13.4758671820164,0.712726652622223,1.1557629108429,0.664986908435822,0,44.1049310863018,6.86666783690453
133.750125825405,54.231470644474,4087.41379675269,0,221.237686485052,52.1449980139732,10191.7886517942,1363.29959082603,144.133802264929,58.3164385855198,536.377513170242,19.6864073574543,420.620678186417,1907.47269815207,327.185562670231,3728.74772182107,6188.91705781221,829.480648845434,3340.53839632869,7.39218041300774,0,462.876139521599,66643.7721804082,458.948346018791,14.1607956886292,10855.1973851025,5584.56422193348,10550.6019804776,551.103993117809,43010.7289741933,49.7254795283079,39.4866837859154,76.9817349910736,11091.3453948498,3898.07417196035,21394.7038203776,1196.42095693946,5534.36421987414,4872.50451472402,134.919403165579,230.264486640692,352.773193314672,879.458833873272,151.093355923891,40.8156398236752,124.283824115992,327.682115405798,22.2720521390438,3.33262196183205,5.72738298773766,23.0495940446854,111.0092253685,2.55181723833084,5.71203291416168,4.99177074432373,293.516406059265,40.9943932592869,17.2282752990723,17.5644232034683,0,5.50557869672775,7.47174942493439,62.4119018912315,50.4496400952339,3625.00465407968,43.423565775156,0.505670368671417,22.6269945502281,3.62253427505493,2168.69128292799,808.067738682032,1620.54144954681,1650.18135374784,5.35443371534348,61.0002193450928,1478.25134497881,2054.62032291293,128.26501005888,507.486640959978,0.981547087430954,1.74482989311218,17.2672444581985,42.5272565931082,813.317265719175
0,2694.1594671905,17.0801869630814,2.77222895622253,17.8736783564091,32.1481591463089,77.8978496789932,133.334523081779,8234.41563054919,5.14297038316727,98.4425247311592,27.6352369785309,825.12680503726,59.0771682560444,391.462388604879,7298.67783215642,20.4446289241314,18.6547940075397,34.6738745570183,5.74224847555161,462.876139521599,0,927.416851460934,16689.8685474396,2029.2337500155,67.0934875905514,10587.7421621084,1248.22916632891,24.6545768976212,15.1122485399246,5.8309314250946,15.677041888237,0,32.4432067275047,19.7823387980461,287.415304630995,46.9551577270031,35.588297277689,27.25730240345,377.919154912233,33.8466574251652,281.704331487417,403.894293308258,66.8335836231709,39.0326260328293,40.6129160523415,15.2177145183086,3.42549186944962,51.1725314855576,2.44239884614944,153.88742607832,46.2536447048187,4.20967704057693,0,2.39629706740379,103.667348086834,20.0173699259758,63.8557602763176,16.1341581344604,72.7404635548592,4.3476140499115,162.930754065514,11.2987361848354,7.64794683456421,2498.72400841117,21.6643018722534,4.06555506587029,20.2408839464188,7.5852470099926,281.500206291676,2102.68416452408,703.250428527594,550.634337067604,33.8256558179855,52.4061113595963,2637.00714355707,387.383299201727,12.6898375749588,41.4064065515995,25.9867680966854,0,0,22.7396915555,27.2009028196335
257.332534819841,87.2445988059044,50190.4916734993,0,196.323669523001,35.8761855363846,2782.18591508269,672.54658716917,190.03153643012,90.0620385706425,597.129048317671,48.0981963276863,357.096358180046,1923.70866382122,258.822187006474,9818.19596162438,16274.5698755383,816.121861159801,4065.89917615056,31.6572182178497,66643.7721804082,927.416851460934,0,734.558460205793,12.7508969008923,26615.3906548321,32368.4289645851,8761.39344367385,1364.13212010264,12170.3692070842,52.3154508769512,19.2176560461521,149.509071856737,10790.1281253994,5403.11935174465,42159.4805783629,3279.62084954977,9448.90606087446,6707.61619773507,142.360707253218,257.459029048681,434.047723829746,1496.79073646665,401.980964392424,132.964008688927,307.611563593149,247.28330218792,25.8766232728958,3.12686264514923,0.638522446155548,90.6576856374741,554.971794098616,0,7.21253854036331,2.47632241249084,187.185383617878,12.3485370278358,16.6433413624763,1.91177189350128,5.39062464237213,3.55592441558838,9.78410816192627,16.0886758863926,67.09906026721,12376.7638877332,161.17723441124,4.62273705005646,85.6782380491495,2.41741633415222,1868.81295594573,1902.9472874403,8284.46724969149,1079.03371816874,9.07376772165298,252.611403644085,9159.90674692392,1329.06521594524,31.2140803933144,300.387036263943,0.607585728168488,0,5.62027367949486,84.5278956592083,1815.71870189905
6.84508776664734,2110.95410534739,59.1952705085278,10126.563203156,208.454284727573,346.628028824925,2633.94852495193,1381.54882396758,34376.5127103627,1179.82709494233,204.575041919947,1835.9436134994,610.7229642272,485.733965814114,2976.10416650772,5104.01163691282,149.563347458839,133.055905550718,184.064976334572,1918.84107664227,458.948346018791,16689.8685474396,734.558460205793,0,904.86266079545,257.819933384657,10655.5162130296,11075.9128221273,479.291270285845,379.03783416748,3.05954596400261,116.669262647629,18.9726113677025,305.570164740086,342.277970701456,3713.39772605896,327.851636528969,270.59526064992,291.773283243179,1853.73288825154,308.531885385513,115.313569158316,2904.21963137388,150.240545123816,100.066758692265,313.588916867971,1205.14657279849,433.126500636339,38.4744888544083,35.1707247495651,122.423458456993,77.6980324089527,1042.68487295508,61.3076009750366,345.794211149216,6313.19472849369,2014.53422915936,3414.35457599163,3065.00040230155,33.720061391592,559.518117010593,72.6942703127861,703.459316372871,169.386670708656,3990.22165572643,40.9142092764378,4.6850723028183,30.4373084306717,390.487243592739,2600.26996085048,2459.36974394321,1565.01090887189,12252.613874197,22.7746470570564,72.1002778112888,1212.92926517129,17948.5723053217,540.715517222881,549.035769671202,5.97580882906914,29.1213854849339,25.9838573932648,389.637149512768,144.564837217331
0.464146852493286,4252.7804710269,1.54103624820709,0,1.88075464963913,5.87069234251976,12.3055078685284,20.405413120985,3033.13232505322,3.67896375060081,683.148952871561,8.70699003338814,9149.84914931655,13.101125895977,177.47511652112,51.9481452405453,12.6741070747375,76.9380732774734,52.4959532618523,2.44715267419815,14.1607956886292,2029.2337500155,12.7508969008923,904.86266079545,0,432.225977838039,9368.53995841742,80.4876029789448,16.4311958551407,4.17117622494698,306.517712205648,4.2331674695015,0,62.1641827523708,0.763062357902527,107.110719949007,87.7479064464569,29.2983140945435,52.4893486499786,183.770707130432,13.0273566246033,573.60648187995,45.1882111728191,389.499069929123,11.6411074995995,9.55173632502556,7.35744675993919,12.4741681814194,808.551934540272,0,502.724921226501,4.1402879357338,0,0,0,1.97922801971436,2.25862777233124,150.830564677715,2.00415554642677,1571.38590455055,1.80884781479836,4568.45348829031,5.14415797591209,13.0368247330189,3.54353016614914,5.30683261156082,21.6524354815483,9.8836544752121,1.45907917618752,1.4724352657795,89.0571687817574,3.13044428825378,49.1034818291664,1373.59922528267,183.371084958315,3468.01797652245,10.1121656298637,21.9637848734856,1.70874464511871,397.936422139406,12.3378301262856,0,256.168195664883,5.04619586467743
191.602281719446,482.974395334721,21843.3370677829,4.38257762789726,11.426641523838,200.530791372061,2505.29455943406,1267.07301932573,110.871253848076,692.435771822929,9955.94808860123,553.202800214291,1666.63990485668,2499.87510612607,18.89129114151,372.629556387663,4923.61722800136,5141.1259072423,13829.4614384472,160.769724339247,10855.1973851025,67.0934875905514,26615.3906548321,257.819933384657,432.225977838039,0,67167.1059979498,1815.57987982035,2225.14174778759,2688.38048027456,926.851694107056,427.915536254644,69.4637911915779,2329.30988119543,797.650733709335,13417.5783149302,7585.95922151208,2380.2238881588,3649.81654313207,43.2165572047234,598.423090040684,800.854687049985,3122.83433267474,2488.23236271739,301.129646599293,473.477909475565,52.4823921322823,29.0472051203251,102.608948230743,10.2831354141235,795.828579604626,892.098160505295,0.392706453800201,0,0,24.7488826811314,4.57996106147766,82.2309734523296,0,1783.12611746788,1.68906858563423,4833.62764811516,22.1416667103767,11.0881568491459,122.14207392931,830.933401614428,495.746740311384,1863.27793487906,0.520253658294678,96.9581413567066,54.3127718567848,663.873446762562,119.381016880274,726.530353158712,8343.16143101454,28925.8496293724,27.2430518269539,67.339550614357,175.506179243326,3104.63551053405,3.09839844703674,4.15211057662964,218.386730805039,484.15787422657
124.172476708889,10028.8210282624,8897.51996421814,9.62352153658867,59.7416689991951,155.996860474348,1699.32293273509,955.264646545053,7043.58425614238,469.230075210333,1023.39121368527,386.214785963297,3774.78498406708,2118.62729547918,731.17732334137,13453.3830275685,17480.6262773722,1640.73940266669,8784.5875056088,159.48259934783,5584.56422193348,10587.7421621084,32368.4289645851,10655.5162130296,9368.53995841742,67167.1059979498,0,4328.0260605365,3176.20525230467,2493.017012164,1148.41386201978,225.84026530385,150.611268311739,6677.63030014932,3584.28159666061,45004.6675331891,7749.45580422878,7200.86299107969,10649.3611546457,765.077486664057,816.927501887083,631.386983394623,14383.7844032943,4878.64408390224,1235.37858089805,2367.47556069493,384.857842236757,78.1639433801174,172.648442536592,23.9652153253555,6314.7784267962,5854.93065389991,3.09714871644974,0.85024631023407,0,501.046494394541,28.4113368093967,210.127915859222,2.52616330981255,2623.2505928576,3.95562615990639,11369.771671325,112.360030353069,67.1078510284424,9127.34914460778,2549.77670125663,780.406962782145,3455.26891995966,1.18245828151703,1207.01201508939,4180.44327163696,13741.4525856674,2609.77709370852,3299.69398605824,17051.2382766455,123074.082439259,1188.61545616388,166.768666237593,720.87244951725,6113.71010041237,3.24419647455215,26.4122778177261,911.992998942733,2312.93797892332
27.2241639792919,150.753091424704,1465.62710422277,6335.35878163576,305.637085735798,1607.0134254992,59867.9831615686,3916.2727855891,8729.51449418068,13609.1438365281,596.208471775055,1170.99899223447,1254.85405179858,1630.79784528911,1740.09989306331,883.269504010677,934.654067456722,504.545283019543,947.020926758647,2355.20694836974,10550.6019804776,1248.22916632891,8761.39344367385,11075.9128221273,80.4876029789448,1815.57987982035,4328.0260605365,0,1740.73219691217,14455.845245868,25.2167783081532,334.938491225243,218.005431741476,3703.18321058154,3335.059797436,20289.9904775321,1096.84769275784,2763.48037622869,2802.31691473722,1803.91795137525,818.480889827013,301.508899465203,2762.62335819006,106.819364756346,89.3615438640118,329.03173327446,1891.42228370905,485.647892683744,16.8663274645805,16.8569143116474,81.5989331305027,59.1235185861588,2030.3322211802,115.705213397741,421.689907699823,8255.46215364337,2314.47225245833,2837.24870315194,6048.80716452003,4.12529954314232,1120.50884330273,86.0703872442245,688.137338787317,347.363082915545,2939.04961645603,22.2134691178799,0,4.92923790216446,816.307573765516,1946.76062852144,1261.41915917397,1548.24537664652,10728.2457957864,4.60336753726006,31.1647786796093,1024.94896236062,18672.1513500512,419.52946934104,569.217148095369,0,7.72482812404633,12.2231743335724,454.136531069875,420.876155018806
7079.0290684104,32.1453796029091,233.82846224308,42.3077308833599,8.78975763916969,317.706502884626,8386.97508206964,2446.34714020789,191.172288477421,2694.74795165658,3874.64006176591,1428.68721371889,345.297050178051,12128.2799394131,54.6528342664242,39.0677597820759,3756.64375767112,4623.50139865279,6957.90620084107,480.91481333971,551.103993117809,24.6545768976212,1364.13212010264,479.291270285845,16.4311958551407,2225.14174778759,3176.20525230467,1740.73219691217,0,19599.9285339117,36.4337356984615,486.38002717495,2650.68580913544,8122.64640213549,115.236575573683,932.454472094774,253.886254787445,308.644691735506,283.426012605429,106.288068592548,707.707647591829,55.2657679915428,121.166111171246,42.6609484255314,0.907761514186859,6.62791579961777,115.677270948887,4.38734877109528,2.84240573644638,0,38.6367978751659,15.9514439105988,20.5340658128262,3.97394120693207,1.57748830318451,415.929183065891,11.3884451389313,139.553979218006,20.5667341351509,19.2607775330544,45.0422990322113,66.0942258536816,7.6617836356163,17.5862882137299,11.0062873363495,6.83144068717957,0,8.77022552490234,26.1258439421654,29.3314957618713,31.6143696904182,14.1268511712551,515.55133703351,5.11236500740051,99.8140596747398,498.981305837631,680.667424052954,0.529904007911682,4.04942783713341,48.4179068505764,0,0,29.4828204810619,17.0423309206963
9607.88198137283,20.9755036532879,846.945733040571,2.23228406906128,46.0001960098743,161.942138046026,11816.6094293594,4224.82817900181,22.7702335119247,209.406742632389,451.576877862215,122.376667827368,275.884555786848,23937.5084316432,182.23433637619,671.417580604553,13667.1873265207,650.250401869416,5368.91172340512,37.6456419527531,43010.7289741933,15.1122485399246,12170.3692070842,379.03783416748,4.17117622494698,2688.38048027456,2493.017012164,14455.845245868,19599.9285339117,0,23.7425531893969,94.8455608189106,2189.07183283567,12032.6743083298,1281.81250891089,3030.04313725233,241.716350317001,943.701480329037,1114.23383316398,137.29630202055,327.901782155037,134.436668366194,149.820087015629,44.9635018408298,5.73042070865631,19.2995287775993,90.7010926604271,5.38177251815796,0,0.658729910850525,13.7831062078476,18.0147775709629,0,1.77873170375824,0.4775710105896,48.0482861697674,7.2817442715168,10.9305047690868,0,2.8945164680481,5.43004548549652,5.79088521003723,4.1264463365078,6.20698779821396,325.785737395287,12.9391069710255,0.798052906990051,8.13890013098717,0,351.265507310629,66.1954169869423,103.156324476004,194.2652605474,2.08333486318588,55.8741351366043,277.41447815299,348.309600532055,4.62849044799805,34.2666719257832,0.472237884998322,0.520010650157928,0,6.07171559333801,124.98585948348
