0,0.980007201433182,123.066948592663,4.4080813229084,7.13347852230072,126.387429475784,2085.65321585536,5211.01844236255,17.8804114758968,149.308257162571,112.052448093891,37.9807403087616,5.73878791928291,11465.0009400249,6.90146154165268,5.68094158172607,1338.78324326873,98.3549599051476,181.993005365133,9.15778082609177,231.061434328556,15.3848557174206,558.008589684963,84.5726043581963,0.972427994012833,173.544769912958,173.869031250477,143.397558420897,10664.3226041198,18191.7652862072,1.33281618356705,101.536343455315,37.7742725610733,551.068201333284,51.8212566673756,332.501586705446,42.9125432670116,324.419707298279,91.7539876699448,72.7511523962021,66.5829676389694,39.1403818428516,25.34051451087,4.45521357655525,6.32080146670341,0.559053480625153,9.25747108459473,4.81970706582069,0.514152526855469,0,0.984899342060089,4.30973008275032,0,0,0.519985437393188,10.3314437866211,1.19773328304291,3.47869944572449,1.37062776088715,0.599434852600098,0.991861999034882,0,3.01657527685165,0.898469090461731,29.4396631121635,4.89667209982872,0,0.999347656965256,0,20.3391006290913,6.62456971406937,13.7416033744812,59.2130634784698,0,9.72302928566933,14.9245163500309,39.8586491942406,1.12165427207947,3.14794057607651,0,0,0,6.66411128640175,3.81865882873535
0.980007201433182,0,82.8606052100658,0,0,0,7.9544649720192,11.1638154387474,2853.70138597488,0.673793375492096,36.6922831535339,2.29523837566376,532.216951727867,6.13870060443878,3.99104338884354,847.403500944376,59.4739117026329,3.57187008857727,10.7144849002361,0,63.7683177292347,5477.57971078157,153.364610046148,2935.4738933444,4325.68656995893,148.4693621099,21669.4408391416,139.377027660608,13.2694044411182,48.4609704613686,66.7842371463776,1.23957324028015,0.649504244327545,36.0126293599606,31.6874129772186,120.315806150436,78.7874957919121,64.9565124809742,18.9855278134346,18.4255447685719,2.44068366289139,60.6359829008579,510.484118252993,103.970521092415,196.823687791824,76.2941365838051,11.6699103713036,8.53532683849335,4.69112026691437,1.702716588974,1522.45373404026,527.679089486599,4.80582901835442,0,0,11.7845945358276,3.34919014573097,21.2709924280643,2.96428275108337,34.7998939454556,7.59513613581657,44.1363726258278,3.66057461500168,0,89.9594295918941,538.978238344193,19.0830833911896,114.161424666643,1.97434666752815,32.9567518830299,489.192692279816,394.391344279051,212.444463074207,71.9440480470657,513.664612054825,9515.30744713545,75.3964250385761,5.60404008626938,29.5112649202347,51.7628919184208,0,0,131.629629164934,66.7148578464985
123.066948592663,82.8606052100658,0,2.27132278680801,10.3408198654652,60.2937175631523,571.690755009651,613.413377314806,20.733468413353,85.6755540370941,871.470933198929,29.4460487663746,31.759593218565,679.294126629829,5.9260738492012,46.3287955224514,27110.4540656507,816.146444380283,1909.46039956808,14.3411418199539,3335.40658643842,211.264224141836,61473.7510603666,104.336146116257,1.68101695179939,43913.2673856616,14215.2926171124,449.603697657585,544.364574730396,1941.07378217578,39.3697528839111,186.331951230764,28.4380363821983,4792.03329110146,1026.44457608461,9774.76882585883,6047.03666207194,5367.07814130187,3189.31196042895,96.083610445261,211.957082629204,250.601022541523,1564.67681697011,305.760095596313,731.885739326477,269.707216113806,45.368625164032,46.9723157584667,7.171899497509,0,105.308869838715,3167.38988789916,1.24678331613541,1.00310826301575,0,38.8247221410275,16.7704952955246,5.47225043177605,1.79709467291832,17.9824025034904,9.96352508664131,2.43621143698692,44.5409959256649,0,81.9947658479214,3246.36923199892,89.7652129232883,324.329321235418,1.99956491589546,99.9686735272408,47.0965168476105,1716.41047307849,149.377851486206,3.74379405379295,1069.37216591835,9715.82947343588,115.047275990248,11.5245861113071,99.532418936491,6.33314833045006,0.559117674827576,3.61562103033066,642.175254285336,629.651020407677
4.4080813229084,0,2.27132278680801,0,37.5777896642685,286.198675662279,281.628276079893,187.284993737936,2937.68785658479,13179.7249898314,23.6208829283714,7868.04094719887,1.88105851411819,60.1136799156666,521.242470920086,0,1.86129620671272,7.26593545079231,4.11522859334946,31991.5929439962,3.63350555300713,0,0.533458948135376,2716.52954918146,0,9.6750251352787,3.80563551187515,7910.45955336094,209.180318176746,2.57807546854019,0.361925959587097,14.1495625078678,15.0405097901821,162.285548478365,153.01782053709,1204.89675813913,5.17647433280945,103.716188490391,17.8692840635777,929.349676132202,175.826563477516,82.1990683376789,206.342005342245,0.928738713264465,35.1581763029099,2.44912314414978,802.951487928629,49.6083788275719,11.5974561572075,0.879359245300293,0,0,1245.06976556778,19.7552377581596,105.412910580635,405.101645201445,200.531207382679,327.750974476337,699.577942162752,3.08081248402596,1224.62046638131,0.455649852752686,107.594948142767,346.878753393888,2.82477143406868,0,4.23657089471817,0,934.199175328016,0,0,3.71390706300735,2297.30097174644,0,5.8223625421524,3.99409767985344,2134.66521927714,28.6320748031139,9.48951238393784,0,3.55898922681808,0,120.289254397154,24.6268464326859
7.13347852230072,0,10.3408198654652,37.5777896642685,0,1983.19151580334,155.126270085573,79.0861821472645,93.3718755841255,431.200908064842,4.52800226211548,781.736373066902,1.49181616306305,18.0030518770218,4239.02066099644,33.0453769564629,23.7719573974609,0.609269499778748,3.00108993053436,51.6955805718899,553.820724874735,2.81031921505928,515.846725404263,310.730779975653,0,1.91886502504349,19.9704613089561,239.14061948657,30.9026834070683,233.760119646788,0,337.72137928009,1.41561555862427,550.325164407492,598.972214102745,290.235767573118,16.6681765913963,48.6739630103111,44.1042216420174,18525.9898921847,3825.46523532271,55.1784191131592,18.2069833874702,9.68228995800018,8.49436110258102,2.33245253562927,32.667246222496,1.39102959632874,2.60258513689041,0,0,1.13141179084778,9.86787736415863,0,0,15.6508006155491,2.78767278790474,2.84785145521164,4.88673606514931,0,19.0031712949276,0,2.84758394956589,11.6650564670563,11.2473987340927,0,3.56601333618164,1.45419275760651,3.34840977191925,3.19912105798721,1.60893684625626,10.6874567568302,30.5383577346802,0,1.61646616458893,8.93780079483986,26.0355220735073,0,1.53389239311218,0,0,0,0,447.148778736591
126.387429475784,0,60.2937175631523,286.198675662279,1983.19151580334,0,3395.85093906522,11803.0822386444,123.97972869873,32368.5746944845,125.600110173225,8576.29454693198,11.102224111557,1603.17965903878,3511.32834950089,0.597902894020081,202.932332336903,37.9522115886211,36.21422290802,1012.08295109868,72.6658479869366,3.67135119438171,98.5082427561283,294.731480419636,0.654292464256287,73.8084286600351,71.0912395715714,1097.95673874021,265.110906720161,660.628509432077,0.812072664499283,450.355773061514,2.5704317688942,451.490850806236,1872.70003834367,1652.79727399349,54.2073828577995,255.554752767086,174.514043658972,6975.69118127227,3798.25104302168,391.218278557062,109.970838755369,9.54834377765656,19.5808478593826,2.38460183143616,184.600372970104,8.25339025259018,18.1440119147301,0,0,0.356931537389755,73.9572641849518,2.5857557952404,8.74931943416595,103.259892821312,18.4407630562782,26.3512585759163,39.8836879432201,1.74671387672424,109.506512105465,0,22.4354674220085,55.8591402769089,18.8852939605713,0.426634281873703,0,0.600771069526672,16.0714820325375,11.7724221944809,2.66150251030922,6.06647190451622,291.451988816261,0,0.690963327884674,11.6379041671753,244.270065575838,7.53156408667564,15.2237658500671,0,0,1.95440059900284,20.800222992897,216.185983181
2085.65321585536,7.9544649720192,571.690755009651,281.628276079893,155.126270085573,3395.85093906522,0,12620.3407718241,864.169626116753,22826.6485365629,571.589908599854,238.764738619328,45.0725392699242,24723.8581515998,441.992046564817,10.0503167808056,558.954437494278,189.807200372219,172.698833972216,255.108720213175,7792.32247456908,25.3333769738674,1673.37259367108,1240.99181887507,3.39199870824814,470.439946889877,464.732822656631,36509.9424445331,6277.55268663168,8147.44661948085,9.24614080786705,440.085527867079,618.96826711297,3388.42083281279,2509.84378132224,9727.57462072372,356.594877392054,2486.21283641458,446.091069072485,2349.61713978648,2321.51671147346,1003.85518959165,748.860163450241,19.2702870965004,85.8655875325203,34.0863576233387,490.962452709675,135.000789999962,39.8368644416332,2.90750193595886,1.68344536423683,12.5870032906532,272.554223865271,3.7182440161705,30.6726067662239,976.232845157385,176.692940860987,154.579347759485,172.798292636871,6.93537110090256,187.044029265642,0,188.96678212285,94.4132595360279,55.8031316399574,22.5236254036427,0,1.8641365468502,70.3649115264416,31.1266015768051,21.6792930960655,60.2410406768322,1597.14973196387,0.719569683074951,4.1877629160881,112.728213995695,1780.66155409813,69.5109822154045,42.793617606163,0,1.85720789432526,3.26301082968712,227.937688171864,284.070166140795
5211.01844236255,11.1638154387474,613.413377314806,187.284993737936,79.0861821472645,11803.0822386444,12620.3407718241,0,145.535423159599,20457.707631588,610.595985800028,3147.9743219316,29.242660343647,45771.9076368362,136.207345753908,9.60844406485558,2855.14531260729,372.756796061993,523.007499098778,1066.16118875146,715.642429590225,40.2675915360451,1393.68726149201,441.902794539928,2.53828904032707,702.586788967252,748.330685824156,1321.86527296901,5134.95322549343,11329.5610923171,12.3958613574505,1173.63317586482,53.0743367373943,1972.82738298178,661.676376312971,2455.41679111123,196.661272972822,1140.75499325991,475.634893923998,3533.77707511187,916.901789844036,610.94614520669,252.857675135136,14.383407831192,32.8276518881321,3.19286960363388,191.993677020073,24.0440089404583,20.1949336528778,0.33026334643364,0.585498511791229,16.624429166317,56.1984362602234,2.52546575665474,4.33854025602341,216.886714339256,27.1441719532013,30.3044964671135,37.6544625461102,1.24333822727203,55.9116003215313,1.56266438961029,28.6867426335812,35.673373401165,73.1733535677195,14.815102159977,1.63466623425484,2.03846457600594,19.6370802521706,58.6961087286472,21.4737385809422,39.848092764616,538.825655683875,0.952017664909363,10.5615599155426,83.9130253791809,500.1791741997,17.0318534970284,30.28184902668,0.46793606877327,1.90648353099823,3.19065275788307,50.2536053955555,63.2753870487213
17.8804114758968,2853.70138597488,20.733468413353,2937.68785658479,93.3718755841255,123.97972869873,864.169626116753,145.535423159599,0,1639.09208402038,26.8966214060783,2511.26317870617,252.287880569696,92.29618242383,1155.96719059348,741.227634221315,26.2186674773693,3.09045535326004,5.85468113422394,1049.58967897296,466.060469865799,16638.8313342631,392.074033439159,42186.9196199477,3239.30394405127,57.5355145037174,3490.84926190972,9677.55850148201,227.308203279972,743.002847105265,53.1432855427265,19.6629016697407,53.8626185059547,158.482420533895,280.057819485664,1944.05250629783,66.6319176256657,240.460328698158,44.4848375320435,778.948997825384,195.423922479153,163.882891595364,824.058334589005,29.8555334806442,129.609089046717,29.2235624492168,454.531130820513,109.408360540867,34.5223188996315,17.2534872889519,37.295981913805,26.0715476870537,1003.15884500742,21.6008059382439,59.5503682494164,1384.38633531332,295.178064674139,2020.63127163053,497.058628290892,27.6609781980515,252.846448779106,23.7741613388062,295.542246460915,218.423919886351,3788.9490198493,10.3598632216454,26.6335837244987,12.2350763380527,242.895617872477,236.393241524696,1771.25919753313,889.744945198298,7327.65664026141,40.2480760812759,86.53243252635,1085.57442420721,4301.65231442451,190.471850216389,210.569442123175,27.2506872117519,4.88042676448822,27.9081402719021,180.389682382345,178.32268717885
149.308257162571,0.673793375492096,85.6755540370941,13179.7249898314,431.200908064842,32368.5746944845,22826.6485365629,20457.707631588,1639.09208402038,0,825.68692484498,8364.39251762629,62.502366900444,4291.643423751,1943.06148952246,2.97010314464569,89.4331186711788,210.83787560463,165.916721433401,12267.1244946718,57.81173568964,12.2365652620792,76.1432807445526,4580.38093158603,3.30420136451721,352.385156065226,184.245447903872,16315.5713990629,2333.34151858091,238.325575351715,11.9101246893406,870.30715161562,46.6132254004478,3168.03529256582,1846.90844929218,7247.25961500406,146.762787938118,1326.6154704392,280.257140696049,5192.35614901781,2151.18906411529,1110.96495881677,401.795516431332,16.8699510395527,48.0188719332218,17.7209217846394,1164.94530567527,62.2122237682343,30.6851969957352,1.58756411075592,0,1.2886711359024,1124.64705479145,16.2243698835373,86.461132735014,531.335847198963,175.710050821304,308.198853135109,421.188477545977,2.54092189669609,1000.02380338311,3.58759036660194,80.0184518098831,437.716828584671,14.7239440083504,0.878498196601868,0.949820816516876,0,267.02903047204,4.0151706635952,4.01026889681816,4.74992460012436,2390.93459162116,2.61605536937714,2.21598491072655,7.10387033224106,2067.2083697319,21.0649484395981,13.5442602038383,0.290267914533615,0.458185583353043,0.647928535938263,126.00004696846,205.470466226339
112.052448093891,36.6922831535339,871.470933198929,23.6208829283714,4.52800226211548,125.600110173225,571.589908599854,610.595985800028,26.8966214060783,825.68692484498,0,369.561225324869,10434.2883628905,466.703863203526,8.83654290437698,17.064988732338,2549.05803915858,14555.9079319537,2486.58502784371,119.643134742975,170.104409724474,37.393949598074,1083.60982477665,90.0832181274891,764.425346463919,9712.70926576853,2481.75991499424,161.74705144763,1362.50740379095,325.352058857679,1096.98879233003,991.759432941675,62.8152853250504,13871.4169727564,261.535151153803,1938.82875907421,3829.33990621567,11058.3279455006,1020.37887641788,670.492846161127,123.465442031622,4149.56713086367,59.0553127527237,82.1780627071857,130.450596183538,8.91664433479309,27.2170494496822,0.465506047010422,274.821330755949,0,151.952042192221,44.0534434020519,1.82303205132484,0,1.98661088943481,20.4998711645603,2.14140036702156,42.1343218684196,0,2922.79748678207,7.21526154875755,3465.4307526648,13.6422002911568,1.07362139225006,32.8518740832806,37.7350255250931,62.875729739666,17.0693021714687,1.88782095909119,2.52013689279556,23.721680700779,45.0900882184505,59.0956556499004,977.600854337215,709.886573821306,1101.60210832953,18.163270264864,5.53744694590569,1.87334987521172,1826.316147089,2.1209856569767,0,80.1974107027054,64.3201413154602
37.9807403087616,2.29523837566376,29.4460487663746,7868.04094719887,781.736373066902,8576.29454693198,238.764738619328,3147.9743219316,2511.26317870617,8364.39251762629,369.561225324869,0,27.8273203372955,489.57755407691,6334.31973013282,0,46.394522279501,88.1431161761284,59.8090734779835,18310.0129353702,9.0485232770443,9.21916946768761,17.4179166853428,2101.71657267213,4.2729457616806,162.441787272692,97.704593449831,1741.61661472917,493.636050313711,42.0837111771107,6.329838514328,375.376758992672,3.70537084341049,1029.43639200926,589.472030103207,1901.1869519949,50.7517425715923,395.656984269619,91.0495837926865,5833.28166088462,713.995814114809,506.648892581463,201.452244013548,8.35461363196373,28.3352038562298,3.46047729253769,1309.57186996937,30.574002802372,23.8824591636658,0.707892894744873,0,1.20910257101059,913.775347948074,37.6745403110981,172.547957152128,179.896013170481,172.970480650663,328.099944412708,599.449364751577,7.20977991819382,3841.63207945228,0.508598268032074,111.945711404085,560.310524940491,10.4614203572273,0,8.46094328165054,2.61717629432678,648.922851920128,4.51759758591652,6.36135822534561,4.17382502555847,1399.15265524387,0.548002183437347,10.076940536499,4.51439973711967,1059.26604136825,28.3373994231224,9.89998602867126,1.04199948906898,7.53593367338181,1.45261558890343,62.4774220585823,117.624856114388
5.73878791928291,532.216951727867,31.759593218565,1.88105851411819,1.49181616306305,11.102224111557,45.0725392699242,29.242660343647,252.287880569696,62.502366900444,10434.2883628905,27.8273203372955,0,15.9907273054123,2.37432110309601,64.693868458271,21.2246556282043,38.479157269001,2.66632920503616,10.0297259390354,39.3655542731285,271.594467639923,58.1788803935051,182.932169318199,8339.03127279878,1828.38941124082,3069.06861409545,44.8575376272202,43.3334558010101,20.788976162672,2821.74732705951,23.0316542088985,0,670.199781119823,35.7225407660007,362.981698602438,2099.45369485021,2910.26035949588,65.3780841827393,87.5831854641438,20.597914814949,12389.5455868542,45.7551018297672,186.049520283937,300.725742220879,10.4045273661613,34.7385417222977,1.29139080643654,556.70565572381,0,356.178061932325,2.99346736073494,2.89104196429253,0,0.334546118974686,1.85496547818184,10.3704281151295,78.0194253623486,4.21333372592926,7054.41342318058,10.6490753591061,9044.26491844654,25.5763265490532,0,20.835118830204,3.80252116918564,185.308126121759,12.0777391195297,1.19657477736473,4.16456586122513,58.7162276506424,4.22324436903,82.9663734734058,4261.91112497449,2983.5766544342,4552.90573245287,13.5331897139549,23.5148963034153,0.572405815124512,5922.70961901546,23.5098422169685,0,137.804744035006,8.92558056116104
11465.0009400249,6.13870060443878,679.294126629829,60.1136799156666,18.0030518770218,1603.17965903878,24723.8581515998,45771.9076368362,92.29618242383,4291.643423751,466.703863203526,489.57755407691,15.9907273054123,0,43.4514538049698,12.1802663803101,3504.63436439633,333.661676228046,533.8691367805,256.772799283266,1041.58031749725,44.1842285394669,2006.50089246035,269.961244374514,4.90800526738167,686.613185882568,678.941073894501,851.531057775021,22504.2412769794,28502.6794071794,3.62930703163147,872.372208118439,132.30886054039,1825.59340852499,219.408114165068,1217.88664540648,196.145937621593,1028.59459772706,311.884335368872,588.96776008606,350.683995380998,171.222785562277,163.819265782833,6.56318095326424,20.6304212808609,0,98.0086257755756,20.0763408243656,5.09488913416862,0.623580515384674,2.92027539014816,26.7659485638142,26.8886337578297,0,2.21052837371826,128.631090700626,22.6424775123596,23.5249111056328,15.5428873896599,1.177077293396,22.3557991087437,0.920582115650177,25.1973352134228,8.71646478772163,60.6924460828304,18.2418000102043,0,2.89782619476318,12.938606262207,50.183645516634,24.8662433028221,47.9375221431255,324.238476008177,0,14.3626561760902,106.157479256392,319.376311182976,17.2122746407986,16.6145310103893,0,0,4.63639751076698,36.3974648714066,36.106524258852
6.90146154165268,3.99104338884354,5.9260738492012,521.242470920086,4239.02066099644,3511.32834950089,441.992046564817,136.207345753908,1155.96719059348,1943.06148952246,8.83654290437698,6334.31973013282,2.37432110309601,43.4514538049698,0,9.53133362531662,28.0006129145622,1.51210922002792,2.91507053375244,573.821602612734,455.987482488155,5.392369389534,232.096683651209,3293.3969026804,9.80194348096848,5.62908872961998,20.8231511414051,821.053916454315,69.0731125771999,336.744961947203,0.877741634845734,137.967969059944,7.2976401746273,70.4051689207554,824.729985028505,208.614220559597,17.6406233906746,132.467390567064,59.030173689127,14084.6477119923,797.67004263401,55.9790581464767,34.1123390197754,11.9276346862316,11.7456622123718,11.6545978784561,168.276526212692,3.48371130228043,0,0,0,0,50.3686830401421,7.19236665964127,10.443973004818,34.5721580386162,8.82532224059105,26.34213078022,29.1633277237415,0,148.616877496243,0,9.78125396370888,56.0499834120274,10.0123862624168,1.55041670799255,5.39563024044037,0,24.2075155675411,3.24636685848236,2.16705816984177,22.8057743310928,163.769702464342,0,5.58302879333496,14.4640239775181,93.2987286150455,3.3303427696228,5.54463636875153,0,0,0,9.03345507383347,432.015300005674
5.68094158172607,847.403500944376,46.3287955224514,0,33.0453769564629,0.597902894020081,10.0503167808056,9.60844406485558,741.227634221315,2.97010314464569,17.064988732338,0,64.693868458271,12.1802663803101,9.53133362531662,0,80.2518238127232,9.2135756611824,9.56838256120682,0,8628.83680287004,8852.04571822286,11216.5598061085,4170.03431332111,590.618610441685,68.6856579780579,10005.9112080336,1967.15618640184,70.747723698616,116.236317664385,7.50203728675842,2.73740565776825,38.5820018649101,96.8061898350716,342.794843107462,4147.79695534706,1273.58631581068,383.132891565561,222.46458542347,30.7284613549709,35.7539494037628,392.751939147711,348.602977752686,103.89801555872,99.0364457368851,31.5534289181232,97.485825240612,23.6689245402813,90.0528934597969,4.32768335938454,55.6884635388851,86.9264128506184,3.1992654800415,2.71157276630402,0,50.8185950517654,21.143499404192,93.3185616731644,0.532339632511139,5.79445400834084,6.72760397195816,2.47623920440674,37.5536924004555,12.2783145308495,10586.3872720301,61.7613811790943,1.66630297899246,7.71893674135208,0.530667960643768,664.269880771637,1154.32195830345,5848.01199924946,842.738482385874,7.62596851587296,54.1526693701744,2315.02484247088,415.266119241714,75.1069555878639,122.353647083044,2.03236892819405,0,20.2477504611015,93.3905356824398,103.311523705721
1338.78324326873,59.4739117026329,27110.4540656507,1.86129620671272,23.7719573974609,202.932332336903,558.954437494278,2855.14531260729,26.2186674773693,89.4331186711788,2549.05803915858,46.394522279501,21.2246556282043,3504.63436439633,28.0006129145622,80.2518238127232,0,3434.69356918335,8104.54641193151,18.1902686953545,3466.67619365454,91.6030297279358,24748.2336678803,107.033355683088,6.52135309576988,7236.21962687373,17704.8531150967,258.210960626602,4302.73496630788,8840.79401013255,24.7268837690353,300.895067304373,719.161000162363,7408.61195108294,419.294866651297,3860.53096976876,4153.71005874872,3253.86078670621,1084.67033693194,154.537206381559,228.733148723841,166.140774309635,385.98266929388,90.1050971150398,186.369892209768,75.1589416265488,24.93239107728,21.5738902390003,8.17173308134079,0,45.9734470844269,1043.45319753885,1.16836392879486,0.462456703186035,0,19.7959197163582,5.02916550636292,8.53309047222137,2.09585466980934,4.83746844530106,2.10139295458794,2.78342735767365,8.73280948400497,0.37210488319397,93.6675906479359,845.288250297308,29.1153269410133,252.323730379343,0.396288454532623,29.9232151806355,22.8061030209064,396.622354716063,90.7026276290417,3.16704529523849,762.355215191841,3062.570497334,41.1681481301785,2.94384589791298,43.3289284408092,5.68407645821571,0.931542575359344,0.798191547393799,187.015124887228,153.357365727425
98.3549599051476,3.57187008857727,816.146444380283,7.26593545079231,0.609269499778748,37.9522115886211,189.807200372219,372.756796061993,3.09045535326004,210.83787560463,14555.9079319537,88.1431161761284,38.479157269001,333.661676228046,1.51210922002792,9.2135756611824,3434.69356918335,0,7018.36177361012,41.6053242683411,172.149353057146,10.6237274706364,956.21505266428,30.6458460986614,3.22620505094528,8757.11687627435,1428.72018364072,59.2336305975914,761.215733021498,301.526127964258,19.971282184124,415.457305401564,38.6096833050251,4007.65066051483,304.799420893192,2280.65794244409,3881.95711767673,3391.46025240421,1544.73533019423,183.135799229145,65.9983115196228,86.6719282567501,25.1594220399857,18.3215799629688,12.0954815149307,10.4765282571316,1.76191604137421,0.64175546169281,3.56973233819008,0,9.19845402240753,79.9395500123501,0,0,0,0,0.483605533838272,3.28629031777382,0,55.2974126040936,2.22363939881325,58.5507641434669,1.65765517950058,0,7.49882259964943,49.8392423093319,15.8465660214424,32.9325672388077,0,1.06883281469345,3.80452460050583,26.039602458477,0.414133161306381,10.262560904026,388.213455319405,437.82975935936,0,0,2.6695828139782,135.888427913189,0,0,13.3842530846596,82.8718330562115
181.993005365133,10.7144849002361,1909.46039956808,4.11522859334946,3.00108993053436,36.21422290802,172.698833972216,523.007499098778,5.85468113422394,165.916721433401,2486.58502784371,59.8090734779835,2.66632920503616,533.8691367805,2.91507053375244,9.56838256120682,8104.54641193151,7018.36177361012,0,25.325984030962,345.862060278654,16.3828496336937,1716.88918963075,26.6226984262466,3.4224981367588,8180.73378077149,3084.36987227201,75.9312938153744,1018.56827721,694.130411624908,5.70022070407867,361.300860315561,88.0752006471157,5380.66324490309,337.236593931913,2959.68215438724,3254.21451702714,3231.55970028043,1571.56158724427,124.16948479414,53.2990249693394,88.5009207725525,65.3340653479099,31.9635232388973,51.0760908126831,19.5547016263008,1.37676283717155,2.08965906500816,1.67683413624763,0,29.302925825119,247.328654110432,0,1.74251985549927,0.33045494556427,0.408729821443558,0,0.395831316709518,0,12.7628584206104,2.09716773033142,9.19980189204216,0.587805092334747,0.483034133911133,15.5686088204384,144.113465309143,35.3764797449112,136.001632481813,0.521155118942261,3.86926934123039,0.814815402030945,36.7029919326305,3.12615248560905,7.61459577083588,805.051467627287,1196.30759325624,3.848483979702,0,7.24580854177475,38.7900145351887,0,0,49.5700759887695,93.277867436409
9.15778082609177,0,14.3411418199539,31991.5929439962,51.6955805718899,1012.08295109868,255.108720213175,1066.16118875146,1049.58967897296,12267.1244946718,119.643134742975,18310.0129353702,10.0297259390354,256.772799283266,573.821602612734,0,18.1902686953545,41.6053242683411,25.325984030962,0,1.83683547377586,1.29418843984604,8.39365029335022,1767.44445633888,0,52.6381115615368,25.2672883868217,1996.35579445958,280.674471974373,16.7388301193714,1.8781036734581,124.320336908102,2.83781576156616,445.688552886248,145.645112276077,1127.29186117649,26.7230036258698,191.955435246229,49.570279955864,1162.34509831667,352.157615691423,230.624243855476,96.4657998979092,3.74958729743958,11.8867719173431,4.15213251113892,418.616207361221,26.0842384696007,5.23782861232758,0,0,0,652.795511215925,10.5661781728268,47.4707561135292,139.2219620049,74.690151154995,170.193310260773,224.384086042643,0.551944971084595,1575.20059335232,0,50.8254843056202,200.702574104071,1.63727080821991,0,0,0,134.221116632223,4.52599585056305,0.581100046634674,0,955.350436925888,0,0.349101185798645,2.40348923206329,852.856708049774,13.0739406943321,3.67836230993271,0,0.759223520755768,0,40.1540460288525,16.7970649003983
231.061434328556,63.7683177292347,3335.40658643842,3.63350555300713,553.820724874735,72.6658479869366,7792.32247456908,715.642429590225,466.060469865799,57.81173568964,170.104409724474,9.0485232770443,39.3655542731285,1041.58031749725,455.987482488155,8628.83680287004,3466.67619365454,172.149353057146,345.862060278654,1.83683547377586,0,1008.16346079111,59614.6914856732,4109.64172708988,55.2978785336018,799.229999214411,2429.16067427397,50648.4606176913,1363.61558815837,31337.788362056,9.10612750053406,32.0048891603947,511.656478106976,9965.15994429588,5032.6197181046,24361.3914441764,3151.18657442927,14189.7127177417,4044.88333430886,498.191081166267,1112.4939584136,1912.44136098027,721.482834786177,122.061714529991,147.740889936686,50.7500535547733,344.264736205339,58.801333963871,135.555093795061,13.5454608500004,11.3552975654602,63.5450738668442,42.8539702296257,4.78339228034019,5.03407108783722,265.608003377914,75.5578679740429,215.49108594656,9.96946889162064,2.50245985388756,17.6001574993134,0,150.327455967665,44.1138353943825,3657.36643463373,84.1852108836174,11.6735980212688,7.54186010360718,4.04197573661804,876.145190745592,490.264194816351,1884.47196266055,2069.10767510533,1.9798538684845,33.2671722173691,946.985432267189,1147.35893404484,226.567686915398,230.592455804348,1.37552440166473,4.53990665078163,44.2744877934456,190.381349593401,1258.26622992754
15.3848557174206,5477.57971078157,211.264224141836,0,2.81031921505928,3.67135119438171,25.3333769738674,40.2675915360451,16638.8313342631,12.2365652620792,37.393949598074,9.21916946768761,271.594467639923,44.1842285394669,5.392369389534,8852.04571822286,91.6030297279358,10.6237274706364,16.3828496336937,1.29418843984604,1008.16346079111,0,2473.53871312737,23817.4275316596,3004.02988246083,68.4418157339096,22530.5860547721,1148.59518194199,94.383299022913,276.381987154484,23.7749546170235,10.6429428160191,5.7397381067276,153.624890595675,74.5230389237404,661.561543405056,557.180368185043,303.316341996193,58.2195481956005,62.123422652483,24.0546432435513,64.7347376048565,509.607465267181,120.736339151859,183.288538008928,38.1698153316975,60.4847545921803,18.9420076012611,14.5647010207176,4.80331772565842,90.8362838029861,161.179776072502,16.5928680300713,3.13415315747261,0.500673711299896,43.7736149430275,9.51186579465866,387.968279421329,4.52906027436256,12.7130604684353,2.13290184736252,13.7228880524635,26.8748955726624,18.5760757923126,3119.60165977478,134.26460558176,7.22928869724274,9.61365547776222,0.641081154346466,233.347953140736,1127.73286792636,1942.7832390368,1354.49646997452,28.6482760906219,87.6067240834236,6585.36268684268,231.663348406553,63.3527100980282,81.2069860696793,13.6031535565853,0,13.5282572209835,84.4874108433723,94.6564387381077
558.008589684963,153.364610046148,61473.7510603666,0.533458948135376,515.846725404263,98.5082427561283,1673.37259367108,1393.68726149201,392.074033439159,76.1432807445526,1083.60982477665,17.4179166853428,58.1788803935051,2006.50089246035,232.096683651209,11216.5598061085,24748.2336678803,956.21505266428,1716.88918963075,8.39365029335022,59614.6914856732,2473.53871312737,0,2193.72273641825,61.160049021244,6557.68367651105,40126.6884241402,3689.79511481524,2010.53456798196,19773.6572059691,24.1827642023563,197.960989952087,475.820298880339,14794.38500911,7434.14255210757,62959.0684426129,22435.113250494,26847.4629976749,13826.909311384,557.498101323843,1811.24058902264,2333.64002835751,1251.34558406472,578.101680278778,569.040884941816,205.211270540953,165.138255655766,45.1869248151779,360.103424787521,5.68627482652664,69.8825490176678,545.347829520702,17.9065366983414,3.92017221450806,1.14082044363022,154.466803997755,46.0651423931122,75.9579991102219,1.81567138433456,9.71516993641853,5.45782223343849,4.02837219834328,111.513954669237,21.5170833468437,11849.5371983349,630.147441625595,36.8863689005375,66.289269387722,6.55109924077988,885.02823844552,957.920362174511,13745.2193975151,876.835072815418,8.75914019346237,217.312454342842,10947.6056262851,608.617955833673,90.238854855299,244.392387032509,2.52081295847893,1.48235690593719,20.6915036141872,342.159230738878,3299.68336087465
84.5726043581963,2935.4738933444,104.336146116257,2716.52954918146,310.730779975653,294.731480419636,1240.99181887507,441.902794539928,42186.9196199477,4580.38093158603,90.0832181274891,2101.71657267213,182.932169318199,269.961244374514,3293.3969026804,4170.03431332111,107.033355683088,30.6458460986614,26.6226984262466,1767.44445633888,4109.64172708988,23817.4275316596,2193.72273641825,0,2064.41003805399,109.92853012681,4803.03131508827,25850.7379412055,743.697322458029,1846.93480166793,26.3881561756134,59.8344256877899,195.106889754534,439.552381187677,1224.92024919391,8207.32538041472,684.576819121838,835.598446249962,221.432592302561,3059.6455860734,446.11798787117,923.258226752281,2881.11170735955,105.925292044878,475.161568760872,77.2178355455399,2002.49017012119,407.784523397684,142.760451346636,45.5080531835556,38.0644231140614,50.3501394689083,1390.84578332305,31.5214222669601,170.551552414894,3605.11974298954,863.916009902954,2288.11898398399,853.368783712387,42.4798588752747,926.153108388186,16.6767461597919,803.759375035763,568.702454328537,3722.51895606518,31.8438328206539,17.5450023114681,7.47357502579689,439.832209438086,866.76160466671,1167.54077222943,2007.16297209263,11113.5039449334,34.5271778106689,41.0906724631786,1238.59552574158,8616.96658194065,499.902190595865,450.545057654381,5.19407388567924,38.5723363757133,73.950469404459,725.453537076712,430.114577740431
0.972427994012833,4325.68656995893,1.68101695179939,0,0,0.654292464256287,3.39199870824814,2.53828904032707,3239.30394405127,3.30420136451721,764.425346463919,4.2729457616806,8339.03127279878,4.90800526738167,9.80194348096848,590.618610441685,6.52135309576988,3.22620505094528,3.4224981367588,0,55.2978785336018,3004.02988246083,61.160049021244,2064.41003805399,0,402.135617047548,6074.60215529799,157.093204170465,10.5414603948593,34.0450991094112,302.153108894825,0.525251626968384,0.447341799736023,27.4218978285789,0.521306216716766,38.6141185164452,49.0751266777515,242.059747338295,5.54486632347107,23.6428548395634,3.41395497322083,450.681612670422,41.7100439071655,70.8756254911423,118.299788683653,6.30722486972809,1.48146706819534,0,72.3292386829853,0,1152.28268951178,12.8731426596642,2.12099829316139,0,0,1.41712734103203,3.81867489218712,34.6570125222206,1.28394404053688,835.457023799419,2.05486139655113,1433.14067846537,7.6270923614502,1.87615740299225,4.38707056641579,7.6295213997364,51.9681676626205,35.777529001236,0.898238301277161,0,21.738085091114,7.20847898721695,73.8670500814915,3467.56915423274,2284.8398257494,6019.75214576721,10.9501276612282,1.48340141773224,5.8890575170517,915.392332792282,1.06370496749878,0,32.7176976799965,1.19229519367218
173.544769912958,148.4693621099,43913.2673856616,9.6750251352787,1.91886502504349,73.8084286600351,470.439946889877,702.586788967252,57.5355145037174,352.385156065226,9712.70926576853,162.441787272692,1828.38941124082,686.613185882568,5.62908872961998,68.6856579780579,7236.21962687373,8757.11687627435,8180.73378077149,52.6381115615368,799.229999214411,68.4418157339096,6557.68367651105,109.92853012681,402.135617047548,0,28140.5635532141,170.112676173449,1104.76841187477,1060.498054564,1139.86340123415,518.625923901796,48.323058784008,4991.40127205849,961.590384662151,10894.3630241156,26454.6259716451,9946.75869724154,4538.46951857209,319.171506464481,174.144138067961,457.91895827651,745.797442048788,491.12576687336,542.6885817945,170.977455914021,21.6380744874477,18.2411369681358,74.2978030443192,0,596.298528730869,2656.90887571871,0,0,1.34362015128136,8.55299019813538,7.44718196988106,21.3504985570908,2.57072418928146,1691.83546075225,48.0062776207924,2361.45737501979,28.8810541927814,5.26041647791862,30.4130771458149,1188.32227814198,919.393139868975,1903.72589913011,3.95308998227119,58.439890474081,24.599396109581,230.121795743704,39.503412514925,953.660256356001,18271.2384369373,22886.1390815973,23.120139747858,18.6392675638199,91.4295097887516,3741.99641606212,7.83461534976959,0,578.376897335052,384.364898771048
173.869031250477,21669.4408391416,14215.2926171124,3.80563551187515,19.9704613089561,71.0912395715714,464.732822656631,748.330685824156,3490.84926190972,184.245447903872,2481.75991499424,97.704593449831,3069.06861409545,678.941073894501,20.8231511414051,10005.9112080336,17704.8531150967,1428.72018364072,3084.36987227201,25.2672883868217,2429.16067427397,22530.5860547721,40126.6884241402,4803.03131508827,6074.60215529799,28140.5635532141,0,1137.71833869815,1157.08685734868,1353.51827800274,1038.89701756835,477.843969732523,37.0184140205383,9607.20658832788,2601.88227722049,28718.5309704244,20253.8712500334,14788.277755022,7746.63101109862,290.691576987505,510.357649743557,841.301028490067,8229.4378181994,2467.92644453049,3881.49363735318,1236.4919577539,212.713678866625,217.969729304314,232.875558644533,8.94707834720612,6229.57289159298,14944.036782831,9.26344048976898,4.38407289981842,5.66933572292328,299.641861230135,123.605521202087,56.6703313291073,6.18616235256195,1377.66433891654,65.7382446825504,1979.72267591953,284.179575383663,11.682042658329,6302.97426331043,10212.0845490098,1055.30421495438,3278.70994314551,9.29610547423363,913.402218520641,1794.09121382236,19141.5881550312,1352.64969021082,1771.19212046266,29912.0864225626,124565.94642061,926.711494475603,45.0583294630051,753.418163239956,3296.93530413508,2.53386989235878,8.15642437338829,2699.68412977457,1881.57711935043
143.397558420897,139.377027660608,449.603697657585,7910.45955336094,239.14061948657,1097.95673874021,36509.9424445331,1321.86527296901,9677.55850148201,16315.5713990629,161.74705144763,1741.61661472917,44.8575376272202,851.531057775021,821.053916454315,1967.15618640184,258.210960626602,59.2336305975914,75.9312938153744,1996.35579445958,50648.4606176913,1148.59518194199,3689.79511481524,25850.7379412055,157.093204170465,170.112676173449,1137.71833869815,0,3015.56601703167,26165.9826103151,3.65153127908707,108.739210098982,826.959237873554,1811.34856146574,3387.74063286185,15625.3946127892,1032.85318490863,2760.88403248787,601.167394697666,2270.38950487971,1487.46186295152,1411.04776248336,3055.09553429484,83.0570002496243,494.636347979307,92.2400623857975,2243.92019310594,455.054300457239,129.444814920425,25.5479145050049,3.73619544506073,19.612312734127,1618.8742620945,27.9660342037678,186.378135889769,4112.58238211274,972.403918594122,1258.89622202516,884.869534045458,22.1058617830276,1012.05365991592,1.14927268028259,913.84971678257,522.951800465584,1691.34823897481,24.3163006603718,0.975872308015823,3.60842636227608,419.913623571396,570.422949939966,457.707538217306,986.639838904142,9662.11412423849,5.45051056146622,13.7492752373219,534.720818608999,9386.42168134451,554.378129690886,445.692544966936,0,19.6132013499737,57.3560927808285,819.884525209665,527.078206777573
10664.3226041198,13.2694044411182,544.364574730396,209.180318176746,30.9026834070683,265.110906720161,6277.55268663168,5134.95322549343,227.308203279972,2333.34151858091,1362.50740379095,493.636050313711,43.3334558010101,22504.2412769794,69.0731125771999,70.747723698616,4302.73496630788,761.215733021498,1018.56827721,280.674471974373,1363.61558815837,94.383299022913,2010.53456798196,743.697322458029,10.5414603948593,1104.76841187477,1157.08685734868,3015.56601703167,0,22921.1428306997,15.1985027194023,1997.16277739406,7908.55369734764,6966.63346746564,347.617293864489,2328.50782009959,242.186458647251,1981.85711535811,331.332060724497,476.001592338085,315.471884101629,238.517520338297,178.063386678696,20.0076874792576,28.7655860483646,4.92825236916542,89.1025276184082,19.1659914255142,13.0984762609005,3.12196719646454,3.83636444807053,34.8300558328629,19.6969817578793,0,0.895873755216599,112.495264470577,18.0116834938526,30.2211526036263,9.23618805408478,3.94835621118546,11.9341376423836,2.25060451030731,24.4813147485256,13.1807997226715,244.15494954586,23.4305872917175,1.60838377475739,14.9071835279465,5.99072614312172,124.347284168005,67.8473446965218,88.469395428896,479.583541572094,0.47867426276207,44.1509084403515,163.128803372383,336.717051535845,19.863954693079,27.6716903448105,1.65605062246323,0,4.3360515832901,49.6699396967888,36.3323681950569
18191.7652862072,48.4609704613686,1941.07378217578,2.57807546854019,233.760119646788,660.628509432077,8147.44661948085,11329.5610923171,743.002847105265,238.325575351715,325.352058857679,42.0837111771107,20.788976162672,28502.6794071794,336.744961947203,116.236317664385,8840.79401013255,301.526127964258,694.130411624908,16.7388301193714,31337.788362056,276.381987154484,19773.6572059691,1846.93480166793,34.0450991094112,1060.498054564,1353.51827800274,26165.9826103151,22921.1428306997,0,6.41568711400032,278.730187565088,4306.04003161192,6686.99726247787,2553.44847264886,9074.36303597689,745.372771471739,7149.46956631541,1162.79197323322,590.449528187513,1064.68223869801,1078.32311284542,1130.83528265357,41.3958178758621,181.349759161472,36.3293950259686,621.38698336482,139.66941088438,44.7669904530048,4.97737699747086,2.42317107319832,36.8095926642418,44.7599382698536,2.8402584195137,11.7007816433907,754.254881232977,154.156251996756,121.662367016077,22.0013343095779,8.33697503805161,53.1032057106495,2.01872411370277,219.010440945625,81.6648582816124,538.124358832836,55.6527186632156,0.443256914615631,4.44483780860901,17.298889875412,325.748920738697,153.514365404844,231.82696211338,2011.97824525833,1.19377943873405,29.569437533617,314.334208518267,1685.43574428558,134.617789626122,138.030673921108,0.745555758476257,6.67510181665421,21.9426431655884,252.108815819025,504.015138864517
