0,0,0.0106034703998059,0.00100585889389007,0.000183540603565639,0.00523812566868064,0.28195956556165,0.100186073221519,0.000999453188092926,0.0130918512276174,0.00878457105787978,0.00391647508834237,0.00334276222364734,0.666414308589223,0.000356200779092145,0.000151131275826216,0.0384222213783265,0.0051494190244193,0.0062728174515127,0.000113575820180571,0.0743420961073506,0,0.203509018250695,0.00433541526040561,0.000262482696214676,0.0116609146764438,0.00318610939055783,0.079044453092606,0.667433009719406,0.303013594839643,0,0.000779589187316453,0.00645342436785349,0.0129398066091103,0.00157153362638149,0.00973457203000933,0.00166832943288608,0.014986471735614,0.00457402918913544,0.00158055008187055,0.00062025485987792,0.000471134469837451,0.00147227897893284,0,0.000289816082474661,0.000189408250639463,0.000242920509405828,0,0.000330856447918129,0,8.40782295309066e-05,0,0.000110371978045964,0,0,0.00254705640018833,0,0.000419972890348733,0.000204526721654546,0,0.000446918470117259,0,0,0,4.02547302791595e-05,0,0,0,0,0.000321760139530444,0,0.000204703195132482,0.00799325514979465,0,0,0.000178853086525631,0.00897620413931702,0,0.00143610685953977,0,0,0,0,0.000533680920238232
0,0,0.00112391536134319,0,0.000576183740046037,0.000199936707976663,4.95137615041971e-05,0.000337261244968247,0.1808653811263,9.49460026187184e-05,0.0149514299910574,0,0.225697381749882,0.000459822968563151,0.0027808066863205,0.00849135654197343,0.00386042713719488,0.000792366004209983,0.00248676814977587,0,0.00058086320818389,0.320764701931847,0.000925432505791236,0.269242976442717,0.424906000450425,0.0522005860932638,1.63765656702775,0.00222855116139277,0.000282691801850259,0,0.00164717000116244,0,0,0.00438934831318017,0.000313849107281113,0.00773422480427037,0.0115012392650926,0.00650763906469651,0.00276418483097542,0.00254618367849914,0,0.0401789329964388,0.0292091988282151,0.0170708605995362,0.0159171709159016,0.0139862878162552,0.000254344186411953,0,0.0150898606730935,0.000222688762987411,0.257485878844721,0.109794583709491,5.50142514152169e-05,0.000188896724732637,0,0.00224646770861352,8.88139335306166e-05,0.00381965215703753,0,0.0105575577353003,3.95125410115421e-05,0.0211619693503565,0.000526053333972883,0.000353525339594686,0.00634407454585626,0.0229758305261185,0.00302257495643669,0.0168775883695609,0.000145188849258542,0.00132826202126729,0.0130428246038465,0.0101587961038159,0.0150761965088767,0.0231754545472285,0.158670280207884,1.24539596441072,0.00135768147525198,7.19639255629301e-05,0.00105911800689443,0.0049134502271757,0,0,0.00638372415188222,0.000389624748840678
0.0106034703998059,0.00112391536134319,0,0.00260918851907043,0.000450039496837962,0.011323929228406,0.142988769203518,0.190915498188045,0.000840125842427909,0.0526101943136449,0.0126713849888985,0.000236408223162073,0.00288799456800633,0.0969166003569237,0.00267104788662273,0.0109578683883901,1.2487217235233,0.0132951663090844,0.0594209642896974,0.000139953331802851,0.745340908379052,0.00145722283498104,3.76521490866271,0.0290247674915944,0.000412574960033196,5.35496976045052,0.642812672010425,0.387658711454648,0.0445166157286488,0.0164444751894759,6.31823344423055e-05,0.000712093308599573,0.00236113310608226,0.121006907948531,0.0430457364226435,0.688122119291784,0.146131623544644,0.413089872824576,0.415638349861188,0.00447737736970113,0.00175495958761626,0.000107742173227298,0.0164218645121333,0.00371239940120033,0.00528209127779096,0.00583229886082599,0.00158442946057368,0,0.000315602116627526,4.38882072322249e-05,0.0074872891078143,0.0876545238011957,0,0.000111828330823183,0,0.0060368224304266,0.000173401640392929,0.000636597397546899,0,0,0,0.000224946407341838,0.000224590593938231,0,0.0146043966518766,0.00674756162807767,0.000253143531677646,0.00256877548246442,4.8306488495183e-05,0.00659185120199505,0.0218480982455528,0.0671904399490024,0.0111266864957695,0.000363223534499764,0.0129314121078692,0.354139334013275,0.0116932954020199,0.000353656796341801,0.00628294884871739,0,0,0.000148901218434816,0.00134319157935598,0.0212217708031666
0.00100585889389007,0,0.00260918851907043,0,0.0228936827790337,0.0417665455615402,0.006386956972661,0.0509839921777385,0.343251760350945,0.610706742478609,0.00454154958669095,1.12128269148665,0.00760148713928842,0.0224536579339692,0.202083917187337,0,0.00054676867660765,0.0012573251615834,0.00102253177408196,2.28597206062787,0.000174305804728925,9.91305853058454e-05,0.00272342234219493,0.68245495135184,0.0017461373157863,0.00164644403432729,0.000318981868816918,0.826112771902719,0.0190021553693707,0.000412683911011321,0,0.00144454592054176,0.000484172050389409,0.0168909819478623,0.0116817358803168,0.0876559772459821,0.00112296593102005,0.0260502686225305,0.00650519702518658,0.158597286448658,0.00585328092849962,0.000923848069016542,0.0225849202481684,0,0.00388046601374275,0.0020062504229961,0.090131282297306,0.00329717686385324,0.00069401182379517,0,0,5.54273885806799e-05,0.191314897588573,0.00290022018569468,0.00183177038290333,0.144031092477631,0.00348914859895403,0.0803155107431999,0.0977747019631244,0.000100487926200891,0.0293687600152591,0,0.000746691493737048,0.00702358372014014,0,0,9.05564844970703e-05,4.04903164523661e-05,0.0419427898197248,8.32907716797233e-05,0,6.48137794019937e-05,0.20723453220332,0,0,0,0.315865593428067,0.000527464176699471,0.000336237585592306,0,0,0,0.0028537495842739,0.000934229540418312
0.000183540603565639,0.000576183740046037,0.000450039496837962,0.0228936827790337,0,0.0762266984220568,0.00622546565368769,0.00894458868258632,0.0350673843604351,0.0162244660176616,0.000757213260099781,0.0343792153775167,0.00868961761392117,0.000538937227229261,0.130156023365754,0,0.000107114696393895,4.94804286635995e-05,0.000114779255680752,0.010025476965371,0.000155284800136709,0.0015966285402527,0.000353996696286922,0.08383437237595,0.00102295974459517,0.00039231759473815,0.00236933938244827,0.0344939961261389,0.000514069159981376,0.000446255827370703,0,0.151557070544614,6.47250233790159e-05,0.151486589502048,0.0269431957408298,0.0836272916156102,0.00197259987924836,0.00854909671767756,0.0115770210601677,1.09403704681794,0.350451207569463,0.00140654392219029,0.00209484001544875,0.00115987909985233,0.000125921854637981,0.00326883636520228,0.00909104754474794,0.000583383327237558,0.000932208523401537,8.76479332147125e-05,0,0.000180881804524279,0.00605125119880537,0.000403921400981641,0.000413081165875339,0.00395519889925691,0.00102389935266127,0.000942113258328725,0.00852955312902552,5.39475433948517e-05,0.00347171421732219,0,0.000586368942863411,0.000707439280185366,0.000547117638058746,6.08248629298091e-05,9.73421452114348e-05,0.00023411159875344,0.00189371289821129,0.000836285363289964,0.000143973059991765,0.00166931205843955,0.00524258553680353,0,0,0.00049548883278209,0.0104135645738246,0,0.000759693464388025,0,0,0,4.01301047131955e-05,0.0373659178128733
0.00523812566868064,0.000199936707976663,0.011323929228406,0.0417665455615402,0.0762266984220568,0,0.295851949149885,1.60668446428448,0.0140445044661955,2.60510841579124,0.0199165321913659,0.765702985472015,0.0527136239370265,0.0374351192617459,0.125611791594066,0.000117712306782699,0.0064492471589993,0.00900367067778645,0.00258406773446985,0.0282157861049145,0.00490481931669624,0,0.0359007665496287,0.0193377950072148,0.0074640104235213,0.0120131969591683,0.00279228629540734,0.154141997722681,0.0131008331818769,0.0130538645014086,0.000523134879944455,0.0304907400544293,0.000283776941856557,0.100760576067785,0.410258521816091,0.292600700248645,0.00673583139175627,0.0650163365546948,0.0393632503300998,0.609363409981151,0.0739301232233734,0.00907453078729368,0.00333537135299792,0.000169890010836375,0,0.00083015265548253,0.016907823901735,0.000775136259424352,0.00394793751726821,0,0,0,0.0110212563800716,6.00487618199229e-05,4.47541756328702e-05,0.0056859822720974,0.000533247193461775,0.00318861354941744,0.00552705493869448,0.000234444428646767,0.00871993410766524,0.000209414176020479,5.44560159116984e-05,0.000423669013724756,0,0,0,0,0.00261331904948497,0.000204696662539637,0,0.000124138207534981,0.0169475031199316,0,0,0,0.0136378839697334,0,0.000316612986038304,0,0,0,0.000195417280574251,0.0226978785487865
0.28195956556165,4.95137615041971e-05,0.142988769203518,0.006386956972661,0.00622546565368769,0.295851949149885,0,3.64631741597764,0.0129441517206598,4.2473070702489,0.0514582720754522,0.0149912444905279,0.0412726045975528,2.31917536332627,0.0490453828356541,0.000322258075774729,0.0445681648653727,0.0353296624769248,0.0282072874742473,0.00189894064458178,0.106405616604648,4.63180928999067e-05,0.406775163031328,0.0255330359921499,0.0113505012092936,0.0526882184212141,0.043879816199801,2.61226846706358,0.618228407863328,1.95653538037061,0.00061050427960192,0.00638390049034631,0.0791791052824364,0.242934866069025,0.193000889000079,0.564587535393453,0.0141603186055761,0.314830735866411,0.0892850137534505,0.0464866448586525,0.021030324417313,0.00392058310519866,0.0535371777805672,0.000102486125878274,0.00974943809264571,0.0049718981791961,0.0138089262042808,0.00248808372206158,0.00614160852230611,0.000316025138364119,0,0.000240827587132191,0.00653435613613288,0.000543171749459624,0.000143736396304238,0.0926910950338269,0.00224590505140666,0.00949186196823778,0.00798482795183587,4.78657150347113e-05,0.00182178709588395,0.000156788631050956,0.00232252702204561,0.00152176714233176,0.00296329896192331,3.56232777372837e-05,0,0,0.00169962276216691,0.00532384891465882,0.00204380049626298,0.00428770738174572,0.129564743644883,0,0,0.00249219577635104,0.179266170633251,0.00426907154827861,0.0353914698485692,0,3.80868727264703e-05,0.000334229760985798,0.00476060882447661,0.0152721679329964
0.100186073221519,0.000337261244968247,0.190915498188045,0.0509839921777385,0.00894458868258632,1.60668446428448,3.64631741597764,0,0.0293408689699009,2.71743714892809,0.332100543070681,0.465019404904179,0.119962674337595,1.53426863460955,0.0732101601006929,0.000840185219958025,0.20315216788885,0.143807322580914,0.0466404749183888,0.0313732320566921,0.14561721565051,0.000410923255207861,0.931578483901539,0.0384088227811452,0.0186646103564624,0.165454158926468,0.0459697513960266,0.80357478220659,0.15375497005338,0.478184473663484,0.003620168817755,0.101631611351,0.00648830770482292,0.52046006241942,0.0906623697755882,0.426350378224208,0.0324486927726192,0.285185937116038,0.120702861923735,0.192808053490553,0.0551112229785875,0.0210162805552245,0.0122759608346922,0.000643453828882557,0.00195338028746865,0.00216282738090251,0.0223182188341323,0.000983027214465656,0.010292043967934,0.000187815331360471,0.00037273283984623,0,0.00521061743170524,0.000373703739966762,0.000156938553537464,0.0523997218809513,0.00033131390597384,0.0125358013593396,0.00379874152986156,0.00129365262998088,0.0114705543912718,0.00184046957923009,0.000107698267764259,0.00150395528796025,0.000702896555105847,0,0.000303222879150521,0,0.0037402548872878,0.000584956602002454,0.000740761997341221,0.00072139253240698,0.0971374475882196,9.62651709461929e-05,0.00119545161498122,0.00161233442793624,0.0564207280771458,0.00055510457924465,0.00401305177257329,0.000216349972127795,0,0,0.0005997594521963,0.0183722622217875
0.000999453188092926,0.1808653811263,0.000840125842427909,0.343251760350945,0.0350673843604351,0.0140445044661955,0.0129441517206598,0.0293408689699009,0,0.162896221023323,0.00689874105711012,0.0846903999877793,0.0552615601003953,0.00858800155359437,0.2162907189662,0.0134121654519792,0.00101909514731138,0.00175718664873892,0.00227532362780137,0.0635261694100088,0.00651428450574609,0.820013263144954,0.00808373074282507,2.38800843539109,0.11613560918062,0.00579824530595097,0.671831775367542,0.587110298828188,0.00922471432566261,0.00437109954103196,8.96464107090417e-05,0.000683709465312314,0.00139321870762881,0.0105332935148671,0.00784022220399566,0.0573263828517214,0.00268974679232568,0.0157177418106411,0.00559878389603218,0.194081815548903,0.00697159507960522,0.00364245218778975,0.0667361122359674,0.00341330229582281,0.0137616554303398,0.0073925897131719,0.0321190746067547,0.00296070412828629,0.00270981105666879,0.000676163053523398,0.00370936347214676,0.000624738913653577,0.178213533664684,0.00346043048735674,0.00339103170017472,0.0842402443738439,0.0126000713471228,0.47318567384114,0.108622796165432,0.00258135878297881,0.0150921424252081,0.00197879711328687,0.00881495588420668,0.00379115752710317,0.171852794287538,0.000139514902909684,0.00244818920092517,0.00110344297871456,0.0225028681324269,0.112183293522743,0.280078403978654,0.0541203904009757,0.731076598479527,0.00143492577402337,0.00261027034344832,0.0406083946051195,0.435651888213221,0.0073069174375157,0.0225335539617302,0.000265703420272445,0.000515153199105573,0.0013146524000464,0.00715100630037399,0.0142844727966728
0.0130918512276174,9.49460026187184e-05,0.0526101943136449,0.610706742478609,0.0162244660176616,2.60510841579124,4.2473070702489,2.71743714892809,0.162896221023323,0,0.123499019899461,0.62293201487035,0.106279039660249,0.390191708279214,0.0897888118288279,0.000131571581580615,0.0277930002582768,0.0608540065634955,0.0435574239721952,0.426385342086549,0.00706508367270376,0,0.0793865898484079,0.0748303622110492,0.0214817265751106,0.0608763716454656,0.0160706061120767,1.53709139150921,0.167523448239487,0.0300627018577447,0.00113422244011769,0.0152322532350798,0.00352665349191563,0.217885075098854,0.12981805756403,0.64164183043566,0.0177347200051595,0.34456056059416,0.0713847730138852,0.166365236905915,0.0392972394011305,0.016112436986165,0.0430597294338453,9.19124181324481e-05,0.00665609437654842,0.00336894921775564,0.216671079971313,0.00651851611738958,0.00874629301074505,0,4.28130219003975e-05,0,0.209711638134187,0.00422658826393527,0.00383521188964006,0.266484572933041,0.00631990302021509,0.08266081957523,0.146724133675222,0.00018710746416949,0.131144195441073,7.27202679162383e-05,0.00163585024327238,0.0161758652171645,0.000342238418628997,4.40203494342327e-05,0,0,0.0721959212584961,0.000843058306738925,0.000119454561757267,0.000337106519104648,0.321482941164031,0.0001415012057904,0,0.000159045740542853,0.510763608232235,0.0013774784277653,0.0018213901863438,0,0.000188495697270286,0,0.0068265161783501,0.00586905818657749
0.00878457105787978,0.0149514299910574,0.0126713849888985,0.00454154958669095,0.000757213260099781,0.0199165321913659,0.0514582720754522,0.332100543070681,0.00689874105711012,0.123499019899461,0,0.0461656451638191,1.15079884068474,0.322744343928007,0.00209875599069248,0.00501835788344194,0.092181351948443,1.90361376638098,0.0892477423124043,0.00399730362815344,0.0079923262701362,0.00801916931208413,0.0713711641456261,0.0094423483780973,0.289515147210341,0.733286805977408,0.269589907521893,0.0556204577732037,0.16332273895635,0.00482320690469008,0.115020363805878,0.08452457639915,0.00126785561556762,1.18649279721312,0.0100361061845775,0.104090010672586,0.63509715093341,0.53901407594007,0.0762571567088962,0.0162757871964944,0.00290152937857633,0.353337763962228,0.00258523902109697,0.102702588958249,0.00793400532459895,8.63739945245027e-05,0.00275189872448918,8.02850779376268e-05,0.191041653009069,0,0.0088227208340748,0.000902587755988296,0.000227198181190533,8.78401409981488e-05,0,0,0.000540821937386274,0.00505624691674988,0,0.492067036796587,0.001928631364744,0.750787995948152,0.00294458717797691,0.000104194938962603,0.00177647235056594,0.000542168726430237,0.00288144528796971,0.000575316008676177,3.22438760645985e-05,0.00136113870980849,0.00353195196736468,0.00239186495433451,0.00405748523840162,0.0288842092250771,0.03963157272033,0.118465998076893,0.000515108834076184,0.0036335452259306,0.000288756151110625,0.100494714530725,0.0010683310581168,0,0.0346107285232235,0.00331795570453673
0.00391647508834237,0,0.000236408223162073,1.12128269148665,0.0343792153775167,0.765702985472015,0.0149912444905279,0.465019404904179,0.0846903999877793,0.62293201487035,0.0461656451638191,0,0.0333300814910924,0.0909679664811019,0.506717073792645,8.59549530998468e-05,0.00413446455433201,0.0267141436949525,0.0163364714892427,1.45472999765786,5.39389492444873e-05,4.00989346904993e-05,0.00147286468196406,0.123301863692522,0.0063322061124813,0.0280424367512286,0.00339608383507872,0.0913785459001919,0.0205064926088952,0.000671758333362359,0.00041225734775778,0.00618766984743804,5.48355605945587e-05,0.0537242555988126,0.295868162079458,0.15811774080337,0.00611496551894449,0.0925410878676757,0.0218051689559626,0.314950551382484,0.010304961033053,0.00662812326538509,0.0121911906514289,0.00021048743740505,0.0014992776970341,0.00121447209250016,0.0923529059114181,0.00294128212738876,0.00289351418314744,0,0,0,0.160504762484021,0.00263901057394802,0.00228729282564203,0.0318889360447684,0.00702068560386996,0.0151984200227959,0.102741326291319,0,0.106067384812672,2.91613075176716e-05,0.00138808015088346,0.00632694748429075,0.000148915740212155,0,0,0,0.0538065659103531,0.000117605936646104,0,6.33806074629783e-05,0.051227519743134,0.000113964779482532,0,0,0.149922123141503,0.000408980026935768,8.72673551566718e-05,0,4.94928707084775e-05,0,0.00118144938648821,0.0375626173017357
0.00334276222364734,0.225697381749882,0.00288799456800633,0.00760148713928842,0.00868961761392117,0.0527136239370265,0.0412726045975528,0.119962674337595,0.0552615601003953,0.106279039660249,1.15079884068474,0.0333300814910924,0,0.0312063746774558,0.00467961230148118,0.00174763462449337,0.00256022605803179,0.00986042938438048,0.00246083675504652,0.00276671246147229,0.0109357491017168,0.137740945812481,0.00837716320482677,0.063359959881714,0.901065691820703,0.0422348281184023,0.908174988242755,0.0901251825432619,0.00941288528608085,0.0146999645282543,0.435034297485431,0.0231651710595267,0.000669530649098885,0.753537423031346,0.017971414304479,0.264953392758022,0.479489047443756,0.345039214112115,0.170016284757782,0.209942502429331,0.0451305455119578,0.494275149531333,0.0167262688247204,0.190409446931559,0.0563094751000235,0.0708391613773478,0.0387225357191768,0.0876300821466085,0.250407750921263,0.000228896943532849,0.0212052572341161,0.0003677253529814,0.00432599301302341,0.00188722986323582,0.00711097361334106,0.017347026951293,0.0313154315142218,0.0123961075942455,0.0105971610445604,0.951770969011149,0.00643018316548032,1.4564016376743,0.017077282522573,0.00534817101189151,0.00214373988978209,0.000152289341482449,0.00227518573193254,0.00190672538436347,0.00195719564104976,0.00710360573139476,0.00576923352626396,0.00179614170461234,0.0292542570783893,0.088381124313427,0.0531449542411453,0.284056242622176,0.0244400618284076,0.0146440409663985,0.00868687114675683,0.186404682017845,0.00977778530044606,0,0.0629217666629988,0.00357054668167793
0.666414308589223,0.000459822968563151,0.0969166003569237,0.0224536579339692,0.000538937227229261,0.0374351192617459,2.31917536332627,1.53426863460955,0.00858800155359437,0.390191708279214,0.322744343928007,0.0909679664811019,0.0312063746774558,0,0.00667237235682928,0.00110646344349033,0.202229666118154,0.167539151639801,0.0928215566380465,0.00677144487060429,0.218408713990666,0.000269919341749573,0.936585229566336,0.0253073060605333,0.0039171402651949,0.169632318280703,0.0522887881648313,0.437143429191263,1.54430848163823,0.931223227206746,0.00405415549845522,0.0501300802639795,0.00954299729532339,0.272405309846263,0.0171921819717306,0.0988885709470375,0.0234564799952516,0.174398077563914,0.0467499802399828,0.0158020156466692,0.00492392447126227,0.00752715552010725,0.00772639641607123,0.000247755339530194,0.00151056167625587,0.000619237094375492,0.00855763377536148,0.000299191869516491,0.00294714757789123,0,0.000519933525180256,0.000298503114573497,0.0013491643139349,0,0,0.0270263737863367,0,0.00591587164007299,0.000694694108459401,0.000378910122993076,0.00292681711558252,0.000625805398381818,9.15179596128223e-05,0.000779873292791128,0.000522783688168537,0.000145985680186104,0.000469523090011906,0,0.000706227458248424,0.000886104970093916,0.000204981396347964,0.000739567083291644,0.0478000029277257,0.000292087046463942,0.00288003958355841,0.00484958474086487,0.0352639160608446,0.000360708384994071,0.00476021609517274,0.000334617860872722,0,0.000135120763160348,0.00042224154871701,0.00125285676162423
0.000356200779092145,0.0027808066863205,0.00267104788662273,0.202083917187337,0.130156023365754,0.125611791594066,0.0490453828356541,0.0732101601006929,0.2162907189662,0.0897888118288279,0.00209875599069248,0.506717073792645,0.00467961230148118,0.00667237235682928,0,0.00058895814226892,0.0012546117598284,0.00139618002595585,0.000538782838900268,0.114160804966713,0.00979921506623242,0.00646009965734796,0.0077082822942668,0.482823913221842,0.00283411635681607,0.00156051320975896,0.0129091378097261,0.188220818631228,0.00545972928906533,0.0191414792822179,7.34271432747603e-05,0.00433780459518496,0.000499926846837425,0.0056237056442646,0.160879342063978,0.0492535323188362,0.00201040835602784,0.00743421546747977,0.00539767469928592,0.170546117934099,0.00990175905073514,0.000113645414623582,0.0137290466767692,0.00368947636933289,0.00411907808862867,0.013608817478283,0.0487931566373549,0.00229019556873273,0.00143553904843911,0,0.000113307552868199,0.000144788657843447,0.0544568217833605,0.00188978086151313,0.00222787242603475,0.0280727610498113,0.00618449361044141,0.00671412875520478,0.0492990380853736,0.000167884826789057,0.0161296852122686,0,0.00251614929877557,0.00328468628149882,0.00202589236663604,0,0.000843674946115041,0.000671651114196408,0.013943929541748,0.00394769017710143,0.00179433758214082,0.00591613495341591,0.0382892462655382,0,0.000830880208730328,0.00167358303181099,0.0815773000881563,0.00185883818395285,0.00593043782398289,6.39427012466908e-05,0.000385739857937783,0,0.00182619643507626,0.106973496772679
0.000151131275826216,0.00849135654197343,0.0109578683883901,0,0,0.000117712306782699,0.000322258075774729,0.000840185219958025,0.0134121654519792,0.000131571581580615,0.00501835788344194,8.59549530998468e-05,0.00174763462449337,0.00110646344349033,0.00058895814226892,0,0.0455794184788102,0.00445420677956764,0.0160519132067006,0,0.275553605850212,0.26656067155108,0.701230426102603,0.4457421578491,0.00190926785080451,0.00958741230579805,0.938276185641957,0.124018703885306,0.000608548323678744,0.00191859382812411,3.38890353149891e-05,0,0.000103074822581816,0.0313045010999039,0.0342769780795538,0.393659939393846,0.0907196443404785,0.160190054766595,0.139209284404629,0.000874076433669436,0.00110369865079328,0,0.0847337648346221,0.0132070884190951,0.0191825424883686,0.0147875774357626,0.0116231747425571,0.00113992855870738,0.000435733842908687,0.00021588390693962,0.00276371743901659,0.00892388332318668,0.000432424329074478,0.000160870504553759,8.10456161057353e-05,0.00834586001434259,0.002258151388527,0.00128348962136209,0.000875063641904298,0,0.000278604961395902,3.89825156118631e-05,0.00195921629456774,0.00056542600843277,0.650239876188288,0.000911070834099386,3.91261054298699e-05,0.000375909279363633,0.000136049941407102,0.244741659947793,0.442252700613694,0.634369286948657,0.096403311654845,6.56992105673313e-05,0.000994221710666836,0.209185711619756,0.0626033732701897,0.00285223502754843,0.0357367477637329,0,0.000149327189704585,0.000354019485065699,0.00424235338894223,0.0125940417795054
0.0384222213783265,0.00386042713719488,1.2487217235233,0.00054676867660765,0.000107114696393895,0.0064492471589993,0.0445681648653727,0.20315216788885,0.00101909514731138,0.0277930002582768,0.092181351948443,0.00413446455433201,0.00256022605803179,0.202229666118154,0.0012546117598284,0.0455794184788102,0,0.143718138961307,1.31487042401882,0.000232573162752772,0.213443045280062,0.00292601670938455,1.67388039794544,0.0199401299003868,0.000931358369795412,0.860821855419036,1.362573701085,0.0850867662478078,0.190438075007099,0.0619007927487359,0.000105391595210033,0.00197804302462616,0.0466510833350779,0.995981111269971,0.0291073393015803,0.64259309302387,0.454174981736041,0.673226983319796,0.342599678779215,0.00283314181911105,0.00173309213032001,0.000310574341336429,0.0182347354574275,0.0055464332833853,0.00743775702337381,0.00598465502637126,0.00262338878690631,0,0.000258397125409723,0.000222637211067325,0.00732760232933612,0.147348843786789,4.60990537116766e-05,0.000116124897107053,0,0.00365600554978099,0.000131676170573056,0.000514782910660189,0,0.000161297973957896,0.000122754040427983,0,4.32246375637114e-05,8.47004979456902e-05,0.0149567364349196,0.0125363493078269,0.000122680011299526,0.00318421820492921,6.32331931182385e-05,0.0199021688969115,0.0105988702938433,0.0448307955471445,0.00918672020744596,0.000173515914032155,0.0280420318940466,0.418136354047289,0.0109077997589392,0.000479455289870381,0.00813053208661747,0.000334673299633622,0,4.79840235106945e-05,0.00191592018794574,0.013182519262109
0.0051494190244193,0.000792366004209983,0.0132951663090844,0.0012573251615834,4.94804286635995e-05,0.00900367067778645,0.0353296624769248,0.143807322580914,0.00175718664873892,0.0608540065634955,1.90361376638098,0.0267141436949525,0.00986042938438048,0.167539151639801,0.00139618002595585,0.00445420677956764,0.143718138961307,0,1.03943655131585,0.00173625631213836,0.00885202536791162,0.00013894695679518,0.0601124589673399,0.00248918638271037,0.00096858423328353,0.533191323773039,0.0980670303805854,0.0258392866242273,0.0900454315255612,0.00344789416387031,0.00273439257001789,0.0329845182631186,0.00123077128553283,0.36179043937324,0.0213985677924442,0.27576381050372,0.429565785475803,0.574681114270541,0.176142116743815,0.00306297902500785,0.00104951560171424,0.00886556305271858,0.00430330737963037,0.00118051451688871,0.000791854478303159,0.00047930884658674,0.000166394689394152,0,0.000800881306490314,0,0.000755052939954495,0.00395667672702435,3.06117871927381e-05,0.000132132392732823,0,0,0,0.000991404454706261,0,0.00524196746679997,0.000746563890077287,0.0085844283187793,0,0,0.00115912145669257,0.000476694072443742,0.000763614422161829,0.000955448100415749,0,0.000181823674072236,0.000476139913319701,0.00214132941754711,0.000115606070067048,0.0010329971565869,0.0235965523677208,0.0419234663945109,0,0,6.30702210245609e-05,0.00931376179938741,0,0,0.000237071185268295,0.00949343056944656
0.0062728174515127,0.00248676814977587,0.0594209642896974,0.00102253177408196,0.000114779255680752,0.00258406773446985,0.0282072874742473,0.0466404749183888,0.00227532362780137,0.0435574239721952,0.0892477423124043,0.0163364714892427,0.00246083675504652,0.0928215566380465,0.000538782838900268,0.0160519132067006,1.31487042401882,1.03943655131585,0,0.00151583850275455,0.0341585692363572,0.00107918443145902,0.193890333444098,0.00654781285677346,0.000765735110551477,1.385919526539,0.296933109649137,0.0294806616767737,0.075718972064404,0.00903611185840703,0.000146636493642914,0.00668266321576773,0.00805212172261966,0.564714221410862,0.0260813447015566,0.520852232150632,0.389541726281786,0.503511173387587,0.269333429870109,0.00211198343186414,0.000540698498384273,0.000115214919386566,0.00776411619654539,0.00261526121841768,0.00282185223681481,0.00306094727958342,0.000316826453309106,2.46325278102398e-05,0.000252591987148595,0,0.0028858087691911,0.0328580499061994,0,0.000104954713783216,0,0.000370033897554481,0,0.000685328805761731,0,0.000439935793049526,0.000300995194887048,0.000709138920117658,0,0,0.0030436762257548,0.00586802161260822,0.00167254811695414,0.00368368495055531,0,0.00338868023937464,0.00265000887686099,0.00908121404520129,0.00147863951740679,0.00224276381155587,0.0411542420952613,0.12046833823677,0.00115532536595179,0,0.000803280318127185,0.00143950317688908,0,0,0.000498756925927246,0.0116767049841288
0.000113575820180571,0,0.000139953331802851,2.28597206062787,0.010025476965371,0.0282157861049145,0.00189894064458178,0.0313732320566921,0.0635261694100088,0.426385342086549,0.00399730362815344,1.45472999765786,0.00276671246147229,0.00677144487060429,0.114160804966713,0,0.000232573162752772,0.00173625631213836,0.00151583850275455,0,0,0,0.000134182113173252,0.0796060777343724,0.00112445699274049,0.00134978438058547,8.48832132174254e-05,0.308299730358425,0.00364522429979491,0.000205799395888192,0,0.00103641325346414,0,0.00445356123943995,0.00169589389274122,0.0189727056878638,0.000601033894591999,0.00913760523788651,0.00162121496343211,0.0648484609997218,0.00163098116117471,0.000700552719991451,0.00566775200203847,5.62320762753129e-05,0.000722480058523304,0.000403983912390756,0.0366519195082869,0.000979546419993606,0.000182105359683424,0,0,0,0.0899171018418433,0.00099378655066651,0.000721975013280922,0.031348738434758,0.00180650695358163,0.0151233635480473,0.0453626633742799,5.35555358957529e-05,0.0146609890022052,0,0.000750043513563889,0.00346358448601566,0,0,0,0,0.0213534205084301,0,0,0,0.0577740310820434,0,0,0,0.0997915254032185,0.00025520551241355,5.86417566021681e-05,0,0,0,0.000557131547256184,0.000121897393175316
0.0743420961073506,0.00058086320818389,0.745340908379052,0.000174305804728925,0.000155284800136709,0.00490481931669624,0.106405616604648,0.14561721565051,0.00651428450574609,0.00706508367270376,0.0079923262701362,5.39389492444873e-05,0.0109357491017168,0.218408713990666,0.00979921506623242,0.275553605850212,0.213443045280062,0.00885202536791162,0.0341585692363572,0,0,0.0104195712514028,4.59982028454962,0.19940977221818,0.0164042876441619,0.0890100562065898,0.387854250068527,1.17142031812087,0.351520148635699,1.54066114113147,4.22679372644305e-05,0.000689826423235726,0.101464873913388,1.02207314766319,0.240897072730678,1.42804012904935,0.223080127654448,1.14454801318183,0.618597874352227,0.0049143400696587,0.00413723729726725,0.000614459068728971,0.0791854932546846,0.00154631507358394,0.0106002103997021,0.00790575634715833,0.0341008446651376,0.00141059276663365,0.00764472454085309,0.00166327834174293,0.00024606610345304,0.00346125718230771,0.00296771656552063,0.000759010566968662,0.000291393366112113,0.0385057264039924,0.00433733978926051,0.00128483447347669,0.00475008974021579,0,0.00216460126806254,7.7100106583941e-05,0.00446540943631704,0.00096404023595819,0.136632768760318,0.000336012400677818,0,0,0.00217196016899189,0.333391942703899,0.0505681729986425,0.141249954623126,0.126477901619039,0.000115229859187532,0.000182813766929775,0.031974540922553,0.242756014896061,0.010784638368766,0.161911902222299,0,3.81679277675808e-05,0.00183924404559887,0.00683155142094526,0.0366153885350824
0,0.320764701931847,0.00145722283498104,9.91305853058454e-05,0.0015966285402527,0,4.63180928999067e-05,0.000410923255207861,0.820013263144954,0,0.00801916931208413,4.00989346904993e-05,0.137740945812481,0.000269919341749573,0.00646009965734796,0.26656067155108,0.00292601670938455,0.00013894695679518,0.00107918443145902,0,0.0104195712514028,0,0.0173391943906468,1.26215427155293,0.175272085036667,0.00559089134510076,1.53054615912787,0.0120547975801301,0.000274922658763802,0,0.000496485167433429,0,0,0.00250788203250258,0.000619292585064792,0.00787835316133815,0.00545759901469285,0.00414188961464065,0.00395419190110843,0.00594757437286725,0.00021256750739944,0.0116032537850223,0.0251260715167667,0.00654077273910496,0.0078778202513158,0.00776568912858284,0.000265690422593677,0.000184394646608997,0.00268315119994464,0,0.0707608668110879,0.0142238907327711,0,0.000104173843049699,0.000172288599256778,0.000786882785685134,0.00057751334078927,0.00439123294284815,0,0.00505936868864314,4.7729153725779e-05,0.00930688243127705,0.000378931662893808,0.000314452967077744,0.14653593452028,0.00309045489760732,0.000314503555725991,0.00163785921809296,0,0.0285761151944821,0.335443796389006,0.0802472220580065,0.0571659982541978,0.00358961915510479,0.0155071664532603,0.5858905499014,0.00987827177005528,0.000283292403139729,0.00294264324347856,0.00302875747396635,0,0,0.00273399169834075,0.00267201249302106
0.203509018250695,0.000925432505791236,3.76521490866271,0.00272342234219493,0.000353996696286922,0.0359007665496287,0.406775163031328,0.931578483901539,0.00808373074282507,0.0793865898484079,0.0713711641456261,0.00147286468196406,0.00837716320482677,0.936585229566336,0.0077082822942668,0.701230426102603,1.67388039794544,0.0601124589673399,0.193890333444098,0.000134182113173252,4.59982028454962,0.0173391943906468,0,0.286424742223717,0.0053437780015849,0.28599238824724,3.86719227875471,1.62523610752937,0.820123552925534,0.729888276987115,4.81552210630894e-05,0.00258110968763208,0.176801420888843,1.86787314842728,0.280110983117458,2.8372923509306,0.776440244211929,2.68552624981025,1.67250954429901,0.0110827336662387,0.00673777713076656,0.000747610919830096,0.114162136143483,0.0188355318548812,0.0337661321284042,0.028388874422318,0.0395562286063791,0.00179891036078242,0.00366173183216879,0.000315328825242358,0.00388606843391208,0.0462363178117987,0.0018265824656164,0.000594372960703981,0.000498071408720052,0.0378267843345829,0.00617504119265822,0.00129572289070032,0.00226279997484479,2.96256720507145e-05,0.00173003048372584,0,0.00367752102598962,0.000353293629876614,0.586132523138108,0.003846224433917,0.000151994247958124,0.00163084962393858,0.000958597230787065,0.342106196052209,0.292988112351686,1.13845588410933,0.110556496770295,0.000146455808771658,0.0031144852974331,0.67953639556971,0.133034830381979,0.00433443642822183,0.0739610155122098,0,7.84790808508396e-05,0.000547204023550218,0.00858334711234938,0.0941490493919817
0.00433541526040561,0.269242976442717,0.0290247674915944,0.68245495135184,0.08383437237595,0.0193377950072148,0.0255330359921499,0.0384088227811452,2.38800843539109,0.0748303622110492,0.0094423483780973,0.123301863692522,0.063359959881714,0.0253073060605333,0.482823913221842,0.4457421578491,0.0199401299003868,0.00248918638271037,0.00654781285677346,0.0796060777343724,0.19940977221818,1.26215427155293,0.286424742223717,0,0.122661401734041,0.0128839218455593,1.68566401477026,1.80080211656151,0.0438745674354102,0.0343515883673061,0.000145004152918309,0.0012710137139738,0.0144382989332185,0.042065416614799,0.0552112035850821,0.387162121989021,0.0337684768281265,0.0929373448703481,0.0603390066700117,0.345346327531978,0.00933616204727074,0.00475723388604999,0.479976858979214,0.0073999127886974,0.0844187292127103,0.0451665555082865,0.0938414966967923,0.0177312274956402,0.011671953257621,0.00441216637957426,0.0162572713773512,0.00797689403474022,0.0966379356025707,0.00519340722498049,0.00557586727991868,0.787838420042339,0.0437885392347043,0.435694070663356,0.110070170130059,0.0028837802121705,0.0118857703311156,0.0024354771413441,0.0353727524537591,0.00862019222381932,0.441784107143321,0.000893927747429331,0,0.000356472107583756,0.0107090373546297,0.569068982835928,0.353255756089484,0.275998302039215,2.73731308932192,0.00301079911918997,0.00199613481721816,0.160494109390733,1.97245456968114,0.0780067985218732,0.363827073646309,0.000328625167612887,0.000173406150374556,0.00808916832147829,0.0481644679197008,0.0421709103038418
0.000262482696214676,0.424906000450425,0.000412574960033196,0.0017461373157863,0.00102295974459517,0.0074640104235213,0.0113505012092936,0.0186646103564624,0.11613560918062,0.0214817265751106,0.289515147210341,0.0063322061124813,0.901065691820703,0.0039171402651949,0.00283411635681607,0.00190926785080451,0.000931358369795412,0.00096858423328353,0.000765735110551477,0.00112445699274049,0.0164042876441619,0.175272085036667,0.0053437780015849,0.122661401734041,0,0.0218125096715659,0.740370972343048,0.0541857554133364,0.0024563542331587,0.0141435978733627,0.0147452548386632,0.000766879295746123,4.81644591256261e-05,0.0574851128338327,0.00242881518965942,0.0280044681869781,0.0130537880498203,0.0241056044496617,0.00480541738991668,0.161407492448533,0.00342164705744502,0.117379851126972,0.0167357698890297,0.016439257831382,0.00564859923951441,0.00339608287699973,0.0542395165337717,0.00264646323160537,0.0566567515679778,0.00025384742374953,0.0548350205236098,0.000920425919884165,0.00294801016575297,0.000267800678567564,0.00158548297878019,0.00915059779911119,0.0100512985964428,0.00394841883382776,0.00552158766738159,0.149156604450352,0.00252237377445323,0.294635393575694,0.00504892188092724,0.00162876777539645,0.00738113656160537,0.000599950901825082,0.002179615773226,0.00350093253183847,0.00138506597723348,0.0281607256865544,0.00382340014390405,0.0141759377884084,0.0117742343909435,0.105119798090569,0.0365170477547914,0.177740596900255,0.0310296500841585,0.00358873189865616,0.0207259788227652,0.0148430391308413,0.000412460107392299,0.00011011404967823,0.018742701106345,0.00202549303203956
0.0116609146764438,0.0522005860932638,5.35496976045052,0.00164644403432729,0.00039231759473815,0.0120131969591683,0.0526882184212141,0.165454158926468,0.00579824530595097,0.0608763716454656,0.733286805977408,0.0280424367512286,0.0422348281184023,0.169632318280703,0.00156051320975896,0.00958741230579805,0.860821855419036,0.533191323773039,1.385919526539,0.00134978438058547,0.0890100562065898,0.00559089134510076,0.28599238824724,0.0128839218455593,0.0218125096715659,0,1.87187458035811,0.0573398267512398,0.080205123306069,0.00811399047623044,0.145285772406468,0.0241977467496326,0.00120145813677423,0.353286910183143,0.0447991181060779,1.07396253135669,1.44981005521996,0.760333837725497,0.384646828413172,0.00443561273807765,0.00331523611031992,0.0293015943518405,0.108806057300729,0.0715572229027554,0.0581753464873783,0.0443089418524986,0.00104913247397171,0.000184102783031213,0.00279967374397514,0.000420402597866952,0.098526846935991,0.272112417096905,0.000104010125783467,0.000514131912857556,0,0.00450895447471129,0,0.0112576667504731,0,0.190053514014738,0.000360485297986984,0.326327202659601,0.000771243215762502,0.000862385047581249,0.00697002759485703,0.141002160534623,0.0949494802092074,0.132157683157124,0,0.00482614759445981,0.0134723762018496,0.0318222410084481,0.0173080944245564,0.136750330659084,1.6697431143566,3.1702256897916,0.00400586239710182,0.00089560287715636,0.00363136015411298,0.353115058779481,0,0,0.0158470066521605,0.0236528487417423
0.00318610939055783,1.63765656702775,0.642812672010425,0.000318981868816918,0.00236933938244827,0.00279228629540734,0.043879816199801,0.0459697513960266,0.671831775367542,0.0160706061120767,0.269589907521893,0.00339608383507872,0.908174988242755,0.0522887881648313,0.0129091378097261,0.938276185641957,1.362573701085,0.0980670303805854,0.296933109649137,8.48832132174254e-05,0.387854250068527,1.53054615912787,3.86719227875471,1.68566401477026,0.740370972343048,1.87187458035811,0,0.407391880198785,0.0279781709488745,0.00543828687611689,0.245638593903056,0.00298552600002865,0.00183180449986278,0.414139894717814,0.144048339345807,2.81454819525263,1.15916017586628,1.43796614576456,1.21630943066439,0.0186073284904398,0.0037326868771787,0.0167525486304599,0.425832752711334,0.208300622613248,0.214365592677648,0.176236626415448,0.00705640591501734,0.00105025471941694,0.0172670562037559,0.00287506788834396,0.813830389825252,1.40354975919118,0.00024566562643174,0.000199721272619462,0.000155097019249457,0.0612921201915505,0.000880588912048273,0.0255828520340691,0.000214691269950426,0.197873917061636,0.000166801104428107,0.517091681410017,0.00329070983321094,0.000890855050471434,0.335087131551758,0.258003111986597,0.0991338284603765,0.197850325454203,0.000133092876016117,0.0772892707269567,1.23732118151299,1.31121358528044,0.172709875978401,0.31522192211006,2.38526095788182,14.4698542631079,0.0610043858797254,0.00148153426871658,0.0216979098311071,0.360506957336021,0.000146513657010365,0.000502752027071989,0.0518284485346424,0.0801014382598649
