0,5.31704228741467e-05,0.0449691266875105,0.0014942461151442,0.000237851150191045,0.0140515976170841,0.930774594103318,0.360312565772237,0.00174042711612818,0.0390455986278705,0.00534804571350836,0.00211911167249099,4.61688402787447e-05,1.96343097589921,0.000520571595232276,0.000248510057846094,0.0125219516057645,0.00205622910890647,0.00119699523960353,0.0016924945139881,0.06004576603834,5.31413910290063e-05,0.0877873099096479,0.00204234078150253,0,0.00954053193901442,0.0109176260354419,0.0239714111463883,0.727823990123781,1.481354568281,7.31197820902229e-05,0.00328370234243652,0.00180443398960608,0.00957298774071344,0.00195134031636502,0.0192407151181933,0.0026014684629205,0.00888353317822959,0.00378238876507374,0.00186402133751805,0.00317533005354108,0.00127032112487998,0.000577349403383261,0.000272507307832909,0.00026789033854264,0.000378222753921569,0.000181122903470993,0.000293390444800842,0.000764499201735401,0,0,0.000771652340900501,8.91830012902349e-05,0,0,0.000303912671509486,0.000154821871592959,0.00056361825453811,0,0,0,0,9.44486069069388e-05,0,0.000198178747461387,0,0,0,5.91842086622238e-05,0.000299032649082729,4.07827775505364e-05,0.000477089913870252,0.00545648457634677,0,0,0.00119323745945711,0.00385020799195909,2.6707317843011e-05,0.00149023784740661,0,0,0,6.06359767729342e-05,0.000108106619269228
5.31704228741467e-05,0,0.006401891284766,0,0.00025602255402165,0.000126824890765738,0.000146372392332423,9.18815454009976e-05,0.198633698003493,0.000148267631469673,0.0282882974081695,0.000207696103568319,0.37006569156916,0.000234157801769954,0.0033624435620868,0.0405434043307264,0.0121225987736665,0.000636451882711983,0.00176458695084246,0,0.00896902436049289,0.213783905384798,0.00671758887107845,0.342532967037541,0.231777255667523,0.0198291913199406,1.28800476661743,0.0134468390158308,0.000976329185863213,0.00129139134352694,0.0192537257838228,0,0,0.00396861653323325,0.000390858725967562,0.0121804805752811,0.0123617973920804,0.00978625787328633,0.00302190746306202,0.000796720713033581,5.34615406604946e-05,0.0261823370922514,0.00871246875930654,0.00813524923985821,0.00446857588078097,0.00328740459278443,0.000387650387345564,0.000388169768547219,0.00558480176416929,0,0.159722638035102,0.0129594234956613,0.000354436443097388,0,0,0.000420209638972884,3.86950479011416e-05,0.00583982538664786,8.07446487721086e-05,0.00655062660711099,5.05961433736682e-05,0.0188936976437542,0.000385673147100931,0,0.00767200962902866,0.00352378630956251,0.00244243836196052,0.00499838010102003,0,0.00139794766866035,0.00591421595409538,0.0106196059039319,0.00529579781641452,0.0150523789890882,0.043766283265668,0.496191090022615,0.00294929736091169,0.000125861846697158,0.00027813649627747,0.0216994718470677,0.000165726486816228,0,0.00199780508109757,0.00111167514166256
0.0449691266875105,0.006401891284766,0,0.000592546058242348,0.00400046152846419,0.0123211142036705,0.12993477968579,0.19710850103185,0.0103871310352738,0.0178759147665492,0.0079629932416774,0.00146497978776258,0.000157835793305599,0.226881302135646,0.00515386372602584,0.0117632581708916,0.981101799093098,0.0140677022578209,0.0561907410515143,0.000819029533148575,0.189882873108972,0.00300217015674859,3.22748377008233,0.0192064733491083,0.000514370650496125,2.42344099233582,3.83392152165081,0.0865049311155667,0.148693295133495,0.219386792078079,0.000380489286804429,0.00572721645336041,0.0152766732001561,0.0864068031379424,0.0244299716369714,0.261572627821256,0.254073613473981,0.205096784405154,0.0637454079751467,0.00814181325318341,0.0104699402169953,0.00260313172972831,0.067474941918762,0.03770454739666,0.0414285979398666,0.0337834340228686,0.00148193967425749,0.00239774874428335,0.000803098212207555,0.000283501437912026,0.0137756468276045,0.459409430891335,7.98095174797475e-05,0.000110516006628704,0,0.00719269523795136,0.000405295799474534,0.00399068726610648,4.57667481577695e-05,0.00115069715752225,0,0.000274981409349394,0.00363546550040735,0.000361511974832844,0.0101512347519423,0.0314498210927828,0.00179213991443093,0.00879927307302802,0.000105906721611691,0.00897478852996494,0.00618947444224507,0.155922636433463,0.0157320089764086,0.000794427016084897,0.105051861527344,1.14620046523201,0.012825126531088,0.000874902070496231,0.00910817627768463,0,0,3.80682467409074e-05,0.0136960061243359,0.0126609758478502
0.0014942461151442,0,0.000592546058242348,0,0.00336238218382096,0.00835393337724448,0.00989983574040863,0.025053612080295,0.340883042398215,0.231889453991776,0.00458100316387034,0.427232058514353,0.000258042188327226,0.0194192772029642,0.0512640491316945,0.00012744904346286,0.000270415341708314,0.000709346750600311,7.08511336342126e-05,1.9913736044442,0.00105147969702802,0,0.00131564330159344,0.52664110994652,0,0.000821347751028869,0.000401505763498703,1.42500855060292,0.0110800922068815,0.00418961220872413,0,0.00535321015795909,0.000187132119727644,0.0045010242833028,0.00203640859448991,0.0502003096562893,0.00138136248107792,0.00642686162113273,0.00227280458206119,0.0355872586101717,0.00612478587194748,0.00167988182923345,0.00692884794887415,0,0.00324596384533977,0.000908913156845509,0.0105143448184762,0.000841629817428392,0.00334106622030348,0,9.91121081487056e-05,3.42852076102794e-05,0.113439956564325,0.000731396061297064,0.00750156556063285,0.0221608930028747,0.00460716108814902,0.111926447977133,0.0917970626197319,0,0.0556651721714192,5.10182774861216e-05,0.00248280049482605,0.00469520718469161,0,0,0,0,0.029953793289359,0.000133633194171852,0.000312624207402283,0,0.161965950720125,0,0,0.00020015472209236,0.242634768134209,0.00260321339777947,0.000742945843733114,0,0,0,0.00268628643197234,0.000406359732935208
0.000237851150191045,0.00025602255402165,0.00400046152846419,0.00336238218382096,0,0.231783178012058,0.008877413110203,0.0148880960159172,0.0157239500575302,0.0047500925487132,0.000614535248293567,0.0436612469452049,0,0.00580248578699676,0.353082690620441,0.0250952568553195,0.00514847467911385,0.000596781720784616,0.000851317743618873,0.00469661729679398,0.09564172293676,0.00128376776377432,0.175960214604928,0.0144289684584743,0,0.00303549372711979,0.0408346813499238,0.0260129245256332,0.00201664329013787,0.0354935083289157,0,0.129433738044059,0.000619834460615736,0.0719011871072103,0.12169347650814,0.0310098802757311,0.030518406132387,0.00689804892071882,0.0311592779589835,1.13524945148756,0.852331917941107,0.0013603902022771,0.0024441731399368,0.000971346931161654,0.000722129421923997,0.00361398873734378,0.00170022405890971,0.000454713709819537,0.00141131676407184,0,0.000138884968629587,0.000952570105716093,0.00354404414811991,0.000173661250326729,0.000975462466984198,0.00133809604729387,0.000217519455749342,0.00162183522606919,0.00373774857294056,7.3437043458116e-05,0.00368037971255246,5.69152111632884e-05,0.000177374518174606,0.000898110893797282,0.00177975342814299,0,0,8.72077593829602e-05,0.00148286477922521,0.00108505203375582,0.000669382254895675,0.00464223134925161,0.00565159341134719,0,0.000731567071014833,0.00549819201656636,0.00774628165510409,0.000332462970635605,0.00177949655120116,0,0.00016395892278502,0,0.000306535017684555,0.130334976554306
0.0140515976170841,0.000126824890765738,0.0123211142036705,0.00835393337724448,0.231783178012058,0,0.418066071561209,2.12964969341198,0.0141566001816325,2.14730324204461,0.0287537451711221,0.405520050148492,0.00142135601928549,0.317130907808314,0.540666139194153,0.00014073759522101,0.00316205600704771,0.00671555343125659,0.00279423783105338,0.0252516954431176,0.0212824239188451,0,0.0156768058048069,0.0105858973765165,4.49430814588011e-05,0.0119136502561223,0.00978201627967876,0.0606435708812075,0.0528528604993617,0.0469430540378464,0.000959563015527367,0.469453397028112,0.00115682538409416,0.0238078937335948,0.144533686337555,0.153808526031852,0.00561675477353112,0.026766854462463,0.00929408525508201,0.471430877920522,0.0396515010321319,0.013138967059829,0.00537372128977331,0.00031529789486076,0.00497939643167119,0.00205209748780042,0.00217093498151409,0.0014422402406845,0.00664261262292463,7.7646932777363e-05,0,0,0.00307685872958523,0.000248514576752973,0.00134900963904855,0.00482777306954488,0.000740556778132346,0.0051255139587214,0.00364447220138576,0.000142334858278099,0.00301338442633554,0.000103462142199111,0.000346200708665139,0.000261849783027312,0.000202809515937227,0,0,0,0.00123601154288283,0,0.000131063795943427,0.000401756736019748,0.0253878973827276,5.23239484847963e-05,0,0.000181012278179291,0.0317543134686377,0.00118274391288623,0.00176725099299262,0,0.000560615491541278,0,0.00052085599061175,0.0188564263259584
0.930774594103318,0.000146372392332423,0.12993477968579,0.00989983574040863,0.008877413110203,0.418066071561209,0,1.25168761746002,0.301731504473171,1.343690217157,0.0415532732457806,0.0102870829512022,0.00178299485923164,2.62819901557319,0.0656270108659251,0.00463895505117273,0.0146305348193988,0.0113331473644809,0.00642288644852623,0.00505392381062316,0.574001273591938,0.00136082364964346,0.275723712772962,0.864949895076426,0.000398508467952883,0.0295029545954776,0.0571025266877543,9.58782285269805,0.271384980784433,1.91323194030555,0.00128485979652269,0.0416292700035243,0.0126752349227875,0.0746852686284409,0.0320340164029524,0.420163573918255,0.0268433940312479,0.139924877884035,0.0567948239589534,0.0457125223116873,0.0500884372342152,0.0172385561715665,0.0715244278289919,0.0010276855314058,0.0420523130570607,0.0141406155770242,0.0284361146596943,0.00627784476502736,0.019281081860557,0.000803104055345991,0.000881545204658562,0.00354354411082388,0.0545188944435427,0,0.0070274837519813,0.105059981523405,0.0367938223899631,0.145896924706122,0.0569563160221965,0.00218702589234099,0.0180547504823223,0.000237799736967492,0.0378493323470974,0.00164552886732893,0.00718470038310428,0,0,0,0.0170733873354446,0.00337929768058201,0.00405310024972075,0.0148620922380535,0.391177894591261,5.58509659619868e-05,6.31546225613594e-05,0.0180063974513177,0.644640992525834,0.0284631656302806,0.0149411653016054,0,0.00219979385057282,0.000119864687075901,0.0159291858267942,0.00439758419475478
0.360312565772237,9.18815454009976e-05,0.19710850103185,0.025053612080295,0.0148880960159172,2.12964969341198,1.25168761746002,0,0.0441760052118662,1.14759179056787,0.0244848962350164,0.555492717805324,0.00109284838975644,2.62689535344311,0.0812873185706916,0.000872273934471723,0.0499560067273924,0.00457094771146628,0.00423050007217521,0.105757658085082,0.20381166700163,0.000485407532174093,0.28777537142037,0.0349014472977914,0,0.0415549801802564,0.0394522973294462,0.145705937920192,0.208376829418534,1.37776844765216,0.000727456821460718,0.0806532437195929,0.00380214699797598,0.0308447509933666,0.0164998599121259,0.25739113903774,0.0131543415080952,0.0439594270556106,0.0203391794540787,0.384490878278097,0.0608680334428722,0.0230600970724693,0.0510361908113436,0.0011000796878923,0.0238805376556066,0.00410062967797323,0.018615960380643,0.00484723990755799,0.0229092890666229,0.000684995834867835,0,0.000838872463581401,0.00854997660548466,0.000110871412260091,0.00288350899632341,0.0648745603248861,0.00318480246304415,0.057616196142987,0.011918794240263,0.000116210223635352,0.00702572417330618,0.000122942883311331,0.0043992974120032,0.00147183371454281,0.00100955474444811,0,0,0,0.00398922486151212,0.00132642726786482,0.00157137422625437,0.00163785763389144,0.266800223001786,0,0,0.00339345298052812,0.364765066550372,0.0111739439224095,0.0108391904255206,0,0.00146145629535249,0.000292953874699313,0.00608113137437071,0.00313494347434854
0.00174042711612818,0.198633698003493,0.0103871310352738,0.340883042398215,0.0157239500575302,0.0141566001816325,0.301731504473171,0.0441760052118662,0,0.119817157895442,0.016112482601577,0.394892275329201,0.0983605258506117,0.0433065896312083,0.213149231092441,0.01313565146378,0.00405760430229248,0.00298086332962951,0.00100490622807208,0.133862318604115,0.0216428249513293,0.778908849591526,0.0141749262567747,3.06013154790367,0.0552209195578363,0.00841240336681262,0.616262065000393,0.795342024085424,0.0468713328814154,0.0619372183902431,0.011756566048155,0.00823316723219293,0.0076048433255695,0.0204867666863158,0.0142580212833362,0.143365201654144,0.00989554281084659,0.027648224162477,0.00771396863327716,0.0500124681267994,0.0166629513699859,0.00871320128583527,0.033043066865636,0.00296618257353618,0.0136443605394441,0.00540326015040386,0.00758715865810145,0.0011987527932968,0.00338277936777456,0.000988327642996275,0.00330808924689259,0.00207962299423359,0.030829483253651,0.00067171821534726,0.00350716813609143,0.0211008711197194,0.0101462208329192,0.373032163179548,0.0238886283000888,0.00386074309062477,0.0179192766062875,0.00295186925839403,0.0112353612783985,0.00586571109474716,0.0398600635002075,0.000335718779095435,0.00139582140040889,0.000929290370747782,0.00778703983978287,0.0265900519190649,0.0878965937920861,0.00908942846010412,0.479329541557239,0.00104175936579894,0.00399859339477486,0.0183536510652857,0.265100263975699,0.0215195159139961,0.0232785581687619,0.00425569529876379,0.00215610231447923,0.00145715699242649,0.00612870833374337,0.00666541368681995
0.0390455986278705,0.000148267631469673,0.0178759147665492,0.231889453991776,0.0047500925487132,2.14730324204461,1.343690217157,1.14759179056787,0.119817157895442,0,0.139867750949028,0.483279798837601,0.00710521998379408,0.682613669046365,0.0279213302574448,0.000698950059444511,0.0169125501193603,0.0349581010265114,0.0184272105322193,0.191953510936311,0.0388252436486456,7.86285906923234e-05,0.0355092706917653,0.0748278275083302,0.000540015231216427,0.0581536003572689,0.0389853807725486,0.912065482838715,0.320443835662758,0.110849872290949,0.00246155460367415,0.125800886009215,0.00474132536578609,0.124699219978514,0.0665925800042829,0.980008599331693,0.0231277078141503,0.156698456631987,0.032255575098004,0.142207995657391,0.139279464240287,0.0390435176179635,0.0257366400910839,0.000664123979180402,0.0176235516558248,0.00365876521874925,0.0220265370367248,0.00540907312193858,0.0185054534438015,0,0.000134231134011733,7.05415618684739e-05,0.128935036455373,0.000496792395824641,0.0123255604350169,0.0712631456803523,0.00557121017920524,0.123809869639824,0.132846281178672,0.000800620844075602,0.0575475221792534,0.000904233770153963,0.00421158682157044,0.00718762936215694,0.000452053485825956,0,0.000183630766231033,0,0.0486679005732134,0.000238282042350027,0.00174048168139586,0.000941944612926127,0.339473010708946,0.000249407140795153,3.63708936266691e-05,0.00132125623955861,0.544441759220236,0.00594861998018053,0.00502676273697734,0,0.00011668994183712,0,0.0059673691939327,0.00391745395447427
0.00534804571350836,0.0282882974081695,0.0079629932416774,0.00458100316387034,0.000614535248293567,0.0287537451711221,0.0415532732457806,0.0244848962350164,0.016112482601577,0.139867750949028,0,0.0956048752371753,0.794706354948789,0.24822774413198,0.00477211709068451,0.00177609764313533,0.0679547571704503,0.918271910309161,0.117471293238947,0.0330929895559976,0.0160227959872991,0.00799306136328949,0.0459224546293641,0.0145412587089099,0.0807219549656404,0.769175747739762,0.144264821375245,0.0194754839609028,0.349483425334334,0.0535764953500833,0.0905633933254029,0.171042848890921,0.00500503277391268,1.25104380558492,0.0238765794635387,0.292818133248569,0.827314521798032,0.738214886010652,0.176318894056456,0.0252192118112404,0.0249517104290812,0.308846980449184,0.00544145596034391,0.161220762779178,0.00501746355401428,0.00154045417878862,0.00126185977016664,0.00215633730296587,0.122959863722083,0,0.0220526433426173,0.00210712415292439,3.70635919596284e-05,0,0,0.00146505465880227,0.000340945347857958,0.0139725632759812,4.05615189737827e-05,0.158882584050561,0.000652652824658274,0.497770492142895,0.00066825194999021,0.000189075998396194,0.000629102349615765,0.000210161127304298,0.00489996784258758,0.000673621570398635,5.156523574332e-05,8.27196375566512e-05,0.00455513978918936,0.00129190827609922,0.0264376698921572,0.0744057180526953,0.05597803288338,0.0985925028908023,0.0049180437125702,0.00242472347963163,0.000262891886650684,0.163519161695765,0.00154854376814874,0,0.0065586627156345,0.00994468089001468
0.00211911167249099,0.000207696103568319,0.00146497978776258,0.427232058514353,0.0436612469452049,0.405520050148492,0.0102870829512022,0.555492717805324,0.394892275329201,0.483279798837601,0.0956048752371753,0,0.00541985658729339,0.298628809955285,0.427665178451795,0.000233949324558944,0.00705106352264948,0.0201120410654023,0.00903425435764988,0.733113380295437,0.00274980321188091,5.43914869335234e-05,0.0062827073433012,0.0702488881926456,0.000371927165263683,0.0318720511387518,0.0193009964513674,0.252453384692663,0.0845663746815178,0.0112344170187012,0.00166281102435737,0.0634889448876544,0.000167275899019161,0.0499370893868571,0.199020603820997,0.186421735805317,0.0089232915654191,0.0512950897908098,0.0121931480011571,0.278266426115547,0.0490517778438394,0.0296043365484203,0.00805223628101522,0.000712953168681869,0.00878133411313447,0.00246259323551942,0.0158615825935328,0.00349062325364128,0.0150571265483927,0,0.000172204329170084,4.99105644506037e-05,0.0759343302681461,0.000856226744601774,0.0153160230259405,0.0147393615861629,0.00592117953897203,0.0394875491088566,0.0989135880186123,0.000387528235643979,0.114856002316486,0.000714376200701368,0.00418791799166732,0.0095834597798454,7.48664301904142e-05,5.03038798739016e-05,0.000413950665184302,0,0.0266062600337101,0.000353861081805205,0.000580197588324308,0.000262696489223796,0.0847760492576388,0.000316072016115492,0,0.000282556037830093,0.143618157125351,0.00257698214517753,0.00242388837977853,0.000240426623365038,0.000716980223455086,0,0.00223286631786494,0.0280726383911785
4.61688402787447e-05,0.37006569156916,0.000157835793305599,0.000258042188327226,0,0.00142135601928549,0.00178299485923164,0.00109284838975644,0.0983605258506117,0.00710521998379408,0.794706354948789,0.00541985658729339,0,0.0108454993470853,0.00137554496665627,0.00423540329929537,0.000880282804324818,0.00214132229697265,0.00100758370171374,0.00212154529035704,0.00194197330183868,0.183122631698675,0.00120913660183776,0.101346160389202,1.11265787560758,0.0263256941080817,0.388132401311894,0.00376473223952462,0.0108094070376731,0.0039460652721655,0.106306241992386,0.00624553570257284,0.000189749059734046,0.0664581229089405,0.00136182132356623,0.0219187269387462,0.605712605083453,0.14738331197326,0.011153447993946,0.00199823585868521,0.00376708967011278,0.543420303763997,0.00192198526014024,0.352724857728565,0.00538969455714771,0.00125671813340629,0,0.00239837330197683,0.21653343553054,0,0.0776281875895945,7.75532507220089e-05,6.63247316574693e-05,0,6.80095698509454e-05,5.00220290439964e-05,0.000173037382725736,0.017680584561065,0,0.382740296957062,0.000128605142906946,1.30526880837667,0.000500441061422402,0.000164223769096231,0.000351487536624587,0,0.00986802609443334,0.00319509116671356,0,0,0.0163639128964159,0,0.00892775353567051,0.299713998324942,0.155894128752212,0.308285654183682,0.000508606683522326,0.00260827482660715,0,0.440252852279846,0.00378668328264789,0,0.0121695169611456,0.00060054747829377
1.96343097589921,0.000234157801769954,0.226881302135646,0.0194192772029642,0.00580248578699676,0.317130907808314,2.62819901557319,2.62689535344311,0.0433065896312083,0.682613669046365,0.24822774413198,0.298628809955285,0.0108454993470853,0,0.0252197561929746,0.000859344318740961,0.116871502038087,0.0630652598669095,0.0294633840839731,0.081933783708916,0.234539240362924,0.000540027850050732,0.418477754996756,0.0490332770567265,0.00085179268979103,0.129353990888027,0.121350844734076,0.148353686376243,1.56056736687169,2.59637982940345,0.00661983505148328,0.0417073403680012,0.00847426046892728,0.104245073102772,0.0196834583635894,0.275358112379745,0.0320497927728147,0.072156059183777,0.0242134323044138,0.0776335435946644,0.0591515660772642,0.034995899598958,0.0355246984716588,0.00160449258603004,0.018659531464954,0.00561774047874534,0.0141158345444876,0.00541962200913203,0.0252997998383237,0.000574128294053319,0.000327350871965861,0.00418449499431075,0.00264602552421958,0.00011309229512434,0.00120768779126634,0.0458485434763711,0.00157375430200148,0.0421342908158698,0.00187887853081342,0.00059879842153095,0.00334660047706573,0.00127341010680824,0.00248350388559611,0.000665928770904369,0.00289999928153248,3.6913063867557e-05,0,0,0.0009752283950683,0.00157139128672652,0.00156927468243452,0.00209901722598935,0.225737049696037,0.000272534431931985,0.0018132226773076,0.0100869598268201,0.210441135230188,0.00536636566574483,0.00975194402550498,9.73777005309464e-05,0.00223326701114976,0.000242370573973734,0.00399122628163879,0.00190027494739294
0.000520571595232276,0.0033624435620868,0.00515386372602584,0.0512640491316945,0.353082690620441,0.540666139194153,0.0656270108659251,0.0812873185706916,0.213149231092441,0.0279213302574448,0.00477211709068451,0.427665178451795,0.00137554496665627,0.0252197561929746,0,0.00485148736828401,0.00384449700224089,0.00131603627863161,0.000929798260177404,0.0466119680095775,0.0502634494938186,0.00878749526964159,0.052069008224959,0.243159291175122,0.000433591497098965,0.00459717165015348,0.0247628791177689,0.146727665631245,0.0122803475886725,0.0593737743092262,0.000141800953160524,0.0729622757641298,0.00295597392326134,0.00707562009394062,0.0965358961201148,0.0637114020365145,0.00988067771212864,0.00875543608994815,0.00834493918852238,0.758437687524637,0.00726241504086693,0.00310522251988903,0.00576964571568161,0.0027809341825226,0.00355490599359481,0.0143136874723683,0.00704442887209535,0.000988250381945113,0.0051011816408486,8.91600523840129e-05,0,0.00121092651793843,0.0234477382035162,0.000548871865052581,0.00625577578269765,0.00679408612573577,0.00282931850216138,0.00975403808055829,0.0270650242907568,0.000442109103676719,0.0181187038190102,0,0.00305795792462551,0.00541333839717604,0.00220126543686122,0,0.000945860243072701,0.000541586321383023,0.00727173158804941,0.00202297833929746,0.000520288318921721,0.00483288297270798,0.0310668218862631,0,0.00093083570367805,0.00500520148953916,0.0475649756659126,0.00169960536300581,0.0038765997376954,7.14403154275656e-05,0.000472790746831188,4.58737151598811e-05,0.000889739866596976,0.180672314337474
0.000248510057846094,0.0405434043307264,0.0117632581708916,0.00012744904346286,0.0250952568553195,0.00014073759522101,0.00463895505117273,0.000872273934471723,0.01313565146378,0.000698950059444511,0.00177609764313533,0.000233949324558944,0.00423540329929537,0.000859344318740961,0.00485148736828401,0,0.0167021332954655,0.00190772081900097,0.00282633631404599,6.67085190082431e-05,1.07396882476747,0.742088204041435,0.507891284468651,0.439380019671531,0.00239796143665396,0.00592635015162407,0.755507608256697,0.205682824652313,0.00124446013488158,0.0327244881537895,0.000660299614433206,0,5.351418485986e-05,0.0241110770093041,0.0834954542381015,0.76209491255018,0.135463970460334,0.155379417022831,0.15877628363251,0.01147328991079,0.00533902703582805,0.0005655960916195,0.0807477658746402,0.00991489007634551,0.032723889475897,0.0303933965499287,0.00146074313670944,0.00052493685661335,0.00154880725026164,0.000608065772312116,0.00214942178209936,0.0183097650962961,0.00017895930627768,8.2298161563301e-05,0.000185264241825503,0.00934220184813933,0.00272120939696048,0.00695711769742188,0.000141000781579989,0.000308631867745653,0.000103215488751209,9.90362992226839e-05,0.00196574080431164,0.0014839961499106,1.14660299695789,0.0025331092986032,7.45934892806768e-05,0.000534513131698951,3.32311486006051e-05,0.25477137099763,0.304808809847142,0.707255324565023,0.158839803998768,0,0.00204732152013214,0.418199803112213,0.155979572283455,0.00720789320638421,0.0829080599921533,8.49235985001504e-05,0.000503353262434608,0.00125250355465537,0.0148205244576352,0.0316848507238466
0.0125219516057645,0.0121225987736665,0.981101799093098,0.000270415341708314,0.00514847467911385,0.00316205600704771,0.0146305348193988,0.0499560067273924,0.00405760430229248,0.0169125501193603,0.0679547571704503,0.00705106352264948,0.000880282804324818,0.116871502038087,0.00384449700224089,0.0167021332954655,0,0.175422542397619,0.679899915430101,0.00300804130654494,0.0543033467099624,0.00350630182220878,1.03861991758459,0.0070837871148767,0.00169590654979815,2.24455617350765,3.0383095671562,0.0121860997107565,0.205477491502737,0.110671057994688,0.00126333164155117,0.00602698440133189,0.0319735565276608,0.579418331006844,0.0358546918730071,0.614862739174377,0.50502746379806,0.40867211369073,0.133306269185544,0.0112647290813512,0.0113986893473952,0.00141750381370222,0.0225982583094501,0.0360794967232168,0.0119186844249641,0.0124055986448883,0.000275607421832484,0.000329872731080759,0.000270722616718316,0,0.023489265985214,0.181165821122968,0,0.000105193416423893,0,0.00110677104859621,0,0.00225974088322258,0,0.000660173892368874,0,0.000449668368939808,0.000443531104554141,0.000306888931224048,0.00806017029847977,0.0179773044650474,0.00186172749402462,0.0135746883315954,0,0.00743256777565596,0.00280239654689939,0.0395453674539345,0.00529433780183165,0.00118386903277236,0.161724646978534,0.833740775338428,0.00481271536574343,9.18337957959358e-05,0.0047508670749643,0.000504187472361478,0,8.58441392653465e-05,0.00536730894758916,0.0241545045010859
0.00205622910890647,0.000636451882711983,0.0140677022578209,0.000709346750600311,0.000596781720784616,0.00671555343125659,0.0113331473644809,0.00457094771146628,0.00298086332962951,0.0349581010265114,0.918271910309161,0.0201120410654023,0.00214132229697265,0.0630652598669095,0.00131603627863161,0.00190772081900097,0.175422542397619,0,0.616743777409622,0.00886263717196907,0.013136573046345,0.000466365141015876,0.0455696108957791,0.00335830808818632,0.00116678279007408,1.20406015897394,0.201042982675074,0.00371737172939681,0.0773938693613015,0.0139121565564634,0.00388184724636898,0.0295815869377152,0.000858392955620351,0.28940657664515,0.0256109424464352,0.34129688429523,0.430695225878305,0.297506376613913,0.147801532920183,0.00730868420833886,0.00577786312935696,0.00425179184515286,0.0023832781226888,0.00870431541765579,0.0023881929055278,0.00178398308501538,0.000263911195905924,0.000106241856108916,0.000490564585441047,0,0.00145476388751981,0.00523638684708668,0,0,0,0,0,0.00257435977502241,0,0.00104419951689593,9.26575104550003e-05,0.00220328331529438,0,6.72820418300569e-05,0.000107475507029199,0.00204313938905102,0.00361656750377774,0.00672137246707909,0,0,0.000169707185491633,0.000861944123670628,8.04889734971463e-05,0.00342787717116944,0.0596632323724845,0.0864293558884376,3.01716647961975e-05,0,0,0.00832123449778926,0,0,0.000314005277001708,0.0151103639688573
0.00119699523960353,0.00176458695084246,0.0561907410515143,7.08511336342126e-05,0.000851317743618873,0.00279423783105338,0.00642288644852623,0.00423050007217521,0.00100490622807208,0.0184272105322193,0.117471293238947,0.00903425435764988,0.00100758370171374,0.0294633840839731,0.000929798260177404,0.00282633631404599,0.679899915430101,0.616743777409622,0,0.00346234710508511,0.0154209691654353,0.00055705347918027,0.101710580531069,0.00160819395710951,0.00102115037673651,1.08328018861721,0.375130779706923,0.00307560830062448,0.0337315339990066,0.0106595047209487,0.000952332167683526,0.0062752158456546,0.00183118160458803,0.280799693831678,0.0158015906542459,0.281817124042306,0.267184221773988,0.239021408873133,0.0888677647390022,0.00476394729605618,0.00339238375547012,0.00134242887965629,0.0038195204310616,0.00993906032905854,0.00139534423208558,0.00264794555872678,0.000234990250495499,0.000276072331022203,0.000226295601885605,0,0.00308584876975896,0.0148938933311448,0,0.000108769353199613,0,0,0,0.00144131628143019,0,0.000414403403167284,0,0.000662182431905437,0,0.000211949564635324,0.000520244808456307,0.00367971178028048,0.00280600407339207,0.00962802271359191,0,0.000292205425418508,5.71861430778682e-05,0.00328773203501505,0.000190033236628637,0.00236978058480973,0.0717724643794687,0.137209815937652,2.61237313942611e-05,0,5.85644043471933e-05,0.00146855903378497,0,0,0.000841721791571417,0.0135559392883681
0.0016924945139881,0,0.000819029533148575,1.9913736044442,0.00469661729679398,0.0252516954431176,0.00505392381062316,0.105757658085082,0.133862318604115,0.191953510936311,0.0330929895559976,0.733113380295437,0.00212154529035704,0.081933783708916,0.0466119680095775,6.67085190082431e-05,0.00300804130654494,0.00886263717196907,0.00346234710508511,0,0.00115516241836918,0,0.00311880749701755,0.0785416584343865,0.000331972725192634,0.0121772350089663,0.00910856959310788,0.435428779178547,0.0410330631977365,0.00661840841179874,0.000430503911342401,0.0170207722345355,7.97518001679421e-05,0.0162155023598451,0.0024610119964635,0.118532143622113,0.00372616105123738,0.0147583035488788,0.00338272323314594,0.0482128256412685,0.0170407531541596,0.00908706222617385,0.00984779972302826,0.000109974798254197,0.00770447231833038,0.00118470002137941,0.0131145652557696,0.00242588484935744,0.00692609117321278,0.000163666403498071,0.000253176460673705,4.66577188589633e-05,0.102458437720501,0.00156006210208367,0.0114259857644336,0.0286354411642075,0.00440828372994054,0.0597268325496722,0.0993737940094521,0.000281498888058639,0.0642274303797894,8.29926983666301e-05,0.00352742890554361,0.0083142640919211,0.000154126202398461,0,0,0,0.0309675063553647,0.000212187694508281,0.000619972652305183,0.000106733031444872,0.161908393059488,8.53109668714702e-05,0,0.00019442883010636,0.266615017865451,0.00281119523161661,0.00224818845765232,0,0.000533429220193595,0,0.00276857163098732,0.000334664227162546
0.06004576603834,0.00896902436049289,0.189882873108972,0.00105147969702802,0.09564172293676,0.0212824239188451,0.574001273591938,0.20381166700163,0.0216428249513293,0.0388252436486456,0.0160227959872991,0.00274980321188091,0.00194197330183868,0.234539240362924,0.0502634494938186,1.07396882476747,0.0543033467099624,0.013136573046345,0.0154209691654353,0.00115516241836918,0,0.0819815251421111,3.50131128415108,0.164834568500794,0.00102249879616795,0.0295477895162607,0.316711468182014,2.54458922794723,0.133566811040784,4.33623262645364,0.000328962496407432,0.00631858619298128,0.02167971918553,1.10458801263752,0.441691734799529,2.12642924035867,0.21053416030416,1.63836900490434,0.808076139970511,0.0885449313217905,0.0353304544771003,0.00536603013424459,0.11518379566031,0.0105486203514692,0.0262837149312837,0.0226182484001104,0.00831483570166795,0.00161982818661787,0.00646776244713214,0.00268699948670185,0.000948605577586593,0.0080475734618726,0.000509133698372689,0.000377605374255865,4.75956797970236e-05,0.0218906976141627,0.00953759094595758,0.0186197114943361,0.000454878873734421,0.00070022550226008,0.000360290095451826,6.2611399862796e-05,0.00851656526280779,0.00296712846387688,0.287751191594289,0.000906955849349914,0,6.14852541634858e-05,0.000261395331803102,0.246608329912936,0.0769007511858127,0.169112165521051,0.322187564012218,0,0.000837282064147025,0.0539404790097767,0.338799696946447,0.0345625142396831,0.180905020594947,0,0.000883051631292695,0.00209879151245251,0.017317600006104,0.102112973854774
5.31413910290063e-05,0.213783905384798,0.00300217015674859,0,0.00128376776377432,0,0.00136082364964346,0.000485407532174093,0.778908849591526,7.86285906923234e-05,0.00799306136328949,5.43914869335234e-05,0.183122631698675,0.000540027850050732,0.00878749526964159,0.742088204041435,0.00350630182220878,0.000466365141015876,0.00055705347918027,0,0.0819815251421111,0,0.0517013103089069,2.22042361072412,0.0777224079410795,0.00427494802691899,1.12679294658977,0.108488821418909,0.000547883412790602,0.00710868245231015,0.0153566854369709,0.000301262900152514,0.000555710116874569,0.00204493391731432,0.00269804027929052,0.0335435252459821,0.0080872107871205,0.00672394899271075,0.00292770644216041,0.00188477019687331,0.000330775547925812,0.00526082698458553,0.0283091918743781,0.00570998338482306,0.0135099779394539,0.0124496210656817,0.00158517238068337,0.000873737077118677,0.00109200715900432,0,0.0110505613515904,0.0237113952109102,0.000320494150177783,0,7.13025340633899e-05,0.00307345778321529,0.00149204362764145,0.0149491224651455,0.00074382761941801,0.00268848480556458,0.000140529770800203,0.00970981079821231,0.00100007348630722,0.000842444739403081,0.246640630124088,0.00129526179259807,0.00052114044460912,0.00127843231227026,0,0.0390552880861196,0.226943498510148,0.109862505651053,0.0730939754816451,0.00392883087007102,0.0133892216875045,0.429714058544509,0.0425583288668891,0.00327479866773895,0.0132396250178113,0.0123664609599335,0.000180346035168505,0,0.00560769595058552,0.00268991861528358
0.0877873099096479,0.00671758887107845,3.22748377008233,0.00131564330159344,0.175960214604928,0.0156768058048069,0.275723712772962,0.28777537142037,0.0141749262567747,0.0355092706917653,0.0459224546293641,0.0062827073433012,0.00120913660183776,0.418477754996756,0.052069008224959,0.507891284468651,1.03861991758459,0.0455696108957791,0.101710580531069,0.00311880749701755,3.50131128415108,0.0517013103089069,0,0.133046699257648,0.000521559402697399,0.499337390602377,3.87788166944542,0.571528201824022,0.451889187617461,1.50354092304337,0.00152509411322263,0.0109694452571991,0.0680043984815897,0.964253612353267,0.570950208777491,3.50879737823751,0.818847805838645,2.58546092361545,1.64981066420952,0.0985791943716574,0.0578205629099385,0.0058308842417926,0.148817454964291,0.0190116064195062,0.0652484860886241,0.0657633533366115,0.00540089014627703,0.00261456087653471,0.00724079434955348,0.0005151674435543,0.00429742873602019,0.19930905879617,0,0.000860675954803044,0.000381507556924242,0.0186007201513718,0.00330728164682599,0.0092284480260804,0.000144436360468567,0.00108022661123459,0.00041526430821681,0,0.00393230393776844,0.00354071645280418,0.617024361935775,0.0101366066293906,0.00137498578656778,0.00298214302757143,0,0.215095208907808,0.100119294471711,0.788799336694118,0.107629262329526,0,0.015899983688673,0.788446350345857,0.118248095950674,0.00679605651035104,0.0733776657118129,0,0.000676608754357422,0.000720538444304013,0.0196593725979155,0.219731554378185
0.00204234078150253,0.342532967037541,0.0192064733491083,0.52664110994652,0.0144289684584743,0.0105858973765165,0.864949895076426,0.0349014472977914,3.06013154790367,0.0748278275083302,0.0145412587089099,0.0702488881926456,0.101346160389202,0.0490332770567265,0.243159291175122,0.439380019671531,0.0070837871148767,0.00335830808818632,0.00160819395710951,0.0785416584343865,0.164834568500794,2.22042361072412,0.133046699257648,0,0.0564806315416547,0.0097965043827285,0.891633789282864,1.76833083292291,0.0914835901887294,0.273073959075962,0.0115253383631577,0.0154530546512416,0.0195333379243458,0.0411750880099768,0.0745748879199091,0.614112491006269,0.0392905125017867,0.0985868941866478,0.0527868311099758,0.0595768816720178,0.0285609296786986,0.00973606635592536,0.207928896263208,0.00740300671216515,0.0925493998097473,0.0322067712021246,0.0586771799697931,0.012684787367034,0.0161767057457816,0.00414337544362636,0.00552482769268285,0.00640215471358991,0.0591938035298402,0.000789668111553198,0.0148887538099576,0.158475472865511,0.0902449823753096,0.506128766761505,0.0618654762619276,0.0115044668165465,0.0374211756908093,0.00212496074732065,0.0862050417312984,0.00871722287582192,0.114073654056058,0.0006687454593842,0.000476685263877458,0.000149513720041675,0.0186466856541631,0.0663883281230783,0.0896638490695141,0.0652950684035535,1.48301150564032,0.00149794220528416,0.00213692083637644,0.0783403383405647,1.32016222711602,0.0986534184269784,0.0926763541155048,0.000711302693897605,0.0144104400450135,0.00295488806404317,0.0398914159186018,0.0156925315234782
0,0.231777255667523,0.000514370650496125,0,0,4.49430814588011e-05,0.000398508467952883,0,0.0552209195578363,0.000540015231216427,0.0807219549656404,0.000371927165263683,1.11265787560758,0.00085179268979103,0.000433591497098965,0.00239796143665396,0.00169590654979815,0.00116678279007408,0.00102115037673651,0.000331972725192634,0.00102249879616795,0.0777224079410795,0.000521559402697399,0.0564806315416547,0,0.0342948555111048,0.972357119136578,0.00150021432018937,0.000673544796941781,0.000353563734535199,0.195530761706771,0.000163800089602887,0,0.00351961788707568,4.7199385518837e-05,0.00630566599075169,0.0410133260059944,0.00917908216309796,0.00226484939287843,0.000198166642865897,0.000506532478620171,0.0621680348493854,0.0023805187465244,0.023035983902929,0.00234854046485611,0.000855879811920786,6.03905756164432e-05,0.000367963364528978,0.0314589841090383,0,0.0470293943669422,0.000313018873701635,0,0,7.0337291823715e-05,3.80833515068859e-05,0,0.00431794015026609,0,0.0434174328735728,0,0.215169344031787,0.000214303275651551,0.000309023171509344,0,0.000491895206347751,0.00438302366130137,0.00399687467543759,0.00019480167189731,0,0.00381437146706427,0.000126821416323185,0.00642620419212192,0.245499653433682,0.0706985345052699,0.216695467954862,0.000433231892294675,0.00109434924769047,6.19060560510337e-05,0.0815577010703916,0.000279483610128504,0,0.00228694406050432,0
0.00954053193901442,0.0198291913199406,2.42344099233582,0.000821347751028869,0.00303549372711979,0.0119136502561223,0.0295029545954776,0.0415549801802564,0.00841240336681262,0.0581536003572689,0.769175747739762,0.0318720511387518,0.0263256941080817,0.129353990888027,0.00459717165015348,0.00592635015162407,2.24455617350765,1.20406015897394,1.08328018861721,0.0121772350089663,0.0295477895162607,0.00427494802691899,0.499337390602377,0.0097965043827285,0.0342948555111048,0,4.75492970909238,0.0172907719886846,0.152483202989258,0.0461353310734907,0.0267694706617524,0.0357566842112785,0.00689324068123442,0.43778627847088,0.0680593320455084,1.22043563872658,1.35184449493021,0.721595051899898,0.336090096842409,0.0158306675951995,0.017049041993741,0.024846281208849,0.0450223619044751,0.190381542737582,0.0305432662644451,0.0220749199202251,0.00030133188009367,0.0007238702775103,0.00243473168068274,3.49208893817336e-05,0.0776483889817827,0.183039835889828,0,0.000264561572118086,0,0.000713134926790175,0,0.00497156002898992,0,0.0241182561508349,0.000167024553475141,0.0968821573224491,0.000430699886954898,0.000624803137281054,0.00129775170762419,0.0696404444388189,0.0604282275135922,0.123044233400119,0,0.00123888602061461,0.00853985675066423,0.0185448119556922,0.00439088158740822,0.0501803015086525,1.40232817988936,2.61761803319,0.0012127757073896,0.000982133711092029,0.00188341919559,0.211029066080342,0.000181369546261096,0,0.0124873571487869,0.0459499496171891
