0,0,0.025377309433299,7.14758354359388e-05,0,0.00119740631552868,0.390144932410449,0.117026684182668,0,0.000664871703639364,0.000184156531617999,0.000612621270676565,0.000135577692228079,0.772454976117623,0.000352493182013321,0.000112953854449939,0.0415832966054312,0.000675561377493573,0.00496267026606722,3.41031915999651e-05,0.0204739951423908,0,0.0512156805751667,0.000376013254717565,0,0.00657549756754451,0.000945560286781553,0.00707100554021433,0.807737912766303,1.08404233671914,3.38082760930061e-05,7.58576117842914e-05,0.000891812923191023,0.00378640911696585,0,0.0036170761689209,0.00100142316517718,0.00247787463247671,0.00105838815457864,7.01749128622532e-05,0.000107150173618746,0.000202294397927761,0.000145964908094358,0,0,0,0.000151623406347847,0,0,0,0,0.000160608267310405,0,0,0,7.68081251383784e-05,0,0,0,0,0,0,0,0,0,4.29210977422237e-05,0,0,0,2.64183658603907e-05,0,0.000134205423657227,0.000425792596016669,0,0,0.000214366259819126,0.000396175017944098,0,0,0,0,0,0,7.98360829517363e-05
0,0,0.00745957477736217,0.00164951297297439,0.000301762875111341,0,0.00115442739638574,0.000238906841558337,0.266553691762984,0.000537327027993703,0.00352854429342971,0.0012483307400419,0.188862026079777,0.00147118042408579,0.00482781032052918,0.0737165555901727,0.00605416291189056,0.000434618608343363,0.00158003999309811,0.000576257589599633,0.0196574884218269,0.570685202889004,0.0279339833115822,0.345440269176695,0.216727021597271,0.0488530350865121,2.2656937597611,0.0316642065823605,0.000863189874496744,0.000116587521282053,0.00734214781802904,8.23842883921627e-05,5.29541192165851e-05,0.00707301342623799,0.00184649770864263,0.0208950268618335,0.0287812567015145,0.0101716972208216,0.00988870561538279,0.00653302649378334,0,0.052126874868792,0.00726062208216521,0.00350661929148352,0.00403768289453108,0.00405060527135379,0.000762484554749014,0,0.00743073182430233,9.35333998609543e-05,0.11157734404266,0.0127533204237272,0.000262755658407545,0,0,0.000731119543087411,0.000343094588427424,0.00544011770697,0.000374614303468227,0.00294452814010448,0.000443825373425626,0.00507431054569421,3.42329184145927e-05,0.000166664073625803,0.0100515322423021,0.00610293242237015,0.000624971190554905,0.00425686668419416,7.55301815185069e-05,0.0021606679220815,0.00668732347493701,0.00379006264845087,0.00988438168829883,0.00409793256044884,0.0462055507983197,0.930891510915702,0.0017975035698338,4.50713928368091e-05,0.000198653649436903,0.0014306268337446,0,0,0.00212342969365837,0.00107994046279978
0.025377309433299,0.00745957477736217,0,0.00185342089812615,4.97754918260098e-05,0.0329852128709913,0.580902084639877,0.232580377317146,0.000810526986352683,0.0408192242716321,0.0110296472294073,0.00832177840870724,0.00511835826589789,0.299777310611072,0.00785403321322934,0.00365550592393663,3.90182219639493,0.0183595216583411,0.270789964349114,0.00119631397395401,0.633160862105075,0.00323353323551832,3.04419513205854,0.0171774649153027,0.000349684521994901,1.90352442953638,1.84653676294678,0.42506312239125,0.0476409176644703,0.268901874384699,6.56767135297298e-05,0.000790981867563462,0.00745644729480845,0.388848754271629,0.129953876539755,0.945687707712497,0.44733787256864,0.4223428161909,0.472296174515921,0.0117510827027557,0.0120139655459539,0.00267782814566786,0.0971092300252063,0.00914295357776709,0.0527753829284854,0.0450622732957289,0.00284132674998512,0.00163916513704641,0.00109997962373762,0.000132939469988632,0.00560672664696751,0.505337298915274,0.000164462080707693,9.74354366965297e-05,0.00022239849836216,0.0112849399876286,0.00141076699695291,0.00146477353982272,8.71954481726168e-05,0.000382358605281806,0,0,0.00276508617992866,0.000202599522254514,0.0258639333171817,0.0939755429642684,0.000882900480976903,0.0140829302707934,2.24824468028307e-05,0.0171226326518806,0.00562767028404751,0.107251658941195,0.0428237089471664,0.000309582488136578,0.0570966078580974,1.36969601673042,0.0222444206868514,0.00283519299612627,0.00605624193386219,4.47445862885475e-05,0,0.000443876381087494,0.0260266282732595,0.0432317334770635
7.14758354359388e-05,0.00164951297297439,0.00185342089812615,0,0.00603909901917248,0.0545491487428411,0.0200549078398196,0.0371426727917429,0.202149733207068,0.626881209152116,0.00345269169496255,0.433029321725132,0.00295145251915236,0.0205584963859254,0.0657301220110865,0,0.00138231772539122,0.00237677031998675,0.00130192750692942,1.16360984730216,0.000400213173091388,0.00097116020665071,0.000392577020895529,0.345539608349306,0.000481592954768252,0.0027017132945986,0.00285647499889062,0.852100672446315,0.0161565387954982,0.000706130739932227,0.000116624768577957,0.00134678946571026,0.000688137207429934,0.0151158210405912,0.00545327447940974,0.105570597073487,0.00171221656010542,0.0160609077092938,0.00231410655861273,0.0903965997219084,0.0033583894614454,0.00055742072884934,0.0084683730700237,0,0.0070803171048439,0.00120957986909654,0.088513972509183,0.00198513342787006,0.000549296908855081,0,0.000231776554280352,0,0.0928881514379837,0.000640221911319637,0.00850237185859782,0.0455680011715037,0.00809488196392893,0.0350486287786252,0.14959942707893,6.62632287669897e-05,0.111926377926541,6.90938453568935e-05,0.00505848715364919,0.00445236815957954,0.0002051565047508,0,0.000198394120790076,0,0.0715990188514702,6.17213627778053e-05,0.000198105588206768,9.1423605681515e-05,0.123789288322107,4.11851268381119e-05,0.000406595633776545,8.53779781788829e-05,0.164715837457562,0.00347652697435515,6.79415133020163e-05,0,0.000403532625610447,6.91408878042698e-05,0.00339894059549697,0.00103493260555928
0,0.000301762875111341,4.97754918260098e-05,0.00603909901917248,0,0.045218195776911,0.00149357045995738,0.0141220209959861,0.00403921430537801,0.00511637132049346,0.000628799956656766,0.0239104540336971,0.000536113807391119,0.00118350737925108,0.280581873090228,0,0,0.000417964180215264,0.000271906859046316,0.00386725068400467,6.4903681032896e-05,0.00127585879582619,0,0.0209677862929274,0.000116762183621979,0.00024615658038702,0.000672367930917597,0.00990138527821149,0.000658523360945702,0,0,0.0544385607582658,0,0.104965677164566,0.00618825733097563,0.00833277148577081,0.000532035063450956,0.000931888087898615,0.00141046606075001,0.934743281222293,0.452995821254117,0.00061860004680624,0.000241899858330273,0,0.00012252727541442,0.000196062332469845,0.000631635978798532,9.1800493960476e-05,0.000162236532272148,0,0,0,0.000154032818564296,0,0,0,0,6.37504980644226e-05,6.30490237573147e-05,0,0.000457939303632927,0,0,0,0,0,0,0,0,7.35766339368823e-05,0,6.99877290179729e-05,0.000191869591828107,0,0,4.64684600734234e-05,0.000432651450430918,7.35428460227015e-05,0,0,0,0,0,0.00367077549554539
0.00119740631552868,0,0.0329852128709913,0.0545491487428411,0.045218195776911,0,0.199816655504109,1.10964718518487,0.00910993442436828,1.51194860464211,0.0339908507526719,0.762564444610989,0.0542491334127735,0.259533595988849,0.2103195628325,2.60328655642271e-05,0.0213336174362492,0.0249439809107053,0.019574807721863,0.0457195406696262,0.0145210350410615,0,0.0209620278155414,0.0123780431149625,0.00142706157865093,0.0302314237264655,0.0141888754339469,0.153040086919943,0.0560298252340585,0.037513200755206,0.00221522525467768,0.0428875211996957,0.00153080468351388,0.0870213919961019,0.757751886404407,0.346664275325589,0.0158024739825028,0.0565248680313412,0.0350417090742437,0.455033509649853,0.280470036558204,0.0124882747253496,0.0130883858707656,0.000744983885547784,0.0128183871886737,0.0116676142882846,0.0744549117590169,0.00860100623683806,0.00408953448264343,0,3.67571096587181e-05,0.000243943699204254,0.0211563677124204,0.000704168925414228,0.00561187161565068,0.0181203278574251,0.00593046616612122,0.00349969728084755,0.0421751113047042,0.000214910895961284,0.0529731104570674,5.62671438014507e-05,0.00415987296381848,0.0028083386710078,0.000637356932395292,0,0,0,0.0173289234973293,0.00162288413352883,0.000221847429999089,0.000612970299572849,0.042583645523272,0,0,0.000780751005462958,0.0484600514468024,0.00289684927365909,0.000388181687800336,0.000162091671198321,0.00294281049706476,0,0.00358431678636854,0.0333869940206373
0.390144932410449,0.00115442739638574,0.580902084639877,0.0200549078398196,0.00149357045995738,0.199816655504109,0,0.604681225205161,0.0841074797657674,1.14273999470835,0.0240568998108545,0.0390278946307817,0.0193718353408448,2.87792718671045,0.0888201936185514,0.00069093962384305,0.0926301996347886,0.0188338697847166,0.0326803402560535,0.0117500439323005,0.347592409549216,0.00159727492648432,0.446232636435808,0.254895912854879,0.00147220871137123,0.0928280197468418,0.0408510040961701,4.5085535325713,0.728697351224717,1.15595945402988,0.00132236350867687,0.00701462796626098,0.106424926221812,0.341827067851812,0.161782388611144,1.19872415202485,0.0343350325964826,0.223710151762196,0.0748200267310179,0.105394053622947,0.0299296465401449,0.00460228640152483,0.0752518692755488,0.00167047449424343,0.0508174189906267,0.0133106873049637,0.0648088696315445,0.0152993749817781,0.00373960455673874,0.000236902815724563,0.000869902367485739,0.00860305525606778,0.0398312755375859,8.82395555922028e-05,0.0112895596789897,0.144749267821441,0.0271923909468627,0.0456555827372599,0.0944140087876779,0.00204383035651701,0.028753063284882,0,0.0318558664057686,0.00417822993287749,0.00816260471313245,0.00098059394275379,1.71480683968663e-05,2.44365945250273e-05,0.0269184436527401,0.00643069925984712,0.00319631236294618,0.00933382159713858,0.444680160459774,0.00015481641139183,0.000989850315884377,0.025715155614529,0.329658189559044,0.0301047648733071,0.0041413578341419,0,0.00375630679249344,0.000490476602023411,0.0231675717407648,0.0440605133873903
0.117026684182668,0.000238906841558337,0.232580377317146,0.0371426727917429,0.0141220209959861,1.10964718518487,0.604681225205161,0,0.00599024892910435,0.754889781043142,0.0915818518233987,0.376081977112344,0.155803203187743,1.81893089798145,0.0882611152500031,3.83549196298122e-05,0.355317681404672,0.0682088558326691,0.0778324435356169,0.0490294401853605,0.147215373298644,0.000442884953149939,0.371037044568607,0.0116777103116589,0.00471214912264945,0.125821943863992,0.0250323325382625,0.142198760509703,0.226899307354518,1.04713250834395,0.00385514573507757,0.156337309162694,0.00395100698805129,0.336801457806861,0.0354078542797,0.434318485510972,0.0362447626825441,0.081737290820915,0.0900891885680799,0.211742634370131,0.201135583435209,0.0398083103205604,0.0591157087568488,0.00317484896340735,0.0506151283971615,0.0363348729341686,0.0675720776008235,0.0294114571483525,0.0122406362607164,0.000202471876641655,0.000116227938485145,0.00094063432439647,0.0107920396900431,0.000240618693241549,0.00427370470175319,0.0842777654584035,0.00977066347338332,0.00551963690926986,0.024250007809899,0.00176877205001793,0.0208321651676689,0.000439448005967116,0.00817385132386723,0.00307474651701417,0.00434778487506323,0.000177818564926148,0,0,0.00823768256227208,0.00513754838224878,0.000969224193890574,0.00185370997512269,0.217020003892841,3.56420741970062e-05,0.000664124625078893,0.00289247275925753,0.148861432424048,0.00638232907004371,0.00342975130660985,0.000204645988743496,0.00328751366798653,0.000513576548463869,0.0110130668479089,0.0123198385630741
0,0.266553691762984,0.000810526986352683,0.202149733207068,0.00403921430537801,0.00910993442436828,0.0841074797657674,0.00599024892910435,0,0.136726948148859,0.000734219037656905,0.0894720653150418,0.0386500256149586,0.00361358644794824,0.0185787819937907,0.00448507096173615,0.000829437143557,0.000234371311338902,0.000694701598586011,0.0580937704956835,0.0139013411909096,0.802826819348278,0.00599506066544843,2.99516937122572,0.092198649369432,0.00687636622248738,0.452867190253306,0.711664604483339,0.00342681562683945,0.000543262902645946,0.00239205480294535,0.000216107724152827,0.000404519582500744,0.00350658707679498,0.00181932148741178,0.0175784949740198,0.0056207218715131,0.00351432483921969,0.00147349345801315,0.0274390166528478,0.000559228654464626,0.00538704117193696,0.0381608562005477,0.00100675389022742,0.0137864787394069,0.0031511046760422,0.0407461756220799,0.00479532837438963,0.00131324829075208,0.000504221287170601,0.00484023472213916,0.000639059974872255,0.112233719080402,0.0010008454205657,0.0108363791235751,0.0348125438151814,0.0104606429837665,0.217966565417715,0.116931158719061,0.00206757985224497,0.107159724129344,0.000575271397888565,0.01095985025507,0.00609842532809701,0.0607931566766283,0.000389018918191457,0.0025919963433321,0.000665799540253282,0.0605771656519529,0.0266668867760071,0.0888018164740526,0.00901559091618332,0.813583139732462,0.000808647065302393,0.0065944544049685,0.0266412596419064,0.237648172601764,0.0145792318189862,0.00482970369973178,0.000288782946951174,0.00191118450530303,0.000933734834035445,0.00789524885721552,0.00653023158555744
0.000664871703639364,0.000537327027993703,0.0408192242716321,0.626881209152116,0.00511637132049346,1.51194860464211,1.14273999470835,0.754889781043142,0.136726948148859,0,0.0402776222172942,0.915087924440836,0.0209217098189551,0.340109257550763,0.0745304662890959,0.000121096801781559,0.0221386599929778,0.0296870442108455,0.0262938923333893,0.519691816876426,0.0119107204270204,0.000438881880505777,0.0146066349683706,0.121743128663567,0.000915621624929737,0.0449546796332313,0.0304733361727443,2.35214716900439,0.22187365326568,0.00738103839955612,0.0018183249304157,0.0110400678259495,0.00376900448525958,0.12167564528043,0.643852682377042,0.608287689491305,0.0159670348999326,0.117859701824889,0.0198378799865725,0.110242348170805,0.022512574768309,0.00770227008986973,0.0226187557406249,0.000374444392955613,0.0141956718973187,0.00403048279590111,0.11651386784084,0.0063758071002526,0.00163453316852384,3.86965968040943e-05,0.000158870288078738,0.000355769002169466,0.12760705457389,0.00127648211897073,0.0110854170088534,0.0976405417456563,0.0136950486393471,0.0446955608095407,0.213194651645611,0,0.173923893542934,7.97524619365216e-05,0.00809138048877451,0.00484720073808255,0.000664701518776775,0.000105746963514709,0,0,0.095641514553434,0.000650518696718574,0.000835821651150179,0.000411565440717101,0.241106810052264,5.70046779834747e-05,1.95470713894367e-05,0.00162008132273762,0.273145667859598,0.00586449889024704,0.000283294117010713,0,0.000519987286486745,5.9046154732275e-05,0.00917744838895364,0.0168143273829085
0.000184156531617999,0.00352854429342971,0.0110296472294073,0.00345269169496255,0.000628799956656766,0.0339908507526719,0.0240568998108545,0.0915818518233987,0.000734219037656905,0.0402776222172942,0,0.0471455907413508,0.645192000416283,0.163191944151479,0.00616074327990024,0.000256608855777979,0.0995346731601663,1.05560044010275,0.131935801628989,0.00590434979313982,0.00961909955168291,0.000874210041477015,0.0240714062158487,0.000765619071807579,0.0159467351986824,0.317521193318331,0.0569788955008437,0.0112945471793604,0.181283974660785,0.00469083912332745,0.0479432969375326,0.0162869381898078,0.00130195716030373,1.19088690879007,0.00916049900673815,0.10618281808041,0.320305309381364,0.491003873938327,0.0537329165780153,0.0168293221630097,0.00322483305337925,0.182858559541126,0.0016200601399188,0.00447585073850157,0.00088361806369996,0.00144968066031503,0.00263188154425855,0.000604715438884783,0.0357375310002453,0,0.00558391092710176,0.000643269240813303,0.000357091062551427,0,0.000161382326476288,0.000971621129613208,0,0.0044663480312433,0,0.063777068906712,0.000808503865331936,0.368360731104868,0.000188712505197334,0.000103436859559345,0.000528958009852123,4.32801104055881e-05,0.000332514648133373,4.73101057844639e-05,0,0.000210734744919634,0.00506448318810702,0.00017593097279334,0.00999739422577991,0.0123811927362733,0.0791318861026385,0.0674908722907276,0.00181345358725271,0,0,0.16517406484153,7.1891051263833e-05,0,0.00628765451574602,0.000960721085055067
0.000612621270676565,0.0012483307400419,0.00832177840870724,0.433029321725132,0.0239104540336971,0.762564444610989,0.0390278946307817,0.376081977112344,0.0894720653150418,0.915087924440836,0.0471455907413508,0,0.029588597627307,0.192906388541013,0.244071493302608,5.23344912232876e-05,0.017889034536333,0.0372139564578811,0.0276649420873281,0.691910096834091,0.00160443069187293,0.000790354036934565,0.00475676210025401,0.059236152269181,0.00130323819893427,0.0396376148562289,0.0317322739622872,0.144390404565215,0.118532794198351,0.00245582591798176,0.00285478668129125,0.0134962327976339,0.000615007744663024,0.0717880089881261,0.523481369866214,0.341501779819948,0.0154610673644506,0.0968541677445412,0.0182285852711082,0.208371127801251,0.0181846889513672,0.00767542644939679,0.0178877107119664,0.000424960494684076,0.0103026082585454,0.00378757845228913,0.202140573883098,0.00625934401383135,0.00212258146247623,0.000181229030906248,2.93678745842457e-05,0.000155171484561014,0.150680137228443,0.00187315153108285,0.0161682018694958,0.0410292535148727,0.0149326992649167,0.0178185032299923,0.197929894421317,0.0004881704547091,0.24718904858391,0.000146611611000872,0.00844998186937514,0.011656128234322,0.000772539419196822,0,8.95972150268553e-05,0,0.104919418436476,0.000876536756466052,0.000332353617557859,0.000210070850129104,0.111612388631908,3.2430681274581e-05,0.000268747804811811,0.000381650696610427,0.181938325536905,0.00526377993317693,0.000677200537150049,0,0.00289361203825498,7.04253708130121e-05,0.00561397011861394,0.0585269367809905
0.000135577692228079,0.188862026079777,0.00511835826589789,0.00295145251915236,0.000536113807391119,0.0542491334127735,0.0193718353408448,0.155803203187743,0.0386500256149586,0.0209217098189551,0.645192000416283,0.029588597627307,0,0.0386789906108904,0.00847941087899343,0.00358614900267346,0.00312995190283315,0.00749939226742867,0.00185037910492926,0.0035694496840306,0.0208470269737662,0.0940124658831218,0.0132560378229261,0.0389262022148253,0.383569754912875,0.0318267049838277,0.144767595362179,0.065791869527133,0.0277490043923354,0.00365184498500225,0.041499698974265,0.0326409416233822,0.00180428723306451,0.177523014890562,0.00450830628274269,0.23361307579226,0.269914731974603,0.485486535756062,0.144829086388862,0.109347067410338,0.0830025317175559,0.486507992031474,0.0368907318550511,0.0196754772496558,0.149783773807955,0.0405541922285959,0.0830462136499381,0.063166774670385,0.206673326017534,8.02896434754374e-05,0.0270720901415283,0.000132605015934801,0.000796610871051219,0.000572559531970906,0.00932155846830369,0.018902425884831,0.016066634638576,0.0139869263826243,0.0191944262668342,0.267006608713082,0.0113892207027023,1.56268723939687,0.0124291374864254,0.00237157553963613,0.00225104765825629,9.10375352518078e-05,0.00260517501447263,9.09223682761193e-05,0.00187409601302419,0.00298975360402954,0.0206443983489807,0.00128118467259796,0.0328750060078293,0.156750901428157,0.185128362483882,0.254504066196486,0.0200679962305279,0.00524851454111857,0.00192983210743734,0.495299169927431,0.0218225251850841,0,0.0304511507783776,0.00127146271041193
0.772454976117623,0.00147118042408579,0.299777310611072,0.0205584963859254,0.00118350737925108,0.259533595988849,2.87792718671045,1.81893089798145,0.00361358644794824,0.340109257550763,0.163191944151479,0.192906388541013,0.0386789906108904,0,0.017609961707365,9.3796762977362e-05,0.496651220248969,0.150162231975347,0.165401292570333,0.0292071809790894,0.217720726393138,0.000266614480835247,0.487794526835097,0.0137844227906969,0.00377070784709706,0.208068631071033,0.110897918409323,0.280035841827003,1.68536095808072,2.016772057175,0.0068911674165304,0.0676000818767248,0.0137116148553845,0.215293938263853,0.0162074702459428,0.260559952928577,0.0352976907702642,0.0973967661694028,0.0307540903148139,0.0258541938973351,0.0151858722301879,0.00992320460611985,0.0423174600229172,0.000657026263135958,0.0190878323785148,0.00587061628384523,0.0345422784070425,0.00750749339996594,0.0035035583902395,6.74884307474136e-05,0.000243504743530035,0.00296431621937404,0.00491989846615233,0.000181569855023575,0.00172752757356401,0.0636195595102536,0.00222745119408736,0.00525806357922897,0.00704798592258937,0.000178232310409641,0.00892071246841319,0.000320039703970456,0.00217867266006561,0.000867734653311062,0.00607039856407115,0.000322548120090985,0,0,0.00254410950888841,0.00812126259166422,0.00174874826768224,0.00291676290447957,0.171097147636807,0,0.00121094169307809,0.0111027176276252,0.109614178798994,0.00416430453897412,0.00329040495450151,9.18636244618896e-05,0.000511635963918591,0.000232829940301847,0.00592210544492304,0.00609462902960007
0.000352493182013321,0.00482781032052918,0.00785403321322934,0.0657301220110865,0.280581873090228,0.2103195628325,0.0888201936185514,0.0882611152500031,0.0185787819937907,0.0745304662890959,0.00616074327990024,0.244071493302608,0.00847941087899343,0.017609961707365,0,0.000881704939872554,0.00548094787209361,0.00414396861495371,0.00280637076291964,0.0347109516184137,0.0342553617322303,0.00637353591326995,0.0372828312755063,0.180037144306466,0.00140330811770847,0.00653451435800171,0.0172021920936058,0.165901477781415,0.0201040943451152,0.0287171356552276,0.000243526241422653,0.0134530849753572,0.000845877726595929,0.014185158315425,0.176167691850309,0.0608777418112414,0.0137250418111096,0.0310313810092076,0.0135606964255927,0.377681168862094,0.027711786674788,0.00226157527915265,0.00497291308168189,0.00406398160950837,0.00120542903327021,0.00952835910530427,0.00462744743859398,0.00142451737700546,0.000853394971654322,0,0,0.00106823522464025,0.00184026270678263,0,0.000796524545116713,0.00350761491611836,0.000252258503218627,0.000888623838350984,0.00352947455632622,8.15285908183097e-05,0.00311265146839027,0,0.00033669101994102,0.000130864741165448,0.000944270713294747,0,0.00012159631592617,0.000145468210323715,0.00121304183999784,0.00317726843226509,0.00037556540624609,0.00309373719807968,0.012980732237078,0,0.00199960119024158,0.00456045240698743,0.00882778970729711,0.000624215729316664,0.000176683407608413,0,0.000128575003409052,0.000114866811095333,0.000775684582320455,0.0899452312159318
0.000112953854449939,0.0737165555901727,0.00365550592393663,0,0,2.60328655642271e-05,0.00069093962384305,3.83549196298122e-05,0.00448507096173615,0.000121096801781559,0.000256608855777979,5.23344912232876e-05,0.00358614900267346,9.3796762977362e-05,0.000881704939872554,0,0.0044576168582738,0.000354010611728287,0.000586873876978731,0,0.839252376898604,0.44012049211501,0.919612427339833,0.297109173702536,0.00717736543586824,0.00106597602332216,0.428026676168465,0.1370601456155,0.000277909512197304,0.000718337652742434,5.13872636388302e-05,0,0.000253054990495014,0.00615773233392873,0.0109875878970888,0.082010497740905,0.0285525245424691,0.0417935116393326,0.0197884626564962,0.00110499288942899,0.00101052956532228,0.000347386324399805,0.0187903149899714,0.000672060195979357,0.0105947130028507,0.00515189139254234,0.00352851035548039,0.00024193242238636,0.000693872305053949,0,0.00292511774215679,0.0105033362467142,0,0,0,0.00467892257138593,0.000237723049277353,0.00270282628743902,0,1.64587533664107e-05,0,0,0.000189457266786527,0.000193386305661106,0.560722811214769,0.00280319485759523,5.42309686515928e-05,0.00106745375802503,0.000167231930921364,0.085110507766847,0.132606515047368,0.384423298550066,0.084107803477305,3.61563946668625e-05,0.00129359415642802,0.349621865085846,0.0208925806009859,0.00207324783914957,0.00177635630934457,0,4.31674597335816e-05,0.000642621916332626,0.00435090871604969,0.0058646389866334
0.0415832966054312,0.00605416291189056,3.90182219639493,0.00138231772539122,0,0.0213336174362492,0.0926301996347886,0.355317681404672,0.000829437143557,0.0221386599929778,0.0995346731601663,0.017889034536333,0.00312995190283315,0.496651220248969,0.00548094787209361,0.0044576168582738,0,0.083666069638782,0.704171286135754,0.00276809757707728,0.197624632652727,0.00251259104128265,1.03027483711785,0.00949036090708688,0.000853777707017136,0.882061766883969,1.29122352187023,0.0968284028803224,0.462656162167953,0.189422116154584,0,0.00230088235394969,0.0683319098771836,1.14460351440121,0.0414188123773931,0.42071663981051,0.441464590368212,0.299705017032667,0.205946167468663,0.00772303277170725,0.0064777521346658,0.00140625041617203,0.0122456596537799,0.00105195966096828,0.00788153107122612,0.00732778850105886,0.00110605878623805,0.000265898603154421,0.00038740876461482,0,0.00221194349741659,0.0740843720820959,0.000106898305337643,0,0,0.00131995741009371,5.76762717201948e-05,0.000313199029528808,0,0,0.000202889827395868,0,0.000249815450979781,0.000201400977232266,0.0101619469384307,0.0103646509365853,0,0.0017063745881624,0,0.00370471733720932,0.00141733858336577,0.0218115433285058,0.00902625050584802,8.84771641046524e-05,0.0140708726547389,0.223267187841264,0.00314890085483871,9.49602276398419e-05,0.000711309717295575,0,0,0,0.00284032440163253,0.0127534612874362
0.000675561377493573,0.000434618608343363,0.0183595216583411,0.00237677031998675,0.000417964180215264,0.0249439809107053,0.0188338697847166,0.0682088558326691,0.000234371311338902,0.0296870442108455,1.05560044010275,0.0372139564578811,0.00749939226742867,0.150162231975347,0.00414396861495371,0.000354010611728287,0.083666069638782,0,0.198713594589351,0.00348621563088281,0.00812234811735665,0.000376840794981814,0.0240677618322207,0.000764939543355157,0.00176040100854528,0.229478813848768,0.052939982056651,0.0082995107414982,0.155192253304272,0.00380807913847339,0.0101771599103535,0.0107152451688055,0.00137715520902641,0.427294831042566,0.0258078947369169,0.24525321206791,0.395526702702068,0.606619283218647,0.191767341322143,0.00886346444628806,0.00280625722275357,0.00305918446046777,0.000408528491511965,0.00104963627890277,0.000679056994847345,0.00102734550842507,0.00110692675882995,0.000164605012758255,0.000178468920116711,0,0.000382563208206177,0.000688385129786777,6.76649449496746e-05,0,8.34746580763814e-05,0,0,0.000494387083694172,0,0.00157173084969535,0.000201513533596468,0.0153262269920687,0,0,0.000124697302273655,0,0.000593475560441256,7.50474927434923e-05,0,0,0.000117695410784244,0.000134539080381441,0.00109988339119697,0.000389054534391021,0.0497025394047114,0.0399201246752469,3.80328799123764e-05,0,0,0.0200716985641582,0,4.34829107648849e-05,0.000219583860514974,0.00338643558643477
0.00496267026606722,0.00158003999309811,0.270789964349114,0.00130192750692942,0.000271906859046316,0.019574807721863,0.0326803402560535,0.0778324435356169,0.000694701598586011,0.0262938923333893,0.131935801628989,0.0276649420873281,0.00185037910492926,0.165401292570333,0.00280637076291964,0.000586873876978731,0.704171286135754,0.198713594589351,0,0.00285941723091004,0.0325990242028753,0.000326067025042296,0.129981933535862,0.00175869530830292,0.000849443161731765,0.615369451374561,0.245377578673438,0.0176478777806318,0.13195511030311,0.0156287402443702,0,0.00412234902454441,0.00881456631925391,0.484373275094349,0.0330344955723904,0.316691574510079,0.37278332989582,0.197186407885424,0.190821402428109,0.00528454775050304,0.00330592843701267,0.000836459656305126,0.00136382897403612,0.000493725319402671,0.00102979658325734,0.00113019283275407,0.00110484529771557,9.77578279248715e-05,0.000273324956923246,0,0.000405278001574659,0.00922550353710737,0.000210074228063178,0,0,2.96516682003975e-05,0,0.000524891114401531,0,2.93472919059992e-05,0.000135152070391345,0.000810285086835145,2.4006349462533e-05,4.7010468457222e-05,0.000678317510208464,0.00206617890338488,0.000129948952373505,0.000608346293629647,4.84184068116188e-05,0.000438019720703984,0.000457156574579144,0.000937859883107422,0.000968950643387962,0.000115487407886982,0.0195207745027448,0.0556155071800223,0.000480668869032907,0.00010917710981884,0.00011640906733973,0.000210064844436669,0,0,0.000240215694561005,0.00663356804159915
3.41031915999651e-05,0.000576257589599633,0.00119631397395401,1.16360984730216,0.00386725068400467,0.0457195406696262,0.0117500439323005,0.0490294401853605,0.0580937704956835,0.519691816876426,0.00590434979313982,0.691910096834091,0.0035694496840306,0.0292071809790894,0.0347109516184137,0,0.00276809757707728,0.00348621563088281,0.00285941723091004,0,0.000251510462289881,0.000544176181564284,0.000803256819167611,0.0826135741680249,0.000448115821239138,0.00556853339556256,0.00415107471013658,0.219240976995986,0.0234887831345386,0.000351478712964535,0.000353672156022859,0.00132170500229132,9.10565511344911e-05,0.017014672907921,0.00341980227695184,0.0867406223114635,0.00218442411795028,0.018676341316648,0.00279755467434597,0.0420332204315899,0.0030839966229625,0.000630465507494879,0.00652367147683301,0,0.00360808152566703,0.000510783680715919,0.0569833088252959,0.00230701057794185,0.000446101830928516,0,4.85536056222439e-05,0,0.0626900519013658,0.00116512212213754,0.00457448726653106,0.0251823607816879,0.00553858287986278,0.0237385256684389,0.0902918962313787,9.84061126304629e-05,0.0718542219486901,5.49254309591293e-05,0.00281598099393475,0.00484003649785173,8.8513320430732e-05,0,0,0,0.0394964080061912,0.000171843171017266,0.000114394328996754,3.51610079448938e-05,0.0875241230484993,0,0.000116480649106407,0.000158112368407512,0.0930972168318892,0.00246033412251496,0.000126756849683738,3.3603285220623e-05,0.000398740012317014,6.36784640489578e-05,0.00223614495472231,0.000645312387238908
0.0204739951423908,0.0196574884218269,0.633160862105075,0.000400213173091388,6.4903681032896e-05,0.0145210350410615,0.347592409549216,0.147215373298644,0.0139013411909096,0.0119107204270204,0.00961909955168291,0.00160443069187293,0.0208470269737662,0.217720726393138,0.0342553617322303,0.839252376898604,0.197624632652727,0.00812234811735665,0.0325990242028753,0.000251510462289881,0,0.0791017412432031,3.37504624331197,0.151595780094062,0.00763961918436409,0.0429535707998527,0.346559169920919,1.16971936187341,0.181366364384736,1.9476497265081,0.00022057247636528,0.000756338386553768,0.0650656794915468,1.21997192083982,0.218326714479402,1.6934126950859,0.161045067494027,0.958662105292231,0.486726166153213,0.0249142832095797,0.0219684097407859,0.00293575094063985,0.0490128774329914,0.00246530417379847,0.0112548404087993,0.0137444648270129,0.0088994625881729,0.00105536877234538,0.0063732237415782,0.000435002329651403,0.00110935441531978,0.0113990091347433,3.52622023620605e-05,0.000130906570963287,0.000408444493265534,0.00841473645808894,0.000807924131683136,0.00169023504849434,0.000346066424523902,8.82880512371065e-05,0.00017071064360125,0,0.0027387389885967,0.00103301708759966,0.267297022121938,0.00293117065279393,0,0.000470078235519886,0,0.216400816246257,0.0684258963617425,0.15983559732634,0.210813940091036,0,0.000791150588511728,0.132515266048299,0.0663405394734197,0.0132713038965727,0.00933155968875783,0,0.000264486463816023,0.0018018594286829,0.00785920364180463,0.0830430672286628
0,0.570685202889004,0.00323353323551832,0.00097116020665071,0.00127585879582619,0,0.00159727492648432,0.000442884953149939,0.802826819348278,0.000438881880505777,0.000874210041477015,0.000790354036934565,0.0940124658831218,0.000266614480835247,0.00637353591326995,0.44012049211501,0.00251259104128265,0.000376840794981814,0.000326067025042296,0.000544176181564284,0.0791017412432031,0,0.124334013803764,1.40683613646737,0.172997427887994,0.0135206016834423,1.24227347486407,0.11712277716492,0.00111338796010146,0.000290992145842862,0.0041179586597558,0,0.000201824243517256,0.00341601777764721,0.000898422554229399,0.0105821629017979,0.0091136945708259,0.00487746954583623,0.00274939753444547,0.00538227252568593,0,0.0140732666604895,0.0160525008051353,0.00103305608387666,0.00618010153634906,0.00264379932863159,0.00186609810252185,0.000458384475048781,0.00182107179738884,0,0.0344527394163679,0.00830991424475089,6.73427380502224e-05,0,6.67770712677479e-05,0.00421254229918697,0.000369931633784151,0.00534947149552126,0.000387848785538554,0.000465608849364877,0.0014155061913054,0.00186295709108496,0.000337878093704915,0.000550253792272663,0.276056159385125,0.00221289787953401,0.000181524372941684,0.000481175428399158,0.000393786509909773,0.0621921100436044,0.205160331257802,0.0794109099579924,0.124107629936904,0.000476871556727076,0.0108066572710783,0.466083804304101,0.0270584528536797,0.00362619372525055,0.00169587151301542,0.00129883660937362,0,0.000554545075996256,0.00324401935455079,0.00212454203813262
0.0512156805751667,0.0279339833115822,3.04419513205854,0.000392577020895529,0,0.0209620278155414,0.446232636435808,0.371037044568607,0.00599506066544843,0.0146066349683706,0.0240714062158487,0.00475676210025401,0.0132560378229261,0.487794526835097,0.0372828312755063,0.919612427339833,1.03027483711785,0.0240677618322207,0.129981933535862,0.000803256819167611,3.37504624331197,0.124334013803764,0,0.0962603992469135,0.00578271592556073,0.251390039467396,1.54361161695973,0.786168413771391,0.364017830073038,0.703332955832714,5.33949224664211e-05,0.00104306196613703,0.0694449987315109,1.71663636450684,0.525963149216868,3.3949275405625,1.09216730060705,2.26818730800554,1.48269131918056,0.055389909666637,0.0571888459649175,0.00924998577017949,0.082111745144054,0.00663707311974036,0.0491374066648263,0.0563740022874614,0.0183860742092032,0.00462891672203159,0.00199509068374062,0.000162497139028645,0.00389725503981548,0.111337090258463,0,0.000425667580305529,0.00051882632955451,0.0223392285709505,0.00108161779997006,0.00358725665640614,0.000178560827358532,0.00042602168681972,0.000301315429591393,5.90357808738232e-05,0.001111385618948,0.00176450980881128,0.944821590915995,0.0202487667947613,0.000306953440546119,0.00377909235851051,0,0.297956600190472,0.133811827181829,1.08773415249369,0.168776608332159,7.67493628029826e-05,0.00815605088980883,0.96465593982762,0.0561682774924565,0.00403339240813711,0.010391857411331,0,0.000320558390462971,0.0013451599254498,0.0157839994609094,0.246051366909893
0.000376013254717565,0.345440269176695,0.0171774649153027,0.345539608349306,0.0209677862929274,0.0123780431149625,0.254895912854879,0.0116777103116589,2.99516937122572,0.121743128663567,0.000765619071807579,0.059236152269181,0.0389262022148253,0.0137844227906969,0.180037144306466,0.297109173702536,0.00949036090708688,0.000764939543355157,0.00175869530830292,0.0826135741680249,0.151595780094062,1.40683613646737,0.0962603992469135,0,0.0780007999456407,0.00582613169988589,0.72043748532356,1.37206953332293,0.0265652495622666,0.00638621178020952,0.00137428705578711,0.000651230135502529,0.00910176611252408,0.0246607273782007,0.0179375108181293,0.182430548973448,0.0182726638899778,0.0301588268091516,0.0190888901262722,0.144566472190017,0.00344180665606205,0.00375737843564846,0.216456510686628,0.00602621078820493,0.0986569271611723,0.0199907481359064,0.0953943120652062,0.0269097211367984,0.0065518353086787,0.000714475435233784,0.0103026463910487,0.00911101099081936,0.065930360243825,0.000940254754775166,0.0173200060257229,0.256121925715237,0.0421670400377338,0.267261433983232,0.130877462396584,0.00539891709436178,0.0939912054747011,0.000501612480392599,0.0545677703653188,0.00879395913383852,0.225225599986607,0.00222729485961182,0.0022699222699919,0.000593560291716528,0.0470200724382017,0.164223030814056,0.120277187569553,0.0892091676419419,2.18755834331266,0.000432298400592804,0.00302867204279592,0.145741646143749,0.803201009883917,0.0667537185571022,0.0233375343830895,0.000100761004219341,0.0078581981802228,0.00310609915077648,0.0465611435756404,0.0354340320877856
0,0.216727021597271,0.000349684521994901,0.000481592954768252,0.000116762183621979,0.00142706157865093,0.00147220871137123,0.00471214912264945,0.092198649369432,0.000915621624929737,0.0159467351986824,0.00130323819893427,0.383569754912875,0.00377070784709706,0.00140330811770847,0.00717736543586824,0.000853777707017136,0.00176040100854528,0.000849443161731765,0.000448115821239138,0.00763961918436409,0.172997427887994,0.00578271592556073,0.0780007999456407,0,0.0680049573468713,1.05366853189687,0.0167923102658147,0.00344259996259341,0.000880328757527826,0.0190715476927061,0.000476142806030989,0.000977978041456893,0.00455263516880417,0.000756710621599936,0.0196258581694662,0.019566289703821,0.0111852284492268,0.0040520089187031,0.0166475673232283,0.000419355070290708,0.138483878090086,0.00468905963365846,0.00480634341231136,0.00384505182505551,0.00255028140811066,0.014175546772674,0.000713716866124726,0.0479100367140963,0,0.00828143834623812,0.00127443980631185,0.000117079619403887,8.62102274032593e-05,0.000663334934394479,0.00270981349906137,0.000901562226066806,0.00161749076237635,0.000692636962841224,0.0293564169490825,0.00154761859471216,0.171150568603231,0.000972065970951745,0.000110097129601812,0.0012540812719954,0.000469048089942026,0.00055720758463862,0.00136825602884724,0.000446885378745508,0.00152015151320994,0.00321877944829373,0.000677319386416817,0.00690351871458869,0.136070824510002,0.0648343925362314,0.361755056396755,0.00420863557911157,0.000500788988933849,0.000445430800895262,0.0225659718384213,0.000668323930829811,0,0.00363865208410011,0.000321016872139358
0.00657549756754451,0.0488530350865121,1.90352442953638,0.0027017132945986,0.00024615658038702,0.0302314237264655,0.0928280197468418,0.125821943863992,0.00687636622248738,0.0449546796332313,0.317521193318331,0.0396376148562289,0.0318267049838277,0.208068631071033,0.00653451435800171,0.00106597602332216,0.882061766883969,0.229478813848768,0.615369451374561,0.00556853339556256,0.0429535707998527,0.0135206016834423,0.251390039467396,0.00582613169988589,0.0680049573468713,0,3.67787140569975,0.0490201399526709,0.122491719970514,0.0318243055725251,0.0392264837158099,0.0061436147814444,0.00437025437811995,0.320845121032048,0.0882998805779061,0.822484734795841,2.06155287937469,0.561599524584031,0.424556395420742,0.00986215047105611,0.00677859330531385,0.0163903188161955,0.0331713106301623,0.0544036111562674,0.0456184508516028,0.0278322033844137,0.00114971126243472,0.000367367672510362,0.000635418780562687,0.00017447107298224,0.0215346103093193,0.129072774985499,0.000182943767550922,0,0,0.000727187623538086,7.81676707291129e-05,0.00434908608056033,0,0.0223526683139565,0.000179103581631327,0.159668512573463,0.000831622902672651,0,0.00747433653359623,0.0335689975329512,0.0118770972857203,0.0549320342136741,0,0.00245746290212867,0.00536132688670845,0.00735173751351983,0.00817820108914614,0.0261249822701114,1.38141319013307,3.06938998139687,0.00303881683616502,0.00060165504347353,0.00255270128635001,0.19285387719265,6.18726367823124e-05,5.25631619279385e-05,0.0158509366679002,0.013932866894496
