0,9.35073694861292e-05,0.00989376608209055,0.000569616079719329,0.000427978985150278,0.00137726247764027,0.786437329998354,0.0294849282337905,0.00145558766132977,0.00131701034298911,0.000833013085843939,0.00105690867542171,8.016160006181e-05,0.648100437590481,0.000115518525427365,0.000109763855924767,0.056882206405863,0.000754689020281148,0.0069589825617527,0.000231054699276888,0.0177693355771632,0.000309660417587757,0.0383067392227776,0.00511099507253671,0,0.00722299279576471,0.00809858669638398,0.0340911113534404,0.893403991561188,0.68830010503746,0,0.000502006727475822,0.00832323220483995,0.0163412250904044,0.00355478134190777,0.0316553987109972,0.00211850345080575,0.0108772341244207,0.00521761699520385,0.00094613077689486,0.000204721438568616,0,0.00202467185828485,0,0.000188926499667049,0.000306528449142837,0.00122121169306962,0.000401178358712912,0,0,0.000180788824009431,0.000692289368760324,7.90829111938477e-05,0.000111104408383584,0,0.00102288804913847,0,0.00068938959421724,0,0,0,7.75697149134993e-05,0.000149660825248271,0,0.00121068175440391,0.000239021515058863,0,0,0,0.00071853826427958,0.000391485180568439,8.5989734422642e-05,0.00459463870293074,9.74832876137493e-05,0.000110256921712106,0.00187023654487655,0.00258826227728837,9.96823113557342e-05,0.000445718905471247,0,0,0,0.00025700243101784,0.000591386697948825
9.35073694861292e-05,0,0.0179640196877366,7.36105602585017e-05,0.00109732010102702,0.000847952584765667,0.000280501358498812,0.000730780167319321,0.12925481499619,0.000439088079741598,0.0376575899414474,0.000642514553394592,0.195181127918814,0.00141384592339596,0.00366711946827105,0.0319327115429431,0.0222653014405057,0.000626029620745164,0.0133207601408245,0.000237391513867968,0.00772524272422897,0.279997726829809,0.00847679302797382,0.125078585827447,0.241437415782618,0.0648717780330268,2.74821190397524,0.00797524556402245,0.000413121219043869,0.000991867452347873,0.0158824140869955,0.000109691894076061,0.000204584291056216,0.0740497765295046,0.000576465274472522,0.0461301332422886,0.0214539543634282,0.0145427446420624,0.00637402819675749,0.00372067096731636,7.44640140182734e-05,0.0160752827221928,0.0198475216907601,0.0190602009261366,0.00641585303847604,0.00768429619913807,6.49672974799633e-05,9.32543581999898e-05,0.0251553359705433,0,0.166426360193823,0.0126533528925248,9.24664834148169e-05,0,0,0.000483472939997113,0.00018214683385368,0.00321516334295783,0.000123256324697738,0.0331518707683418,0,0.106094854576193,0.000549420772799456,0,0.0054061054223761,0.0164015809748535,0.00510077493363303,0.0202047542449896,0,0.00116989502310542,0.00805020555994749,0.00469784586380326,0.00444980253545773,0.0432732539786915,0.159983884662227,0.633965961519998,0.000889141543888736,0.000500971845014531,0.00110390862055017,0.0155494408454093,0.000140940670187903,0,0.00593663657651218,0.00056994364589678
0.00989376608209055,0.0179640196877366,0,0.000348376819281578,0.000714667354544735,0.0171337276138203,0.1147986370616,0.15085581877745,0.00150489014120219,0.0049842183511635,0.00819087525577837,0.00146552780220055,9.25559223145009e-05,0.122077919544787,0.00105980139003405,0.00503979880631569,2.61463410586729,0.0052562428848211,0.18062620967496,0.000701256236513633,0.319467803779436,0.0184857452821587,3.43049230014439,0.00958270795273213,0.000198779673878109,3.99561768155994,3.48061970377334,0.158816289389786,0.0245676543175022,0.184731582507669,0.000155241676615351,0.000685768082926941,0.00305671712360759,0.0754200214809433,0.0147476074449981,0.496876998766108,0.131638019281578,0.224030876122764,0.0784890918061485,0.00308353248234769,0.000912619232580865,0.0001960356897843,0.0771818139948692,0.0242017561239131,0.0274370426686645,0.0329230191017688,0.00159329001742291,0.000756132726952761,0,0.00023728325223214,0.0433063540495653,0.296406098764117,0,0.00100445599714394,7.55589522453189e-05,0.0039627786272904,0.000241531543779856,0.0021335362205991,0,0.00053224926258831,0.000215413741594434,0.00065397197255103,0.000985670527208073,5.39515805160999e-05,0.0122756839177442,0.149046501234291,0.00445773003138671,0.0413806492330441,0,0.00571394917060833,0.0165006714853381,0.0545075729578597,0.00548145088827183,0.000751163732503634,0.211342151932169,0.682189636891052,0.00469119237212806,0.000377418505968529,0.00434328657917635,0,0,0.000178469649404848,0.0273697433044104,0.0100671320730114
0.000569616079719329,7.36105602585017e-05,0.000348376819281578,0,0.0215918204464228,0.167152832143059,0.0244716210070596,0.0642828020612237,0.391527246453554,1.0288999888859,0.00749088689348713,0.959392279977616,0.00119664286721941,0.0575883820037989,0.0845704453741202,0,0.00210520754477603,0.00372891280574831,0.00477500781363652,2.55097676153871,0.000529398185553933,0.00160400349181284,0.000499193680796545,0.531137630319254,0.000111908751658201,0.00550917695560194,0.00380639472243047,0.809385848397695,0.0471488193852819,0.00287220972760472,0.000168969758285665,0.00995059446779294,0.00251488407668417,0.0314744309277169,0.0184948158828537,0.155770900325379,0.000521727546929866,0.0193737534978668,0.00441209663094912,0.0837890479672369,0.00381916526622886,0.00182421435099113,0.0508897542136087,0.000102910466791714,0.00771128373253598,0.00420663751249484,0.18130318453128,0.00735811166389735,0.000411005276611734,0,0,0,0.560005641139669,0.00242426438462144,0.0820606197139287,0.0454390561054952,0.0269807998843249,0.110941912629542,0.1573976148137,0.00415066443754159,0.278010607512874,0.00142997255262075,0.0207732786397249,0.0262202939952309,0.000123365263390195,0,0.000659186614944291,0.000172752251729179,0.158312759638877,0.000282361061686027,9.58718675537291e-05,0.000159346743997192,0.138333912001785,0.000583776485926509,0.000319575993383181,0.000196481746490461,0.109163600894684,0.0117451705834014,0.00112450128666749,9.10634788030923e-05,0.000303879267023832,0,0.0253527341876285,0.00274098702257636
0.000427978985150278,0.00109732010102702,0.000714667354544735,0.0215918204464228,0,0.237850911991849,0.0111125357021354,0.0157725117406825,0.0299285079268709,0.0112233242678158,0.00748127272307528,0.0631052870860324,0.000685821775484133,0.00882558409634684,0.283648853391753,0.00287780520732809,0.00416182683699793,0.000792276240414959,0.000647118631177157,0.0161186210017971,0.0369991897488472,0.00569645772164192,0.0324380071081087,0.0440852183319495,0.000415986649116898,0.0014817338914655,0.0068520603827317,0.0339568564011376,0.00660157465828456,0.0301082086759286,0.000212108637689352,0.0786674896847414,0.000672919829321909,0.0691957731983572,0.238756773842488,0.0790806101902069,0.00291714922085095,0.00533454848443693,0.00522813826698285,0.914450117538174,0.440813152623057,0.000304454374656487,0.00641770258300446,0.00170920907943796,0.000894301479544544,0.00375218141598233,0.0307463106799043,0.00056284680574193,0,0,0,0.000331637248724485,0.010061019678813,0.00115616917206981,0.00633808961232335,0.00437670546786933,0.00164301100257263,0.00275056345761628,0.00465432909128252,0.000858673315741789,0.00922370604444894,0.000712704457813633,0.00123885332780492,0.00345011399182736,0.00153988696515041,0.00126251149001495,5.594733556391e-05,0.000757731437451839,0.00371073631875143,0.00329487453741862,0.000938379208933461,0.00340462886960077,0.00823731938517405,0.000945003396136915,0.00129703093285282,0.00256959903995354,0.00526412460778889,0.0010006184935517,0.002270908369713,0,9.61696966174361e-05,4.38776296568871e-05,0.00175752224472674,0.0975094867891522
0.00137726247764027,0.000847952584765667,0.0171337276138203,0.167152832143059,0.237850911991849,0,0.925232017327435,2.16194814802162,0.0609427877088871,2.05687781203234,0.0491673465697806,1.81074235529248,0.00708945518917381,0.299574654321012,0.434326641766607,0.000411212177813048,0.0155827564422307,0.0270010190202668,0.0206669854519304,0.142858001210183,0.00948840912371291,0.00171809777103027,0.0161605232358641,0.0456071991242596,0.000155093080946267,0.0363054181682778,0.0197689016475042,0.396974680204772,0.0559344319012266,0.0277244870181392,0.00265684994264765,0.096475699504883,0.00140411305175314,0.066633157376657,0.753087641971061,0.293792486950071,0.00445383165731328,0.053229073660513,0.0138656913679768,0.740466521567361,0.0317820321435892,0.00529333566538877,0.026795244604126,0.000147694464571846,0.00872456767721239,0.0052935045811848,0.104729368686698,0.00619613142715995,0.00119235832083439,4.24116278757155e-05,0,0.000557018421347737,0.0795754897785414,0.00218998779759877,0.0338455774357558,0.0173444172672377,0.00830039573653416,0.0162386414705931,0.0316424541720734,0.00650659401919363,0.0473555614136725,0.00211288081296442,0.00563474985905229,0.012556520194525,0.00136069443558736,3.68963723394156e-05,6.27667735378146e-05,0,0.0210118616833593,0.000891033226061851,0.000705834091696322,0.00139736174084662,0.043258497481715,0.00133607078781577,0,0.00202496335785236,0.033633127803131,0.00341809048875202,0.00105806103985017,0,0.000824330469500041,0,0.00912902019469029,0.0418919239555297
0.786437329998354,0.000280501358498812,0.1147986370616,0.0244716210070596,0.0111125357021354,0.925232017327435,0,2.23147192280384,0.0981631635790596,3.86184866106735,0.0388273844820448,0.0319090811231987,0.00550612707676152,3.58611774972592,0.0201845771539833,0.000473976692622524,0.0637921668734683,0.0242235593476166,0.0332476318514512,0.0109672782790181,0.129439652200242,0.00209251525580081,0.105721142733326,0.557655544603146,5.54573656952619e-05,0.0610376923378363,0.0524917079937364,9.47368111394169,0.410655628502043,0.59296380272808,0.00296063244676089,0.0275000533680066,0.0256730655655069,0.14292888967129,0.0747840758910917,0.619484200764715,0.0109579274723973,0.107487163524893,0.0337240196438648,0.0668515565559094,0.0158732948843102,0.0044353155351129,0.105705173841439,0.00132801699413663,0.015440793896935,0.00965237528742731,0.0832935200283512,0.0117252189129214,0.00145906245360587,0.00026632160139513,0.000447292045142806,0.00518617062531232,0.0784148807416104,0.00296877551920599,0.0170134036831864,0.0965113415778454,0.0192310727809062,0.0745164189851291,0.0265486148492181,0.00603930906211304,0.0127616399502841,0.00297329499300363,0.018066218191557,0.00416324492227347,0.00408868797731656,0.00150657202852948,0,0.000517806928315419,0.00836933308057182,0.00256296268258696,0.0042797136109933,0.00575562742254341,0.200866181253657,0.00119752593729029,0.00114910030474836,0.0175540118560068,0.163676829590307,0.0153550413430346,0.00772371591658196,6.32123947926164e-05,0.000589691634706235,0.00102266642125314,0.028299870592106,0.0111021686503714
0.0294849282337905,0.000730780167319321,0.15085581877745,0.0642828020612237,0.0157725117406825,2.16194814802162,2.23147192280384,0,0.0416512683432278,1.36533214032851,0.0344771825082713,0.651780449430603,0.0053340186834111,1.65501578577239,0.0718479576421058,0.00143115202459863,0.163882522245539,0.0112675611027031,0.0269625453363509,0.138889192078834,0.089427640232221,0.00218206443143429,0.153326398218066,0.07473843906604,0,0.069905263039058,0.0637665676460917,0.580945013592159,0.116407065986573,0.400601090311619,0.00125269936060613,0.114311753124355,0.0159205669387786,0.0946644632281891,0.0329865760088201,0.411144653182781,0.0171667255980394,0.0792096452887469,0.0333482591737265,0.398800226902071,0.0185955255897167,0.00638706053110328,0.0401920681437152,0.000332085979944796,0.0137463063266593,0.0040286960824441,0.05705539459778,0.00543848998486179,0.000919963982217551,0.000166358805986578,0.00111090561873191,0.00381707264713337,0.0177994805290309,0.000841326349536144,0.00625409505983835,0.0432133720142169,0.00186033334151843,0.0370306915025329,0.00344807620589068,0.00704889556121031,0.00719183456825118,0.00333875272613887,0.00278786267864964,0.00339913770154801,0.00456408773340693,0.00045245970373916,0.000133118615293694,0,0.00206597893710063,0.00394050096668964,0.0051372034963639,0.00316661960757937,0.107647144794563,0.00354199806888288,0.000576773818449015,0.0110504369882391,0.073452263665857,0.00205837560520978,0.00473722237885365,0,0.000628782198682237,0.000323399082130766,0.00702223618114684,0.00441852548871995
0.00145558766132977,0.12925481499619,0.00150489014120219,0.391527246453554,0.0299285079268709,0.0609427877088871,0.0981631635790596,0.0416512683432278,0,0.0977578171108459,0.0104663387135914,0.179379838226072,0.0251607757525265,0.0351500426358072,0.107198520004182,0.0403057241425449,0.0047518001047867,0.00184804271568571,0.00509490057119409,0.185450414884224,0.0102982486316654,0.987802292745791,0.0120167256892571,2.9600059242991,0.0429758052072975,0.0133415348846064,0.611243011301377,0.431890137841621,0.0264600731563227,0.0177433653789415,0.00545664920831933,0.0104166666759837,0.00608941951495786,0.0324867189867082,0.02526968496914,0.115440359318271,0.00380748107243297,0.0171436010632084,0.00513215732026848,0.116456976314402,0.00285104614261586,0.0030513728852713,0.0571436621754498,0.00226284369536862,0.00706444638888964,0.00520953425946087,0.052370275530365,0.00469479811726981,0.00228153327329661,0.00119541143606168,0.00656711061609696,0.00233993051720039,0.384130802509439,0.00171206672476444,0.044226038691141,0.0482625163933091,0.0277955022798727,0.409019208828358,0.108536393136409,0.0141618477787353,0.0723151968796031,0.012896789996734,0.0234672886865296,0.0122893911764114,0.161333186091746,0.00221667315303812,0.0061574393039864,0.00261345039363264,0.0547394543404705,0.0345957082916838,0.0830964672028555,0.0526884489573972,0.333838919375812,0.00245101294512314,0.00960234580044146,0.0212231796284718,0.116795600675157,0.0207595024364654,0.0126296572955447,0.00133362597285211,0.00122768159845206,0.00108241861841358,0.0175300188036084,0.0340670480276208
0.00131701034298911,0.000439088079741598,0.0049842183511635,1.0288999888859,0.0112233242678158,2.05687781203234,3.86184866106735,1.36533214032851,0.0977578171108459,0,0.077827678087873,1.35026639770034,0.0102499440630293,0.529303410917046,0.0292286352822665,0.000105966231248886,0.0147634322052943,0.0521375010117335,0.0405324658337741,1.20232540967148,0.00349431515622493,0.000542602452952265,0.00923630589693351,0.0653973519105693,0.000170888382255739,0.0579601588469158,0.0244198562857411,1.17610714328106,0.159905141147441,0.0120652975210809,0.00331497977614136,0.0450059728185166,0.00255030778343194,0.128533904735651,0.0541563700761172,0.425579421123101,0.00433567946026336,0.0901061341423436,0.0153229204365137,0.0869371468677345,0.0178624484895245,0.00853145589159516,0.0758405316718163,0.000109889150732124,0.0158561065853421,0.00919542341409533,0.238413110149247,0.0120812762204558,0.0014396732514316,0.000140600641673506,9.95775080465016e-05,0.000207790755395811,0.381992691057604,0.00270648517197338,0.0856940728925197,0.0767446431934125,0.0222804783896486,0.0683157485338101,0.101664047844914,0.00553146067038127,0.117521872021786,0.00349472745280867,0.00977631199503997,0.0263013006659115,0.00045026529859094,0,0,0,0.0750633552859882,0.00067025239476757,0.000466308582425702,0.000731047152380026,0.162342129578084,0.00162772390390159,3.08818507503033e-05,0.00054960529180094,0.144975212558815,0.00790497289294229,0.00171028904094763,0,0.000198665473247623,0.000270621804363513,0.0361200760794452,0.00358816283235245
0.000833013085843939,0.0376575899414474,0.00819087525577837,0.00749088689348713,0.00748127272307528,0.0491673465697806,0.0388273844820448,0.0344771825082713,0.0104663387135914,0.077827678087873,0,0.08127951465785,0.753082825145791,0.248862444981735,0.00149216419886037,0.00153825430630154,0.0741467945345323,1.69983132112278,0.21859033919344,0.0194513279577954,0.0323805010814303,0.0202291665611934,0.0452229806309461,0.0181049444484984,0.0940052638812089,0.518145815995016,0.0838968826584594,0.0435114775319452,0.461175384303643,0.0296378362240336,0.0303412619649012,0.174176601073657,0.00253640720683637,0.828183093151806,0.00943868734913198,0.242260948159678,0.158232321072085,0.318342158067601,0.0200120142140299,0.0142089179045759,0.00400274392033675,0.38055501545754,0.00522606846272918,0.0187506423479795,0.0122621005801054,0.00909671016743038,0.00455096449367366,0.00465884712949537,0.0816287600902174,0,0.0183270907175943,0.00208561458226894,0.000611113897467613,0.000200891562398565,0.000647991261652887,0.00107657889261852,0.00121206375059461,0.00609133837772384,0,0.133899372941059,0.000186229999436868,0.549978783066624,0.00218318470169295,0.000150056819095016,0.000753328647762108,0.000540920352113343,0.00740800510183187,0.000746594361599029,0,3.42585512868225e-05,0.00281394366974377,0.000885458659241152,0.00732949083954376,0.0707631038645113,0.0913720415180391,0.109942116928356,0.00142120025015317,0.00218259351326303,0.000292774198250556,0.085400898486377,0.000999465263839241,0,0.00873312343955214,0.00287687106302689
0.00105690867542171,0.000642514553394592,0.00146552780220055,0.959392279977616,0.0631052870860324,1.81074235529248,0.0319090811231987,0.651780449430603,0.179379838226072,1.35026639770034,0.08127951465785,0,0.00988049312575213,0.346136025254311,0.263329781669227,4.44922369418084e-05,0.00750998215475692,0.0389870428434622,0.027737150778027,1.58385204050564,0.0021422832275568,0.00207292810867639,0.00499362498264849,0.217513497434288,0.000167292363130778,0.0457821959928926,0.0193619072571688,0.108503043110836,0.0654353484662177,0.00607918534328297,0.00285809125395868,0.0579530612454234,0.000472949906747139,0.0920700158644192,1.66574050353045,0.260337743813096,0.00246069440541203,0.0797629051327635,0.0143526723097372,0.246284029324412,0.0104264885089345,0.00802042409478026,0.0301663728943589,0.000359912274130833,0.0121009196194676,0.00776078211214185,0.17456922375712,0.00735127035783715,0.00169373488276965,6.21287502072573e-05,0.000132091759184217,0,0.180797805438115,0.0024614629911067,0.0595498556096276,0.0233979286653097,0.0150721904379012,0.0248269786313511,0.0625282020828051,0.00702771598251447,0.173132426324789,0.00199362008879571,0.0125825599357333,0.0287847845080733,0.000369895190371836,0,0.00058184384042269,7.08714672667265e-05,0.0520948844492109,0.000119490111516309,0.00046619099370271,0.000688594024585157,0.0524480009064971,0.000545738975375586,0.000265698773912304,0,0.0394520821554118,0.00547648824017508,0.00101694855160439,4.96348978208184e-05,0.0016137165855359,0,0.014381213954987,0.474449602271091
8.016160006181e-05,0.195181127918814,9.25559223145009e-05,0.00119664286721941,0.000685821775484133,0.00708945518917381,0.00550612707676152,0.0053340186834111,0.0251607757525265,0.0102499440630293,0.753082825145791,0.00988049312575213,0,0.0347751216203699,0.000850809367617524,0.00394301207701562,0.000936209093542958,0.00430870953314715,0.00111881099092251,0.00275329536425597,0.00787973550878851,0.101631354921061,0.00779278925067421,0.0257391421682993,1.02527365335362,0.00668875879364328,0.187152917605382,0.00797751608887751,0.0425435024907587,0.00482316390740622,0.175615244395536,0.0315910862789827,0.000334889432647366,0.341906163450698,0.000654436433398158,0.03810776884087,0.141618303564669,0.0724559830066992,0.0010641589461604,0.005329639556991,0.00050702795642243,0.230094509275826,0.00799050210243621,0.0371345417435905,0.0113231519440725,0.0077676909300188,0.000522728048399377,0.00166257332054152,0.119820867313156,0,0.0368470469716578,0,0,0.000165583778421164,0.000300453166637706,0.000177106116351753,0.000392686360498881,0.00555612359586539,7.84774708623648e-05,0.381840595910365,0.000108491919362605,1.62940286955815,0.00249351772587723,7.45429346606254e-05,0.00088671496169486,0.000284907581230867,0.022041728391154,0.00101649716553547,0,0.000354148898410428,0.00853956182425343,0.000360527451716566,0.00299497496711645,0.299134953370172,0.247701062091552,0.285984470819435,0.000116781042193365,0.00325281491437435,0.000121188944924856,0.266914957990744,0.00018097240468347,0,0.0128527235666054,9.10044709299624e-05
0.648100437590481,0.00141384592339596,0.122077919544787,0.0575883820037989,0.00882558409634684,0.299574654321012,3.58611774972592,1.65501578577239,0.0351500426358072,0.529303410917046,0.248862444981735,0.346136025254311,0.0347751216203699,0,0.0185422674303721,0.00201063846059682,0.381203249650482,0.087132507144368,0.0732720419793157,0.0946578856370904,0.12952720433133,0.00212224744192107,0.278985503900294,0.0892761643839042,0.000660019495734394,0.143314542017433,0.0885010866741595,0.523468162741884,1.53036070361668,1.63297595688468,0.0103377042668229,0.0301064046458999,0.0448655821346319,0.273628526251895,0.0516783824307691,0.636714288625858,0.0225569828553111,0.171081988483732,0.0644618536759177,0.174658537494037,0.0343158352501644,0.0185118653824036,0.0255095643655156,0.00111037260379413,0.0192375908809213,0.00678718572120721,0.050485834899296,0.00819786321061867,0.00208419510354904,0.000231361908805668,0.000433398466671968,0.00453895239376733,0.00685520180468514,0.0013798437546316,0.00189815522498469,0.0207544859581526,0.00212001126434543,0.0342964715204899,0.000535123848377323,0.0116982721911485,0.00480738456328202,0.00775348481546579,0.00269152518717225,0.00338314360124185,0.00714739488326494,0.00061687651746921,0.000258621214419865,0,0.00105283712936638,0.00372489226649857,0.00560532573088862,0.00260493810619467,0.0997799636855648,0.00429034344781939,0.00102619658327651,0.00911467276633865,0.047135520950825,0.0021099129928255,0.00616085462203501,0.000117561556445897,0.000633120215684723,0.000137058787078822,0.00789648264777115,0.0101186415580277
0.000115518525427365,0.00366711946827105,0.00105980139003405,0.0845704453741202,0.283648853391753,0.434326641766607,0.0201845771539833,0.0718479576421058,0.107198520004182,0.0292286352822665,0.00149216419886037,0.263329781669227,0.000850809367617524,0.0185422674303721,0,0.000406426221830785,0.00134057812797201,0.000518488884474009,0.000679325515461731,0.0611067630030332,0.00407524130959841,0.0174286845667881,0.00267186342615988,0.156302410056711,0.000753331811105525,0.00151333708565211,0.017784046520309,0.0558389423037784,0.00708295397905274,0.0160768935803802,0.000162971199500549,0.0292811332446762,0.00089446782758224,0.0146513516413862,0.088474307626444,0.0491217666006294,0.000791555992630452,0.0138226424247302,0.00524495204687954,0.251218675092249,0.0127214275259496,0.000840806083490395,0.0128032414447868,0.00195587129935169,0.00371421437269868,0.00682283071309794,0.0425818760011966,0.00187032750364194,0.00070867941515404,5.12317457118273e-05,0.000213666216295909,0.000534061318968808,0.0293102654659146,0.000459528082231343,0.0150281073229624,0.00661121734654636,0.00412414861876763,0.00398396790110004,0.013549231352141,0.00263155555369699,0.0231731044096897,0.00110988324917611,0.0034107727258621,0.00548630177707506,0.0012816364181644,0.0010322584145487,0.000128000932466484,0.00114448695044718,0.00787681944274589,0.00300547142097738,0.00124904843527891,0.00423448241028666,0.0167546759348894,0.000424333436944985,0.00108604384649193,0.00315057330929747,0.0104683764854813,0.00183690815140397,0.00205214279606867,0.000279134440162575,0.000981540580102155,0,0.00230001306199749,0.0720253238830524
0.000109763855924767,0.0319327115429431,0.00503979880631569,0,0.00287780520732809,0.000411212177813048,0.000473976692622524,0.00143115202459863,0.0403057241425449,0.000105966231248886,0.00153825430630154,4.44922369418084e-05,0.00394301207701562,0.00201063846059682,0.000406426221830785,0,0.013640987058136,0.000574709380079824,0.00530010679354614,4.00949620328308e-05,0.983319834653825,1.03653412349335,1.31842996617491,0.363847140252996,0.00491859633992381,0.00922354282604231,1.12191758590754,0.200017850359988,0.00215473897654469,0.00642732884772663,0.000916733899558139,0.000305615341356307,0.00140658156650816,0.0361010910126534,0.0110479189008586,0.399282098119931,0.0676399896402926,0.0783215054740196,0.051661028778278,0.00371239995364339,0.00163477683651268,0.000685423806654775,0.0635660835313153,0.0130156132664679,0.0192504541280999,0.0204810208165515,0.0299712508826619,0.00164941386249266,0.000321045599577856,0.0004192798413203,0.00430445570434377,0.0134228766730338,0.000308622231314868,0.00127904816271386,0.000961288481897034,0.0142924366295287,0.00682359126963143,0.0438611635778768,0.00109304099356994,0.00390135278547549,0.000462728894131369,0.00523111364150051,0.00684943623204241,0.00148258344301922,1.0189073309041,0.0079569745896995,0.000247493375754583,0.00192890150427558,0.000121842577079594,0.175097399130644,0.295869887169484,0.769142766630067,0.2101567091464,0.00614422204047203,0.00837858168816347,0.245743859274655,0.0902569964790272,0.00986751140771041,0.0489378034485906,0,0.000287443649943102,0.00117912101532007,0.0138915747428163,0.00870070699078955
0.056882206405863,0.0222653014405057,2.61463410586729,0.00210520754477603,0.00416182683699793,0.0155827564422307,0.0637921668734683,0.163882522245539,0.0047518001047867,0.0147634322052943,0.0741467945345323,0.00750998215475692,0.000936209093542958,0.381203249650482,0.00134057812797201,0.013640987058136,0,0.0260644525756735,0.908938513317703,0.00215119257920905,0.415841515901364,0.0203787700332838,2.29518729753805,0.020345347731214,0.000499256633016175,0.756980683818998,2.1981599462773,0.138119234661816,0.29116820640075,0.614590690903979,0.00104189247806424,0.00261967149334626,0.0482421987329855,1.06498530772253,0.0401280294617088,1.17577161393157,0.315689076574389,0.538351074568531,0.300033501216851,0.00919681702981389,0.00357006729154908,0.000424619977985734,0.0333962852136269,0.0129909341506213,0.0115346390999643,0.0171332612285591,0.00237607566290284,0.000560462563466924,8.59647226584792e-05,7.42604475315571e-05,0.0252073028143357,0.128416895039354,0,0.00402186596607913,0,0.0011309712173342,4.60299786319613e-05,0.00227689101626267,0,0.000380440215320099,0.000207457528350699,0.000166148196425307,0.000291740565956068,9.35721590295553e-05,0.0104291012198952,0.0660799949304672,0.00191106105368741,0.0227087836711439,0,0.00268630533621887,0.0105459607838013,0.0278031561353585,0.00395069760245742,0.000780081026188946,0.124014683659929,0.344463551791214,0.00211757152309243,0.000145492637084985,0.00220864854302809,0,0,0,0.0128794255703335,0.0293634871119605
0.000754689020281148,0.000626029620745164,0.0052562428848211,0.00372891280574831,0.000792276240414959,0.0270010190202668,0.0242235593476166,0.0112675611027031,0.00184804271568571,0.0521375010117335,1.69983132112278,0.0389870428434622,0.00430870953314715,0.087132507144368,0.000518488884474009,0.000574709380079824,0.0260644525756735,0,0.233471234215882,0.0128090533761431,0.0171539071728524,0.000435866562831813,0.0253601059352495,0.00659040824424765,0.00120178197706283,0.439205162419542,0.0687605791128912,0.0266447904932582,0.104044698432834,0.0168859606285256,0.00688563206147362,0.0185097707405663,0.00141141484622033,0.203345380782611,0.0176001737539255,0.445239755195081,0.131508988729993,0.298603402461998,0.051195396774889,0.00436101778204206,0.00191564294311624,0.00514848843183253,0.00116035456196644,0.000495387521274036,0.00250626528065325,0.00161302594282505,0.000998049684516035,0.000441247741490131,0.000123791988865399,0,0.000267559943587321,0.000921513423502431,0,0.000544460594133317,0,0,0.000144401159993899,0.00114959081682419,0,0.000559873869751883,0,0.00236677278683445,0.000152183675904751,0,0.000118547547552395,0.000395676071199005,0.000553739964256435,0.00049350968364476,0,0,0.000175205340268654,0.000105278465326363,0.000137967273462224,0.000791799758300972,0.00578917568243034,0.00862436591452635,7.24143023330927e-05,6.19043719549655e-05,0,0.00128876457991406,0.000168072514975405,0,0.000207340234610885,0.0052173695970262
0.0069589825617527,0.0133207601408245,0.18062620967496,0.00477500781363652,0.000647118631177157,0.0206669854519304,0.0332476318514512,0.0269625453363509,0.00509490057119409,0.0405324658337741,0.21859033919344,0.027737150778027,0.00111881099092251,0.0732720419793157,0.000679325515461731,0.00530010679354614,0.908938513317703,0.233471234215882,0,0.00944068265468164,0.14198008974613,0.00693556577444478,0.33086809121335,0.0122897250847273,0.000677869989797437,1.43978344917687,0.634812358023548,0.0580108789429,0.0765101769055172,0.110644194163456,0.00176391903080267,0.00425740760953251,0.00868947546975111,0.515054343315606,0.0311366920278005,0.718853865765136,0.3135543286851,0.357114305266686,0.177231874386646,0.00461829657577631,0.00162909905086382,0.000564982551378107,0.0103187541962736,0.00539313693081821,0.00352091187764726,0.00464323742317364,0.00139176333938511,7.48171397857905e-05,0,0,0.0103314010100801,0.0231070020562705,0,0.00227745474597273,0,3.33263651120603e-05,0,0.00166829317079161,0,8.16811286477208e-05,0,0.000248270687332607,0,0,0.00117429492196001,0.0153890576569447,0.00128423287976602,0.0121386654871735,0,0.000180883162439239,0.00306206726441681,0.00364012614337006,0.000982654161266076,0.000685221341438591,0.0723195334624255,0.13308420800065,0.0001034891226506,0,4.35621184586585e-05,0.000163331652088344,0,0,0.00257948811642678,0.0179619327407462
0.000231054699276888,0.000237391513867968,0.000701256236513633,2.55097676153871,0.0161186210017971,0.142858001210183,0.0109672782790181,0.138889192078834,0.185450414884224,1.20232540967148,0.0194513279577954,1.58385204050564,0.00275329536425597,0.0946578856370904,0.0611067630030332,4.00949620328308e-05,0.00215119257920905,0.0128090533761431,0.00944068265468164,0,0.000628391107174981,0.00107739218933494,0.00111500262043085,0.355747837358526,9.23955806961894e-05,0.0127697549234744,0.00677912001863574,0.226384504557497,0.0254426124493052,0.00240876261966809,0.000854360060470104,0.0130341382999696,0.000515778272810447,0.027124276738409,0.00917848255544539,0.0946445770917336,0.000506712773919744,0.021651701882737,0.00462198524209419,0.063859873634776,0.00337640540163527,0.00169578192836877,0.0312520218005154,0,0.00438809263046077,0.00432341248646282,0.138604426258091,0.00646869847421369,0.000489536653542924,0,3.50027123743236e-05,0,0.234423758737717,0.00135399479168687,0.0542430996452074,0.0265518679911339,0.0156204396133691,0.0355497598585568,0.0734945776908224,0.00248670637325177,0.129598842263222,0.000979438678869316,0.0120549335090484,0.0212613410881449,0.000104523884309256,0,0.000121997985455417,0,0.056575515221524,0.000100452863604927,0,0.00016125674883973,0.0586373317577504,0.000372409014543057,0,0,0.0524498208796642,0.00488728751085558,0.000388547797074795,0,0.000689787287728966,0,0.01483529954139,0.00116548813736356
0.0177693355771632,0.00772524272422897,0.319467803779436,0.000529398185553933,0.0369991897488472,0.00948840912371291,0.129439652200242,0.089427640232221,0.0102982486316654,0.00349431515622493,0.0323805010814303,0.0021422832275568,0.00787973550878851,0.12952720433133,0.00407524130959841,0.983319834653825,0.415841515901364,0.0171539071728524,0.14198008974613,0.000628391107174981,0,0.111274787759723,3.85264285496458,0.0528128679625066,0.00103094949552407,0.116089812332543,0.390137354644778,1.68781869274426,0.0958615506968646,2.19410809825749,0.00246093711476183,0.00154552208499422,0.0251495721453248,0.858153764895398,0.102625249405101,2.78267134236037,0.197504704253957,0.808163500187816,0.555595355795335,0.0358124945487837,0.0070915025381842,0.00430924540520772,0.0356742529662499,0.00603417592497664,0.00706670016712825,0.00990977100687472,0.0392628188776641,0.00191437140267434,0.00102277675058059,0.00175198589929787,0.00276676174527852,0.0191768912876916,0.000612358456781459,0.00870691038308437,0.00116267989188669,0.0122460600578751,0.00762435107174152,0.0479526132916557,0.000852479202774954,0.0049419956698463,0.000913473307209992,0.0044274108343602,0.00898315170408623,0.00145009901327616,0.283697453317213,0.00694600241695457,0.000104763843292093,0.000806248452973062,0.000166287259923685,0.171365137178598,0.115444612512158,0.212632523209603,0.145473011890649,0.00512251348297698,0.00498402126587861,0.0688539839153215,0.0826047864598666,0.0133378934521188,0.0697622213610149,0,0.000211668003054947,0.00234914417349946,0.00992675738002437,0.0625747186600694
0.000309660417587757,0.279997726829809,0.0184857452821587,0.00160400349181284,0.00569645772164192,0.00171809777103027,0.00209251525580081,0.00218206443143429,0.987802292745791,0.000542602452952265,0.0202291665611934,0.00207292810867639,0.101631354921061,0.00212224744192107,0.0174286845667881,1.03653412349335,0.0203787700332838,0.000435866562831813,0.00693556577444478,0.00107739218933494,0.111274787759723,0,0.133741060028822,1.24475533938238,0.101015891176361,0.0260073308811735,1.82718349359864,0.114337058450159,0.00145947403942062,0.003665891751092,0.00881847897418808,0.000349401731311441,0.000463008260057473,0.0325677902025176,0.00166871712061557,0.0521399951478845,0.0106811031157387,0.0197676048452648,0.00742254399955054,0.0212605582140269,0.000274880439988017,0.00597330866330831,0.0442503651110527,0.00854476359695202,0.012689369877869,0.0117219041532336,0.00678499649090674,9.73169957633257e-05,0.00754025081695093,0.000330453992533833,0.0432090388208918,0.0318142680205062,0.000435195228877008,0.000323834348071324,0.000178199686418724,0.00403838212761438,0.00157101530384456,0.0337965488519787,0.000321846200780153,0.00959286444550335,0.000477216284977734,0.0371794682210551,0.00235365176368906,0.000651863722156442,0.221926155510934,0.0141068437207136,0.00126175291408279,0.00714863533247983,0.000155493679339957,0.0420552505058138,0.117295692540401,0.100641406820308,0.0915787396782172,0.00866040971805553,0.0347394312741132,0.293431945218359,0.0260365893158812,0.00164290689317621,0.00952581651086366,0.00542939523206788,0,0.000644849864983714,0.00907441058817478,0.00220420134291851
0.0383067392227776,0.00847679302797382,3.43049230014439,0.000499193680796545,0.0324380071081087,0.0161605232358641,0.105721142733326,0.153326398218066,0.0120167256892571,0.00923630589693351,0.0452229806309461,0.00499362498264849,0.00779278925067421,0.278985503900294,0.00267186342615988,1.31842996617491,2.29518729753805,0.0253601059352495,0.33086809121335,0.00111500262043085,3.85264285496458,0.133741060028822,0,0.0626311017700686,0.00133665224741953,0.540242186696487,3.66258768785808,0.742575197979465,0.15308604938265,0.932513764291131,0.00310503487939649,0.00290749374155667,0.0275215140207216,1.19871518933009,0.14164257176052,5.28122903697952,1.06782671991962,2.26948139453222,1.41900183273366,0.0501856629836674,0.0141813989013902,0.00370602357197532,0.177987608650322,0.0386827064367928,0.0730067261371141,0.0727080922314698,0.0315432561921936,0.00314085245049341,0.00055124893245213,0.000909448087560492,0.0122636196030059,0.256797928732107,0.000289743046627915,0.0173380363175444,0.00128976049931153,0.0267283031696511,0.00500265917118184,0.0199553813403688,0.000624522107807386,0.00607245945992642,0.000607247350674445,0.00438185574493307,0.00713137628811752,0.000673132040220434,0.876532382192987,0.0664636796376726,0.00280969207157509,0.0106004770239268,0.000193490504687172,0.153102710403402,0.18600522937949,1.07429861319791,0.158205831394439,0.0109231881069578,0.0484632709233791,0.979066861735706,0.0851212870415588,0.00448903153363467,0.0480303617439004,0,0.000922658996294386,0.000444277086691975,0.0464432662201131,0.135901305054618
0.00511099507253671,0.125078585827447,0.00958270795273213,0.531137630319254,0.0440852183319495,0.0456071991242596,0.557655544603146,0.07473843906604,2.9600059242991,0.0653973519105693,0.0181049444484984,0.217513497434288,0.0257391421682993,0.0892761643839042,0.156302410056711,0.363847140252996,0.020345347731214,0.00659040824424765,0.0122897250847273,0.355747837358526,0.0528128679625066,1.24475533938238,0.0626311017700686,0,0.0359582551570161,0.0235163642850068,0.831815458859458,1.70353235672305,0.0902244262794134,0.0542235135319288,0.00417107194131317,0.017357691853007,0.0277612298306641,0.0981356093914038,0.0443618115454082,0.457668996887799,0.0111056926542698,0.067458753739778,0.0250185729588834,0.152420020228336,0.0080726099593685,0.00480009002259166,0.317880950941119,0.00811893026325399,0.0272623810947682,0.0235845191173343,0.172036019466397,0.0218333919224968,0.00418369644315399,0.00381681895879059,0.0107476293037981,0.0118749417885836,0.255426264858203,0.00612789819392227,0.0482424269404004,0.227756990212396,0.0729251885543044,0.579161501393766,0.0835364173639126,0.0200458563473965,0.0696410647715308,0.014061368155942,0.0759247676778656,0.0159921334482195,0.197907849563313,0.00598468098122247,0.000636496225117797,0.00155018531673682,0.0651685762457099,0.0895618148030123,0.209845438446544,0.0696130926517081,1.19295072177721,0.00816374107921908,0.00871002845641691,0.0843890074129378,0.529939527279683,0.0804789338178202,0.0897397616691817,5.49832968246102e-05,0.0029532794684982,0.00661843699522178,0.0692986155015598,0.0186870496833482
0,0.241437415782618,0.000198779673878109,0.000111908751658201,0.000415986649116898,0.000155093080946267,5.54573656952619e-05,0,0.0429758052072975,0.000170888382255739,0.0940052638812089,0.000167292363130778,1.02527365335362,0.000660019495734394,0.000753331811105525,0.00491859633992381,0.000499256633016175,0.00120178197706283,0.000677869989797437,9.23955806961894e-05,0.00103094949552407,0.101015891176361,0.00133665224741953,0.0359582551570161,0,0.0499667781693942,1.95838712067983,0.00180937081712074,0.000984576080619657,0.000257448007322824,0.0688095692111965,0.000995291369858483,0,0.113891499223296,0.000216063300171947,0.0116898858137686,0.0151263952769275,0.00460041320373101,0.00149740831147783,0.000651794819704699,5.42236898560167e-05,0.0192537824710607,0.00411258805663585,0.011303632850972,0.00207117012411717,0.00157066460817656,4.23692289602101e-05,0,0.0318915017214859,0,0.0258487295540493,0.000566906729460025,0,0,0,0,6.21678846422553e-05,0.00093158998285575,4.00671605706096e-05,0.04523593384378,4.95105272940874e-05,0.209125767053549,0.000249584047961104,0,0.000769643060468889,0.000109394629694438,0.0060007361767589,0.00147478681286563,0,4.67796573095799e-05,0.00238144355889004,6.66600458069444e-05,0.000952949535002764,0.115055647527398,0.109319150913002,0.270329627663523,0.000112834841513943,0.000861078108511555,0.000252235778172898,0.0457768444389735,8.2579169817245e-05,0,0.00305568752555923,0
0.00722299279576471,0.0648717780330268,3.99561768155994,0.00550917695560194,0.0014817338914655,0.0363054181682778,0.0610376923378363,0.069905263039058,0.0133415348846064,0.0579601588469158,0.518145815995016,0.0457821959928926,0.00668875879364328,0.143314542017433,0.00151333708565211,0.00922354282604231,0.756980683818998,0.439205162419542,1.43978344917687,0.0127697549234744,0.116089812332543,0.0260073308811735,0.540242186696487,0.0235163642850068,0.0499667781693942,0,2.66704171410631,0.0756257840949476,0.131238742951924,0.10878077073689,0.0352925757459946,0.0206719977499102,0.00544333472677745,0.288705640651553,0.062643843456084,1.75261837457357,0.996449069967961,0.59591479027561,0.24505716259592,0.00676224017936328,0.00432075482849382,0.0157530340238892,0.0749514114903284,0.0729356366365427,0.027049911042284,0.0338467669371618,0.00224662101962095,0.00222679035966874,0.00300098228830665,0,0.088394744662435,0.0429751130208414,6.55585645720661e-05,0.00328186161296596,0.000114534635724843,0.000244379887303448,0.000317771199207598,0.00534666424143214,0,0.0244687854910902,7.47441918504596e-05,0.172057607492849,0.000803720874157638,0.000131730503118432,0.00347591780548963,0.0516448191744992,0.0363914461156641,0.122088000372968,0,0.000790377641588652,0.0064163809993687,0.00737399102698456,0.00107897635575864,0.0824022033754283,1.10856926614153,1.53314991076124,5.23323476158976e-05,0.000394764893445271,0.000451621886897206,0.121251077133389,0.000409790372940087,0,0.0203336610483219,0.0347170377469293
