0,0,0.0269350859785655,0.00104687163437201,0.000170067113392562,0.00328448424768065,1.02792003585479,0.123365922842847,0.000414293454539791,0.0176562784329788,0.00316533099024497,0.0034927340063095,0.0010359167491098,1.32814160682721,0.000673203108969107,0,0.0751475192950233,0.00247259087322484,0.00863492146669248,0.00142562542512773,0.00402430991897227,0,0.0615702933338228,0.000578701337367698,2.82665589340925e-05,0.0249058610954578,0.00515435894092701,0.00969650873098316,0.438042961921808,0.359965530949564,0.000191150383879602,0.001625998028706,0.00168820065596728,0.0276771356000207,0.00091810846495485,0.00735966246227377,0.000310364900848612,0.0171441608747718,0.00611274238659398,0.00145780359907801,0.000502036400772572,0.000215197093142733,0.000509963812441677,0,0.000153022186739669,8.47527779343727e-05,0.000739304100694627,4.94086151830852e-05,0,0,0,0,0,0,0,0.000100649589144677,0,0.000377840384365961,0,0.000236733187137962,3.69126274567395e-05,0.000119642657583832,0,0,3.41614396354258e-05,0,0,0,0,0,0,0,0.00090843916418682,0,0,0,0.000859064119657428,0,0,0,0,0,0,0.000158206090014398
0,0,0.000743963722045839,0,0,0,0.000106473070819468,0.000211366966394246,0.270074974247115,0.000177163899787814,0.051797956826569,4.58519121237099e-05,0.21702000198666,5.77922652156055e-05,0.000527673457224816,0.0254144388010315,0.00120555947480202,0.00145739056148845,5.84195706945062e-05,0,0.00606454523869945,0.419721084207157,0.00297339246691574,0.369469095088332,0.329062854191563,0.00933532083902111,1.13197409874437,0.00575489129015142,0.00011820080748713,9.56250237000879e-05,0.00835372459858998,4.11490237573087e-05,0,0.00189728117463684,0,0.00482466295807638,0.00367716735168436,0.00660361444013836,0.00130712899396624,0.000436915111596077,9.68664092319611e-05,0.00878392423406326,0.00278877520817402,0.00750502795655948,0.0010052618312933,0.00212299352298095,8.87760941213373e-05,0,0.000423332064668089,0,0.213292064751142,0.00237129872710404,0.000165100993366495,0,3.00394786739946e-05,0,7.87448438252804e-05,0.00405529059113558,0.000136029012845889,0.011615742922602,8.12488395276664e-05,0.0197044988011925,0.000175094157176897,3.88497183603346e-05,0.00260742424817797,0.000556829057156891,0.00338655139005577,0.00100780008518879,0.000126930963678986,0.000138907066536203,0.0104963463142511,0.000594646077612936,0.0102678295703013,0.0347058355130665,0.0211226435348194,0.606121152959235,0.00109905131206225,0.000449969433862477,8.95848871635794e-05,0.00700959236815217,0,0,0.00207964470202271,0.000257840400442719
0.0269350859785655,0.000743963722045839,0,0.000725678092832118,0.0027878751414194,0.0088589066863353,0.254383385592522,0.100972961685922,0.00138924497145057,0.00671856644116163,0.0634427132317368,0.00109542362569783,0.0255822985702789,0.14236138868397,0.00422272104569751,0.0019366367872387,2.1412502046268,0.0650298232385994,0.191511321603153,0.00068188441103147,0.35947411710354,0.000299289278183341,4.02153234475877,0.0119219743639064,0.000171629353696346,2.78336046549416,0.455624154888097,0.109936515603359,0.0944166470359651,0.0767018113530955,0.00389349598851405,0.00141482655192362,0.0134382420364377,0.462545659007621,0.07540946158987,1.05514776497182,0.257491095484029,0.92429730795437,0.567228576518906,0.0140949792708437,0.00934893263012179,0.00200880424529083,0.0128474850517857,0.00731239596864313,0.00391394719328253,0.00745279793088335,0.00376275733334279,0.00117711851155947,9.21886012069587e-05,0.000148017345224768,0.00601325594053907,0.0319881748408743,0,0,0.000145863460124224,0.00160478874891899,0.000614391679639995,0.00123729985745966,2.99870223861784e-05,0.0021600820097714,0.000114287739729852,0.000346831952513307,0.000717646819312066,0.00202360020996428,0.00380431761759444,0.00296362810525809,0.000598182627316013,0.00114827774529003,0,0.000492221638592795,0.000984486726935505,0.0038091709194837,0.00496556560890257,0.00080285009317103,0.00837811880534831,0.428005116293145,0.00740686637839687,0.000549064770495161,0.000348361974400386,8.19335625422445e-05,0,0.000123179634429335,0.00148509895948048,0.0371919609719695
0.00104687163437201,0,0.000725678092832118,0,0.00366291878716169,0.0191447856098472,0.0271291318741545,0.0348406901560578,0.223033530852936,0.835931293687435,0.00353974452056499,0.0764942496432533,0.00653174411103791,0.0171577841187715,0.0408742608716175,0,0.000290987114134342,0.00181605319656254,0.00182104956832281,1.11391014672388,0.000212532224638492,0,0.00147843084363076,0.25337052075738,0,0.00210412198227255,0.000465591167634383,1.12526103436592,0.0437225192419802,0.00158232120347963,5.18029426385462e-05,0.00317710104142306,0.00205076684974025,0.0275265848228131,0.00257302842841223,0.084010865761411,0.000977832985456317,0.0159040835111217,0.0034565226256551,0.0799189500530716,0.0104779928995901,0.000934038753167299,0.0107258932069558,0.000450955173510075,0.00330302967314115,0.000806828305858793,0.0306181112391474,0.00251757705673348,0.000382674097092405,0,4.58655258609355e-05,0,0.114675815810411,0.00324345682703218,0.0140234151754528,0.00156529157400765,0.0305934831844736,0.0614319080937122,0.175871936976795,0.00455959424106549,0.0740185673278597,0,0.00997233700125313,0.00718327864790246,0,0,0,2.90207645447552e-05,0.0347224723770828,4.63702620211244e-05,8.29802053904535e-05,4.63827793499827e-05,0.200613872229932,0,3.13367170754373e-05,6.1379338786751e-05,0.248867174568008,0.00477916865553092,0,0,9.80927694008351e-05,5.78140700370073e-05,0.00250488726512313,0.000828455696408243
0.000170067113392562,0,0.0027878751414194,0.00366291878716169,0,0.279201412199644,0.00862756196714729,0.0127524738911411,0.0464707305521323,0.0109378219021876,0.000845863959088909,0.098637153471528,0.00379056923913723,0.00257119102615523,0.231297097247859,0.00168307796425802,0.00184588783189079,0.000130991345321312,0.000389344405758858,0.0127492641419412,0.0261445545222149,0.000159325445295006,0.0524016395910272,0.0116697412676712,0,0.00170289990828601,0.00592828705594717,0.0196860913610091,0.00746179888623678,0.0190190312522391,0,0.0381409145815926,0.000822597888014826,0.0858096962898196,0.138671427576036,0.0504223440074363,0.00509482924533984,0.00436254753059602,0.00863995676551811,0.770162759934492,0.367829836073518,0.00114516610408127,0.00333955470196663,0.00119840878166205,0.000589017235833526,0.00546441678804403,0.00215403222484127,0.00010122344014731,5.85669234106839e-05,0,0,0.000454407854825616,0.000788958503223423,0.000324881521227762,0.000977285813723953,0.000618444247088522,0.00109336911402649,0.0011764254558413,0.00104173627457773,0.00298121632053038,0.00203128886957469,0,0.000521788878193766,0.000286981619151711,0.000186988280666828,0,8.90519870134591e-05,0,0.000477271395556986,0.000157033883282125,0.000194709782276213,0.000848606960394411,0.00517136664451584,0,0.000361272646613032,0.00217569180411303,0.00576963784107026,0.000104811057354272,0.000311602099471032,0,0,0,0.00072391190229857,0.077915634519434
0.00328448424768065,0,0.0088589066863353,0.0191447856098472,0.279201412199644,0,0.238347609871878,1.4108539236594,0.00934401834280129,1.6967444742839,0.00914218526617332,0.676815621770373,0.0340784555537749,0.0410108058747986,0.219739521495893,0.000305139457401872,0.00481960276392824,0.00207569609692924,0.00215217048003433,0.0622070342016189,0.00287239501023801,6.00356674909591e-05,0.0195343739481943,0.0160734885446166,0,0.00811625859037284,0.00256905494855392,0.0869660253066613,0.0524633271621846,0.0186748423634086,0.000830191372526426,0.0232433526155893,0.000569327854429677,0.0383953023144248,0.373380406381132,0.330104079258887,0.00847627454742059,0.0324879772913254,0.0285948384761103,0.445864109609738,0.0811848357550026,0.00980694538200707,0.0328172106743598,0.000612732347806931,0.00786198752909597,0.00632755654540938,0.026264181028333,0.00629703617288882,0.000369079389404595,0,7.40935323358178e-05,0.000293650915924609,0.00681568215309863,0.000977665445121079,0.00473682954673239,0.00599446067102191,0.0205124932332855,0.0108709881967397,0.015555121981795,0.0356008607033481,0.00921198620671137,8.95293495114151e-05,0.00886870598458872,0.00335017615573928,0.000279582562106371,0,8.58693236685395e-05,0,0.0023465824960715,0.000317048137997061,0.000240853412119478,0.000369920969625384,0.0646092684242932,0,0.000503106668936908,0.00025441957892698,0.0720970547768122,0.00847676464652907,0.000638798853711486,0,5.58184971679449e-05,0.000280915543420583,0.0052282540050749,0.0507663339232741
1.02792003585479,0.000106473070819468,0.254383385592522,0.0271291318741545,0.00862756196714729,0.238347609871878,0,1.22630801110418,0.0425774585233007,2.3517324541366,0.0434582690166573,0.0194432101393305,0.0315691310280542,2.02035716842475,0.0206348342615017,0.000341822238833725,0.122641834553569,0.0197645219399336,0.0337304292870535,0.0461479378350317,0.231818777377189,0.000307581204519213,0.748095516424382,0.112233767653595,6.42698367120325e-05,0.135160001487084,0.0223698669844101,3.43194766803416,0.906596450210458,1.42397578634638,0.0029315899837716,0.0171509523708256,0.0602135146473154,0.209209183963973,0.0384219888415452,0.385913118913329,0.0135660208549912,0.182284172468456,0.0798594812812422,0.0668169056988173,0.06052292856923,0.00332893325733072,0.0180429017633153,0.000268174903588027,0.00608760700777942,0.00386073400223428,0.0160788162007334,0.00341278875293088,0.000483408000040517,4.88065453701019e-05,0,0.000426267261791989,0.0137312634152355,0.000362806782315671,0.0041100027345988,0.00275752589768728,0.0252743585364271,0.0189149721071746,0.027573978198302,0.0084040784068687,0.00984376522590575,0.000302114021300986,0.0141719170006932,0.00194005608977202,0.000402416311674446,0,0,0,0.00548110504163418,0.000221432424631358,0.000752601122089833,9.26381583318856e-05,0.0965613171074216,0.000115422650304168,0,0.00544478174052733,0.129482603850366,0.0093865052063324,6.56541687689572e-05,0,0,0.000177119202873379,0.00364883417452104,0.00698488847399795
0.123365922842847,0.000211366966394246,0.100972961685922,0.0348406901560578,0.0127524738911411,1.4108539236594,1.22630801110418,0,0.0187942811027412,1.4993283590076,0.0254391836894378,0.293392398871173,0.0517931561659865,1.18444613611954,0.0397432643541096,0.00015476598998487,0.108398060723303,0.00854905546422759,0.0173230270536221,0.0821843609698578,0.0203802038638034,0,0.228051106385819,0.0542840673857392,5.26170304195285e-05,0.076743871688646,0.0100501889323884,0.196548536806741,0.480427421690321,0.354747748188031,0.00195946345667036,0.176574333287935,0.0045460327979507,0.0963960167241994,0.0102578353329244,0.280821962410444,0.010888974951885,0.0692798174287248,0.0472330575325305,0.143065046952004,0.027213134500905,0.0181273582574461,0.0758506176204512,0.000499960052301243,0.0163466068565882,0.00808677224743589,0.0700832152098538,0.0128964379425468,0.0010197237020638,0.000209426604539022,0.000126070287679136,0.000379770702663705,0.0160038963122638,0.000995640235710156,0.00956934019616867,0.0126401726926164,0.0468360765454166,0.0339511928169241,0.0325370760226728,0.0543758405601,0.0159168014119015,0.000666337331248447,0.0219680776013242,0.00267089097032944,0.000760962382549822,0,0,0,0.00617929047537816,0.000848975291932807,0.000519466635020077,0.000635706287724137,0.190555344168544,0.000126762361198142,0,0.0011350163069147,0.233191165980243,0.0180680511647361,0.000628458603558987,6.93200032919944e-05,8.0019336321473e-05,0.00100966321877965,0.0124038051873633,0.00283028405716814
0.000414293454539791,0.270074974247115,0.00138924497145057,0.223033530852936,0.0464707305521323,0.00934401834280129,0.0425774585233007,0.0187942811027412,0,0.126716749461124,0.0162946720457175,0.131886959077311,0.0449305965203775,0.00654293345866107,0.136187192240644,0.0035725274870757,0.000318408922400117,0.00192491412602811,0.00138701299466407,0.140221743614238,0.00438711922759555,0.779541920301168,0.00359278056399968,2.48411138293669,0.134815548869784,0.00918315442642222,0.299724596552033,0.548036547207017,0.0225942763153671,0.00158390670591427,0.00118094044722378,0.00089489571130599,0.00468341210165789,0.0165952935217399,0.00326995792637163,0.0758500391691018,0.00227065374744287,0.01461583308173,0.00368514866552981,0.125878979910404,0.0137317859086429,0.000931536920587254,0.0278643827769658,0.00222666729420944,0.00769312696285941,0.00366705819928964,0.0248084850824694,0.00517653808071376,0.00073529509035267,0.000769262292109118,0.0031477794292749,0.000740729975207746,0.0414920425065935,0.00273013458327922,0.00884625541520559,0.00586815809780927,0.0216498100059627,0.36698240359262,0.0422418019483406,0.00540198524213661,0.0367187978436903,0.00462995661578143,0.0173923574796461,0.00436840492326793,0.0209743457580287,0.00039983792009598,0.00138161754396327,0.000248292373861015,0.012665208327964,0.00825706338446812,0.0629738454751074,0.00255380547054869,0.437709076683648,0.00250792534646718,0.00673378641436087,0.0301365437912538,0.261129704229765,0.0132131445584742,0.0040893372596568,0.00119818616279565,0.00025420026984334,0.000322253469202817,0.00463441542765601,0.00296630153488433
0.0176562784329788,0.000177163899787814,0.00671856644116163,0.835931293687435,0.0109378219021876,1.6967444742839,2.3517324541366,1.4993283590076,0.126716749461124,0,0.0881524521562283,0.386833246089938,0.0574524355847699,0.482399161300271,0.034362318647187,0.000347151889043212,0.00663811726479237,0.0383504364685871,0.035232322830036,0.52411102815447,0.00215923396074126,0.00010965022928071,0.0116752798659053,0.0600389594730709,0.000208323871266097,0.058362698432404,0.0106729780539645,0.885508818060177,0.488423509802985,0.0223555122441581,0.00614412612816745,0.0423366745617988,0.0038139711711973,0.324203475342424,0.140940308890271,0.590346765811807,0.0120812091727764,0.110951787496857,0.0334142999358419,0.127301751560434,0.0685903410019121,0.00989603702245645,0.0192673175296127,0.000433297046215087,0.00589955882229151,0.0032343757242271,0.0430939577838955,0.00391243830466673,0.000290592535036474,6.6528415106535e-05,5.35549803674221e-05,0,0.152414047783295,0.00473821664493626,0.0190452871672574,0.00421777906721318,0.0551516777596425,0.0514329001754528,0.228376194477236,0.0203285366862151,0.0912442947607465,0.000512651027118951,0.0114663668875709,0.00819594978309098,0.000232895364973247,0,0,0,0.0417985096322974,0.000200789467176199,0.000473589331905931,0,0.291031131156811,9.61659641782345e-05,0,3.37234427662194e-05,0.406014247826974,0.00452649883700127,0.000279209436065555,0,0.000141508019001007,4.29495135992765e-05,0.00418678092560989,0.00774206999965027
0.00316533099024497,0.051797956826569,0.0634427132317368,0.00353974452056499,0.000845863959088909,0.00914218526617332,0.0434582690166573,0.0254391836894378,0.0162946720457175,0.0881524521562283,0,0.0506087943787372,0.965401025623621,0.0175628830082295,0.00388181827319395,0.00115304250306691,0.0790753462484639,0.874861268203724,0.201248852528572,0.0182838473262739,0.0338198872775117,0.0348936128308673,0.0720560198640398,0.0181319239668523,0.0847064587215815,0.861675996287504,0.172031995450139,0.0388552951455585,0.0579349265694098,0.0393109186317402,0.192905851153293,0.0128135319137508,0.00299314680823116,1.07970397107108,0.00910231928918167,0.189660225667057,0.147889859037607,0.683513869608221,0.146041742600386,0.0120895454305572,0.0027311511936749,0.274973887631281,0.00819638192331217,0.0130605516590098,0.0167689271898778,0.00220324110639843,0.00464447298261614,0,0.0392379986583736,0,0.0149387361888796,0.000249830034059719,0.000172924728203565,8.21258748540281e-05,7.27446256900728e-05,0.000345472634556442,0.000372503497861251,0.00652461274894796,0.000263220455742702,0.365774694948415,0.000741845993295386,0.503738298917658,0.00148803315841593,0.000485457107332289,0.000347126164561898,0.000102812311753497,0.0028569449740164,0.000416049263456613,3.64938474283517e-05,0,0.0154695492365898,8.08636986784937e-05,0.00642092442061421,0.0958375376603908,0.0588236994053208,0.166331391116286,0.00282798182801552,0.00519275027607506,3.5684401109457e-05,0.0876873847657126,0.000165313831356585,0,0.0557765934360565,0.00661533916396719
0.0034927340063095,4.58519121237099e-05,0.00109542362569783,0.0764942496432533,0.098637153471528,0.676815621770373,0.0194432101393305,0.293392398871173,0.131886959077311,0.386833246089938,0.0506087943787372,0,0.0273396434866978,0.132278385119427,0.386058449571524,3.24078852083087e-05,0.00193941760092777,0.0183275911557566,0.0145602248642659,0.91799496670681,0.00151321067357455,6.58066951621175e-05,0.00531999136114489,0.0380862656323666,3.80859488708526e-05,0.0294253376698542,0.00507476510927191,0.0344409447911014,0.182266512934104,0.00597265587246191,0.00421262560069156,0.0231761212199846,9.97863365851638e-05,0.147817063399234,0.457158060068593,0.255878974300863,0.00951179320892573,0.048452013204575,0.0165892222220797,0.424884962695459,0.0373585081850768,0.00854883152738698,0.0161189416222075,0.000896153908432825,0.0027577439321962,0.00255648708440656,0.0698294776426149,0.00332037374111192,0.000613716168739885,0.000243999117365688,0,0,0.0884728686777264,0.00785109959783804,0.0467951993692614,0.00188820603355226,0.0303469234921654,0.0175059252445483,0.109849601471042,0.019057672917975,0.119201039293779,0.000950830973680856,0.0125265031147766,0.015167355351076,0,0,0.000349247145990506,5.47837891816496e-05,0.0334010610903315,3.63347288798839e-05,0.000148017299541086,0.000401737972954422,0.0946619903911043,0.000129975591494665,0.00112282984669133,0.000940656201245351,0.128244310324855,0.00891851298888875,9.33673863894344e-05,6.66783900660575e-05,0.000345867807542175,0,0.00255135939718667,0.0611877901873525
0.0010359167491098,0.21702000198666,0.0255822985702789,0.00653174411103791,0.00379056923913723,0.0340784555537749,0.0315691310280542,0.0517931561659865,0.0449305965203775,0.0574524355847699,0.965401025623621,0.0273396434866978,0,0.0142350902006196,0.00574893616409449,0.00498633001414205,0.00520632805339034,0.0102331763503979,0.00991343487611022,0.0156109615962449,0.0274910543345966,0.113293081752692,0.0727704112276282,0.0506688898278944,0.471377274739745,0.0648514357196636,0.401416413127973,0.0917734517430064,0.0386639871187133,0.0321179151636911,0.155914139928917,0.0636491878618198,0.000751201353516772,0.214204639857782,0.0475926411083756,0.370781234757619,0.346639106757738,0.543131184650616,0.583712065154211,0.194364170313279,0.266057886141639,0.297936486320896,0.0204017719455127,0.0204489281153356,0.0171659678204649,0.00640982646091265,0.0348089879649583,0.00374156644123778,0.0396167518323997,0,0.016636839146098,0.000771590385078278,0,0.000332971651319474,0.000969252735698465,0.00184944818507636,0.00459373993581993,0.00621905406153344,0.001516166821235,0.478776379040286,0.00117442073709911,0.902023327212953,0.00564592220913717,0.00117044050976098,0.0010283725344492,0.000244105199443579,0.0042203553253637,0.00127008576828368,5.44441995317638e-05,0.000330294943889051,0.0163990982751558,0.00055326758015275,0.0187113213248092,0.172348833952572,0.0809489125840874,0.296685855039944,0.0222119360198021,0.0104145561596391,0.000325751062146098,0.138157428329811,0.000917380034077558,0.000156200000761748,0.0630626380610379,0.0189520790570251
1.32814160682721,5.77922652156055e-05,0.14236138868397,0.0171577841187715,0.00257119102615523,0.0410108058747986,2.02035716842475,1.18444613611954,0.00654293345866107,0.482399161300271,0.0175628830082295,0.132278385119427,0.0142350902006196,0,0.00917385131691205,4.13099765056074e-05,0.266911987119847,0.0102383260651472,0.0314725941352203,0.0526027317971113,0.0246892317206656,3.75007728834599e-05,0.33345746784089,0.0179694939910137,3.49609908688068e-05,0.109641949485676,0.0174846879835061,0.111246638824619,1.08904021286572,0.920529590407905,0.0010322178281801,0.0181189663021202,0.00419832448394534,0.112397304191,0.0049524123266443,0.0985779387352335,0.00609469346737836,0.0779521740802383,0.0304986150754265,0.02447694361135,0.00465277002780858,0.00445235653733495,0.0253566004135706,2.81800294720829e-05,0.00525486607693041,0.00329379960041755,0.0216825586914384,0.004421961735551,0.000107244092593461,0,9.72585214110019e-05,0.000227604824563891,0.00262930728918007,0.000142421790860221,0.00196524368275088,0.00491943819219804,0.010043241355751,0.0130470466626525,0.00360840892190547,0.0151612347655755,0.00205161455842698,0.000508953769075275,0.00286900728883404,0.000634918399534762,0.000348543893674523,0,0,0,0.000591274290677235,0.000495528116136759,0.00031378350898996,0.000180256929464534,0.0583330924301989,0.000112046731279433,0.000351379246827304,0.000651638574597672,0.0646326040373521,0.00343315001338213,0.000562627865075052,0,0,0.000214931056504995,0.00365241547367479,0.0010330606852598
0.000673203108969107,0.000527673457224816,0.00422272104569751,0.0408742608716175,0.231297097247859,0.219739521495893,0.0206348342615017,0.0397432643541096,0.136187192240644,0.034362318647187,0.00388181827319395,0.386058449571524,0.00574893616409449,0.00917385131691205,0,0.0024771955439592,0.00408384089141835,0.00169158108625561,0.00134315670566148,0.0692356090852797,0.0485738161041438,0.000827444764494229,0.0653757131159283,0.114308273247478,0.000173207642677606,0.00602090028926218,0.0139177844454874,0.0837434466486574,0.0214756726729469,0.0471439616080939,0.00050443576485397,0.0112554112913119,0.00128365937239461,0.0154380787759671,0.362589159757076,0.0196198579642682,0.0096552024251614,0.0111235048630097,0.0198714162508478,0.377461668880972,0.0276099394790711,0.00134718938015069,0.00685851017779827,0.00496131899544653,0.00124518782583776,0.0219849314925243,0.00599640742630842,0.000695391835476518,8.59175382264853e-05,0,0,0.00174511831851259,0.0025158272734943,0.000336478225674629,0.00187095412098894,0.000641383759782999,0.00192331335610695,0.00279910462900971,0.00498859928251814,0.00563218759060497,0.00557397280615162,0.000208613615450591,0.000945630007550911,0.000900060121353625,0.0012217755509921,0.000192122925511479,0.00084104431922069,0.000293809287544876,0.000576780742841661,0.00122629157482579,0.000515204091664135,0.00187690008061507,0.0142731692238443,3.64224963696748e-05,0.00171778097023803,0.00689828803781998,0.0136653068821649,0.0013955705670422,0.000687485771791995,5.46517679091394e-05,0,0.000140098992629796,0.000269181114093512,0.187472842198112
0,0.0254144388010315,0.0019366367872387,0,0.00168307796425802,0.000305139457401872,0.000341822238833725,0.00015476598998487,0.0035725274870757,0.000347151889043212,0.00115304250306691,3.24078852083087e-05,0.00498633001414205,4.13099765056074e-05,0.0024771955439592,0,0.00191155181351464,0.000196321440902963,0.000709663502237156,0,0.781143285795918,0.655447555322282,0.662877441477319,0.11224525217034,0.00946237620393443,0.0018048786276105,0.825634228155032,0.0839338452710033,4.60469723089636e-05,0.000985568516524432,0.000144261258019641,0,0,0.00307732762875152,0.0252193943812166,0.254761118356413,0.0264711909318333,0.0287657901375108,0.0589000399066854,0.00250667994990803,0.00145458332207355,0.00102559002132717,0.0361322397650253,0.00833793480140466,0.0117168170364981,0.0119603127722247,0.00143833907732517,0.00114072629661839,0.000325260942479953,0.000938631859077574,0.0155295541361209,0.0087681680235209,0,0.000286599785801112,8.60261922956707e-05,0.00180453174684498,0.000239988757070929,0.0179740270046087,0,0.0119942621687661,0,0.000318511135070145,0.00106480957650322,0.0020077413025049,1.04374938864214,0.00271537001700039,0.000209267127373651,0.000618235707932904,0,0.164863158709238,0.403565973866002,0.308799676610067,0.121038834498965,0.000218547102667242,0.00153278147384512,0.56558370782205,0.137734965088828,0.00581341838881235,0.0657667911534606,4.6325240752548e-05,0,0.000746121903696671,0.00350106024109052,0.0117256760092521
0.0751475192950233,0.00120555947480202,2.1412502046268,0.000290987114134342,0.00184588783189079,0.00481960276392824,0.122641834553569,0.108398060723303,0.000318408922400117,0.00663811726479237,0.0790753462484639,0.00193941760092777,0.00520632805339034,0.266911987119847,0.00408384089141835,0.00191155181351464,0,0.131268233574066,0.358488731529605,0.00107732475366018,0.256908806406108,0.000394664064947099,1.71231201827099,0.00432133624683275,0.000331126300101816,1.2600665657796,0.926697322674186,0.0314489830130121,0.36605300136085,0.764530016263835,0.000631604247132227,0.00170718856443456,0.0565107944182153,0.576495038131673,0.00930026822724395,0.12412112503618,0.0227728128567576,0.224565009103817,0.0582523163254122,0.00829839643808566,0.009882572869595,0.000174548929285198,0.00091637780718914,0.000702535449929967,9.07790220631958e-05,0.000508461143659174,0.000222970292690813,0,0,0,0.000712323012045502,0.00201554176835856,5.34543163742125e-05,0,0,0.000124671599525154,0,0.000451835342737019,0,0.000247910967652842,0,6.04344631926715e-05,0,0.000172723144388527,0.00182242293629606,0.000178692781867027,3.8257845145166e-05,3.31021858068109e-05,0,0.000392682564936265,0.000606879295084805,0.00058675384009476,0.00105865672004983,0.000103578228376031,0.00181606415379366,0.0393643005623204,0.00151195709506797,0,0.000172195516135305,0.000248944819070101,0,0,0.000110850184281409,0.00183216581063389
0.00247259087322484,0.00145739056148845,0.0650298232385994,0.00181605319656254,0.000130991345321312,0.00207569609692924,0.0197645219399336,0.00854905546422759,0.00192491412602811,0.0383504364685871,0.874861268203724,0.0183275911557566,0.0102331763503979,0.0102383260651472,0.00169158108625561,0.000196321440902963,0.131268233574066,0,0.835503588033797,0.00739558317136493,0.0288553044296807,0.000281673894825384,0.064968723543335,0.00251265172309867,0.00048309379224433,0.558843400612577,0.16252333498143,0.0180268699499722,0.0280748509980059,0.0293501823368246,0.0120814272552532,0.00377945930574262,0.00218018013221453,0.202085232308593,0.0176528837630868,0.37102823904352,0.20746887819979,0.383025835031514,0.234921195999632,0.00461124478522518,0.00287389249163842,0.000764547030317455,0.00226517045844257,0.00411989598134419,0.000631596193099097,0.00212152487255222,0.000240481240867615,0,0.00022528443614769,0,0.00221704624454629,0.000303534183069676,2.94855503250658e-05,0,0,0,0,0.00137133262817055,0,0.00304721652034838,7.12048389159739e-05,0.00340096284203068,8.48417240631578e-05,0.000177905912423759,0.000130025633399889,7.05421194468141e-05,0.00473415120154198,0.00104435490662746,0,0,0.000386002224133253,0.000112436321719229,0.000564082527160362,0.00199116651575984,0.0514239433413994,0.138182579419244,0,0,0,0.00537609602774921,0,0,0.00124113004131276,0.0125330354678602
0.00863492146669248,5.84195706945062e-05,0.191511321603153,0.00182104956832281,0.000389344405758858,0.00215217048003433,0.0337304292870535,0.0173230270536221,0.00138701299466407,0.035232322830036,0.201248852528572,0.0145602248642659,0.00991343487611022,0.0314725941352203,0.00134315670566148,0.000709663502237156,0.358488731529605,0.835503588033797,0,0.00640495945848715,0.0609524034399414,0,0.161683601674241,0.00292713648490924,0.000224440201704979,1.54895002180377,0.208665805870799,0.0236765691877143,0.0505529644537962,0.0718549063579391,0.00253001750680765,0.0014743214411135,0.00677509516882798,0.580257699026762,0.0184687024599476,0.420347755923191,0.147565458796253,0.50465956701453,0.251983519674736,0.00366853094297627,0.0034529753631286,0.000602225964376598,0.00132848463970188,0.0011570593664338,0.000157640311318368,0.00154304894075552,0.000139164254244745,0.000107249369058728,0.000135688164610565,0,0.000437053983136699,0.00026282891689387,0,0,0,0,0,0.00138705930421248,0.000115229522538662,0.000913744439867798,3.08990925282389e-05,0.000273530988660082,0,0.000325050991698563,0.000224937468583167,3.44556859467775e-05,0.000895180288666055,0.000438817674772843,0,0,0.000202559782946229,0,0.000440674437774256,0.000271269698939055,0.0112596083174153,0.0408789034917865,0,0,0,0.000590223814968109,0,0,5.91506832039356e-05,0.0116267460589691
0.00142562542512773,0,0.00068188441103147,1.11391014672388,0.0127492641419412,0.0622070342016189,0.0461479378350317,0.0821843609698578,0.140221743614238,0.52411102815447,0.0182838473262739,0.91799496670681,0.0156109615962449,0.0526027317971113,0.0692356090852797,0,0.00107732475366018,0.00739558317136493,0.00640495945848715,0,0.000579454236425057,0,0.00193148699140093,0.119145062788176,3.78594240496456e-05,0.0112784345079327,0.00292876603326584,0.188363368125902,0.0805042847821223,0.00298008210434804,0.000843343807352393,0.00953417441220618,0.000526467478830651,0.0493242010354434,0.00465682075420472,0.158027742576041,0.00435141949047406,0.0183694189202503,0.00758342376563362,0.130920798795675,0.0167776813094451,0.00218708965434486,0.0203994561003387,0.000495300316740826,0.00433293524231626,0.00213205976716846,0.0510832353618316,0.0036281724273675,0.000344378092367694,0,4.10805073710978e-05,0,0.150616576052049,0.0065029836087135,0.0242477844109282,0.0023695741772466,0.045526468953591,0.0394146819429854,0.216325858067197,0.0121785316673314,0.111655812499784,0.000262755818434358,0.0160319768495291,0.0118330112202335,7.8459384770155e-05,0,4.17801620971263e-05,0,0.0522240112458026,0,0.000189547816305563,4.68148647507429e-05,0.227007176999847,0,9.32909575895074e-05,0,0.331791403217587,0.0120295170130666,0.000157113672116861,2.74926339621097e-05,0.000281781907038838,9.32630631332995e-05,0.00432164940162006,0.000426019672225028
0.00402430991897227,0.00606454523869945,0.35947411710354,0.000212532224638492,0.0261445545222149,0.00287239501023801,0.231818777377189,0.0203802038638034,0.00438711922759555,0.00215923396074126,0.0338198872775117,0.00151321067357455,0.0274910543345966,0.0246892317206656,0.0485738161041438,0.781143285795918,0.256908806406108,0.0288553044296807,0.0609524034399414,0.000579454236425057,0,0.10812866388401,3.9420446405112,0.0763710242794584,0.00335029347828712,0.168447091486133,0.319668006018801,1.90970776445323,0.0312380394064354,1.44360744307174,0.00178306289009287,0.000789277185736252,0.0132137115934715,0.995529275621216,0.228491579091306,1.6169661284393,0.0658372598752198,1.30052263010167,0.724177329730704,0.0395428442075234,0.0330912618905167,0.00227383189495583,0.0382087895483511,0.00233778999764305,0.0130177023754088,0.0103364863835822,0.0035085208294871,0.00273842443329175,0.000699579023599058,0.00214557726029702,0.00224881283136391,0.0184665349976568,2.21909901338518e-05,0.000675311511395886,0.000269243657338307,0.00287137692654358,0.00125990894008249,0.0270279401407666,0.000218237189137161,0.0222323191901472,0.000239943187598169,0.000131774185463831,0.00395125536147864,0.00330263518084228,0.218495939890039,0.00613851384900694,0.000170458407833696,0.000775594957250538,9.39289576183559e-05,0.154130318142642,0.116486226617699,0.046541645078102,0.214368951466818,6.98007783609927e-05,0.00276618762200774,0.067979635999975,0.274995577274984,0.0238564699306474,0.141769116494934,0,0.000156351917277754,0.00239131024699126,0.00850164289930804,0.0451856886087868
0,0.419721084207157,0.000299289278183341,0,0.000159325445295006,6.00356674909591e-05,0.000307581204519213,0,0.779541920301168,0.00010965022928071,0.0348936128308673,6.58066951621175e-05,0.113293081752692,3.75007728834599e-05,0.000827444764494229,0.655447555322282,0.000394664064947099,0.000281673894825384,0,0,0.10812866388401,0,0.0758204605085804,1.73228082156286,0.2183246481319,0.00130893673380853,0.637603881500789,0.054521782557326,0.000139805086661875,0.000223851731924117,0.00194978713203623,0,0,0.00202245550024018,0.000714967699783236,0.00521971209534713,0.00162997358260347,0.00243223811604418,0.00102250264957446,0.000973115457754032,0,0.00276319241251503,0.0136233700821433,0.00357118232877606,0.00655217973310247,0.00588422949149439,0.000566352935344308,0.000300753613788306,2.79389269879609e-05,0.000520980231339306,0.0134338121765966,0.00520234819380584,0.000104917893212914,7.9724576068699e-05,5.8526214681685e-05,0.000565952689185694,0.000460450127074256,0.0484053507565766,0.0003032231914047,0.00636156808089499,0.000132313728021309,0.0117638332406561,0.000190274916645624,0.000642524275745094,0.242422001573361,0.00142128586822073,0.000294679027187228,0.000359240780342832,0,0.0355151981120456,0.339564455298742,0.0404622594039488,0.109094629795285,0.00625403945890933,0.00608319639218931,0.46198993288703,0.0491321162466696,0.00194067258877595,0.0126328275377474,0.0041323985109738,0,5.9402770329386e-05,0.00106722455069874,0.00149375089378789
0.0615702933338228,0.00297339246691574,4.02153234475877,0.00147843084363076,0.0524016395910272,0.0195343739481943,0.748095516424382,0.228051106385819,0.00359278056399968,0.0116752798659053,0.0720560198640398,0.00531999136114489,0.0727704112276282,0.33345746784089,0.0653757131159283,0.662877441477319,1.71231201827099,0.064968723543335,0.161683601674241,0.00193148699140093,3.9420446405112,0.0758204605085804,0,0.119116094128155,0.00147050447811797,0.71420193365417,1.80040151621658,0.955669906259061,0.216865673513865,1.2467526519156,0.00301445066922912,0.00455463036639239,0.0347002450158856,1.50211922486894,0.528835944587006,4.05561766951655,0.703815517617023,2.515276463831,2.5161158740198,0.0691625104704432,0.0505357876611953,0.00675328153732808,0.0370807388676965,0.00707517097611116,0.0108226693749265,0.0256316130428144,0.00859011884250211,0.00291778577757086,0.000463207317731381,0.000371814014607012,0.0101797408579848,0.0279069620540171,8.89782900977131e-05,0.000693044863725782,0.000463974618569478,0.00286583150316744,0.00305939418874717,0.00664971599302635,0.000774270306355728,0.0220235601909471,0.000871194082871316,0.000428646125321105,0.00209588549308474,0.00640521483940607,0.83365452475658,0.00282269580115395,0.000262859132081121,0.000700681791134745,9.4843225145519e-05,0.136947822692413,0.162615295632485,0.311382164198879,0.0707038348841831,0.000357007248026967,0.00112479485946134,0.70408758332671,0.090948252525637,0.00304923462212521,0.0514331747138238,0.000145655014620155,0,0.000184354008808583,0.00345033256212694,0.157088159171552
0.000578701337367698,0.369469095088332,0.0119219743639064,0.25337052075738,0.0116697412676712,0.0160734885446166,0.112233767653595,0.0542840673857392,2.48411138293669,0.0600389594730709,0.0181319239668523,0.0380862656323666,0.0506688898278944,0.0179694939910137,0.114308273247478,0.11224525217034,0.00432133624683275,0.00251265172309867,0.00292713648490924,0.119145062788176,0.0763710242794584,1.73228082156286,0.119116094128155,0,0.131792592513419,0.00604184384762885,0.686025863075146,0.929445584601862,0.0570232495742637,0.00526596558302461,0.000927100856902109,0.00576872128022227,0.0136963703856962,0.0404559771256244,0.0148664509651479,0.193552780430103,0.0133303937543084,0.0416553376354329,0.0213575570723791,0.143568654124508,0.0160015230769643,0.00381083907968831,0.244091196680107,0.00849807304391664,0.0765022080878476,0.0353395138930115,0.12637717383156,0.0447706253659324,0.00571663590050416,0.00465492405681272,0.00684002996350959,0.0166628199265733,0.125176002203601,0.00319471081482487,0.03116749070397,0.0383346708837532,0.181748002184446,0.587957187241327,0.168580421532174,0.0582561246678969,0.0649800984375166,0.00300242812434082,0.134300094415553,0.0147064377017688,0.135704801449455,0.00325293614535621,0.000232436202854187,0.000934931553932307,0.0393051944184222,0.0546951742207272,0.144179648918598,0.0327920270330195,1.56395473817388,0.00132438988794144,0.00290287439992748,0.184247468018557,1.31531702233821,0.124680210268769,0.0428756156753301,0.000474211470560402,0.00293834037364836,0.00600990261437926,0.0435158717950968,0.0170520660461747
2.82665589340925e-05,0.329062854191563,0.000171629353696346,0,0,0,6.42698367120325e-05,5.26170304195285e-05,0.134815548869784,0.000208323871266097,0.0847064587215815,3.80859488708526e-05,0.471377274739745,3.49609908688068e-05,0.000173207642677606,0.00946237620393443,0.000331126300101816,0.00048309379224433,0.000224440201704979,3.78594240496456e-05,0.00335029347828712,0.2183246481319,0.00147050447811797,0.131792592513419,0,0.0106236374732047,1.01589191974096,0.00225671944782099,0.00016790326924935,4.14618107909859e-05,0.0196188469021557,0,0,0.00359972548869935,4.11854108099937e-05,0.00365252558276925,0.00387927188075053,0.0139850139155248,0.000533465846585661,0.000468177144988239,0,0.0251088185046035,0.000653322191876068,0.00536792022476452,0.00220851269036396,0.000816943591287822,0.000266663098069131,0,0.00371874875778636,0,0.0164764749954946,0.000244862735394657,0,0,0,0,0.000117640990511596,0.00256671093253741,0,0.0609954044778814,0,0.0977733601291457,0.000374709090037227,8.10318968587519e-05,0.000270766662211836,8.84728504088223e-05,0.00182019416650404,0.000630033968784601,0,0,0.00508867711068863,0,0.00393839342918629,0.228180851704147,0.0240200023016997,0.256752278698023,0.000223812686081141,0.00157563129194525,0,0.0197177636087393,5.34350150185824e-05,0,0.00906798769610442,9.81252093833983e-05
0.0249058610954578,0.00933532083902111,2.78336046549416,0.00210412198227255,0.00170289990828601,0.00811625859037284,0.135160001487084,0.076743871688646,0.00918315442642222,0.058362698432404,0.861675996287504,0.0294253376698542,0.0648514357196636,0.109641949485676,0.00602090028926218,0.0018048786276105,1.2600665657796,0.558843400612577,1.54895002180377,0.0112784345079327,0.168447091486133,0.00130893673380853,0.71420193365417,0.00604184384762885,0.0106236374732047,0,1.41935770236677,0.055440830773308,0.136926990567967,0.126592232868616,0.0519591506842044,0.00603902608726199,0.0178017329716132,0.813374734406929,0.0778824386866476,1.93803885492072,0.986147632048335,1.24101467591095,0.848011668456896,0.0142199872393192,0.00864287673398664,0.0112839072965386,0.0187440890101282,0.0638626947638023,0.0104821228323541,0.0136962773965616,0.000775629811615693,0.000651259692412928,0.00358108933773064,0,0.0347192410103645,0.0196271743292808,3.86483401218652e-05,8.87862998558876e-05,0.000253894536370158,0.000102567191389546,0.000209402211737037,0.00310884225864218,0,0.033092452498636,0.000135161728701442,0.0791431465520966,0.000844801971091924,0.00180765980448484,0.000741375739178345,0.00370809229432404,0.0460518747870523,0.0170036118933063,0,0.000130069999107629,0.00377779758008463,0.00109199295934864,0.000928627352008937,0.0440633521892601,0.59532475063244,2.27043097560467,0.000569656549663507,0.00164470001442878,9.0722826566011e-05,0.0817095260164011,4.84620904080867e-05,0,0.0157757946639534,0.0500605618667075
0.00515435894092701,1.13197409874437,0.455624154888097,0.000465591167634383,0.00592828705594717,0.00256905494855392,0.0223698669844101,0.0100501889323884,0.299724596552033,0.0106729780539645,0.172031995450139,0.00507476510927191,0.401416413127973,0.0174846879835061,0.0139177844454874,0.825634228155032,0.926697322674186,0.16252333498143,0.208665805870799,0.00292876603326584,0.319668006018801,0.637603881500789,1.80040151621658,0.686025863075146,1.01589191974096,1.41935770236677,0,0.488569738956415,0.0246287274550911,0.0457300396204833,0.29079511955485,0.00196538928578204,0.00449583640650326,0.479722773638491,0.205288695929579,3.25586274823058,1.04855176326044,1.65275048530785,1.33597647167108,0.0165195343463704,0.0107043747308725,0.0106367437469543,0.211688386718719,0.263314919580858,0.0979985842970957,0.0969019304166954,0.00295908000005874,0.00210864261787394,0.00641616494158677,0.000718534946636408,1.05188883479162,0.467222937672959,0.000135886797259748,0.000572682327249914,0.00012114528981939,0.0120147336228266,0.00319102377850503,0.014354680120961,0.000511075045163631,0.108230921614138,0.000162687010506869,0.274104448034784,0.00559987609339724,0.00483235097811526,0.606190806620151,0.0546427175445997,0.110008818648295,0.0508379427132952,0,0.0374208512828076,0.37571789252747,0.486970231065249,0.101013021124169,0.402016917671824,1.41675802975087,18.4915001702945,0.0559359520134418,0.00483348038837427,0.0130666921214803,0.207632647815339,0.000238396002351776,0.000304871481491834,0.0483009238121887,0.107428787761154
