0,1.1461706161499,121.004821002483,0,4.62702751159668,62.7160114645958,7792.68197542429,4615.85095688701,1.94742321968079,84.00810110569,151.292787760496,61.6606354415417,58.3955895006657,21743.9159234464,2.59240460395813,0.78377228975296,954.112060755491,77.1596999466419,185.87636873126,5.65760618448257,18.461009144783,2.3334846496582,155.928556919098,1.00588035583496,0,291.050169497728,229.656504452229,33.6299603581429,9081.48476159573,7544.92512047291,9.4974952340126,76.2145775556564,234.895031839609,968.437155097723,6.25954782962799,64.0127245187759,60.7815591394901,445.809924006462,100.17063242197,13.4927181899548,3.838383436203,6.30281054973602,18.2756125628948,0.546782433986664,7.62384423613548,11.569707095623,5.86391252279282,5.70573446154594,2.43079990148544,0,0,11.446151047945,0,0,3.30090397596359,8.68971315026283,2.46866822242737,4.51086843013763,0,0,1.07100403308868,0,1.61109513044357,0,0.491319984197617,3.72835141420364,0.479668617248535,0,1.22092187404633,1.30531942844391,3.6941596865654,0,22.0407603979111,0,0,18.1335538029671,47.2629614174366,6.03172850608826,3.07207870483398,0,5.63743352890015,0,17.5164088010788,1.63479065895081
1.1461706161499,0,100.586198717356,0,18.0024717450142,0.572280704975128,18.5634764432907,2.95851102471352,5973.58556213975,0.906485259532928,145.953988194466,2.60363632440567,1361.51547560096,4.52926355600357,236.154899984598,185.337972432375,110.602328717709,4.65637022256851,56.6084750294685,0.451794415712357,60.1619369089603,5458.51192492247,55.0250241458416,3915.34168750048,6835.34817513824,665.092663764954,32800.0655081868,254.631071001291,0.519831418991089,5.90038442611694,457.36895865202,0.733168601989746,0,146.314771056175,16.8617384433746,192.910711139441,325.366334050894,215.181655585766,108.058474183083,188.124762356281,2.85931646823883,1289.83902549744,199.448534995317,91.1515570282936,71.7853094637394,44.8164483904839,1.14322376251221,0.932568788528442,31.0065577030182,0,3872.72437822819,285.816680312157,59.5510038137436,0,0.456879884004593,20.3261970877647,5.65422788262367,116.435069441795,3.05365073680878,90.1040049791336,4.63472372293472,469.59648758173,6.57629111409187,9.81736278533936,39.3724890053272,186.071888327599,13.5452063083649,218.277330100536,3.148412078619,11.5725026130676,147.964352875948,48.4760501682758,110.381472468376,259.114589124918,2187.28698018193,13066.626511991,32.4926445782185,6.75711408257484,22.1651973724365,183.649728894234,1.33492732048035,0,16.7810418307781,23.7714055776596
121.004821002483,100.586198717356,0,2.91263830661774,26.3040602505207,232.524380713701,2683.10742786527,2185.80893388391,2.28437948226929,55.809118270874,143.158085942268,10.1228029131889,314.675437152386,2435.27320402861,35.793782889843,9.78683620691299,23914.1148589253,131.725590407848,559.801526367664,1.92713493108749,6983.42637169361,122.583227247,34890.0413843095,10.6575539112091,2.66788786649704,63362.6621512771,16387.7938091159,818.555914133787,291.3145865798,5093.9804418385,12.9640080034733,27.1988998651505,30.2035068571568,2875.08538126945,547.109023422003,4440.47508394718,4082.36698675156,4153.25188544393,2368.56171661615,100.788177222013,66.0794652700424,17.3113181591034,881.821097433567,137.210718780756,249.677138239145,236.353683233261,16.8630342483521,14.7256520986557,0,18.9478968977928,385.381938278675,4313.52282688022,0,1.42493367195129,11.7976308017969,361.543282836676,189.632881879807,22.8517884612083,2.23170378804207,5.41002604365349,0,1.44427633285522,132.748595744371,22.7416874468327,118.185357302427,1037.23763343692,28.0180870145559,306.302991002798,0,91.7467623651028,112.425015926361,774.057199120522,86.9669743478298,2.45544174313545,1160.74259893596,11689.3285872638,78.0179816782475,20.5357757806778,207.652103245258,2.96346628665924,0,0.681692779064178,168.901389926672,344.318696111441
0,0,2.91263830661774,0,64.0530503988266,35.6484473347664,97.1641432642937,42.4208319485188,1395.51459768414,7255.03411796689,17.7745238244534,1631.69326415658,86.0066041648388,18.0352464914322,299.290993511677,0,2.05055689811707,1.4309900701046,3.37323427200317,16471.1401833296,0,0,2.10449147224426,1766.59720107913,0,4.72395333647728,1.309406042099,6078.99276220798,45.2782635986805,2.54099217057228,0,19.0705175101757,3.51864367723465,105.407608509064,20.8191859722137,491.452683359385,9.0677687227726,146.71048232913,12.0495380759239,916.629999816418,41.5913987159729,6.44949424266815,89.93251106143,2.25524163246155,51.750645160675,13.2919590473175,280.344687342644,13.455826818943,1.60285091400146,0,0,0,1437.84522268176,8.29395431280136,38.0571988224983,228.593303084373,21.5102555751801,644.288669526577,757.627916306257,0.503190696239471,656.689895063639,0,5.1820707321167,108.602853685617,0.464276939630508,0,0,0,446.939518034458,0.432800471782684,0,1.17304968833923,604.857937723398,0,0,0.897107899188995,1045.84959977865,12.9628252983093,0,0,7.31807628273964,0,20.5002074539661,0
4.62702751159668,18.0024717450142,26.3040602505207,64.0530503988266,0,1068.07514554262,537.88121086359,75.1557049155235,193.065095424652,684.893833518028,42.6738559603691,954.621184408665,218.345817625523,43.5492853224277,4039.56600737572,44.5086996555328,36.15778824687,6.50820088386536,5.78759360313416,190.159262567759,1076.88005509973,34.7804769873619,1357.09201565385,366.773675620556,5.31273519992828,34.2224205136299,133.302035063505,537.962535738945,56.9035645723343,932.04521638155,0,530.035444915295,34.3087837994099,3699.41411992908,1377.4645049274,845.600036084652,178.322266638279,206.68424654007,106.158472180367,11752.9763766825,5906.88255929947,33.1560314297676,31.8616612553596,15.3921702802181,23.3281292021275,40.2995997667313,27.8807549476624,18.582458615303,8.34755146503448,1.12842011451721,0,5.81043338775635,8.60894048213959,0.809491753578186,9.96934825181961,19.6788060069084,7.11068353056908,16.3646967411041,5.40059900283813,0,19.5076684355736,0,7.70261937379837,6.11013674736023,30.6213532090187,1.28452682495117,1.3479540348053,1.70453560352325,8.95364025235176,29.5789970159531,2.55575501918793,35.6822144091129,43.0916301608086,0,2.43480813503265,11.297766327858,41.9732601940632,7.68518921732903,6.11029472947121,0,27.8032291829586,0.533612906932831,37.2271141111851,492.224672973156
62.7160114645958,0.572280704975128,232.524380713701,35.6484473347664,1068.07514554262,0,13681.4717947096,13211.2931305766,18.4162730276585,14961.5339578688,267.109575480223,10336.3393476605,913.260444253683,1133.7308050096,426.425080806017,2.81204357743263,132.747380822897,70.1472906172276,64.6269834339619,208.189282864332,47.4295870959759,1.0495916903019,178.808156758547,17.1897753477097,0.248836115002632,315.892196148634,187.690831750631,492.477543830872,618.432247668505,644.313786745071,2.08573630452156,411.428454190493,24.1606788337231,1728.95786480606,2943.57891651988,2653.81161561608,233.358578830957,1081.78863039613,323.490741670132,2653.69511479139,528.563930332661,115.80275195837,107.016197800636,21.2837182581425,107.20815372467,201.082133501768,73.5762818157673,51.6192914545536,27.8931197226048,0,0,9.70269066095352,9.12126791477203,3.7960632443428,28.6637533009052,76.5519282817841,84.7158979177475,31.9615289568901,6.4699575304985,0,22.8618388175964,0,32.0509621500969,8.27576780319214,14.607390999794,0.656031787395477,0,0,2.72826880216599,10.1526478827,2.41686624288559,15.7807004600763,119.672203660011,0,1.95628988742828,31.2139448523521,131.453855335712,30.6559686660767,13.9187951385975,0,111.890786588192,0,162.674596786499,274.460586577654
7792.68197542429,18.5634764432907,2683.10742786527,97.1641432642937,537.88121086359,13681.4717947096,0,13911.6698094904,940.819956570864,19534.7759812623,801.622237771749,748.801402181387,2604.69489139318,14615.1475548148,738.191056668758,57.6703672409058,806.039147526026,267.570075541735,269.102225124836,73.8604874610901,1319.02927723527,114.309513121843,4896.91224732995,2179.87557169795,2.21659111976624,1891.57478350401,2953.34185254574,57456.650234282,5174.40740558505,15241.119594574,7.04712748527527,895.888792321086,783.152898013592,7253.096755445,2135.17131912708,19623.9522858858,1345.37096956372,7551.08942873776,1874.30321422219,3437.52524742484,1282.3178267777,247.621739566326,1361.02443504333,86.1268850266933,953.43587872386,396.829108178616,1464.39414712787,407.09286993742,88.4045711457729,8.82382073998451,22.2678673267365,366.793039172888,304.101600855589,2.75902646780014,207.449561923742,4431.24615886807,351.918617188931,814.194665282965,1136.32359439135,27.2641643285751,483.026091307402,1.36915636062622,251.593788921833,225.758417278528,302.769870489836,60.8153812289238,0,4.69771414995193,305.441913485527,172.190861999989,108.057799458504,608.199220523238,4792.63350403309,0,34.660334944725,1303.37004685402,7131.79236254096,352.99858263135,182.518661379814,0,81.5844365656376,27.2353067100048,833.477341219783,249.282333254814
4615.85095688701,2.95851102471352,2185.80893388391,42.4208319485188,75.1557049155235,13211.2931305766,13911.6698094904,0,39.7565151751041,8626.99154281616,601.556433558464,4326.74997012317,1041.05869534612,19183.8624092489,100.636204004288,6.23738196492195,3943.65095332265,204.115609318018,757.600000560284,323.75458791852,192.997795671225,9.8444906771183,1405.89806362987,23.8720980286598,2.30214801430702,2183.84040218592,2487.98435625434,608.864213302732,3526.34781657159,8591.92794546485,14.7907702326775,502.014591515064,41.2482109218836,3945.09864188731,82.8869396448135,2669.60518689454,1044.91965991259,3540.24575015903,1308.93953955173,626.486297696829,129.916539043188,133.641429156065,158.629524588585,20.7318496406078,159.144120842218,283.74475684762,153.662646144629,109.910983324051,58.0440362095833,0,9.78587919473648,153.826609104872,4.72586220502853,1.53096771240234,49.7391095757484,199.542649388313,138.264788538218,59.3436771333218,10.3901471495628,0,49.1129630208015,3.09235906600952,58.0144172310829,11.8226953148842,20.659038066864,19.7431676089764,0,0,2.61506101489067,30.8959915339947,9.04964250326157,46.3144925236702,313.422451496124,0,9.92088866233826,284.825587153435,297.302717149258,41.7587586343288,16.0890574157238,0,190.943602114916,0,230.827531427145,13.5747663378716
1.94742321968079,5973.58556213975,2.28437948226929,1395.51459768414,193.065095424652,18.4162730276585,940.819956570864,39.7565151751041,0,2499.39793804288,65.4602595567703,1766.5912206471,573.51478344202,31.968449562788,1057.49564093351,60.0576105415821,5.29164147377014,17.8924595713615,11.8143528103828,1111.98310232162,13.7563842833042,14702.7548482716,21.5903983712196,39048.3246897161,2231.75073257089,132.064334750175,8501.60610476136,10448.2806322575,74.3744938373566,7.01690936088562,251.258449941874,22.8626869022846,8.14986968040466,193.950939714909,1.60351264476776,151.462052851915,94.5213847458363,122.146475583315,21.4527439177036,685.690470427275,10.2289754748344,264.090361714363,214.879529476166,11.1564864516258,99.5599949657917,42.8804747462273,128.440437138081,26.3190896511078,22.0934904515743,2.95106685161591,88.457384377718,12.9387727081776,502.471561789513,8.26633727550507,48.6578928828239,402.551422327757,52.8511787354946,2359.99911642075,393.025551080704,23.2819349467754,253.231272727251,118.543077915907,45.2487150728703,57.482020676136,34.5545056760311,3.05002808570862,17.9214849472046,12.9283994138241,164.768964588642,19.2623383402824,155.471765011549,31.0684561431408,4101.31537440419,41.1003109514713,61.4428234696388,223.568992376328,2089.11196392775,147.590131014585,49.5351567864418,9.05340826511383,12.470640450716,17.3673710823059,77.245157033205,9.94463545084
84.00810110569,0.906485259532928,55.809118270874,7255.03411796689,684.893833518028,14961.5339578688,19534.7759812623,8626.99154281616,2499.39793804288,0,1190.13274618983,15812.7586366832,3090.07475176454,2298.12864267826,811.655773580074,1.26393377780914,92.2782846093178,369.935527563095,265.350991904736,15212.4957701862,23.0700640678406,2.5174657702446,89.1427784264088,1169.66398227215,3.05389052629471,691.427897572517,106.144178792834,7241.97357563674,3246.39128249884,250.443205118179,10.7870361208916,1966.16661299765,105.620031058788,8591.06064939499,1784.37307572365,13204.0027583241,205.301551133394,7355.74246346951,553.338379859924,6767.75257831812,2119.06649440527,288.215701907873,465.733871728182,6.78376039862633,380.939163029194,347.280587106943,1387.31207996607,181.402157217264,79.5331015884876,1.64132696390152,2.58134305477142,9.6762455701828,2172.07747802138,18.3378956913948,112.452027380466,1795.76821324229,115.490967601538,1895.7939991653,3541.82807442546,5.43012201786041,2711.2852049768,0.803447723388672,44.2584494054317,403.102041095495,11.2745823860168,1.02155104279518,4.1110791862011,2.73659384250641,1841.07917669415,6.31697127223015,5.09633219242096,22.7076560258865,3130.7265316844,0,6.81298199295998,38.46971334517,5555.17484334111,38.8532090783119,9.51285061240196,0,45.5538474023342,3.78272524476051,367.283576637506,127.899747908115
151.292787760496,145.953988194466,143.158085942268,17.7745238244534,42.6738559603691,267.109575480223,801.622237771749,601.556433558464,65.4602595567703,1190.13274618983,0,1446.11722174287,10193.6166919172,1027.27217072248,17.5748312473297,5.80344054102898,1598.35685804486,18538.9273590147,11351.6966615915,166.209234148264,100.625140368938,41.4475069046021,291.549104422331,11.1200686395168,714.175553768873,12598.11404562,1126.18386244774,142.204481035471,2403.43982195854,260.042812258005,659.608668655157,1808.70633539557,16.0880537927151,19727.3659033477,242.741334021091,1695.3968705833,7343.67679214478,8288.77350401878,1445.93081703782,87.7993725240231,16.4145104885101,4946.47590529919,14.6524136662483,359.329539299011,29.5433175861835,12.5355827212334,26.9044658243656,4.70020592212677,245.230622589588,0,297.683397233486,5.81040287017822,0.369374603033066,0,1.36945188045502,5.71653708815575,1.58075278997421,92.8076005578041,0,1287.40524241328,9.48025217652321,6061.97415447235,0.882897198200226,2.90149641036987,3.48515841364861,2.63943940401077,6.41851708292961,1.60135304927826,0,0.71648234128952,55.2143615484238,0.385795116424561,55.0777618288994,588.004296183586,891.178474038839,1582.3956938684,13.4015462100506,0,0,1466.21877160668,2.4520343542099,0,23.7369508743286,105.34857827425
61.6606354415417,2.60363632440567,10.1228029131889,1631.69326415658,954.621184408665,10336.3393476605,748.801402181387,4326.74997012317,1766.5912206471,15812.7586366832,1446.11722174287,0,989.58372092247,900.892467647791,3152.20543530583,0.799603760242462,77.7014791667461,439.13325920701,294.86065658927,20638.0216215849,1.56551691889763,0.613967180252075,15.1855230331421,473.255504310131,6.02378019690514,789.874847739935,62.4140437245369,2982.7454534471,1011.25843763351,80.531705647707,24.7998936474323,678.803755626082,3.21600285172462,4608.27571478486,2309.29609882832,1943.94490519166,101.376522183418,1337.02623179555,242.707114398479,6614.96617612243,220.886008530855,194.198301434517,255.745526999235,24.5360984802246,245.062334060669,328.629974991083,718.873381197453,154.644276916981,66.8189634680748,0.6098592877388,0,0,871.986378610134,22.1410694718361,108.140382796526,396.644359350204,144.143517941236,446.664141833782,1302.67515835166,11.8714791834354,1344.09364169836,0.82698255777359,77.7566783428192,252.348443984985,3.34285145998001,0,4.600112169981,0.79426971077919,689.49211448431,5.74139466881752,2.29138290882111,2.24629044532776,788.977639108896,0,9.47247141599655,1.72710585594177,1377.00827136636,49.1022918522358,13.3007093667984,2.76238369941711,95.3766103684902,0,283.971862316132,154.882139027119
58.3955895006657,1361.51547560096,314.675437152386,86.0066041648388,218.345817625523,913.260444253683,2604.69489139318,1041.05869534612,573.51478344202,3090.07475176454,10193.6166919172,989.58372092247,0,357.067132890224,87.9628173410892,159.866340070963,230.481371492147,89.6973943412304,157.996571689844,259.128418207169,2289.85544353724,514.653105258942,2431.74401819706,427.259776353836,4290.90272060037,1328.51793330908,4263.07059291005,2402.28826585412,637.011934399605,2711.79310470819,2408.31941741705,1155.31337377429,188.707021296024,4142.11253347993,488.220435082912,3868.47128540277,8023.33356925845,5736.57776811719,11999.8671398759,3762.12378486991,698.065515756607,4223.19891065359,648.164676725864,1496.05788275599,794.484748035669,925.79265922308,681.387900203466,476.802525401115,1531.10645857453,10.3313363194466,630.192933470011,46.5139210224152,33.7245960235596,37.1744194030762,443.79952326417,618.058895647526,753.593672305346,187.622046411037,515.814375907183,4282.47486883402,480.586683571339,21156.3321787417,389.467224776745,40.4789586663246,93.4270455241203,27.0727219283581,19.0388864576817,14.8693658411503,79.0176820755005,293.007123529911,139.477412313223,131.823390603065,569.09060421586,3187.68410536647,1975.86513975263,4385.39238843322,920.141694247723,447.018161058426,406.132326871157,3151.95625549555,1107.84900325537,17.1853125691414,1424.1948570013,207.770252496004
21743.9159234464,4.52926355600357,2435.27320402861,18.0352464914322,43.5492853224277,1133.7308050096,14615.1475548148,19183.8624092489,31.968449562788,2298.12864267826,1027.27217072248,900.892467647791,357.067132890224,0,44.7723432481289,0.997201561927795,4604.07469812036,343.712910294533,809.029759973288,100.615035504103,267.955268323421,5.94443106651306,1730.16753053665,13.3725388050079,0,2352.67479085922,2170.61052250862,408.05843397975,20550.1673775911,22245.9426912665,16.5649542212486,722.063860610127,76.8821368217468,4051.57997392118,78.031693905592,865.990983843803,721.553402483463,2594.18989548087,846.515350610018,142.25954502821,59.9546490907669,36.1826507747173,87.2375947833061,10.4703134000301,74.4349112212658,90.074492752552,62.587266087532,32.0474996566772,11.7427960634232,0,10.7348647415638,211.016992002726,4.21536585688591,0,7.87524831295013,134.187388449907,35.6607013642788,38.9058921933174,2.09661853313446,1.79760456085205,11.7283805310726,1.79534864425659,8.43573299050331,6.59313720464706,17.3710240125656,46.0240201354027,0,1.57942444086075,0.793237745761871,22.6098203361034,9.49358651041985,48.7158285975456,219.99229952693,1.56681430339813,14.4757830500603,549.072032958269,259.932111799717,20.1556794941425,16.4944625496864,0,41.9543543159962,1.77108681201935,68.7810019254684,12.6156269013882
2.59240460395813,236.154899984598,35.793782889843,299.290993511677,4039.56600737572,426.425080806017,738.191056668758,100.636204004288,1057.49564093351,811.655773580074,17.5748312473297,3152.20543530583,87.9628173410892,44.7723432481289,0,31.1872705817223,31.9011108577251,5.02487677335739,6.71637895703316,699.641094714403,596.146760284901,277.090343445539,605.797771722078,2555.34425991774,62.2453209757805,52.0428478419781,463.19154587388,1683.24698781967,71.5491603314877,1320.17565616965,3.86694765090942,17.5657022595406,33.0774909257889,104.088016986847,1529.60709884763,158.73556214571,158.417659878731,85.0765298604965,138.379405915737,4153.82544374466,29.9563068151474,5.99067288637161,45.4919202923775,25.7292224764824,8.29103171825409,49.4643258452415,22.2382297515869,6.54033023118973,4.24175775051117,0,0.713538110256195,8.57367238402367,42.0744591355324,1.07074105739594,6.94450563192368,29.4359774887562,8.40150728821754,39.3428835868835,30.6121925413609,5.30731022357941,37.8010549843311,1.13106536865234,3.10268080234528,7.14433014392853,19.7426159083843,3.80165576934814,6.50784462690353,8.88858109712601,15.6195145845413,52.2968382537365,10.8672879636288,73.2814648151398,71.3605344891548,0,18.7407935261726,55.4579136669636,75.3022725582123,5.1850301027298,17.115942299366,0,6.93347179889679,0,12.2650519013405,1077.16624855995
0.78377228975296,185.337972432375,9.78683620691299,0,44.5086996555328,2.81204357743263,57.6703672409058,6.23738196492195,60.0576105415821,1.26393377780914,5.80344054102898,0.799603760242462,159.866340070963,0.997201561927795,31.1872705817223,0,14.0486370921135,1.00864601135254,0.464542150497437,0,8132.56503391266,8483.00772985816,16943.7066327929,2855.2817555666,35.3053651452065,14.6644697785378,6691.10353201628,3115.90069034696,1.65364933013916,36.6736153662205,1.20445966720581,2.12786507606506,0.789367079734802,45.6396944224834,184.947297990322,1490.42665544152,439.690257966518,307.458014130592,245.82929584384,18.8730931282043,14.6411996483803,23.4423486292362,796.89035525918,232.61513197422,275.87314632535,285.150546967983,72.3734478056431,14.7687935531139,10.1616072356701,3.92701414227486,33.8705761134624,74.3177426755428,0,5.72148478031158,7.1212118268013,196.261708378792,11.5752317905426,143.811213821173,5.61327818036079,2.15588527917862,0.368245452642441,0.644493877887726,4.20360997319221,30.0191805660725,10052.8495401442,68.0063834488392,5.52118790149689,12.7922193557024,0,3400.76083746552,3352.39426270127,6558.18483883142,1387.39238855243,1.76713693141937,18.422349780798,1974.64789959788,1177.4566655457,19.4358127713203,421.440310508013,0,2.9146731197834,3.78862079977989,110.498428285122,105.168008357286
954.112060755491,110.602328717709,23914.1148589253,2.05055689811707,36.15778824687,132.747380822897,806.039147526026,3943.65095332265,5.29164147377014,92.2782846093178,1598.35685804486,77.7014791667461,230.481371492147,4604.07469812036,31.9011108577251,14.0486370921135,0,991.611740171909,8628.89605402946,7.77423518896103,3974.96588546038,33.306445479393,15870.2205152512,13.1473417282104,12.0310036242008,14962.5511550009,17413.5529017448,336.926428437233,4076.69698561728,9095.18933928013,23.6399321556091,48.4905489981174,222.139398127794,18929.999709934,252.932603001595,2336.24935132265,2056.58918848634,4899.39859780669,1216.92727133632,82.2056999802589,51.4536427557468,22.0093614161015,107.911224544048,23.7344900071621,29.8574224114418,28.8474926054478,3.04174947738647,4.31618130207062,2.35518145561218,1.66967368125916,64.9949107170105,351.990816712379,0,0,0.407621413469315,15.8822900652885,3.2242579460144,8.10121476650238,0,1.0327887237072,0,2.82137471437454,8.39153349399567,13.1170957684517,50.7306271493435,123.653704375029,6.8747271001339,79.2266421318054,0,46.8107150197029,22.388285368681,71.8279959857464,18.8920668363571,5.25576639175415,438.327124416828,1454.99086856842,19.9476349949837,2.18489569425583,21.7757656574249,5.01881450414658,0,0.512705743312836,19.2553128898144,116.601513624191
77.1596999466419,4.65637022256851,131.725590407848,1.4309900701046,6.50820088386536,70.1472906172276,267.570075541735,204.115609318018,17.8924595713615,369.935527563095,18538.9273590147,439.13325920701,89.6973943412304,343.712910294533,5.02487677335739,1.00864601135254,991.611740171909,0,7814.29685717821,47.7012080550194,115.631685674191,1.56830245256424,228.184442728758,1.35938555002213,0,8995.52624219656,530.689880937338,48.1640526652336,556.706159472466,123.116585165262,4.21208292245865,258.900320738554,11.8394299447536,4349.41245418787,201.452038645744,1303.99110215902,1145.57563325763,3162.12488010526,1148.93477976322,37.8443448543549,12.8467444181442,3.06964492797852,7.15645253658295,1.02768021821976,0.408288478851318,1.96259224414825,1.40374499559402,0,0,0,3.87682455778122,1.74106585979462,0,0,0,0,0,17.1014878749847,0,0,0,0,0,4.97793000936508,0,1.18000480532646,0,1.55650794506073,0,0.374026745557785,0,0,0,0.944264948368073,32.621247023344,46.2197892963886,0,0,0,1.04443913698196,0,0,0.51044487953186,85.4103953838348
185.87636873126,56.6084750294685,559.801526367664,3.37323427200317,5.78759360313416,64.6269834339619,269.102225124836,757.600000560284,11.8143528103828,265.350991904736,11351.6966615915,294.86065658927,157.996571689844,809.029759973288,6.71637895703316,0.464542150497437,8628.89605402946,7814.29685717821,0,33.8854742944241,527.896229058504,6.17094564437866,1028.48186981678,2.02132564783096,6.62950551509857,14033.0551986396,2817.76352342963,103.550090909004,1043.31527069211,564.004066944122,18.4491487145424,59.8632934689522,61.2388196587563,13445.8656667769,251.203094094992,2164.32900241017,1540.80522790551,4915.38355842233,1531.22779634595,58.6483025252819,20.7883993685246,2.77776873111725,13.2778012156487,9.21461859345436,3.68341258168221,2.48734569549561,1.05643367767334,0,0.630669116973877,0,37.2090076208115,27.8296586573124,0,0,0,0,0,6.70106637477875,0,0.519297242164612,1.2825799882412,3.21617701649666,0,12.5580259561539,0.994191259145737,21.1405728161335,5.05903974175453,35.256582736969,0,3.39754781126976,0.501961290836334,4.87527713179588,3.84879851341248,1.92008772492409,270.019782721996,473.264089077711,0.466799527406693,0,1.78608334064484,4.95449423789978,0,0,1.83067399263382,140.209141075611
5.65760618448257,0.451794415712357,1.92713493108749,16471.1401833296,190.159262567759,208.189282864332,73.8604874610901,323.75458791852,1111.98310232162,15212.4957701862,166.209234148264,20638.0216215849,259.128418207169,100.615035504103,699.641094714403,0,7.77423518896103,47.7012080550194,33.8854742944241,0,0,0,2.83225011825562,819.902329772711,0,74.7363704442978,11.5144613981247,6722.0076470077,136.401927113533,8.95450982451439,2.55959981679916,92.6407661139965,2.80691987276077,457.168392300606,28.688409537077,928.209697604179,16.7068330943584,266.187880218029,37.5689206719398,2167.65755516291,76.5625947117805,31.3161849677563,193.093828141689,4.06453058123589,81.5188550651073,55.343833386898,507.768256962299,60.3462347090244,12.1342845261097,0,0,0,1261.91123408079,16.2151892483234,59.7127642631531,354.856294721365,64.3310879170895,584.818114042282,1115.27191522717,9.77220803499222,964.498698294163,0,22.6392065882683,156.823092490435,0.391797721385956,0,0,0.658905267715454,628.771963447332,1.55880624055862,0,1.13891842961311,832.909378498793,0,1.67393723130226,2.67962741851807,1432.48041242361,20.1081307530403,2.18443292379379,0,33.5981336832047,2.15199851989746,78.138685554266,2.65995401144028
18.461009144783,60.1619369089603,6983.42637169361,0,1076.88005509973,47.4295870959759,1319.02927723527,192.997795671225,13.7563842833042,23.0700640678406,100.625140368938,1.56551691889763,2289.85544353724,267.955268323421,596.146760284901,8132.56503391266,3974.96588546038,115.631685674191,527.896229058504,0,0,1691.53852567077,74992.9427726269,812.225151270628,12.2222831249237,2538.08138799667,5380.28437244892,8988.11704519391,169.549573004246,12577.0646579266,5.51593723893166,18.1367575824261,38.291959553957,17690.2901278436,3014.45646971464,18319.3693034351,3392.7008805275,16475.3030985594,5513.53417316079,469.719976454973,553.361015588045,157.099612832069,575.785539120436,249.378084897995,167.458831876516,172.682411313057,93.1557571589947,29.8533563017845,64.91930103302,2.03674033284187,42.4730592370033,533.102741271257,0,7.46221828460693,13.9738075733185,184.962345153093,34.1659498810768,187.456717163324,3.94144558906555,0,1.00989884138107,0.579929888248444,26.8043431639671,97.2401081621647,3894.57507041097,203.129553079605,1.1253916323185,28.1015302538872,0,4153.25537329912,1813.87158510089,2440.53200271726,1714.81076180935,0,109.095302015543,1677.29370895028,2436.49553823471,65.0356337726116,1306.57587656379,1.59526038169861,23.3485467731953,9.12036797404289,199.527581885457,951.822363913059
2.3334846496582,5458.51192492247,122.583227247,0,34.7804769873619,1.0495916903019,114.309513121843,9.8444906771183,14702.7548482716,2.5174657702446,41.4475069046021,0.613967180252075,514.653105258942,5.94443106651306,277.090343445539,8483.00772985816,33.306445479393,1.56830245256424,6.17094564437866,0,1691.53852567077,0,1220.69654467702,26876.0724613965,1930.15704143047,129.908910036087,13466.6879298091,3977.52861976624,20.3590877652168,42.7189804911613,205.060006529093,0,26.3686216771603,46.2167645096779,29.6266034245491,159.844719946384,160.662429243326,103.310595482588,58.5587696433067,263.307134389877,6.75044837594032,248.260078907013,396.790031284094,84.6803019046783,141.295930892229,115.726087957621,26.0909152030945,11.6194832026958,7.35962569713593,0.928368031978607,1199.77010750771,483.480420559645,134.686916977167,1.59557712078094,7.08201134204865,162.592470675707,41.9733363389969,768.56857329607,23.2778660655022,25.0373215079308,11.6173156201839,123.118211060762,26.5603226721287,12.1982459425926,5585.32007139921,102.095581114292,3.76511374115944,34.9487482011318,7.51013374328613,1053.62430498004,5225.71447828412,2218.36735466123,2043.368203789,55.6926082968712,190.589937716722,8466.24417173862,1048.02986949682,55.1150303184986,153.249707520008,19.4605855643749,2.1397260427475,12.1780690550804,60.7147809863091,32.8248921632767
155.928556919098,55.0250241458416,34890.0413843095,2.10449147224426,1357.09201565385,178.808156758547,4896.91224732995,1405.89806362987,21.5903983712196,89.1427784264088,291.549104422331,15.1855230331421,2431.74401819706,1730.16753053665,605.797771722078,16943.7066327929,15870.2205152512,228.184442728758,1028.48186981678,2.83225011825562,74992.9427726269,1220.69654467702,0,522.943978697062,8.41454190015793,7440.91968786716,29640.1779363751,10543.9109024107,430.889921814203,11524.4683460295,6.99280768632889,22.4379055798054,53.7120167911053,20065.8355693519,5309.87195265293,35441.2095529735,16911.4668802619,34946.3457664847,17440.5976235867,650.687317758799,809.262887269258,75.0715371668339,1684.71947240829,470.557047963142,645.957961946726,707.900524556637,150.651085168123,41.6148714721203,14.3318282365799,14.5023011863232,116.391855359077,2254.77395769954,0,28.2937703132629,28.0371914207935,764.849006384611,188.264890402555,113.650874078274,14.7875572443008,2.44019743800163,1.66755285859108,0.60794061422348,146.587019592524,223.011626511812,11591.5282642245,371.716116666794,16.4546449631453,87.0528342276812,0,5326.07842242718,1782.09353929758,14349.4280968904,1524.844050318,0.440767705440521,244.739837706089,8756.2407798171,1380.7946908474,39.3001373410225,746.428896605968,2.40446591377258,12.6182448267937,5.02998846769333,290.319305807352,3264.90195193887
1.00588035583496,3915.34168750048,10.6575539112091,1766.59720107913,366.773675620556,17.1897753477097,2179.87557169795,23.8720980286598,39048.3246897161,1169.66398227215,11.1200686395168,473.255504310131,427.259776353836,13.3725388050079,2555.34425991774,2855.2817555666,13.1473417282104,1.35938555002213,2.02132564783096,819.902329772711,812.225151270628,26876.0724613965,522.943978697062,0,976.497910708189,33.7412889897823,6653.07422596216,11781.1448965371,25.1802163720131,21.933083742857,82.685838341713,9.41320437192917,11.0352727174759,66.5438560545444,30.6089194417,511.601419746876,91.9294358789921,140.764679938555,55.6015959978104,2846.52743816376,18.5852989554405,123.961465388536,1415.10170778632,87.0863933265209,842.826016277075,222.751464307308,1021.77359387279,302.366474896669,70.3120367825031,24.9627307653427,65.998426258564,60.5274166762829,1099.67443656921,7.71860182285309,319.009245246649,4523.78093525767,273.234026432037,5085.05813720822,1905.9777430892,30.0310189127922,875.329228579998,20.6071860492229,282.072773784399,262.947855651379,1347.92413371801,16.2735881209373,1.86139434576035,2.00277033448219,555.38856986165,663.797155320644,1926.54692912102,601.377630710602,13867.9425274134,15.5964095592499,11.655559360981,778.018000304699,12159.3049422801,616.702489197254,469.476273387671,2.23451226949692,93.1139431595802,69.2552357017994,638.639742523432,44.0969789624214
0,6835.34817513824,2.66788786649704,0,5.31273519992828,0.248836115002632,2.21659111976624,2.30214801430702,2231.75073257089,3.05389052629471,714.175553768873,6.02378019690514,4290.90272060037,0,62.2453209757805,35.3053651452065,12.0310036242008,0,6.62950551509857,0,12.2222831249237,1930.15704143047,8.41454190015793,976.497910708189,0,531.65595176816,4239.95696035028,60.2083994746208,2.32655084133148,0.454375118017197,560.163580864668,0,0,97.1525666415691,11.3555845022202,127.954743802547,1828.72958418727,279.245747506618,69.970148563385,54.1619265675545,1.7389760017395,2234.40395390987,60.9218927621841,244.64613905549,37.0479808747768,16.9211027026176,0,0,153.311845362186,0,379.484708189964,3.8257557451725,12.4802773594856,0,0,0,0.431302219629288,42.3538398444653,0,638.699072062969,0.777124345302582,4565.63374379277,1.31753969192505,3.49663829803467,2.1350622177124,7.84030795097351,21.9228566586971,22.6432304680347,0,0.558077156543732,32.9699055850506,2.10674726963043,20.9520784914494,3210.19683906436,3319.23505932093,6251.61236289144,0,1.64499628543854,0,1632.73086705804,3.41516017913818,0,38.0015582740307,8.67163050174713
291.050169497728,665.092663764954,63362.6621512771,4.72395333647728,34.2224205136299,315.892196148634,1891.57478350401,2183.84040218592,132.064334750175,691.427897572517,12598.11404562,789.874847739935,1328.51793330908,2352.67479085922,52.0428478419781,14.6644697785378,14962.5511550009,8995.52624219656,14033.0551986396,74.7363704442978,2538.08138799667,129.908910036087,7440.91968786716,33.7412889897823,531.65595176816,0,32497.3006798625,430.89939135313,1631.62650996447,2653.31175079942,1605.25742268562,792.149236023426,42.43819886446,8467.13045760989,1640.27625635266,13884.5191279054,16979.1527887285,12813.8686157763,7216.02639898658,311.441147983074,130.226280838251,16.7892631292343,967.096500188112,583.182182610035,357.562759369612,228.355421304703,5.02206000685692,13.45405626297,7.29191055893898,14.1036099791527,1249.30703604221,729.420196771622,1.01351723074913,0,0,67.9527556598186,2.36522895097733,71.9713818430901,0,537.584742635489,2.03328812122345,1755.0682669282,35.6558258831501,42.2505449354649,32.0193486511707,1122.47999230027,143.932830512524,1774.54113999009,0,49.8748807311058,76.9042252898216,191.880698382854,42.8728360831738,597.690994203091,15474.525891602,24977.8900879323,15.0986954271793,24.6071248054504,126.982804775238,2505.79836434126,2.4403030872345,1.95121502876282,158.156113922596,871.293397456408
229.656504452229,32800.0655081868,16387.7938091159,1.309406042099,133.302035063505,187.690831750631,2953.34185254574,2487.98435625434,8501.60610476136,106.144178792834,1126.18386244774,62.4140437245369,4263.07059291005,2170.61052250862,463.19154587388,6691.10353201628,17413.5529017448,530.689880937338,2817.76352342963,11.5144613981247,5380.28437244892,13466.6879298091,29640.1779363751,6653.07422596216,4239.95696035028,32497.3006798625,0,12117.560623616,821.227435931563,2891.93433016539,3920.09770914912,70.6552110761404,68.8310921490192,11964.4960466325,4087.20487877727,30572.7976900637,15600.6921369731,20743.4720484316,14365.9366013706,821.165698975325,478.517437726259,64.7085276842117,4383.79108309746,1446.16963899136,1534.91523244977,1232.81175392866,108.895657300949,66.2853147387505,52.0142342150211,72.3007338643074,11084.0361658037,11634.0756955743,48.307546287775,4.5160568356514,54.7716487646103,1807.52459421754,620.970823928714,299.789972811937,33.5784908533096,793.467885047197,10.0630161166191,3167.31225460768,492.469536244869,191.090710610151,6004.54167056084,4116.39975297451,263.288666769862,2988.39044867456,4.73686522245407,948.535976529121,4839.25997924805,9660.03784886003,2238.99319320917,1786.30118298531,25650.8514786363,119656.841414049,1465.41949391365,127.960729062557,861.316099464893,3334.21606245637,0,12.2676157355309,678.410231769085,2570.75076764822
33.6299603581429,254.631071001291,818.555914133787,6078.99276220798,537.962535738945,492.477543830872,57456.650234282,608.864213302732,10448.2806322575,7241.97357563674,142.204481035471,2982.7454534471,2402.28826585412,408.05843397975,1683.24698781967,3115.90069034696,336.926428437233,48.1640526652336,103.550090909004,6722.0076470077,8988.11704519391,3977.52861976624,10543.9109024107,11781.1448965371,60.2083994746208,430.89939135313,12117.560623616,0,989.522562488914,25697.0982284099,8.78055834770203,264.98112089932,311.367311373353,3355.07355463505,1670.8469184339,11651.072258085,1519.85709017515,3934.15850490332,1335.24200361967,3827.36207932234,601.243336945772,298.179752260447,3112.42830178142,264.060286968946,1526.80978912115,451.74533161521,2549.9420004487,550.101099014282,122.096947818995,51.7854462265968,25.0458981096745,253.850455254316,2171.63207572699,25.694393903017,442.199859112501,6961.9625993073,508.29003714025,5637.89069956541,3819.23539465666,32.0905064046383,2377.50269332528,0,423.116400659084,477.145782858133,2638.63929966092,88.2084667682648,2.40446166694164,8.15900173783302,1571.69876176119,2380.65034046769,2274.55481976271,1477.3271176517,18009.5050550103,1.91968727111816,24.0698621273041,1535.87670680881,19984.6974288821,1199.03747683764,2100.17804044485,0,153.688074678183,156.747268497944,1209.26880951226,335.237417519093
9081.48476159573,0.519831418991089,291.3145865798,45.2782635986805,56.9035645723343,618.432247668505,5174.40740558505,3526.34781657159,74.3744938373566,3246.39128249884,2403.43982195854,1011.25843763351,637.011934399605,20550.1673775911,71.5491603314877,1.65364933013916,4076.69698561728,556.706159472466,1043.31527069211,136.401927113533,169.549573004246,20.3590877652168,430.889921814203,25.1802163720131,2.32655084133148,1631.62650996447,821.227435931563,989.522562488914,0,7939.85436950624,34.4832255244255,822.138475015759,7687.17202371359,10529.3971571922,152.352676838636,596.119849979877,214.235808610916,3314.21314944327,461.483385592699,170.111390918493,110.426229268312,62.1864020228386,242.080205082893,37.6655879318714,82.4992730021477,79.2411951422691,203.16685333848,50.1073517203331,14.4741071462631,1.07835519313812,1.87036550045013,22.1288482248783,5.08429175615311,2.19798016548157,7.96868112683296,361.958109438419,25.7354129850864,128.280514210463,8.7950487434864,1.39757430553436,21.1701206862926,8.53025448322296,17.4348630607128,12.6839557290077,62.3448894023895,4.59906050562859,0,2.43350526690483,3.8606368303299,83.3446516692638,39.1129396259785,23.740942299366,904.603023320436,0,7.32049769163132,50.4909174740314,1166.48624920845,49.4640674591064,91.709174156189,1.47586679458618,23.5235581696033,11.7691600620747,114.812380254269,38.1506794989109
7544.92512047291,5.90038442611694,5093.9804418385,2.54099217057228,932.04521638155,644.313786745071,15241.119594574,8591.92794546485,7.01690936088562,250.443205118179,260.042812258005,80.531705647707,2711.79310470819,22245.9426912665,1320.17565616965,36.6736153662205,9095.18933928013,123.116585165262,564.004066944122,8.95450982451439,12577.0646579266,42.7189804911613,11524.4683460295,21.933083742857,0.454375118017197,2653.31175079942,2891.93433016539,25697.0982284099,7939.85436950624,0,3.38512098789215,235.824910908937,3559.35029381514,24794.5373455286,4908.36257475615,21118.9850262403,2584.52418294549,11465.5421938002,1943.11913093925,2190.96424692869,970.428155899048,176.766578137875,517.946310400963,170.573530137539,151.803691655397,136.522138506174,203.242252081633,48.9692272543907,51.3137041330338,13.2864934206009,13.4821094870567,239.601995438337,0,5.41402298212051,16.5868709385395,309.884311527014,58.3969304561615,110.385152548552,4.18453246355057,0.424131989479065,4.39004611968994,0,51.4292894303799,59.6389770507812,565.454661667347,75.7139831781387,0.428751915693283,8.38497851788998,0.865810930728912,920.450750946999,197.557058423758,350.125747650862,1480.48210519552,0,33.7205483615398,615.358540803194,1973.4820317626,213.36608967185,651.656670033932,0,41.8631081879139,26.9080855548382,247.30551764369,625.568802416325
