0,0.000200809262311125,0.00665620073217124,0,4.74540298826396e-05,0.000816254328240255,0.449921933713823,0.0207053802178725,7.42544026999414e-05,0.00291956044730897,0.00190773203714819,0.000995735188360887,0.000139892097272545,0.760570241554397,0.000300251844958335,3.70798094980896e-05,0.0656414526457201,0.00266311086344206,0.0315739093680359,0.000144472371354488,0.0101141443898794,0,0.0194594090833159,0.000517623483387542,3.50986457414865e-05,0.01448890706294,0.00938988543698317,0.00205868311286486,0.535314054444474,0.726545153066819,0,0.000196714055518323,0.00074646949844026,0.00903729627228031,0.00107199460737154,0.00375481253034479,0.00101225934269914,0.00114346120449833,0.00128402650540444,0.000267514671936336,0.00027496020252935,2.89210122656197e-05,0,0.000170038784659734,0,0,0,0,0,0,4.91847553429783e-05,0.000103209075372603,0,0,0,6.66119983898401e-05,0,0,0,0,0,0,0,0,0,0,0,0,0,0,0,6.11921004307568e-05,0,0.000109911830128932,4.80471120117068e-05,0.000318515829473352,0.000117519451717937,0,0,0,0,0,0,0.000108625495961034
0.000200809262311125,0,0.00229561248896868,0.000328762313390899,0.000951356449979652,0.000249750227603739,0.00285584666946166,0.00248690019209529,0.309472871685574,0.000719321113613296,0.0141546999240483,0.00162534603917476,0.098069925883173,0.0014371606983054,0.024943197906981,0.0461429701896074,0.0186616679181007,0.00111320384748014,0.0114137944872469,0.000644852164130384,0.00410096754069393,0.203731530661105,0.00659741038832285,0.159629716160138,0.321593983384913,0.036522378882893,0.758376437510894,0.0113999035476087,0.00243082396195811,0.00158616129361053,0.000262671920598942,3.01980704402536e-05,0.000157351022028178,0.00429746369600898,0.00364247541785758,0.0379023641999469,0.0126179296233832,0.00341970145537489,0.00605848885029712,0.0216420909404617,0.00143647936578269,0.0382479901609164,0.0661678711003708,0.0208126619230455,0.00693774005461959,0.00831279956684247,0.00177508971681198,0.000486823602460128,0.0116279870990023,0.00037747893531582,0.13630349665454,0.0177598869149588,3.15058525255203e-05,0.000108525118716145,0,0.00283436668951826,0.000135106970451613,0.00251897193429732,0.000408520670414537,0.00988947607846332,8.50475730047377e-05,0.0269884926425248,0.00140061485338164,0.000256359886634672,0.00895189451904587,0.0130757955558259,0.00158821011397398,0.0124453780406591,8.77330654539346e-05,0.00508963261025916,0.00440509897743547,0.0214259171086087,0.00786972896985939,0.0186732176520281,0.0548159972779206,0.612690976229681,0.00375361440375132,0.00195242434511804,0.00411470406298953,0.0036231825643288,0,0,0.00442277846169274,0.0035744895583255
0.00665620073217124,0.00229561248896868,0,0.000186640389935916,0.000221517155541158,0.000458488805474335,0.0446437738726996,0.0167046573402695,0.000627008596656996,0.00269116272235053,0.00529333860796228,0.00106694182104382,0.00246145085552718,0.0473390720000673,0.000425686008631188,0.011756333381432,0.455665203978401,0.0092005293670544,0.0661280322350192,0.000761636468592101,0.309089005086299,0.00129159861409213,3.79538992320252,0.00447632859727372,0.000116532698778546,1.65178659606462,0.672827790438187,0.110830281933195,0.017682038166283,0.0640457822488081,0.00040872024174191,0.000283859898314154,0.00114485682230698,0.102931361054205,0.0427334978808769,0.399589264153213,0.0228893139149312,0.0613696766349093,0.122195558080761,0.00117570684678399,0.00903323780211678,0.00372688079397154,0.0526203652124389,0.0285442707019054,0.00435593979192232,0.0107424350230077,0.00197026002934934,0.000234594992169323,0,7.97652847212318e-05,0.00936231607846484,0.0386453045998742,0,0,9.84362455529448e-05,0.00311373184174376,6.26334649321347e-05,0.000173305496062941,0,2.9086247093147e-05,0.000107240100675571,0.000689011332359123,0.000157126811625403,0.000484226247722435,0.0152177903351107,0.0128981068148994,0.000704942188218618,0.00503049248191112,0,0.00392727959245392,0.00318928810620965,0.0577720233517422,0.00831578091074157,0.000730231254734021,0.0273048901988747,0.270304118600814,0.00450400736338315,7.3862129148078e-05,0.00264133969032821,0.000345079617135933,0,7.01596511429608e-05,0.00403522948465194,0.0270256496415383
0,0.000328762313390899,0.000186640389935916,0,0.0046422369304228,0.00533262634048961,0.0221087528447849,0.00788777718160985,0.276467896280347,0.425367987963069,0.00068911862377975,0.206067004294937,0.00566808975671675,0.00318383141753384,0.0604490745501627,7.27591107829153e-05,0,0.000492162279137087,0.000615719859341821,0.823282271587088,0,0.000209635122000861,0,0.765767671453696,0,0.000331409205448302,0.000727727811540374,0.479077930459662,0.00319929791708041,0.000168804651617193,0,0.000522510137937951,4.27342936308384e-05,0.00127143564039348,0.00320432730608985,0.0224640954470101,0.000176901448885942,0.00067301796495902,0.00125251009681662,0.0516558804487423,0.00291764823825739,0.000476010349945426,0.0022176709104974,6.54928394358158e-05,0,0.000466526719567185,0.00920476734436448,0.000754448083135962,0,0,4.43098648073495e-05,0,0.0544798758656407,0.0025892228128959,0.00250044907835514,0.020101950716066,0.00396270372730015,0.0362117962339763,0.0852715230374126,0.000102830875819266,0.0205136720210803,0.000243557767412692,0.000481828885743296,0.00789458395324399,0.000105499179735756,0,4.59485019205689e-05,0,0.0189084743204487,0,0,0,0.0481652854141889,0,2.50727866812139e-05,0.000456227966915002,0.0771506329424434,7.07707083260297e-05,9.11845011865499e-05,0,0,0,0.000765530616653363,0
4.74540298826396e-05,0.000951356449979652,0.000221517155541158,0.0046422369304228,0,0.36894265595237,0.0310797807991839,0.0382974959927317,0.0344400818947102,0.0485489178825258,0.000995630328620708,0.115783868533059,0.0183247692537584,0.00217731823940524,0.143612657571251,0.00368992158252726,0.000495570931717098,0.000988281335065463,0.000785541539334147,0.0173705339758315,0.0167299274806937,0.00135160219520815,0.0148459369922285,0.0157632504748137,0.000142222102379316,0.000864079204040172,0.00451764708721843,0.0231121847322153,0.00066467883574672,0.00347852102220789,0,0.0598915641853127,0.000191940745672774,0.153813693331609,0.32859434038301,0.146392434751946,0.00170515036600175,0.00150129100340708,0.00290230348048831,0.958752927281313,0.265447104191034,0.000779858997350054,0.000922672439792646,0.0011068136842315,4.51486255393445e-05,0.00103303764874102,0.0017388821999953,0.000207653196513033,0,0,0,4.05717026240647e-05,0.00171777751465983,0.000102368067758858,0,0.0012391102709908,6.77263818750292e-05,0.00083800498644481,0.00261391876798488,5.89239397863627e-05,0.000657223652802116,0.00156937918958496,7.10038161100984e-05,0.000425508024947029,0.000706251090364296,0.000142723127712262,0.000140185422388977,0.000173376553416586,0.000384696440089005,0.000270641157184815,0.00015017085786053,0.00231769049553318,0.00217849642576829,0,0.000235747674058187,0.000887306890641489,0.00232327191206301,0.000163627475481844,3.89736355863393e-05,5.85456298045337e-05,0,0,0.00129907335414789,0.0913405269742838
0.000816254328240255,0.000249750227603739,0.000458488805474335,0.00533262634048961,0.36894265595237,0,0.275283659170661,0.987115806685407,0.0196748173752875,1.16134498102493,0.0197159600698352,0.758468307198334,0.0508931720800832,0.0431774690943226,0.272705050345448,0.000323831437863857,0.00502644379255685,0.0191249680613871,0.0152552886798587,0.0465655989494005,0.00394318910631725,0.00243103415019614,0.00271294638740574,0.0262119075513322,0.000443939993733642,0.0151640782843178,0.0117964357900121,0.121521873132222,0.0240248704361846,0.0122460158963991,0.000427291548748034,0.025913560961811,0.000273917615592605,0.0571308647637284,0.47794958790947,0.287897141133312,0.00385478453422269,0.00532882691753741,0.0122089917270851,0.33528230802066,0.110877562031443,0.00482758376777332,0.00488708956204093,0.000467755964458758,0.000378188807969403,0.000667028562480569,0.00543342766909762,0.000512231370589039,0.000226646193868899,0,4.97945640080035e-05,0,0.0026085000058617,0.000369026966214621,0,0.0194388487383257,0.00412192342025699,0.00671457956762752,0.00606557688329843,0,0.00332869059059577,0.0035688953275834,0.0012608522932366,0.00164804004516072,0.000106965543895364,0,5.11697457848489e-05,0,0.00180907304155293,0.000277456213209444,0.00134517159034164,0.000133250517646718,0.0209601723692463,0.000244536163845032,0.000362992716246873,0.0010281560739012,0.0317081452120661,0.000945031432779908,0.000426752409810114,0,0,0,0.00230664201681029,0.0516630908094682
0.449921933713823,0.00285584666946166,0.0446437738726996,0.0221087528447849,0.0310797807991839,0.275283659170661,0,2.70170888941418,0.138071277386715,2.31188047831758,0.0967825391255453,0.059590122815915,0.156128175321696,4.57031649492953,0.097568538078846,0.00316548021253989,0.16886751460211,0.087962412681373,0.136941421756605,0.0240700179078589,0.770700000312082,0.00589061202337056,0.210388064242779,0.199178397272307,0.000930538813365757,0.189449622996036,0.128502290376548,4.52719892628287,0.634220539613582,0.893568460065329,0.00361087996162599,0.0760964135991432,0.0423656157448601,0.315382931392233,0.399860765715114,1.50559044686959,0.0390322150365595,0.113958349748157,0.151983181849255,0.159142887117385,0.155965201227933,0.0281633247164936,0.063117225595309,0.00230955368934596,0.00314676273426966,0.0114379824757835,0.0509916114536922,0.0174658572286947,0.00069609157226406,3.90412809249699e-05,0.00200824659873996,0.000546098125662449,0.0557842606364036,0.00421115484483564,0.0173841130924542,0.274494553155131,0.0915638761903283,0.0761637188833764,0.233268082420283,0.000283188957337839,0.0487806716397614,0.00476514928596782,0.0165605146024686,0.00932060207423012,0.00856878534203163,0,0,0,0.0309041321998429,0.00928991861197612,0.00918229401281594,0.0052347647986097,0.230991168233339,0.000111143506700954,5.54226467167765e-05,0.0105508701894409,0.529505624552798,0.00746868607065002,0.00369559166637464,0,4.71166821101308e-05,0,0.0171692669378441,0.0274757650466561
0.0207053802178725,0.00248690019209529,0.0167046573402695,0.00788777718160985,0.0382974959927317,0.987115806685407,2.70170888941418,0,0.0728051763277685,1.84033736852092,0.0891619419578217,0.3856457455247,0.0879559950203029,1.8282944451221,0.0229762349929282,0.0013280205469805,0.123934677181421,0.10809312538817,0.14604677617964,0.105033198335741,0.103092306068387,0.0100827166350872,0.0508577711577565,0.104472307603781,0.00154305121858495,0.0958156815995059,0.0722368259923429,0.296147373164412,0.184992036838379,0.319480239447663,0.0014813741162207,0.103574335154224,0.00583015793682951,0.0661141024290593,0.0488892054913429,0.317475587760563,0.0106947780559823,0.0235012783604551,0.0232256833360806,0.141776491299395,0.0515686651847374,0.00891177820436369,0.0449937422560491,0.000759012910750991,0.000736021405902359,0.00458259238162914,0.0524899578858878,0.00544285204219528,0.000929568230312581,0,0.0017557529871139,7.55795423411161e-05,0.0232505012335213,0.00186126013573017,0.00969630760234692,0.245408091467875,0.0526405334731832,0.0451973771963986,0.0870563579919521,0.000249607297077799,0.0307981415389509,0.00839939145525338,0.00875126081099216,0.00685603061546182,0.000748755214961118,0.000166856052997291,0.000108079726806355,0,0.0154697120195515,0.00111355277221509,0.00996720756785689,0.000493653338713163,0.187329161857053,0.000544402554774249,0.00202313096435358,0.0111913542892449,0.41145497515906,0.00061723570222643,0.00208328040347739,0.00116088972761424,0,0,0.0145168789873963,0.00291159975202885
7.42544026999414e-05,0.309472871685574,0.000627008596656996,0.276467896280347,0.0344400818947102,0.0196748173752875,0.138071277386715,0.0728051763277685,0,0.331188937540985,0.0166316864636986,0.214857612992687,0.105364521705575,0.0221099280405641,0.294059985320243,0.0451259320516964,0.00176133148517647,0.00626397682580237,0.00875730095874279,0.241289345512517,0.0108993548871333,0.622684039657441,0.0143701277753847,2.59954157820381,0.229364556480827,0.00838405095461535,0.53263372837421,0.660123267195595,0.014456391102976,0.00172187822710169,0.00106218126906947,0.00355630470596585,3.75568132537276e-05,0.0115433720496076,0.00366561785591729,0.0533808262418583,0.00420288958101577,0.00385656126554466,0.0040405206680631,0.137412563415785,0.0160251608039132,0.0294644801491368,0.0486943070312145,0.00652918635707161,0.00324863276502576,0.0067295460537267,0.0404652894051706,0.00767257404774579,0.00637978559595795,0.000311029021161044,0.00281544495910481,0.000431180472865567,0.122491336677128,0.0129434262192273,0.0113647687804823,0.118265181604655,0.037288404061432,0.293384964831501,0.142852127666004,0.012402079892391,0.053744911893673,0.0227670421325275,0.0120315277081383,0.025541359424374,0.191573378888497,0.000993415552264077,0.00739243020338023,0.00761576063756669,0.0320004636398353,0.0510398497241831,0.238718803551691,0.0377287148701278,0.40056044929858,0.00443315855957739,0.00997271474714326,0.0481945546052337,0.443919641336768,0.011689305845137,0.0104577603945534,0.00407559568661474,0.00100819807576508,0,0.00816982074308554,0.00389385546181709
0.00291956044730897,0.000719321113613296,0.00269116272235053,0.425367987963069,0.0485489178825258,1.16134498102493,2.31188047831758,1.84033736852092,0.331188937540985,0,0.0811105284754656,1.09113692781672,0.0970710029262582,0.564784789666756,0.115447410349939,0.000362647886380672,0.0118703589771012,0.0750336331270511,0.0638902833649859,1.60971772068519,0.00440987159090543,0.000388909877483994,0.00681046433810042,0.0892181709714105,0.000278202135131308,0.0523617853345184,0.0354830375183828,1.0291193741751,0.203776031679885,0.0158352750558385,0.00230510330846706,0.0635489295826078,0.00028324979667558,0.127832132607545,0.122303509712771,0.690349145423001,0.00819799337695881,0.0268254021762885,0.0432589922158256,0.14715357710262,0.118972861448136,0.0157776499331468,0.0103987595379424,0.000227073281692856,3.60371572057069e-05,0.00163705834863131,0.0351128918439427,0.00162791690234277,0.000314664791342885,0,0.000559364168497962,0,0.173063429783296,0.0113483859498228,0.0112368881434491,0.16733164517933,0.0284392440569518,0.10757069692675,0.424712704795773,0.000118996655898827,0.0813449576310847,0.00246777908867502,0.00203683425894153,0.0292144747550944,0,0,0,0,0.067542116466147,6.38234941874624e-05,0.00084425084444547,0.000126127708685231,0.197735328726345,0,0,0.000182516945000357,0.468909508311858,0.000226682371594814,0,0,0,0,0.00471439314446279,0.00639312375761281
0.00190773203714819,0.0141546999240483,0.00529333860796228,0.00068911862377975,0.000995630328620708,0.0197159600698352,0.0967825391255453,0.0891619419578217,0.0166316864636986,0.0811105284754656,0,0.0556578649718576,0.584016120059786,0.0876943766427248,0.00210095492972076,0.00290412355386627,0.0220576348539042,1.1804388377745,0.0590185385269094,0.0190827592563806,0.0405607066326798,0.00744419418741284,0.0451547194950678,0.0154699032974738,0.0516595188714616,0.752865807675598,0.077388536561516,0.0450851057730881,0.29299911907872,0.0341481080308773,0.0440837131640981,0.074658200456468,0.00254717817449017,0.770841156118075,0.0059768487264272,0.0751233084448672,0.0540489840325684,0.149844347383522,0.050312790974081,0.0038213127751015,0.115247442949373,0.147304423361416,0.00277542996707063,0.10823464836101,0.00445408103790232,0.00119781881799729,0.00179148388780149,0.00145939616012289,0.0690326373449993,9.00389024966236e-05,0.00938712752372648,0.000402851456473243,0.000346630497403261,0,0.000123513048225412,0.00105634982215269,0.000466713154411388,0.0115227578966448,0.00012822154781482,0.199964566937915,0.000151974599090001,0.287996800617799,0.000751529338669565,0.000636971464150768,0.000620561195391613,0.000218185025398287,0.00392845799065939,0.000498113459835714,0.000322021285020965,0.000108103854304868,0.00496421736366294,0.000603947587214527,0.00425524249822127,0.0239052256056078,0.0134192857779412,0.0364410866651115,0.00122271420243415,0.00519501524737109,7.71818439734336e-05,0.0463957329177202,0.0014589211756311,0,0.0309390897765673,0.00207190666777496
0.000995735188360887,0.00162534603917476,0.00106694182104382,0.206067004294937,0.115783868533059,0.758468307198334,0.059590122815915,0.3856457455247,0.214857612992687,1.09113692781672,0.0556578649718576,0,0.0361502110148776,0.118326858053463,0.613547689220082,0.000169598186247921,0.00757554288530073,0.0548566170575039,0.0497171945685599,0.759814408073721,0.00148868021844849,0.00208976832974541,0.00363717117684074,0.138833505269741,0.000658419974227801,0.0418330297913646,0.0292054462501087,0.088550592493073,0.108036898495258,0.00925408690810522,0.00127362174140067,0.0266602801863964,0.000165543078519294,0.0431819082362854,0.268183727156858,0.139259477008713,0.00294396115041703,0.0102942570204129,0.0108670027714993,0.221765651289832,0.0640254908963543,0.00755017688618522,0.00232408068582553,0.000139449702707517,9.54169886230973e-05,0.000571562032030475,0.00717747902451397,0.000216994065388534,0.000227151352382517,0,0.000198730763727248,3.55287737294167e-05,0.0230565952460775,0.00216651494799118,0.00128780656505876,0.00925424703167116,0.00191748077478289,0.0107349345576208,0.0349128268381115,0,0.045401826407145,0.00161693871473502,0.00061532514734858,0.00619674872883079,6.37119749331713e-05,0,2.75612476583362e-05,0,0.0121042148646178,0,0,0.000251047908862522,0.0163978833993129,8.13851580055116e-05,6.66225319157184e-05,0.000338267254214305,0.0313068777193347,0.000333139973727852,0.000164480857847535,0,0,0,0.0015173355082132,0.0480288879099063
0.000139892097272545,0.098069925883173,0.00246145085552718,0.00566808975671675,0.0183247692537584,0.0508931720800832,0.156128175321696,0.0879559950203029,0.105364521705575,0.0970710029262582,0.584016120059786,0.0361502110148776,0,0.0262401006178568,0.0326104599724473,0.00505776297247886,0.00508188677276469,0.0377304494718536,0.00954708139712689,0.026396563866932,0.0318072094982534,0.0623958414588761,0.0270035194766676,0.0461826873379716,0.691908847716573,0.126030809613291,0.285448108059657,0.0948916869407931,0.0261112593453492,0.0208623073432347,0.218254279236067,0.0512057037535582,0.00158899942302469,0.146055922161384,0.0159356560507896,0.201011824675315,0.110688598428879,0.236479631240376,0.126251463389307,0.280887347980073,0.120603973702541,0.339628494151865,0.0193209600250013,0.218519947329534,0.00550334775577024,0.00282256528229842,0.0618566295480059,0.00288312651602697,0.130889997961168,7.18880057712019e-05,0.0125708152895688,0.000248490234011465,0.00164962521234775,0.001821298034436,0.00133483456182221,0.0112325446731252,0.00720387607191572,0.0160476893609756,0.00307308962038665,0.517587854270372,0.00430398530747411,0.837073348324826,0.00357436707284594,0.00429096736816106,0.0126834680449959,8.04234092316362e-05,0.00901343982162539,0.00084025553712531,0.00182752134248803,0.0101297733297365,0.00889024113176355,0.0116048028265735,0.0157437704742896,0.0603735162979839,0.0351000254057587,0.109872847997113,0.022883246486836,0.0129476945170461,0.00403344318887044,0.123952742437471,0.00273300718319899,0,0.0544525305687847,0.00292326766021735
0.760570241554397,0.0014371606983054,0.0473390720000673,0.00318383141753384,0.00217731823940524,0.0431774690943226,4.57031649492953,1.8282944451221,0.0221099280405641,0.564784789666756,0.0876943766427248,0.118326858053463,0.0262401006178568,0,0.00606461087063262,0.00119949767587139,0.472693955152659,0.123162067654511,0.370363762643385,0.0428855241357107,0.14424251319245,0.0044673977403716,0.145470272045562,0.0367310567746736,0.000990703209916012,0.189039805562722,0.160209960495947,0.123320443821409,0.917136890534437,1.81014720634833,0.000525299928970298,0.0652875650177444,0.00697921424197602,0.116771460837159,0.0169031112372328,0.127147121443613,0.0158570143917422,0.0228141675486298,0.0195657486486601,0.0140310738038088,0.0309237528254164,0.003448372428239,0.0103084020650241,0.00157850606832723,0.000329182241392067,0.000428773372896415,0.0120929245903183,0.00105327729812451,0.000112787036472428,0,0.00172855094756205,0.000175264283401391,0.00254687256251386,0.000455317808529318,0.00107396109540702,0.0588291861754911,0.00944068638991923,0.01173103219708,0.0118877800744645,0.000179213037224746,0.00574727953321453,0.00361673522616541,0.00160918098927542,0.00126891947538691,0.000911935328849472,0.000266507760163188,2.97164512244105e-05,0.000536646562365878,0.00332863562199721,0.000679710756361067,0.00231267083099189,0.000320862579145223,0.0480450530341758,0.000133669654619306,0.00303399946471291,0.0194522010506029,0.0876757769127768,0.0001721976999753,0.000671093205371368,0.00114718735476614,0,0,0.00246057288141258,0.00110200741260814
0.000300251844958335,0.024943197906981,0.000425686008631188,0.0604490745501627,0.143612657571251,0.272705050345448,0.097568538078846,0.0229762349929282,0.294059985320243,0.115447410349939,0.00210095492972076,0.613547689220082,0.0326104599724473,0.00606461087063262,0,0.00291443540243606,0.00183350094387447,0.00153138342082494,0.00224880649403817,0.0966574361402982,0.0247416740934541,0.0296022683875844,0.0195720561347735,0.225052104240064,0.0134206150687921,0.00142855376873364,0.0552914098378774,0.13158583188348,0.00413283093137672,0.0137805058464666,6.74229198738307e-05,0.00641934983015913,0,0.00365050909510219,0.388417864670947,0.0334209008626294,0.00159595304201575,0.00129991332283236,0.00296681646538497,0.314825901645981,0.0219431520865349,0.00246192475601685,0.00341809242661918,0.00415117020333269,0.00096158335650325,0.00276085636526048,0.00487388188629714,0.000983943045866097,0.000339405853090072,0,0,0.000141585128305447,0.00865277190006342,0.000877972007440939,0.00138341528007907,0.00693591558213112,0.00282436468526574,0.00568987307245736,0.010946116888705,0.00027950877687338,0.00478449959837033,0.00283331799295622,0.000539096348580998,0.00193444000160112,0.00128420467614095,4.47644560865521e-05,0.000391777099171481,0.000551335927039486,0.00350956128117066,0.00132853293968712,0.000971054681992468,0.00609236594057585,0.0080289448181018,0.000207044235217654,0.00216895795074184,0.00655774217330214,0.0158282827530708,0.000580653041795879,0.000210704457422555,0.000160436763670677,0.000139475511423468,0,0.00492295563170908,0.127965125790748
3.70798094980896e-05,0.0461429701896074,0.011756333381432,7.27591107829153e-05,0.00368992158252726,0.000323831437863857,0.00316548021253989,0.0013280205469805,0.0451259320516964,0.000362647886380672,0.00290412355386627,0.000169598186247921,0.00505776297247886,0.00119949767587139,0.00291443540243606,0,0.0206763524302704,0.00494398229818867,0.0122055471739772,0.000101732134867906,0.281966784099793,0.551923828064319,0.742449033159247,0.385963828779856,0.00392830315864646,0.0281781352651682,1.01734078852982,0.0667925749124362,0.00295429227439265,0.0507723960200421,0.000319930154769877,0.000466353459518081,0.000232602920782158,0.0244782545697158,0.0633536696719985,0.649466842742883,0.0597466995088554,0.0831816628649675,0.0612176313965164,0.00158388782113035,0.00336615985659238,0.00372329905825337,0.0705821054077086,0.0112052819024104,0.00426910557832876,0.00719155566430893,0.0147722552761914,0.00137769577384777,0.000107068278450495,0.000341269674179703,0.00413026344867272,0.0113062401837092,0.000194148386996687,0.000127147351285869,0.000209816276560267,0.0153566343240219,0.00302808933186203,0.000959329053507681,0.000216803328340459,0.00020222195597035,8.83986021951083e-05,0.0008336343146538,0.00208366750717295,0.00118335342934762,1.13066444586069,0.00618302522808259,0.00023334439852066,0.00325539564133464,0.000125900649678111,0.170632429672119,0.260133412214879,0.522196699017797,0.121355912467236,0.000283776189010513,0.00791919908819925,0.316688878083859,0.133245250421783,0.00473385690073043,0.0265730579113091,0,0.000181149265599987,0.000812878565321494,0.00405752615991186,0.0192041035296036
0.0656414526457201,0.0186616679181007,0.455665203978401,0,0.000495570931717098,0.00502644379255685,0.16886751460211,0.123934677181421,0.00176133148517647,0.0118703589771012,0.0220576348539042,0.00757554288530073,0.00508188677276469,0.472693955152659,0.00183350094387447,0.0206763524302704,0,0.0326494225313799,0.53668711468154,0.00255398230034781,0.468004051236642,0.00154601670585414,1.23067809161724,0.0113099354658332,0.000958412174759527,0.372322457696294,1.321879714907,0.0706782601848571,0.284076273961963,1.0335086054753,0.000104418783435798,0.0036981285310892,0.0181068891259317,0.288243014165635,0.0127017626858122,0.146554393278821,0.0807717744885198,0.0311777499209506,0.0456253489147897,0.00176342994878083,0.00549007777131368,0.00266167927073533,0.0753490150951035,0.0459531247006055,0.00552123888186507,0.0101418149347003,0.0019225335182914,0.000141933600058216,0.000402348655269867,4.37320623756409e-05,0.0284615090324738,0.0502239846856718,0,0,0,0.0011781810602321,3.73423881674617e-05,0.00102572685893645,4.3244978076303e-05,0.000449179516893685,0.000178907948093534,0.00335085333863226,0.000144503133577046,0.000116257447876394,0.00723740522906228,0.0261594436929318,0.00238979851993177,0.0176380427916774,0,0.00530400653207523,0.0028377711187719,0.0347192288650271,0.00659214831746781,0.0023494430813664,0.112135055741279,0.4618873591074,0.00452004106647991,0.000364600280134845,0.0029528691666506,0.000311238143426087,0,3.89988628624797e-05,0.00481916184198267,0.00478387376405222
0.00266311086344206,0.00111320384748014,0.0092005293670544,0.000492162279137087,0.000988281335065463,0.0191249680613871,0.087962412681373,0.10809312538817,0.00626397682580237,0.0750336331270511,1.1804388377745,0.0548566170575039,0.0377304494718536,0.123162067654511,0.00153138342082494,0.00494398229818867,0.0326494225313799,0,0.205041174381429,0.0177281567686457,0.0627250778214971,0.00141066992641195,0.0617148903043458,0.0100616476609736,0.00581803401982056,0.388770398767891,0.124072221407834,0.0381535629383529,0.349627788715704,0.0491717403142447,0.00508544750340627,0.0743150553842362,0.00285879289935416,0.386064419945017,0.0209073402847881,0.246460143365822,0.0822731585561012,0.123912537428428,0.202913745494242,0.00300931703598729,0.0642302707480326,0.033923594571757,0.00116574356011268,0.00860354961480897,0.000621803304075593,0.00139131698626209,0.000691486751506066,9.65766838479757e-05,0.00146343306292597,0,0.00173124927901359,0.000765278893780773,0,0,0,0,0,0.00298747520892183,0,0.0169737846828481,0,0.0552646108172457,0,0.00026224401244905,0.000279077979553575,0.00019711244094913,0.00330507712093351,0.000508933394400957,0,0,0.000298506899012697,0.000801027891219068,0.000494313277405924,0.00682809225450592,0.0222587180780338,0.0814489029602518,0,0.000322968211586947,0,0.0460920052210645,0,0,0.00100855197766988,0.0107786624530111
0.0315739093680359,0.0114137944872469,0.0661280322350192,0.000615719859341821,0.000785541539334147,0.0152552886798587,0.136941421756605,0.14604677617964,0.00875730095874279,0.0638902833649859,0.0590185385269094,0.0497171945685599,0.00954708139712689,0.370363762643385,0.00224880649403817,0.0122055471739772,0.53668711468154,0.205041174381429,0,0.0160497923003143,0.252610511368857,0.00262202799183936,0.307462075930753,0.0139189382909274,0.00396972823687529,1.04577972513695,0.664287871797886,0.0716134383752109,0.526154779535742,0.405995493850378,0.000666703699888497,0.0337686452274337,0.0189752654721633,0.395996816048818,0.0366490732700297,0.43329559198234,0.135137667045842,0.118892695846613,0.236312218855401,0.00415604593673067,0.0206302312181895,0.00584222633084381,0.0362401556384865,0.0214541700780825,0.00381617044929653,0.00832072378916946,0.00217115111466518,0.0007705114351558,0.000141930088882923,6.86790033960581e-05,0.0102204195100575,0.0097026462563385,0.0001223239069053,4.04174047244549e-05,0,0.000230383350927549,0,0.00327593905583427,0,0.00405361682905988,0,0.019866245606557,0.000413778148345798,0.000799075689024523,0.00217788792421602,0.00781375257158556,0.00355459762797812,0.0213406146508707,0,0.000906137195278767,0.00132577805081893,0.00667063050425203,0.00123111882475633,0.006882419448336,0.0881572412087148,0.365957794892331,0.000458891923554766,0.000282101024856764,0.00169359628254399,0.0186501623082433,0,0,0.00165598866542337,0.0260301590320027
0.000144472371354488,0.000644852164130384,0.000761636468592101,0.823282271587088,0.0173705339758315,0.0465655989494005,0.0240700179078589,0.105033198335741,0.241289345512517,1.60971772068519,0.0190827592563806,0.759814408073721,0.026396563866932,0.0428855241357107,0.0966574361402982,0.000101732134867906,0.00255398230034781,0.0177281567686457,0.0160497923003143,0,0.000558994465177521,0.00043422710704667,0.00239390934446833,0.145102186563365,0.000185052951077062,0.0121573583236166,0.0120600263179031,0.178100042873635,0.0363666339103049,0.0028467521507746,0.000455815579602236,0.00982842068174385,0,0.0150210937272939,0.0116298506023283,0.091661875091729,0.000853816784615249,0.00387504758993903,0.00530765372371817,0.0617061948787334,0.0193068666271194,0.00397695945731781,0.0083408919079344,0.000130058259836674,0.000324887278473192,0.00130273935018533,0.0203842345496558,0.00138420040411532,0.000259947444638697,0,0.000273189914371794,0,0.0948957316795118,0.0069228064446598,0.00848309372978318,0.0643457613579295,0.0193447211060053,0.0417188420663875,0.194445158816201,0,0.051401348333929,0.00169221185407124,0.00255662923747807,0.015895635499019,0,0,0,0,0.0362428528994578,0,0.000525643904705924,0,0.08246160319659,0,0,6.78705406362295e-05,0.187839165603268,0.00101904103354393,5.38961756532967e-05,8.73984445890668e-05,5.02861105198443e-05,0,0.00333520165726682,0.00051925536182637
0.0101141443898794,0.00410096754069393,0.309089005086299,0,0.0167299274806937,0.00394318910631725,0.770700000312082,0.103092306068387,0.0108993548871333,0.00440987159090543,0.0405607066326798,0.00148868021844849,0.0318072094982534,0.14424251319245,0.0247416740934541,0.281966784099793,0.468004051236642,0.0627250778214971,0.252610511368857,0.000558994465177521,0,0.0350025548077815,5.03958205915081,0.0347055362414372,0.00107083512173543,0.820866769702235,0.422303071093343,0.797833356583122,0.0416743186283708,3.25245842180981,0.00376022584428679,0.00298597118188579,0.00582133570550449,0.838724211354923,0.29477119946139,1.61786108448581,0.0904729938374749,0.418506961997617,0.368457329652076,0.0102025647915601,0.0174125314004231,0.0266766030464975,0.0665044131798467,0.0114256342469579,0.00308646643877437,0.00939830549450408,0.0247792232623518,0.00168420590113885,0.000252011872967151,0.000433102983317826,0.0017430033867809,0.00839448431959836,0.000192967654017407,0.000431942215359032,0.000377476206154537,0.0221956225712798,0.0030999837199493,0.00130279700963326,0.00132821641331931,0,0.000416330209372943,0.000565011449988711,0.00471956929744436,0.00381498664910956,0.274121764440109,0.00328367701684756,3.8238641577822e-05,0.00171104653978988,0.000273934955119371,0.16399578420763,0.0611058399788137,0.122544858252295,0.124786218916006,0.000404900671224159,0.00461281828681011,0.111784923231894,0.155369772432579,0.00969936158114949,0.0383759875434012,7.42242962874025e-05,0.000131943513068175,0.00130574384575563,0.00321589838539386,0.0615028076385043
0,0.203731530661105,0.00129159861409213,0.000209635122000861,0.00135160219520815,0.00243103415019614,0.00589061202337056,0.0100827166350872,0.622684039657441,0.000388909877483994,0.00744419418741284,0.00208976832974541,0.0623958414588761,0.0044673977403716,0.0296022683875844,0.551923828064319,0.00154601670585414,0.00141066992641195,0.00262202799183936,0.00043422710704667,0.0350025548077815,0,0.0701309840824204,1.26208285259682,0.153450047406047,0.00507358940355122,0.800641885975989,0.0943907150890423,0.00186437170862505,0.00114278370091454,0.000440933285086226,0.00118549320447592,0,0.00245334555977189,0.00149593452520661,0.0217342591116045,0.00355073494076866,0.00269117636364966,0.00206118903055817,0.0285781331187166,0.00255947408049376,0.021302397035779,0.0305423652916825,0.0050539355435091,0.00295163547081474,0.00307113652800325,0.00115075900656014,0.000259034667520219,0.00386965147917842,0.000184693468026167,0.0116369209938147,0.00349768673648498,0.000318334514905315,0,0.000181207265347954,0.00783929376212196,0.00151370750859131,0.00482875343536705,0.00122006019788046,0.00550061203187939,0.000328765270170093,0.0123207747432079,0.000854407040676398,0.000578335445245695,0.18895275989885,0.00163824800828924,0.000307436054414592,0.00153060957176301,0.000573594103321537,0.0212869611497147,0.159004345716062,0.0531795864301281,0.0416388033787511,0.00255788594525932,0.00396293441917926,0.199409689093643,0.0292938088706448,0.000959601710467112,0.00313114004150999,0.00196511160744092,0,0,0.00171956865351944,0.00205692411094984
0.0194594090833159,0.00659741038832285,3.79538992320252,0,0.0148459369922285,0.00271294638740574,0.210388064242779,0.0508577711577565,0.0143701277753847,0.00681046433810042,0.0451547194950678,0.00363717117684074,0.0270035194766676,0.145470272045562,0.0195720561347735,0.742449033159247,1.23067809161724,0.0617148903043458,0.307462075930753,0.00239390934446833,5.03958205915081,0.0701309840824204,0,0.055547090393224,0.000964218998376406,2.01264785670121,2.44769088777324,0.662533943792583,0.103155261682526,0.920319668328945,0.00395607870067979,0.00145323338491321,0.0113058311610849,0.815946251804265,0.408582264443125,3.18808727349163,0.248003944756699,0.714523441651508,0.507227924587867,0.0107652739742762,0.0194689745389525,0.0328225586616882,0.113186866454387,0.0303976799330658,0.0100546984478541,0.0232614941554449,0.0186994891264599,0.0019567824889094,0.000236452415167391,4.82848758215487e-05,0.0068555069906001,0.0419668005781991,0,0.000545410000660711,0.000187258757935834,0.0141549025535688,0.000933792665483835,0.00125856448082805,0.000144567617054999,0.000407637418268788,0.000268897937529469,0.000739871323972416,0.00121662084392624,0.00507401080768834,0.935927172161218,0.0121881741130076,0.000349569988904155,0.00647896265780527,0.000182804297963691,0.141319075084729,0.143900302992049,0.626468928081496,0.0815962060578047,0.000686155592981082,0.0191023985601446,0.692669400230363,0.100503512910214,0.00236039939511832,0.0227151775661685,4.59454504883826e-05,0,0.000425003409561297,0.00639197411138063,0.137304103521996
0.000517623483387542,0.159629716160138,0.00447632859727372,0.765767671453696,0.0157632504748137,0.0262119075513322,0.199178397272307,0.104472307603781,2.59954157820381,0.0892181709714105,0.0154699032974738,0.138833505269741,0.0461826873379716,0.0367310567746736,0.225052104240064,0.385963828779856,0.0113099354658332,0.0100616476609736,0.0139189382909274,0.145102186563365,0.0347055362414372,1.26208285259682,0.055547090393224,0,0.0684254429505537,0.0194962660165677,0.805766939374434,0.83755720483542,0.0362438620716345,0.0286627273083946,0.000231361947934088,0.00882249464063491,0.00143470317984225,0.0231071241865959,0.0258829574610529,0.280806022025261,0.0247920423988297,0.0204623324317688,0.0220638081468642,0.140178724889715,0.0233310886132869,0.00871997750568111,0.219616217258603,0.0113611449500994,0.00756701827228147,0.0237134998168809,0.09113282229105,0.0327528960401698,0.0029094293048237,0.00265959965434469,0.00925762520148027,0.00587550190135528,0.0788475172874013,0.00463606239345198,0.0261488545088404,0.477401891410274,0.152338474048762,0.258192468730114,0.231774410921923,0.00254990092641377,0.0423105921529059,0.00549711891277179,0.0531953824663216,0.0128089692229874,0.301739364539536,0.00309392023122144,0.000354283762017429,0.00230166013233486,0.0295285282143098,0.196631634358525,0.185976802226062,0.11834565542562,0.926538985382615,0.00172221197806049,0.00545220137800632,0.0917213471534734,1.35726565315674,0.0408887451977391,0.0415179201918054,0.00045188887091156,0.00220215043395506,0.00196489150092147,0.0294642443550107,0.0109319496209234
3.50986457414865e-05,0.321593983384913,0.000116532698778546,0,0.000142222102379316,0.000443939993733642,0.000930538813365757,0.00154305121858495,0.229364556480827,0.000278202135131308,0.0516595188714616,0.000658419974227801,0.691908847716573,0.000990703209916012,0.0134206150687921,0.00392830315864646,0.000958412174759527,0.00581803401982056,0.00396972823687529,0.000185052951077062,0.00107083512173543,0.153450047406047,0.000964218998376406,0.0684254429505537,0,0.0326847987763192,0.708446181093538,0.00608644839098691,0.00124252210120698,0.000315423094777623,0.0231787774416774,0.000320110854093463,0,0.00470083685047945,5.77025465858817e-05,0.00809968050932793,0.00663547036110914,0.00221552972233515,0.00396922879810679,0.0138966857419911,0.000985124799745514,0.0433759500778173,0.00341711897242523,0.0294538028183193,0.000880297056787464,0.000722299435377535,0.000556367916752574,0.000943292855628481,0.061142454724355,0,0.0380159077256716,0.000313087331613809,0,0,0,0.000149668629082394,0.000170796754555357,0.0114057620517594,0.000151553641174128,0.118827730686341,0.000136784529100708,0.345465082248467,0.000388999682891079,0.000985840775263469,0.000267960688105148,0.000401301090036446,0.00163735067538404,0.000747398986319196,0.000110335129579547,0.000111345113067666,0.00673447638612586,0.000236723257944464,0.00371319056487701,0.103871161336108,0.0138664664332223,0.262250478979235,0.000764678931280604,0.00166089482299752,0.000129214757440483,0.0300918328612552,0.000932983012800679,0,0.0193713621057198,0.000381591817428148
0.01448890706294,0.036522378882893,1.65178659606462,0.000331409205448302,0.000864079204040172,0.0151640782843178,0.189449622996036,0.0958156815995059,0.00838405095461535,0.0523617853345184,0.752865807675598,0.0418330297913646,0.126030809613291,0.189039805562722,0.00142855376873364,0.0281781352651682,0.372322457696294,0.388770398767891,1.04577972513695,0.0121573583236166,0.820866769702235,0.00507358940355122,2.01264785670121,0.0194962660165677,0.0326847987763192,0,5.07915640543316,0.137293605838051,0.168264551425173,0.203294525404218,0.0700882470528673,0.0323588444769153,0.00525283105076976,0.176141714423034,0.0603181091878798,1.01463324690153,0.573647960542977,0.179991816355402,0.275998032046684,0.00326802309085402,0.0452525745419495,0.0605603911783138,0.236147795386564,0.18815938479898,0.0227713335369446,0.0358042574711694,0.00396870274832555,0.00219654093703745,0.00775925788252432,0.000777607615075395,0.0601803184411279,0.0674601952679623,2.96963442244351e-05,0,0,0.00187150308368235,0.000346335281480622,0.00621828154317313,0,0.134839462065086,0.000127726859725085,0.365517472662174,0.00167434619413867,0.000838483094485358,0.00923634698791224,0.0628349345500626,0.0374882197783248,0.140900518452174,3.93414255641461e-05,0.00733194556195175,0.00410711551397851,0.0502019108821509,0.00902755668218126,0.0549400073467559,0.63090736446489,2.18736407121825,0.00206011140623871,0.00509219661559249,0.0132717246225265,0.234771605915932,0.000234299961045384,0.00031398135617156,0.0165143390674578,0.036611873201651
