0,0,0.00848255717706598,0.000145102454179251,0.000323679668184996,0.00256428349061127,0.318646286610561,0.0658759160949832,0,0.00617499548980412,0.000987019816532684,0.00155292643487485,8.815044676435e-05,0.665477523130726,0.000533242386183035,0,0.100509181083257,0.000988687853531409,0.0086737307183193,0.00036085475962674,0.0277356848915147,0,0.0926393459106169,0.000564303139312601,0,0.00684639942020674,0.00182279029209014,0.00670224646648953,1.16126151402697,0.595784114717253,0,0.00102146544470155,0.00332535726718284,0.0264562346482974,0.00064364009231171,0.00381562103571484,0.000646383460092008,0.0100537327275683,0.00254021711567268,0.00183093993391047,0.000255040084877097,0.000230589488727486,3.33694403591335e-05,0,0,0,0,0.000172894605176258,0,0,0,0,0,0,0,0,0,0,3.38509146472097e-05,6.07300601257443e-05,3.95245525602818e-05,0.000199739494310069,0.000111103073343539,0,0,0,0,0,0,0,0,0,0.000135472431484425,0.000117911870864021,0,0.000108112677006483,2.89397715873003e-05,3.55257996106744e-05,0,0,0.000115522472233391,0,0,0.000110419453992569
0,0,0.000268128916261899,6.56773966205239e-05,9.18284274983048e-05,0,6.0812987409246e-05,0,0.0886706332951135,0.000211544452083587,0.00107679470544182,0.000413964168752408,0.0305791114855745,0,0.00395026284996586,0.0264310105357061,0.000151110043955433,0.000115425939886046,0.000490340523147643,0.000159215845171582,0.00203247502198588,0.245261618204222,0.0015504125523882,0.154699580940742,0.203635398711879,0.0148421157248532,1.69934439648743,0.00777287324354527,3.72035303206444e-05,0,0.0136902525953045,0,0,0.0013655179959141,6.60996368396521e-05,0.00329042195790688,0.00291385492936362,0.00115149565446131,0.000749746272281745,0.00274000601610713,0,0.00134033239589644,0.00694314574992916,0.00192330306230819,0.00179987710532718,0.00232043199298778,0.000220456603212977,0,0.000539699005019903,2.52983229692221e-05,0.0885586087533564,0.00140753460462227,0,0,0,0.000639338015413666,0,0.000452518982595384,0,0.0044436224540797,0,0.0129606749545569,0.000114492495794886,0,0.00447907605887755,0.00161682484549012,0.000397953701535368,0.00152098517927779,0,0.000179773629442501,0.00623277088237385,0.00308674404129916,0.00247852461912255,0.0067612727897473,0.0122697368454017,0.221438680075216,0.000515235423344874,0.000115690247369516,0.000204125626051551,0.00506828575810056,7.2757023298979e-05,0,0.00071752828022781,0.000330849660738325
0.00848255717706598,0.000268128916261899,0,0,0.000637320645477832,0.0116919494171313,0.242673392017128,0.170307441598757,0.000223990559848946,0.00673851324025357,0.0114896775016797,0.000828486634557768,0.000225374272077644,0.0978057345170619,0.00263027759321024,0.00976631510400408,1.52868462700368,0.00817684000951143,0.0694199086174012,0.000185066486647939,0.684614238121004,0.000897770066979912,3.71345049102199,0.00758035502717947,3.88272001075268e-05,2.85501819401905,1.6134099566309,0.282252493374617,0.0303685955767305,0.0432930968039344,0.000104845908707667,0.00207942374512969,0.0021877261227372,0.159091385126493,0.0339147239785248,0.646445417724158,0.191406694575884,0.317234606616504,0.275341768429874,0.00585905773487539,0.00326409180401413,0.000753403568692769,0.0286027280622322,0.0017205186564098,0.0119850160705424,0.0122348267596002,0.000436402727126908,0.000302652930497599,0,3.33638046245813e-05,0.0154498429444014,0.0228031497934105,0,0,0,0.0117692017420705,0.000430530527148175,0.000522403619236767,2.10800262525797e-05,0.000606170315352321,0,0,0.00244301959986327,0.000329678435733986,0.0392214670597943,0.00545029574148895,0.00017238379780882,0.00190859016876217,0,0.00547272903585196,0.00472198610797341,0.0528410901432772,0.00631273336473594,0.000221050224281871,0.00276394888193015,0.421790606824678,0.00541774839970985,0.000160821141513866,0.000467718548356879,8.29578226157902e-05,0,2.31545795851707e-05,0.00111361841533939,0.0194149942485822
0.000145102454179251,6.56773966205239e-05,0,0,0.00202616554972066,0.0107755978005299,0.00577432409209571,0.0125854255562086,0.313346460258666,0.847467648340234,0.00152009659596409,0.104962916481974,0.0001841778124686,0.0078620105654598,0.0300089614854047,9.11146655377626e-05,0.000224550157932591,0.000364612355178743,0.000694342142387766,1.64415020317192,0.00022400218858521,0.000343485890390849,6.84543392532766e-05,0.738187358975691,0.000291343537381101,0.000893225137214103,0.00120590727966594,0.499467935910111,0.0108137852508024,0.00041581080215844,0,0.000980284169979333,0.000217712287538886,0.0185590856744096,0.00454499624434687,0.0877998405787132,0.000404853484469152,0.0128170821482474,0.00447714193425494,0.0700863218415541,0.00404616367494652,0.000338551440295339,0.00883775819835391,0.000262085176418537,0.00476473755740451,0.000853664952933791,0.0157377166680249,0.0016914325581067,0.000332084417343163,4.36322864493489e-05,0.000832719079466941,0,0.131944995438765,0.000961255241334522,0.00303237353899015,0.00178004172764297,0.00730604004451151,0.0456819349278254,0.11424021310001,0.000767615829757438,0.0330336729531207,0.000136637523058343,0.00137811800115484,0.00464365287743942,8.49222178859114e-05,0,5.98782422873914e-05,0,0.038617542641452,0,0.000755561693628821,0.000110137177829606,0.210799496435556,0.001268114589932,0,0.000507978788342613,0.118112362116584,0.00193064553848969,0.000115097311923146,0.000125893597119516,0.000459274190041983,0.000422933457845736,0.00176748715522018,0.00155351279908364
0.000323679668184996,9.18284274983048e-05,0.000637320645477832,0.00202616554972066,0,0.165302789522502,0.00808166387101886,0.0843376575850885,0.0136571211465017,0.0248509337978393,0.000672142232280243,0.06164238580405,0.000292546251458526,0.00616595675045319,0.209946479154288,0.000359525649384689,0.00229005250702829,0.000191973600786436,0.00035523908779397,0.00652364006189827,0.00447075901777441,0.000784620379421687,0.00539780838198544,0.00614130102513059,0.000291635862457341,0.000524668701286757,0.00207413226123443,0.0111857367366552,0.00175789158092699,0.00361090915077602,0,0.0926699472883941,7.14405619664671e-05,0.0852231435659924,0.0295971104135356,0.0543681187877363,0.00204987897774799,0.010652522514689,0.0173325683255598,1.85405862077647,0.34827979383278,0.00261875954161685,0.00193931045867976,0.000698389419652055,0.00230705726527047,0.0028645041338981,0.00244126489047125,0.0012294569079287,0.000187831771632636,0,0.000115377591107249,0,0.00293588311787524,0.000117164662088966,0.0010412902757766,9.31419233068823e-05,0.000784907750255641,0.000394346860333789,0.0032673706120097,0.00319901255522327,0.00322293228954658,0.000233859515798426,0.0020635129575152,0.00095508729023205,0.000216244551443672,0,0.000112509813815546,0,0.00104302078703024,0.000194098848883331,5.11687442424059e-05,0.000977111464134672,0.00271263308611199,0.00105620076903859,0.00045535969018811,0.00129459674344741,0.00233272560343461,0.00028115159333353,0.000106883320711595,0.00015199282425921,0.000928565416042997,0,0.000440871812998557,0.0108693443726897
0.00256428349061127,0,0.0116919494171313,0.0107755978005299,0.165302789522502,0,0.151997477504943,1.72187682164726,0.00816206224409678,1.9029674496447,0.0219033125043027,0.37247115483762,0.00168551024572978,0.0875975489082463,0.255243925116903,0,0.0283611797999002,0.00753644480753153,0.00661915801419654,0.0313385384691199,0.00466149726926424,0,0.0275150152579487,0.0131055159036315,0.000263554475815714,0.0179587718702579,0.00162954742640852,0.244242934596507,0.0481853363215159,0.0397434296027787,0.000571416605179906,0.175210253562302,0.000189298338865352,0.0531737569907601,0.100359616046295,0.116446119447766,0.00735707530093947,0.0434353424920849,0.0248965996572195,0.382699198821386,0.0288169780344937,0.00609243938209938,0.00262927887248535,0,0.00333862608687128,0.0015769054466348,0.00298527014807819,0.0017501065890988,0.000890075600041464,0,0,0,0.00483217096135005,0.000282240659282017,0.000621049633440698,7.19849297304627e-05,0.0017963681904344,0.00141901682211307,0.00540521366077722,0.00436165641955381,0.00500067713629727,0.000183510930980783,0.00199643797100523,0.000541424601268697,0,0,0,0,0.00171777318839424,0,4.98073044201374e-05,3.59696121578097e-05,0.010829395576736,0.00152290523211761,2.82621534985543e-05,0.000304862852976358,0.00507869279969439,0.000434017752000642,0,8.26014310708759e-05,0.00157819127179213,0,0.000844006801129282,0.00919516765935862
0.318646286610561,6.0812987409246e-05,0.242673392017128,0.00577432409209571,0.00808166387101886,0.151997477504943,0,1.87658647091555,0.0112714820340569,1.11063175505653,0.0295811045205772,0.019029618405854,0.000944292923539678,2.47137883305484,0.0328097840636578,0.000468356507725823,0.198740411549636,0.0153420255827766,0.0322739580122449,0.0157220233445935,0.114567007264273,0.000217269687221938,0.415710189906871,0.0308573767423101,0.000177946775833297,0.0835503745554832,0.0282967913178686,2.39222080632595,0.459958533201762,2.86235482104326,0.000688161794321382,0.0276353329183649,0.0160716720645691,0.313462671546113,0.0827399533144981,0.526252424662909,0.0189598708173079,0.258351523513453,0.120406808336439,0.0691175413725932,0.0340792386140149,0.00330523334154167,0.00783278679745785,0.000324448969700336,0.00420321078455393,0.00200942968767656,0.00261961611131494,0.00113007028096884,0.000764912325144624,0,8.7872860507274e-05,0.00017745735286721,0.006275674756844,0,0.00046516450945456,0.000435935312230855,0.00170894185605257,0.00667851553443654,0.0125132919909491,0.00169549426235581,0.00142757304841649,0.000348938235373396,0.000936905679511486,0.000393451404273808,0.00261787931587653,0,0,0,0.00329462026005337,0.000233990603934067,0.000266928498606908,0.00164166130049733,0.043683313131365,0.000923506725776584,0,0.00345463920049633,0.0247155709523769,0.000414642334100098,0,0.000134660474748426,0.000640101241322171,0,0.000971478356425451,0.0114949928811721
0.0658759160949832,0,0.170307441598757,0.0125854255562086,0.0843376575850885,1.72187682164726,1.87658647091555,0,0.00832834201890822,1.38930478094845,0.0733365237324119,0.239628150169391,0.00526581208974591,1.80406113653406,0.10105289985597,0.000827884757106774,0.449121193762894,0.0280300768098993,0.0471094077844875,0.0727965014109384,0.0945770812403459,0.000151772318142486,0.489127951633553,0.0154331166996587,0.000498413827508199,0.103243528520365,0.0165773949049233,0.359701255323379,0.239407788567233,0.847628962861501,0.00115523291056678,0.373389123358648,0.0030899222445148,0.262364292080563,0.0646448792628759,0.463337442267744,0.0278106014419717,0.224275170668126,0.116957944283162,0.404344507967866,0.0492454952699326,0.0437977943247139,0.0170048352218985,0.00105934968460768,0.0289623412957643,0.00829310559537084,0.00889800948744426,0.0168562409231753,0.00780087729733544,0,0,0.000132411688624179,0.00405472844261971,0.00124540440319496,0.00800371000038441,0.000887245963600418,0.0201810327830692,0.00649808567337177,0.0114748586133694,0.0288190036236393,0.00527250421165967,0.000801435596077702,0.0223354933000875,0.00301198454589838,0.00049875427006889,0,9.05312916344407e-05,0,0.00295075311810568,0.00018479162635994,0.00010318554159466,0.000266337155374294,0.0489868122020472,0.00530389263659783,0.000589565626114112,0.000996939481702366,0.0218202804795696,0.00344148538572598,0,0.000897482045630607,0.020189779263428,5.68876002000928e-05,0.00876767150958037,0.00970162844845351
0,0.0886706332951135,0.000223990559848946,0.313346460258666,0.0136571211465017,0.00816206224409678,0.0112714820340569,0.00832834201890822,0,0.172583650143794,0.00112768645198866,0.141444697655623,0.0155474779214565,0.00235128485999836,0.218618209267382,0.0216763288014963,0.000100994568731237,0.000244822361835605,0.000337988657784182,0.0806853879126677,0.00817341373278423,0.42015406475471,0.00312777037978657,3.22496321851662,0.071696423790592,0.00827562994249176,0.491444080401431,0.473262626880483,0.00442497064054016,0.000750635219057991,0.00637426740607301,0.00188838210567244,0,0.00634583027633669,0.00168776733986433,0.0372914320289259,0.0017743220415038,0.00612096457715789,0.00336421099179553,0.130107762557744,0.00172976177322709,0.000508623952943456,0.0162435140760241,0.000740489719741119,0.00488652525033845,0.00149613870633422,0.0194272016543874,0.000984856762135882,0.000504471087745154,0.000100768032440496,0.00616724062406447,0.000212629532334864,0.107367912649201,0.00349659223630143,0.00264296657036438,0.00175316489717303,0.0063599482828903,0.137070492311771,0.0798770909760156,0.00223377889006004,0.0472786776851042,0.00260774931534596,0.00390358625494559,0.0115731249021462,0.00682789408000711,9.13956633864403e-05,0.000315167984629303,0.000133893095867336,0.0289219685331444,0.000776921100734791,0.0204137298444623,0.00104413757112793,0.359209182432428,0.00158724189802032,0.000504077176953137,0.0166341709427738,0.106491034266726,0.00271450329915053,0,0.00120765231083517,0.000505257131253904,9.07991552684785e-05,0.00174531584300642,0.0025474468379257
0.00617499548980412,0.000211544452083587,0.00673851324025357,0.847467648340234,0.0248509337978393,1.9029674496447,1.11063175505653,1.38930478094845,0.172583650143794,0,0.100108264970968,0.616270781057037,0.00439224435541224,0.377240774318586,0.0988506961837486,0,0.0108946571639463,0.0411681909441962,0.0327380878822017,0.990867701836877,0.00277624448729071,0,0.0119746507238846,0.230280775234612,0.000593165334363276,0.0561671896216251,0.00378931419505307,1.64296830476989,0.33833958557015,0.0331904905361319,0.00188367034040379,0.0484417865460658,0.00107750124564944,0.336252525685561,0.0329796313802833,0.624148074943657,0.0239668129801837,0.208733404339572,0.0521194475093923,0.209608133555635,0.0545753185551991,0.0122605276751599,0.0204538914890377,0.000317379234985423,0.010956316360306,0.00241640698497859,0.0222489984148831,0.00358497201347483,0.00191438493056786,0,0.000437616820060098,0,0.132586940100154,0.00145183232490464,0.00168563727175847,0.00381306505352699,0.00704131601851034,0.0358314196903622,0.156009162420871,0.00655993857461589,0.0441529154358705,0.000760140555514248,0.00143462890340552,0.0055400807846329,0,0,0,0,0.0501310634119574,0,0.000834718718213009,0.00010012393964113,0.279811348701447,0.00487747434325282,4.4426823829925e-05,0.000539420840526963,0.170895901825824,0.000724151473328824,0,6.70221130355358e-05,0.000288098409559518,0,0.00394937486966956,0.00444248577453801
0.000987019816532684,0.00107679470544182,0.0114896775016797,0.00152009659596409,0.000672142232280243,0.0219033125043027,0.0295811045205772,0.0733365237324119,0.00112768645198866,0.100108264970968,0,0.0616013459472341,0.762634254027524,0.081758778843018,0.00413163243311117,0.00118336001501402,0.0673240844510479,1.27366209912692,0.224471356985653,0.017092822106388,0.0147799257451421,0.00129529941567012,0.0373818899837317,0.00345284040578246,0.0314510683828272,0.713854575281673,0.0490521394479399,0.0267445325636862,0.279274585961627,0.0100406076511205,0.0570208220962895,0.0562104683994483,0.00121366828916165,0.972401048563522,0.00709699706142968,0.105550483691899,0.456723365561097,0.628591820803596,0.114266139250829,0.02119100456534,0.0029946534540506,0.205389557831928,0.00310783560129212,0.00249280935172722,0.00760951324801595,0.000951297825623394,0.00253930206361228,0.000525167731228709,0.0060546655274198,0,0.00216804498533964,3.72513462963939e-05,0.000124963461363554,8.8958531385183e-05,0.000454855790674126,3.49616066170335e-05,0.000515063162750542,0.00104934958476411,0.00047127324094398,0.149251765924043,0.000440971829216987,0.315246962652715,0.00162206140317363,6.53298975171566e-05,0.00121138609133006,0,0.000386911098186302,6.48506101997256e-05,0,3.56910800720692e-05,0.000501684449336028,0.000756816343612535,0.00388232092474967,0.0354615302101238,0.0730278587638522,0.078797171039959,0.00166916788764746,0.00297463326805381,0,0.20303075680815,0.0037160749829317,0,0.0121981366469689,0.00463285696396611
0.00155292643487485,0.000413964168752408,0.000828486634557768,0.104962916481974,0.06164238580405,0.37247115483762,0.019029618405854,0.239628150169391,0.141444697655623,0.616270781057037,0.0616013459472341,0,0.00415704417291499,0.113745555180843,0.604057153452668,4.285702084409e-05,0.00296793539682344,0.0223705353620297,0.0165097278131484,1.30857600540506,0.000469845524965984,0.00075828170274532,0.00144960017545227,0.11684259506898,0.000880540379116644,0.0365685158553306,0.00636054377083498,0.0594910023939668,0.0983756766806756,0.00705146640598542,0.00137207289419668,0.0295943248634489,0.000125389047090185,0.139532937087764,0.029380559436321,0.230488244232824,0.0151447190014111,0.084253006390483,0.0215108752245442,0.500442056554556,0.0123411469260775,0.00760819417842668,0.0058263958135946,0.000191345710982049,0.00649187874297664,0.0010075007904295,0.049280896001256,0.00221834681565737,0.0012252623767061,0,9.59681130491493e-05,0,0.0806663748875748,0.00390149629988772,0.00256861031600432,0.000805844435967635,0.00511696169655359,0.0129514552149895,0.0769710839402167,0.00581759679018187,0.202592409779449,0.00134745133435317,0.00165029721802854,0.015609214196657,0,0,9.02747035997629e-05,0,0.0452443712703577,0,0.000346263586795354,0,0.0887438782916587,0.00770150786669711,0.000959152434984556,0.000422939634643847,0.0527183167378602,0.000710311081944084,0,0.000791923403396188,0.000774362398773246,0,0.00133591951042057,0.0113552855576017
8.815044676435e-05,0.0305791114855745,0.000225374272077644,0.0001841778124686,0.000292546251458526,0.00168551024572978,0.000944292923539678,0.00526581208974591,0.0155474779214565,0.00439224435541224,0.762634254027524,0.00415704417291499,0,0.00386602450131142,0.00242999774368004,0.00069039838586427,0,0.000325370533109605,0.00025114224441151,0.00110585151196813,0.000686148038359702,0.0425857161449426,0.000183124374109888,0.0133134082861432,0.709125444671025,0.0367152134702035,0.237429698448726,0.00554819371260608,0.00899048872147335,0.000421564567041325,0.115685753171687,0.00337989391730705,0,0.146217770249656,0.000179604379804921,0.0070672860904743,0.115403118312495,0.071287827259398,0.00250122224781569,0.0147776134914363,0.00115920419524769,0.192240376719575,0.0073470099347878,0.00865255096083601,0.0172375211357302,0.00295766535169671,0.00305983908171953,0.000319756560877252,0.0231050649259217,7.70432462086919e-05,0.0246085569338389,0,0.00030884111159482,0,0.000241627457929122,2.53185901362777e-05,0.000965263830489211,0.00226921740290182,0.00109037411626444,0.387482070656775,0.000634173547221458,0.993608494606898,0.00405292012973048,0.000310328359020209,0.00241671530034161,0,0.000886571226365348,0.000363722493550754,0.000192356269021142,0.000162800131044185,0.0019128149417205,0.000692244085832405,0.00292067844711711,0.20389637161857,0.148230558056573,0.32790669732054,0.00134443344290075,0.00919843153441295,3.63313110819101e-05,0.453794794997762,0.0064441637478604,0,0.0425838392284983,0.000204611127339399
0.665477523130726,0,0.0978057345170619,0.0078620105654598,0.00616595675045319,0.0875975489082463,2.47137883305484,1.80406113653406,0.00235128485999836,0.377240774318586,0.081758778843018,0.113745555180843,0.00386602450131142,0,0.011973991406961,0.000277397673709523,0.465521740542192,0.0316904270063685,0.0562270738424584,0.0370719073065022,0.112218129015748,0,0.474128417047124,0.00885079788175531,7.71242074902533e-05,0.088380375845766,0.0153412299075105,0.160062860306751,1.28710665371511,1.35100714142176,0.00142153257147551,0.145574883629653,0.00432656525093079,0.225900932999737,0.0128613175842666,0.16669728261815,0.0195079185218446,0.142172765078525,0.0499346321124156,0.0525859775558832,0.0127060758984342,0.021896373963045,0.00808053084675394,0.000116291831572318,0.0109436964905982,0.00242931601598641,0.00348821216129367,0.00559092838906685,0.00195462340203842,0,0.000142424747146511,2.36234256149888e-05,0.000330399495857191,0.000491961933684397,0.00251070941320991,0.000130144140811253,0.0060793340978391,0.00245054621215816,0.0018980627074844,0.0114395467445077,0.00172506815423894,0.00102928974211264,0.0074547269311875,0.000588963953110802,0.0001952483425448,6.48760608382821e-05,0,0,0.000536965791474414,0,7.96255732355591e-05,0.000109325043492591,0.0129505725627237,0.000879883982284129,0.000172767418067574,0.00063447393868801,0.00599100260542553,0.00133508626840937,0,0.000339320677791709,0.00637249933013944,0,0.00315533181467359,0.00236116729297375
0.000533242386183035,0.00395026284996586,0.00263027759321024,0.0300089614854047,0.209946479154288,0.255243925116903,0.0328097840636578,0.10105289985597,0.218618209267382,0.0988506961837486,0.00413163243311117,0.604057153452668,0.00242999774368004,0.011973991406961,0,0.00258423879854405,0.00385888053763251,0.0019866325652424,0.00165068616631776,0.0490645482078638,0.0358364207800759,0.00950145524626803,0.0342769532171926,0.120291559671278,0.00211765913941591,0.00619445492744092,0.0387590052825947,0.0996484985731349,0.0138022949467261,0.0261419407539129,0.000197243221170628,0.101617853737795,0.000490369013654745,0.0454651966786005,0.311669262826722,0.0809548580594088,0.00473632914946964,0.013700598975826,0.0161711467589163,1.22601276683782,0.00812150969555584,0.00135647646864026,0.0073925210231434,0.00438010397127416,0.00305131568475733,0.0139237756521744,0.0324906713333087,0.00127366527011871,0.00219994263988738,0,0.000445618394261646,0.000915866026513029,0.0363550019195013,0.00221578997850649,0.00228032610067534,0.000643811694130182,0.00229093568177153,0.00647495694712514,0.0326835631272153,0.00422916220015072,0.0456455188432354,0.00120197398508134,0.0012057319523564,0.0067937381975695,0.00109840292124495,0,0.000466538199616647,0.00124735776035545,0.0159334977599231,0.00114994731435169,0.000821229929341151,0.00276743349439559,0.0375511822909882,0.0092677139673131,0.00210203462811749,0.00930611127177172,0.0238670433318522,0.000415163103645432,0,0.000683001728982258,0.000702290958762047,0,0.000889056422157727,0.0773635102004521
0,0.0264310105357061,0.00976631510400408,9.11146655377626e-05,0.000359525649384689,0,0.000468356507725823,0.000827884757106774,0.0216763288014963,0,0.00118336001501402,4.285702084409e-05,0.00069039838586427,0.000277397673709523,0.00258423879854405,0,0.0073122951811916,0.00033350063055771,0.00251784338579912,0,0.61156878282613,0.741647199653541,1.13857362830251,0.300296881696871,0.00296678781547058,0.0113964463916861,1.06065611247408,0.136206590564338,0.000172420063523173,0.000793918911886085,0.000503298865283948,0.00021723221753791,4.74407378456473e-05,0.0148000722921964,0.0328328483599733,0.42679764335255,0.143177974473043,0.0817447597499048,0.0855136178475941,0.00177075017118126,0.00128063687407714,8.60880198638918e-05,0.099955298408871,0.00684796496489846,0.0267427561983284,0.0175465240273943,0.0131750285384247,0.00401295608900128,0.000207756156337428,0.000444301404256344,0.00535777303238336,0.0071826274592349,0.000406290317987657,0.000840801255617759,0.000559271390707225,0.00378611497089863,0.00109340294670034,0.0144968317047198,0.000551965566419035,0.00364056983173218,0.00148683052146114,0.000406254271176881,0.00202361340867106,0.00522653942911903,1.39247720368057,0.00376158776882259,0.000208988856074691,0.00164095844654335,0.000184673067356407,0.0571930255609182,0.297888875673605,0.433007285863879,0.280687272176954,0.000618919346431268,0.00135007930484104,0.296658643683868,0.0881041412377402,0.00694447974213402,9.64183853169443e-05,0.000127976677365983,0.000223739058224749,0.00109537455133262,0.00931162866622392,0.0144951552585194
0.100509181083257,0.000151110043955433,1.52868462700368,0.000224550157932591,0.00229005250702829,0.0283611797999002,0.198740411549636,0.449121193762894,0.000100994568731237,0.0108946571639463,0.0673240844510479,0.00296793539682344,0,0.465521740542192,0.00385888053763251,0.0073122951811916,0,0.0420075205544312,0.825139489594501,0.000677285518453652,0.330975867753739,0.000341276585385388,1.18739417365539,0.00291946758197912,0,0.394164168967475,0.596463203643917,0.135837319784084,0.602166097770218,0.137785960189957,4.04288680197597e-05,0.0067969115972972,0.0399535310259595,0.617813714268944,0.0200218373867959,0.454227968905384,0.111933241516903,0.40108660250492,0.222184483016391,0.0134998547409426,0.00453732913002994,0.000581225472097409,0.00178765416769378,0.000365551288380361,0.000546204232841706,0.00119130864965703,0.000106520075006556,9.356865724473e-05,0.000139290725281191,2.08624464223564e-05,0.00133437704973062,0.00119592232753689,0,0,8.91062376065491e-05,0.000305877483448041,0,0.000110401698021269,0,0.000192890009635997,6.84155871247053e-05,0,0,6.26541564863562e-05,0.00481830370471402,0.000201309479027176,0,0.00014963472470988,0,0.000255652046348542,0.000366461332505155,0.00477046645814522,0.00087331268275428,0.000115868463793254,0.000227133736427081,0.030019817149229,0.000511049094811034,1.81480069563151e-05,7.20238945672277e-05,0,0,0,0.000102682843985224,0.00896337467800042
0.000988687853531409,0.000115425939886046,0.00817684000951143,0.000364612355178743,0.000191973600786436,0.00753644480753153,0.0153420255827766,0.0280300768098993,0.000244822361835605,0.0411681909441962,1.27366209912692,0.0223705353620297,0.000325370533109605,0.0316904270063685,0.0019866325652424,0.00033350063055771,0.0420075205544312,0,0.198854553233863,0.00717194188555531,0.0106508679299347,0,0.01928286981721,0.000626672975159186,4.30226606377721e-05,0.253496516099305,0.0277345857807832,0.0113581010107431,0.0998166240768259,0.00518278966166301,0.000729146481240386,0.0135356334588554,0.000953742842283691,0.288142531419688,0.0103707093988751,0.181167624883582,0.211286164244046,0.566456750634494,0.219825353977993,0.00537901244109151,0.0030321161290345,0.000385438707292378,0.000672174159160483,0.000177264085789967,0.000188850329977941,0.000251847111865378,0.000253047847550094,7.52376551582816e-05,0,0,0.00027353755693872,3.53400000365972e-05,3.19505693247378e-05,0,3.95797162617683e-05,0,0,0.000340552190080321,0,0.000607182477995938,0.000157814009378785,0.00233918478716055,0,0,0.00010279812563048,0,0,0,0,0,0,0.000125365494304341,6.21423392712832e-05,0.000137597353291082,0.00694389107737258,0.00829656982502206,0,0,0,0.00666499842646321,0,0,0.000167708723670906,0.00700063077516411
0.0086737307183193,0.000490340523147643,0.0694199086174012,0.000694342142387766,0.00035523908779397,0.00661915801419654,0.0322739580122449,0.0471094077844875,0.000337988657784182,0.0327380878822017,0.224471356985653,0.0165097278131484,0.00025114224441151,0.0562270738424584,0.00165068616631776,0.00251784338579912,0.825139489594501,0.198854553233863,0,0.00544233082744122,0.071604860457391,0.000127774819355893,0.156065446171423,0.00130036409480799,2.81363706769705e-05,0.199422424769952,0.161035218343724,0.0332094044784449,0.149159697716588,0.0122420614195745,3.60266592561126e-05,0.00875845246596123,0.00880644312676544,0.6521287919087,0.0260882436465057,0.480905213695892,0.163940886938071,0.638917686016255,0.377436417893605,0.00527221119889578,0.00361359448019653,0.000467519193282032,0.0010403681733689,0.00107726139754304,0.00046411416878798,0.00208157209168425,0,0,0,0,0.00122624092939009,3.73516826096773e-05,0,0,0,0,0,0.000230354181837755,0,9.62712408104182e-05,0.000119067547518987,0,3.58089204110265e-05,0,0.000739829669697017,6.69041033560753e-05,8.3620460265386e-05,0.000188291547619891,0,6.56576663867712e-05,0.000156359917584849,0.000903801131067076,0.000239553201974976,9.01920778249623e-05,0.00267072132602197,0.0158776682962481,8.81218653916118e-05,0,0,0.00020142406059401,0,0,0.000299266262927121,0.0143939178203995
0.00036085475962674,0.000159215845171582,0.000185066486647939,1.64415020317192,0.00652364006189827,0.0313385384691199,0.0157220233445935,0.0727965014109384,0.0806853879126677,0.990867701836877,0.017092822106388,1.30857600540506,0.00110585151196813,0.0370719073065022,0.0490645482078638,0,0.000677285518453652,0.00717194188555531,0.00544233082744122,0,0.000422589837052918,0,0.000573528855360616,0.213245361768501,0.000137001704266405,0.0100949087589303,0.0015032598317616,0.168173707016999,0.0408964354647594,0.00233520281337667,0.000217929611293227,0.00779639925706841,5.81538913108349e-05,0.0458148276653212,0.00388865051755785,0.118155181837084,0.00424376519997067,0.0283274391217903,0.00816470901551074,0.0838973233703645,0.00811674946999141,0.00157749620543617,0.00471221764941721,0,0.00215052158050379,0.000958662448238505,0.00996758335274892,0.00100108399965294,0.000362050379989183,0,0.000366424783868253,0,0.0487285235034123,0.000929761397802853,0.00189611801560136,0.00116518656567966,0.00293947356402493,0.0101059501252677,0.048916783576415,0.00105749715526096,0.0259285645497363,0.000687091545820034,0.000660642653257609,0.00302881901987381,0,0,0,0,0.0180643058176907,0,4.65202317819596e-05,0,0.0721098890409194,0.0021008332398523,4.09520145275235e-05,0.000137764626601082,0.0437791817465429,0.000605963050836897,0,9.03422952420832e-05,0.000263312492366874,0,0.00117890248972941,0.000634109253588694
0.0277356848915147,0.00203247502198588,0.684614238121004,0.00022400218858521,0.00447075901777441,0.00466149726926424,0.114567007264273,0.0945770812403459,0.00817341373278423,0.00277624448729071,0.0147799257451421,0.000469845524965984,0.000686148038359702,0.112218129015748,0.0358364207800759,0.61156878282613,0.330975867753739,0.0106508679299347,0.071604860457391,0.000422589837052918,0,0.0563742155321496,3.71791610583461,0.137085653924609,0.000364384972185486,0.128739801412045,0.896607523435375,1.13017703197266,0.184718318368727,1.40569324148301,0.000263201605314189,0.00686452029757537,0.0438576782729502,1.15300481930793,0.246983064433564,1.76167852681663,0.224311486356514,1.10001313787056,0.755082060136039,0.0213323941484463,0.0182583551675188,0.00141031162366476,0.0875325278878068,0.00315373515882723,0.0220914905153106,0.0144572670515023,0.0128224993922478,0.00608084480098932,0.000618883607324576,0.000472120761250782,0.00225664890532033,0.00255107424367278,0.000128146211991238,0.000255677920338357,0.000513015464343607,0.00156017653787697,0.000644286838800669,0.0051616985167608,0.000781277081606186,0.00579665607127472,0.00056631318217398,0.0002465435614267,0.0019263818378669,0.00342949309811847,0.23418321786912,0.000523004714004213,5.42764357246041e-05,7.34984476502598e-05,0.000101337177611291,0.0199921413178049,0.083942356402219,0.0701042942568647,0.212669311614779,0.00140452274747412,0.000342987620416034,0.0712545772206148,0.065435791544453,0.00480727121016695,0.000394392776391697,8.0841704450172e-05,0.000671887432646489,0.000917641584405654,0.00961380855228627,0.0651960513451297
0,0.245261618204222,0.000897770066979912,0.000343485890390849,0.000784620379421687,0,0.000217269687221938,0.000151772318142486,0.42015406475471,0,0.00129529941567012,0.00075828170274532,0.0425857161449426,0,0.00950145524626803,0.741647199653541,0.000341276585385388,0,0.000127774819355893,0,0.0563742155321496,0,0.0631871089967049,1.20129213172878,0.178491447910438,0.0102181791477474,0.965893067793805,0.127029640901192,0,8.86504060139417e-05,0.0177597678878374,5.64225787874937e-05,0,0.00186826808851584,0.000640888435107267,0.00728977310490698,0.00337400029575465,0.00143920479357163,0.00147026075560403,0.00481815643836493,6.13848792003989e-05,0.00199040619444887,0.0117047454629163,0.00135302283103101,0.00391566322519547,0.00341436669984513,0.00131310110477634,0.000151500489462519,0,2.26290808965147e-05,0.0353309802881642,0.0011376940048795,0,0,0.000101609819951725,0.00103780709651006,0.000480856046550202,0.00560826425962102,0.000131058649742973,0.00444318996876013,0.000402357343497908,0.0116692074790499,0.000107355830278641,0.000739600145165935,0.216758184753037,0.00181980533530047,0.000111735027320004,0.000697141691977695,5.49659365603686e-05,0.00369698236986691,0.0923334706120745,0.0422806205850728,0.0331086189461089,0.00308723920119108,0.00419664632266318,0.175937146499362,0.00860560872632463,0.000597917501797843,0.000346055337213832,0.00439391063498697,0,0.000129169904244971,0.00104102813874275,0.000957252347803096
0.0926393459106169,0.0015504125523882,3.71345049102199,6.84543392532766e-05,0.00539780838198544,0.0275150152579487,0.415710189906871,0.489127951633553,0.00312777037978657,0.0119746507238846,0.0373818899837317,0.00144960017545227,0.000183124374109888,0.474128417047124,0.0342769532171926,1.13857362830251,1.18739417365539,0.01928286981721,0.156065446171423,0.000573528855360616,3.71791610583461,0.0631871089967049,0,0.0573522537225138,0.000303082960379875,0.421799189266751,5.40710303922459,0.74538790777136,0.365901253932288,0.634222900879191,0.000117601176473439,0.010512444488236,0.0336950731841615,1.48142803430431,0.382634633828726,3.63358928370813,0.856711321812792,1.85213855825739,1.35819915499347,0.0321149976688506,0.0222532371068047,0.00210843177952593,0.0460432111883554,0.00617592588783135,0.0150348446369448,0.0221735901450376,0.00553759968605465,0.00135727701554356,0,0.000262466735679459,0.00433422787772439,0.0145449132001829,0,0.000211072165550375,8.1518378775382e-05,0.0055659209084119,0.000108450814884228,0.00611161081490791,0.000151216470331448,0.00209745508680493,0.000713510700537991,9.63430453140379e-05,0.00108896815021547,0.00161941217838748,0.706300484634062,0.00275401260693527,0,0.00144930075872618,0.000443791829770374,0.040648524022376,0.090517595479862,0.334914606920507,0.101813683574976,0.000563319403157115,0.00132621496964382,0.383166922493325,0.0391773929329952,0.00171804411771092,8.69334605867085e-05,0,0,0.000301226530006194,0.00336177548505008,0.109964919816683
0.000564303139312601,0.154699580940742,0.00758035502717947,0.738187358975691,0.00614130102513059,0.0131055159036315,0.0308573767423101,0.0154331166996587,3.22496321851662,0.230280775234612,0.00345284040578246,0.11684259506898,0.0133134082861432,0.00885079788175531,0.120291559671278,0.300296881696871,0.00291946758197912,0.000626672975159186,0.00130036409480799,0.213245361768501,0.137085653924609,1.20129213172878,0.0573522537225138,0,0.0596417266658,0.0126271977177701,0.828963993155018,1.46957384082078,0.018669692811373,0.00165480053959364,0.00555926836261281,0.00208575201212563,0.00193623995395905,0.0599640784710804,0.0271862934101963,0.357083096114497,0.0408753160255373,0.0388967889868491,0.0377101765375902,0.0896712876118254,0.00636244414300412,0.00213397362652955,0.2942172345442,0.00414009447924815,0.101461140305388,0.0278515651513196,0.0815518938155321,0.0246478065703527,0.00346142976706605,0.000678499898439646,0.0106355605293798,0.000887982543161202,0.129502222465791,0.00239459575056338,0.0116277786037305,0.0103242912092022,0.0370176614284778,0.42457281016782,0.192834062912284,0.0305376842499667,0.0301052744748446,0.00403213895022864,0.0236202149810017,0.0169647506189915,0.128456022213752,0.000189688695571929,6.46294515025258e-05,0.000157904587961852,0.0460386271244123,0.0104961074726401,0.116885877402954,0.0292529735328175,1.49157328231575,0.0138161291262056,0.00118120175790976,0.0518198653727333,0.647061855203784,0.0224078388094426,9.57448066187384e-05,0.00254599019982883,0.00463923254304655,0.00171768256437835,0.0320487850674395,0.0201246987425182
0,0.203635398711879,3.88272001075268e-05,0.000291343537381101,0.000291635862457341,0.000263554475815714,0.000177946775833297,0.000498413827508199,0.071696423790592,0.000593165334363276,0.0314510683828272,0.000880540379116644,0.709125444671025,7.71242074902533e-05,0.00211765913941591,0.00296678781547058,0,4.30226606377721e-05,2.81363706769705e-05,0.000137001704266405,0.000364384972185486,0.178491447910438,0.000303082960379875,0.0596417266658,0,0.0533350934065135,0.78466630824002,0.00513467107856452,0.000192936743484628,0,0.149639983164117,0.000268595077625203,0,0.0977792895998714,0,0.00187725887765769,0.00286468637525649,0.00547103462716755,0.00061423781670295,0.00760598860717276,0.000273832680263519,0.0931968109317203,0.00609544245625777,0.00431749654450618,0.0053590888638518,0.00272686301434745,0.00104972288970806,0.000154540093671655,0.0128405577024308,2.75647824596464e-05,0.0629456228203837,0.000309530955241847,9.93710311125518e-05,0,0.000181419495226073,0.000106590541307175,0.000177083703046864,0.00138998071849584,0.000726017987722954,0.0691110764829183,0.000120342006211317,0.275206911924907,0.00113999661856737,0.00012612250624243,0.000828687951504296,0.000669653914014196,0.000910069579562818,0.00162661737104906,9.87775669933918e-05,9.95777215223668e-05,0.00381677875478148,0.00117119033909913,0.00146914075816704,0.278591111793292,0.0496540540960177,0.352648423388618,0.000737364908347067,0.00207318137920169,8.36526060492039e-05,0.0656158921910585,0.00231169359967058,0,0.0180318009225543,0
0.00684639942020674,0.0148421157248532,2.85501819401905,0.000893225137214103,0.000524668701286757,0.0179587718702579,0.0835503745554832,0.103243528520365,0.00827562994249176,0.0561671896216251,0.713854575281673,0.0365685158553306,0.0367152134702035,0.088380375845766,0.00619445492744092,0.0113964463916861,0.394164168967475,0.253496516099305,0.199422424769952,0.0100949087589303,0.128739801412045,0.0102181791477474,0.421799189266751,0.0126271977177701,0.0533350934065135,0,3.22736047807384,0.0701112782846337,0.164806071925121,0.0164111266411358,0.0687649514373058,0.0230203070302778,0.00450473532493399,0.383026477770338,0.0632899534823959,1.37594732662745,1.86919563510094,0.901432179346048,0.672731974922941,0.0163044946403172,0.0092079473885666,0.00343014105683762,0.0853696719312282,0.0728804363736906,0.0482920192669794,0.0416211886193521,0.00135377932049169,0.000266052723217606,0.00187774975240883,0,0.191352164994693,0.0110212348553962,0.000173072313578486,9.85801861809972e-05,0,0.00252264859708119,0.000248465832214081,0.0014774449851504,0,0.0604245253709538,6.31953666695058e-05,0.22575431964209,0.00151144461793174,0.000407257964730209,0.0160317045193175,0.0169523490519088,0.0188528970605071,0.0473640895076875,0,0.00301097833288878,0.0057081852405388,0.0180038735924029,0.00409138783440558,0.0879063683339312,0.77229527721917,2.45020147565511,0.0020457947150722,0.00162675757672522,0.0014792783088059,0.453474687817373,0.00110893973755296,0,0.0256566135646235,0.0391752732937862
0.00182279029209014,1.69934439648743,1.6134099566309,0.00120590727966594,0.00207413226123443,0.00162954742640852,0.0282967913178686,0.0165773949049233,0.491444080401431,0.00378931419505307,0.0490521394479399,0.00636054377083498,0.237429698448726,0.0153412299075105,0.0387590052825947,1.06065611247408,0.596463203643917,0.0277345857807832,0.161035218343724,0.0015032598317616,0.896607523435375,0.965893067793805,5.40710303922459,0.828963993155018,0.78466630824002,3.22736047807384,0,0.424186293959297,0.0215732252289657,0.00924715354793878,0.35239967736602,0.00202017930717353,0.00143415968771778,0.384552350824878,0.188246808740752,3.33213353142713,1.12690499046839,1.07626007312324,1.06545319619055,0.0372066973618427,0.0152216750351955,0.0021102231624951,0.506846197439612,0.148951364751389,0.204337849984469,0.189826998221188,0.00912744241770703,0.00189989009802691,0.00261205933266149,0.00158221253050763,1.60785758889792,0.221431001664649,0.000124174227231908,0.000195132610701621,0.000225195423724711,0.116528897452451,0.00451457733302705,0.0167816554334021,0.000646653876224363,0.0161074741721226,0.000983504956136144,0.0714898560473198,0.0279735110031207,0.00393264980618023,1.04340698040555,0.141976914362899,0.0236080556389878,0.0863632434884625,0.000203787126776392,0.103886619866842,0.279455635898052,1.18188767374512,0.0940500871222269,0.147729007704264,0.829247416633963,11.7770883216135,0.0788229447574791,0.00420677017220973,0.0109197469936489,0.171693189075204,0.000172282350456625,0.000476822843133831,0.0505688115080798,0.105025788738704
