0,2.03741058707237,184.260681658983,14.5893170833588,1.01492953300476,21.9820621609688,6556.66545882821,2053.78185790777,0,71.9273689389229,101.812253236771,43.6027283072472,11.7598741054535,18042.8461741209,1.3791426718235,0,641.229410171509,86.570672929287,128.982511937618,12.4221528172493,787.08115208149,0,991.532196372747,4.26853188872337,2.31825789809227,153.550002038479,113.397411257029,71.7825233340263,4840.058265239,5215.02385565639,2.26229220628738,15.1864231228828,13.2383034229279,202.644878000021,20.4261410534382,190.871386349201,40.1045576632023,71.6728419661522,83.3343339562416,35.318191587925,11.7772162556648,20.7247554659843,0.777268350124359,2.71649765968323,7.80199718475342,2.10679140686989,5.15467208623886,6.10327607393265,3.94003617763519,0,0,0,0,0,0,0,1.07367944717407,2.20930600166321,0,2.00359129905701,5.15402472019196,0,0,0,1.65423464775085,0,0,0,0,0,0,0,0.546910464763641,0,0,7.58642533421516,0.503842771053314,0,0,0,0,0,0,7.25334960222244
2.03741058707237,0,12.9405818879604,3.30887025594711,5.90885120630264,7.98590132594109,13.8984657824039,34.7766211330891,644.859585165977,24.5898614227772,392.183531135321,24.7163352966309,447.63518935442,28.3200187087059,34.0057430565357,264.884060978889,1.8398594558239,2.42771688103676,6.35660573840141,7.55114302039146,21.7214550077915,2408.14299717546,12.1221804320812,1125.50245013833,3807.34346041083,72.329233199358,6956.10165303946,46.2786885499954,12.6830951571465,9.13295593857765,13.9281224608421,7.03265619277954,0,455.411446690559,2.88690894842148,56.3724663853645,104.121867924929,40.785181581974,9.98356634378433,44.9429956376553,1.34913754463196,144.369993925095,185.672653317451,84.5512720942497,74.4798746407032,77.2589713335037,20.5043450593948,0,14.8249601125717,0.412283301353455,1880.03714206815,11.4871508479118,1.61352837085724,2.76100873947144,0,1.95878595113754,2.59765332937241,11.3673282265663,4.73356384038925,66.4479770064354,5.46539318561554,198.343792647123,2.10500404238701,1.91570591926575,13.8757397830486,57.6719664037228,5.80152040719986,90.6730219423771,0,3.87482181191444,74.0462453961372,26.7161574065685,54.7342451512814,172.227349340916,178.849066257477,4432.06053069234,19.6599813401699,4.07835388183594,1.02254065871239,20.3184288740158,0,0,25.4623650312424,16.7862580418587
184.260681658983,12.9405818879604,0,7.78225284814835,0.372684121131897,32.589566141367,335.927291691303,690.974531263113,15.2325109243393,77.5246090292931,168.209418118,53.5065934062004,25.7461694478989,700.925754666328,3.47046411037445,47.1493549644947,20502.9943940341,561.333625555038,2094.81913092732,14.389389872551,3273.07348716259,30.9844135940075,68120.8935584426,40.7012667357922,3.33475029468536,12873.2101519704,19177.6480869055,169.478681862354,889.319886833429,805.923094004393,13.4015125632286,24.1525211036205,80.1677328646183,4440.81616091728,1776.41074714065,17821.4416597486,8161.43385657668,1808.09624055028,3526.11972811818,305.031346440315,217.032132416964,52.912956982851,803.748562216759,92.8996886014938,246.822934955359,313.069507271051,13.1650003492832,4.28417953848839,58.5904648602009,1.86143046617508,136.977927803993,816.474457830191,0,0,0.719303637742996,61.6798004209995,12.1757287979126,25.3329164981842,0.933032989501953,18.5917824208736,0.78954803943634,19.7463081181049,22.5032530725002,10.2905269265175,140.126651823521,848.870761871338,10.248224645853,189.096690356731,1.04143404960632,49.5797284841537,168.91809207201,1583.37065175176,67.7125110030174,15.3807523548603,299.465316176414,13632.6922644079,55.7759032249451,6.66542893648148,17.8995899558067,0.555217266082764,0,0.972750246524811,112.61912599206,1235.71742489934
14.5893170833588,3.30887025594711,7.78225284814835,0,264.042586803436,649.514676183462,253.04693454504,631.420788764954,6783.81197953224,22813.9662872851,179.714504748583,2987.00014081597,48.1971084177494,361.602499350905,1339.34801241755,0.388639092445374,11.6001159250736,96.2554281651974,91.29869094491,23261.5540954769,12.3178073465824,7.64299899339676,13.2563927173615,12088.5802243352,5.59139248728752,92.3030703663826,63.4361439049244,18959.4375408888,454.937619745731,36.8002707958221,10.6806609332561,104.376523524523,28.8835682570934,339.958065599203,172.128998607397,3083.77941542864,42.5197478532791,12.4156201481819,84.1583215594292,2752.27988988161,90.6069892048836,95.8797346949577,668.171384423971,3.4100379049778,148.023644626141,93.1273876428604,944.960378110409,56.5820980668068,36.7027724981308,0.670149266719818,0.687027394771576,0,2427.56556081772,10.8328949213028,34.1944263279438,198.619991779327,84.2010765373707,1748.38315346837,1040.89000785351,9.03632348775864,1808.3551839292,0,33.7897352874279,110.607633888721,16.3631703257561,0.410395801067352,6.61080777645111,2.04894185066223,701.229377776384,4.96723684668541,7.21366095542908,11.4110132157803,4529.13164529204,0.47049269080162,9.40716671943665,8.16765958070755,4688.56584903598,51.7363422214985,2.22657197713852,0,2.12215185165405,0.536765158176422,55.7766908407211,36.9735017716885
1.01492953300476,5.90885120630264,0.372684121131897,264.042586803436,0,1809.56686034799,23.4583129584789,147.65660071373,350.778568118811,102.220320224762,13.9375136196613,1334.78481259942,1.96317875385284,21.8032721579075,2932.22864454985,0,4.45400294661522,8.21224963665009,5.31318572163582,122.974721968174,6.26770162582397,45.4983078241348,2.98705714941025,328.792287737131,6.36771440505981,6.97780221700668,128.412471219897,192.233824521303,5.45584753155708,1.92345881462097,0.366951942443848,1260.39599192142,0.445252060890198,1251.84888660908,534.357279479504,112.703997343779,2.82715338468552,0.420151501893997,4.55672740936279,14856.7947870195,5132.99603682756,7.8815903365612,34.7046133875847,13.6582760810852,23.7959577441216,96.3577979505062,54.6947159469128,1.32102715969086,4.12948030233383,0,2.2349219918251,1.70391452312469,44.635633379221,1.68141150474548,4.11556529998779,3.09147483110428,3.39380007982254,25.3896466493607,12.8094681203365,2.08940976858139,54.3203489482403,0,1.43410861492157,0,9.38125503063202,0,1.0357893705368,1.55833494663239,9.39899706840515,4.1308399438858,4.08211827278137,30.7651215195656,45.5680029690266,0,5.19443690776825,30.8807522952557,61.9239783585072,2.33898347616196,0,0.509007513523102,1.05965375900269,0,0,629.949725478888
21.9820621609688,7.98590132594109,32.589566141367,649.514676183462,1809.56686034799,0,6068.55812740326,22046.0299355537,173.034711539745,25930.7651973367,516.200056552887,6632.5793518424,61.8463420271873,768.427733942866,2609.74290823936,0,74.4346653223038,217.591741740704,184.517949104309,632.084406197071,249.190775200725,14.9953296780586,126.874348342419,159.204080015421,13.5910075604916,195.638773351908,104.51719558239,3516.95843805373,270.110282510519,220.353138208389,27.383186519146,334.425478994846,3.67952591180801,887.210689067841,4930.330378443,1597.20606645942,69.8950548171997,41.063128888607,139.284263521433,7470.04667958617,3347.14018803835,302.64013877511,278.399096876383,18.3654198646545,159.201627969742,150.71679931879,321.722868800163,98.7074544429779,144.336155533791,0,0.927715659141541,0,173.829237371683,9.09707999229431,14.8494054079056,26.9897032678127,80.7580057382584,89.9288299381733,101.367015093565,24.3976697325706,172.19545969367,6.44530811905861,17.7727189362049,26.0169452130795,25.4919466376305,0,0.586171686649323,1.51796448230743,81.6438805162907,4.84219896793365,1.81221142411232,2.34456679224968,556.376944601536,1.30640137195587,2.55098754167557,5.61150938272476,393.821961760521,37.5101144611835,1.61407506465912,3.78267627954483,12.9016769528389,1.57731461524963,10.4083870947361,796.016821652651
6556.66545882821,13.8984657824039,335.927291691303,253.04693454504,23.4583129584789,6068.55812740326,0,25459.1016984582,452.62684828043,19817.7199558616,812.393762409687,293.57641735673,167.237504333258,26049.4577832818,137.182725697756,6.83437743782997,478.47003442049,505.280708640814,567.360225319862,295.931280463934,11975.3473413587,15.3389157354832,1947.48968592286,1259.38172751665,25.1873119175434,630.783722043037,419.125639304519,35996.3694632947,5316.67902243137,10771.627058953,62.0678717792034,353.51892323792,594.789016842842,1897.43028584123,1018.22541487217,6598.48813605309,232.323852777481,227.138164371252,535.949487566948,1412.11455827951,342.282608509064,320.328326702118,391.344081789255,13.1670988202095,189.122639477253,173.587530970573,281.826844394207,78.0754678845406,111.410639613867,0.488294333219528,1.28764641284943,1.43267071247101,203.757891029119,2.37216663360596,4.5918804705143,49.3102518320084,76.6614525914192,262.601402640343,178.887858569622,14.7130881249905,36.4506610631943,1.61609584093094,24.377799987793,14.5308629870415,93.1969538331032,0,0,0,48.4630748927593,13.3859857916832,4.22673898935318,31.291486620903,1109.47028231621,1.15163379907608,1.89981570839882,24.7520627081394,1152.63012552261,76.7675668895245,4.72885167598724,1.18708434700966,7.1532791852951,3.04717403650284,25.5064174234867,156.322821944952
2053.78185790777,34.7766211330891,690.974531263113,631.420788764954,147.65660071373,22046.0299355537,25459.1016984582,0,72.8546101152897,13278.67325221,2472.65030938387,4739.97163380682,285.698444753885,21876.0680865049,446.110314637423,3.97108900547028,2378.04219245911,1014.21253979206,1000.54495252669,982.688490360975,3934.8057885766,52.2060398161411,3539.40368872881,237.789124071598,55.8405075669289,1025.20187285542,592.793375387788,3363.17806389928,2821.31657221913,7712.17138198018,110.302499890327,359.940515309572,33.3314357101917,2480.65615935624,645.215342104435,4095.66147226095,330.952876985073,369.939384967089,520.224257320166,3437.05034247041,620.743492156267,950.002294123173,362.577364981174,35.1767617464066,484.453243225813,422.929733812809,355.008520543575,254.112844198942,360.046690285206,2.99247220158577,0.95254111289978,2.56217694282532,70.8711721897125,4.0775021314621,27.2699710130692,27.0614883303642,128.594232052565,73.303755313158,40.4780979156494,75.2679986059666,75.9294055700302,23.8036551177502,22.3891442716122,34.484915137291,52.2072529792786,0,1.74898621439934,0,46.4412273019552,12.8794477880001,2.04644459486008,13.7938307225704,693.843994528055,0.696822464466095,24.5591816902161,53.0810884237289,408.384467542171,38.7128463387489,0.652266502380371,21.5698412358761,36.4943254888058,1.34990686178207,14.7565478980541,90.1538707017899
0,644.859585165977,15.2325109243393,6783.81197953224,350.778568118811,173.034711539745,452.62684828043,72.8546101152897,0,561.424782276154,90.224358022213,2673.54094821215,187.21239566803,31.8667031824589,3307.92886996269,241.48400130868,6.31778970360756,9.01520302891731,16.2532879710197,821.624834120274,106.502488493919,7323.49499231577,35.5025524199009,21060.2779654562,919.866745740175,56.6590505838394,8763.1843829751,6255.87094652653,21.9304463267326,15.660304069519,6.74321779608727,12.3026693761349,4.43620148301125,131.26437279582,16.4628333449364,348.276828348637,47.0892887115479,6.91895911097527,16.5735484361649,1255.18121156096,10.7704460024834,31.5622609257698,447.223719984293,20.8645712733269,91.0598357021809,68.1518479287624,280.564924269915,27.9006445407867,16.6618136763573,14.6374963521957,29.8913902044296,5.77296024560928,715.99985319376,4.57887136936188,6.22246640920639,69.9937743246555,64.678330719471,3132.36241239309,209.412153303623,43.3915385305882,295.06163790822,51.5708103775978,50.3070261776447,42.2481287717819,852.680504322052,3.6736376285553,31.1702372431755,18.728158146143,124.401239484549,206.377834498882,583.159012466669,167.822398066521,4499.48248106241,54.2282722890377,40.9970351457596,247.123450905085,2121.99527880549,240.32554090023,30.7679870128632,4.1644611954689,2.73471248149872,10.7122027873993,37.722878664732,57.9077045321465
71.9273689389229,24.5898614227772,77.5246090292931,22813.9662872851,102.220320224762,25930.7651973367,19817.7199558616,13278.67325221,561.424782276154,0,1952.83952909708,12404.1517649889,310.396913737059,4517.25096552074,461.992108017206,1.5086829662323,166.980531275272,1021.22798001766,1015.85352192819,12977.8232657611,140.014676451683,4.39279320836067,97.1470446884632,233.042767107487,57.2536658346653,874.608048856258,287.472624450922,11659.75591591,2483.67618429661,215.880690187216,98.455492079258,557.84268373251,33.7732138931751,2109.09540215135,2636.9307294786,6491.51036712527,247.619506448507,55.183776050806,355.351991683245,2176.18094423413,337.372214883566,644.622230172157,325.313217818737,15.7249241024256,218.343150913715,205.38348081708,487.707711666822,92.6967112421989,180.431605637074,1.55339244008064,0.884535074234009,0,815.794158250093,2.94427597522736,9.75557869672775,75.2200842499733,22.0689903795719,408.645652234554,363.316321462393,18.9569225609303,606.286261886358,6.51513281464577,5.02490863204002,53.7376013100147,56.2324676513672,0,0.421702027320862,0,221.776835918427,6.02292031049728,1.06497237086296,14.9838901758194,1897.09966504574,5.95587685704231,0.806160867214203,11.7740633785725,1890.31512367725,21.3255598843098,6.15685865283012,0.891308695077896,5.92709773778915,1.57319185137749,17.1578378081322,104.166560411453
101.812253236771,392.183531135321,168.209418118,179.714504748583,13.9375136196613,516.200056552887,812.393762409687,2472.65030938387,90.224358022213,1952.83952909708,0,1840.09401908517,9909.15023508668,4489.80356571078,68.3066204190254,18.0671780109406,586.851239383221,8952.45720827579,2319.84407028556,442.697296112776,760.489085048437,353.144713252783,624.518903374672,258.742144852877,1749.89254969358,5577.51102763414,927.850634723902,787.938795566559,2309.18128219247,738.156767755747,1773.34386149049,1398.42836347222,19.7289432585239,21023.790202111,512.486091941595,2757.29944780469,5503.62225741148,661.887509346008,1468.88879096508,388.643724054098,302.414969980717,3332.26314252615,72.939231544733,1445.24843963981,233.700330734253,190.487388938665,123.888442605734,81.1828166544437,275.104040056467,0,157.838614583015,2.70689189434052,3.08255040645599,0,1.14206078648567,5.29835423827171,39.7947890758514,71.2899973094463,9.3919338285923,3373.65060955286,22.997371584177,7978.61213749647,3.58937478065491,8.28707239031792,13.9518133997917,0.902559638023376,70.4148959517479,3.71079391241074,6.67431509494781,1.11488032341003,33.3696485757828,1.19142976403236,151.433146625757,620.269721746445,2226.45200762153,2305.23123306036,37.554519623518,6.81321138143539,1.72873574495316,1680.112270087,7.61715066432953,1.01182782649994,61.3818607926369,197.166313916445
43.6027283072472,24.7163352966309,53.5065934062004,2987.00014081597,1334.78481259942,6632.5793518424,293.57641735673,4739.97163380682,2673.54094821215,12404.1517649889,1840.09401908517,0,218.305876642466,2201.55957703292,7928.60609900951,1.28107824921608,137.475610256195,860.501071035862,905.558389723301,13823.3225036561,48.6824168264866,52.0685885548592,69.0368584096432,1200.94639399648,50.316753745079,861.760667800903,414.695923775434,1997.69892808795,887.01157347858,122.661843240261,115.333982139826,378.572691813111,2.81545531749725,1676.93741640449,6756.69770243764,4470.67876148224,187.016790345311,48.9410184025764,322.043888792396,5810.03613734245,249.383981794119,583.797439336777,518.76661041379,32.0589193701744,243.570022881031,248.451822310686,1088.97495397925,93.9397303462029,149.022026896477,3.04120314121246,0,0,1124.19878846407,22.0625613331795,72.8141134977341,70.5129207372665,64.7039313316345,548.801018357277,511.709082573652,32.6441770195961,1926.79010823369,3.26052078604698,20.0727419555187,134.198583543301,24.2251430749893,0,8.04592061042786,2.90223425626755,387.13419058919,2.44189038872719,2.47114580869675,2.03654989600182,1769.94336181879,0.358798921108246,6.82666033506393,11.5420943498611,1987.75421616435,35.7457430958748,2.20194268226624,5.23698881268501,6.30084863305092,6.22824019193649,20.0385573208332,1316.53599563241
11.7598741054535,447.63518935442,25.7461694478989,48.1971084177494,1.96317875385284,61.8463420271873,167.237504333258,285.698444753885,187.21239566803,310.396913737059,9909.15023508668,218.305876642466,0,311.150908648968,11.9985703527927,47.1945998370647,45.7404400110245,87.9012269973755,26.5053062438965,67.3910720348358,251.363677680492,476.175569504499,194.182960838079,256.032579988241,5907.10906523466,398.487721920013,1605.23460450768,282.423055946827,117.935277730227,177.832215249538,1657.81005588174,91.7215692996979,2.51750129461288,3644.616533041,46.0396698117256,1048.05047559738,2524.65150693059,296.448633700609,173.638638079166,140.944027036428,26.1243366003036,2174.53981778026,118.57398840785,2166.05848014355,93.0378261208534,72.769408673048,122.050616323948,23.2368546724319,334.734695255756,2.75340461730957,312.131407141685,4.6285058259964,9.46357789635658,0,0,0.810599446296692,5.57012349367142,37.0183434486389,6.64841020107269,4869.35169234872,10.0605303645134,12605.4382306635,9.89667415618896,2.13765525817871,34.107670456171,2.61423528194427,99.7162882983685,12.6014423370361,6.14027097821236,6.83989495038986,57.6497500538826,7.86196434497833,58.4456597864628,3582.46278110147,2244.92221391201,4358.56461104751,38.7212116420269,9.73681113123894,0.538658320903778,2223.41377112269,4.29275894165039,1.35412466526031,104.225344359875,23.7737180888653
18042.8461741209,28.3200187087059,700.925754666328,361.602499350905,21.8032721579075,768.427733942866,26049.4577832818,21876.0680865049,31.8667031824589,4517.25096552074,4489.80356571078,2201.55957703292,311.150908648968,0,87.6678558439016,0.461719542741776,2736.86467716098,2209.96673804522,2432.6557264924,624.259446710348,2731.48596912622,37.8713456392288,3486.39104129374,175.858045697212,59.8552232384682,1802.48779985309,1018.51660515368,1630.9031739682,17252.661978215,10744.2487166822,172.270147144794,394.200794890523,45.9324608743191,4293.71337275207,110.672930538654,2526.97599837184,265.766520649195,367.459528565407,334.348184466362,981.611059814692,293.512748986483,486.661109507084,222.42584502697,32.574549883604,254.041816860437,175.726347327232,246.883369207382,156.592066079378,200.995645493269,0.487682312726974,3.54475975036621,0.589750289916992,28.3492103517056,1.14606988430023,17.1294049322605,9.24396634101868,76.3737758696079,57.9936296641827,21.6252993047237,55.7965888082981,45.8298662006855,28.5769149363041,10.0560483634472,13.3376119732857,42.7515422701836,0,4.66645339131355,2.48311424255371,14.4865483045578,12.6656756699085,0.401645690202713,9.23672997951508,480.338341236115,7.80644950270653,59.4000712931156,122.101561933756,274.247605502605,37.064005613327,5.79059883952141,12.7251102030277,26.3563159108162,1.87749490141869,12.1531155109406,21.7005807757378
1.3791426718235,34.0057430565357,3.47046411037445,1339.34801241755,2932.22864454985,2609.74290823936,137.182725697756,446.110314637423,3307.92886996269,461.992108017206,68.3066204190254,7928.60609900951,11.9985703527927,87.6678558439016,0,1.08032715320587,20.8294624984264,28.6278886795044,27.1400218009949,670.570083588362,105.785724431276,291.636100798845,24.3035875856876,1852.94214838743,36.9407078921795,27.7222271263599,588.736889928579,1089.6238732636,47.1983902454376,140.274298548698,3.77184364199638,669.394282504916,0,98.4609180092812,612.877739697695,226.559876143932,6.09128704667091,3.16979852318764,13.9639986157417,3243.29224741459,110.531165510416,27.3004770278931,62.1299948990345,21.7747868299484,30.0398718118668,140.628479838371,136.056885719299,7.66178333759308,11.1893937587738,1.01530802249908,0,7.59809494018555,140.572046786547,0,7.25099754333496,6.02079421281815,7.52384695410728,76.7018221020699,32.3923093676567,6.19402867555618,172.39315533638,1.08301627635956,2.59506177902222,21.1126108169556,33.0562548041344,1.29066503047943,4.4165061712265,2.83200865983963,40.8179060220718,21.2093629539013,24.2148644924164,44.2458557784557,176.03467041254,0,5.22174900770187,41.4999981224537,149.866546034813,5.72247439622879,7.46737766265869,1.1244298517704,0,0,5.64585375785828,525.072041392326
0,264.884060978889,47.1493549644947,0.388639092445374,0,0,6.83437743782997,3.97108900547028,241.48400130868,1.5086829662323,18.0671780109406,1.28107824921608,47.1945998370647,0.461719542741776,1.08032715320587,0,22.84194663167,11.8310298323631,39.2410771548748,0,20183.8942273557,9590.93545883894,15972.3851845264,4059.15278956294,168.370817661285,55.1489375531673,7581.82337409258,4562.84841382504,7.63224095106125,6.07616609334946,3.94368433952332,1.8196656703949,1.28930962085724,48.5146491527557,193.185281664133,3716.76865047216,322.052717208862,165.075444221497,182.327149540186,23.4685952067375,45.4046285152435,71.734450429678,731.567584902048,16.6683383285999,130.837724208832,109.223953217268,330.179672896862,26.0608688890934,244.920152068138,14.4033003151417,3.77701640129089,14.3359108567238,1.45724868774414,0,5.85780173540115,54.1889503896236,58.8258409202099,165.35178142786,14.8615855574608,19.4718628525734,9.22868621349335,5.40318644046783,60.9967095255852,37.1666685938835,13200.7804422081,5.72094434499741,3.24361050128937,4.99301049113274,5.56448441743851,1191.0109179914,2784.95630693436,6077.09589225054,1581.9523653686,7.55531275272369,9.60671710968018,1953.03502389789,1471.96928185225,486.61005115509,240.493897050619,0,6.11848697066307,38.6823282539845,75.0885161459446,124.294499069452
641.229410171509,1.8398594558239,20502.9943940341,11.6001159250736,4.45400294661522,74.4346653223038,478.47003442049,2378.04219245911,6.31778970360756,166.980531275272,586.851239383221,137.475610256195,45.7404400110245,2736.86467716098,20.8294624984264,22.84194663167,0,1887.62402704358,10660.4176049232,38.0271910727024,2691.20687952638,7.45504519343376,19372.9045775533,21.0960611402988,3.99566820263863,12214.8689564466,7396.99014037848,182.953041315079,5352.40030419827,3385.71733078361,17.3107630908489,73.6031298041344,585.26322221756,10948.3411381543,809.186550229788,6348.31633493304,2020.9470025897,685.306287169456,2092.34599635005,264.106512248516,148.319421440363,90.3150494396687,53.711926817894,8.97555035352707,29.9469192624092,76.247135579586,5.51534876227379,15.2429545819759,19.5058514773846,0,2.80040174722672,55.4232664108276,0,1.26195752620697,0,0,1.16689276695251,0,0,0,1.8021694123745,0,0.815373957157135,2.4581196308136,1.52414551377296,25.7501729726791,1.16665780544281,8.99516248703003,0.354745388031006,0,8.17589455842972,30.9751100540161,0.919967144727707,0,43.961726218462,626.748041987419,1.70669355988503,0,0,3.22553983330727,0,0,4.29759648442268,550.845319777727
86.570672929287,2.42771688103676,561.333625555038,96.2554281651974,8.21224963665009,217.591741740704,505.280708640814,1014.21253979206,9.01520302891731,1021.22798001766,8952.45720827579,860.501071035862,87.9012269973755,2209.96673804522,28.6278886795044,11.8310298323631,1887.62402704358,0,15004.0033921897,202.061296135187,1075.89199650288,11.5573136210442,1254.05290722847,96.2983360886574,10.3444214165211,4086.70331802964,1449.43940019608,489.545708179474,1447.31304889917,731.607195138931,314.733750104904,405.330680370331,52.6364656686783,5344.42780545354,473.760760068893,2615.7142085433,3046.69326913357,1056.7976808846,2091.96118855476,177.766129329801,117.190806597471,124.786563664675,68.717319637537,240.37621769309,53.512526601553,52.8121093511581,22.7927649617195,10.7678934931755,23.7232740223408,0,12.2571319639683,2.84113618731499,0,0,0,0,6.90359574556351,15.1836713552475,0.572286903858185,210.924532860518,6.4530243575573,543.264901190996,1.92256420850754,0,2.13016310334206,0,159.168695032597,2.5332196354866,1.11595797538757,0,1.07636338472366,0,11.078172147274,69.5880716443062,1738.65110290051,1843.53648927808,0,0.86496776342392,1.56981718540192,210.690364271402,0.600772619247437,0,7.20209866762161,233.828798115253
128.982511937618,6.35660573840141,2094.81913092732,91.29869094491,5.31318572163582,184.517949104309,567.360225319862,1000.54495252669,16.2532879710197,1015.85352192819,2319.84407028556,905.558389723301,26.5053062438965,2432.6557264924,27.1400218009949,39.2410771548748,10660.4176049232,15004.0033921897,0,204.285656094551,2365.40298372507,28.3614307641983,5077.34483137727,88.6202848255634,10.3520187735558,11366.1109538972,3171.20699840784,521.544071555138,2277.40621268749,1228.38647952676,16.4786787331104,219.821283489466,145.850319951773,12806.0775547028,675.608244270086,6625.65824383497,3325.00506827235,1041.96828085184,3715.28377765417,186.911031544209,156.651954263449,87.460802167654,67.1247873604298,30.5833083093166,30.7141363024712,54.7256896197796,16.0528138279915,11.97143638134,16.4466961026192,0,11.2643351554871,17.4602401554585,0.704506993293762,0,0,0,2.90939304232597,19.7439631521702,0,4.17049944400787,4.62869256734848,7.65831020474434,0.460929721593857,1.07106781005859,5.98999881744385,11.7042412757874,16.4055669307709,14.8555834591389,0,1.03265500068665,4.96929138898849,5.29793682694435,14.8846877813339,5.0397714972496,153.127380222082,513.487760812044,0,0,0,1.19442200660706,0.681432902812958,0,7.73898470401764,591.464576154947
12.4221528172493,7.55114302039146,14.389389872551,23261.5540954769,122.974721968174,632.084406197071,295.931280463934,982.688490360975,821.624834120274,12977.8232657611,442.697296112776,13823.3225036561,67.3910720348358,624.259446710348,670.570083588362,0,38.0271910727024,202.061296135187,204.285656094551,0,14.6297504901886,3.86244037747383,19.4645413756371,679.54971203208,11.3839122354984,192.642538845539,77.7496193349361,5364.8598421514,498.260905444622,54.1424376815557,23.9154232144356,140.156862646341,6.93593344092369,367.533364862204,106.185337692499,2021.18921631575,54.091577142477,13.6496850848198,83.4892937839031,1212.37947374582,74.7584238350391,139.12627017498,302.248302429914,3.08575624227524,107.207627803087,62.5310193896294,447.877785503864,35.2337027490139,54.915230691433,4.86094558238983,0,0,729.349760115147,6.97657120227814,10.5113529264927,62.0430181324482,30.7346079945564,338.625741571188,382.304450541735,4.24709483981133,533.320438295603,2.57228747010231,13.0821582973003,60.7733007669449,24.834774851799,0,0.617873132228851,0.427387148141861,204.642272979021,4.56732571125031,1.25670292973518,7.78334805369377,1374.36798107624,2.09745118021965,3.54613655805588,2.96755930781364,1602.16108903289,30.9567928016186,1.32205301523209,0.312943518161774,1.22245299816132,2.55170071125031,19.0118087530136,10.6620689332485
787.08115208149,21.7214550077915,3273.07348716259,12.3178073465824,6.26770162582397,249.190775200725,11975.3473413587,3934.8057885766,106.502488493919,140.014676451683,760.489085048437,48.6824168264866,251.363677680492,2731.48596912622,105.785724431276,20183.8942273557,2691.20687952638,1075.89199650288,2365.40298372507,14.6297504901886,0,713.887731730938,56326.6998378634,1135.23115712404,57.6723175942898,2832.72968931496,3743.10277476907,9139.75997951627,2668.29353189468,26008.9601909518,124.430529385805,97.839880913496,411.403134226799,10789.4055450857,4643.82601124048,37178.032985419,1516.81957772374,6282.70112022758,4286.1341587007,673.97743999958,1023.63718652725,389.758720070124,1005.29151260853,31.0051360726357,300.207800298929,277.75257858634,552.356872618198,104.947734683752,304.771485060453,23.3311590254307,4.77326282858849,8.62784767150879,15.026611328125,3.73608666658401,5.6617237329483,91.8319511711597,93.5886319577694,165.587198704481,24.3147731125355,22.9464939534664,11.8052216172218,7.70526778697968,95.2316203713417,48.1306519508362,2602.49590200186,1.86547267436981,2.48831844329834,0.58129408955574,7.8526708483696,696.911062389612,614.829946100712,647.363322257996,1886.60655274987,3.11872333288193,22.2640335857868,187.2220710814,1328.29762870073,635.707191079855,170.750640302896,3.79745599627495,8.94918915629387,36.3755693435669,110.006243675947,1563.12311831117
0,2408.14299717546,30.9844135940075,7.64299899339676,45.4983078241348,14.9953296780586,15.3389157354832,52.2060398161411,7323.49499231577,4.39279320836067,353.144713252783,52.0685885548592,476.175569504499,37.8713456392288,291.636100798845,9590.93545883894,7.45504519343376,11.5573136210442,28.3614307641983,3.86244037747383,713.887731730938,0,838.596802979708,16650.413551271,3931.61266869307,93.2755431234837,30005.6657014191,1060.16560906172,12.9338574409485,9.41398975253105,16.1760894656181,20.294240295887,0,401.53467053175,1.8786216378212,158.722218722105,122.825791686773,40.122520595789,24.9456025063992,318.882255941629,4.64116275310516,100.095540046692,187.688451856375,57.9449084401131,45.7948450744152,59.2941128611565,38.8000785410404,10.7324358224869,14.608959287405,3.4432378411293,96.0837405025959,31.7598531842232,7.27887526154518,0,1.94222834706306,15.212489336729,13.3469103872776,131.836301594973,10.7761213779449,78.3680095672607,2.43916046619415,138.317669630051,16.4631939530373,4.44661745429039,2073.04938524961,29.7682893574238,9.10010194778442,13.531859099865,1.44727224111557,175.993251413107,768.786808729172,496.924004226923,901.262074768543,107.757298409939,129.784285545349,3282.26407039165,378.168097168207,121.469614475965,39.4566332995892,32.1230873465538,0,10.2429963946342,27.5650127530098,25.9601258933544
991.532196372747,12.1221804320812,68120.8935584426,13.2563927173615,2.98705714941025,126.874348342419,1947.48968592286,3539.40368872881,35.5025524199009,97.1470446884632,624.518903374672,69.0368584096432,194.182960838079,3486.39104129374,24.3035875856876,15972.3851845264,19372.9045775533,1254.05290722847,5077.34483137727,19.4645413756371,56326.6998378634,838.596802979708,0,285.265707731247,34.2009820342064,8030.7484125942,21814.9070246816,2040.99591320753,4920.48093909025,8162.93607166409,86.8175857961178,65.8737845122814,556.508784890175,16752.0222560465,8635.35845980048,92420.0244888365,14868.8950066566,13854.6158617437,14312.2281101346,831.780793458223,1346.96266341209,291.643333137035,949.565316677094,49.7969469130039,163.88818860054,376.297867596149,333.323205918074,59.902924567461,567.333438694477,5.25449669361115,14.4960990548134,104.398819029331,2.38400477170944,1.13512480258942,2.65828776359558,72.6733361780643,43.3899903893471,52.1145423650742,15.2525869011879,14.4936146736145,15.9101473987103,9.37765845656395,26.8975090682507,27.8704851865768,12242.110480845,104.699844360352,5.88863641023636,18.7769745588303,9.82447358965874,877.816795706749,1561.86116945744,8854.76095417142,698.560487568378,6.58941134810448,61.22791031003,7417.25956583023,979.809146791697,193.241400927305,147.606266081333,2.74379920959473,2.21565169095993,17.1847911477089,48.1570378243923,4425.81364184618
4.26853188872337,1125.50245013833,40.7012667357922,12088.5802243352,328.792287737131,159.204080015421,1259.38172751665,237.789124071598,21060.2779654562,233.042767107487,258.742144852877,1200.94639399648,256.032579988241,175.858045697212,1852.94214838743,4059.15278956294,21.0960611402988,96.2983360886574,88.6202848255634,679.54971203208,1135.23115712404,16650.413551271,285.265707731247,0,1614.27620407939,136.305757969618,10487.8706137538,13498.2087552249,365.105568736792,444.45882999897,17.1550485789776,51.5640995204449,122.942196011543,456.860076010227,508.387310355902,4851.7521828115,130.919262617826,37.2876670956612,161.288297116756,2114.73148682714,101.425983011723,190.039668470621,4740.43989661336,39.7179714143276,1152.91950270534,687.044523775578,2393.81256058812,277.759563684464,279.894367754459,53.8741235733032,32.701622068882,9.85927119851112,1470.80443415046,6.84588706493378,33.0290285646915,378.820641487837,601.976186037064,2968.54922610521,976.351179152727,113.66541787982,976.164102911949,39.3368217051029,396.42646420002,172.535446256399,2209.14523607492,11.0350273251534,12.9284454882145,14.0453583598137,381.954174786806,489.225851327181,686.399686008692,398.034979730844,14859.2527388632,63.2090208232403,23.4130635559559,350.274741590023,8864.22130516171,1335.61988294125,160.533410847187,4.34662467241287,26.1229930520058,64.4514332711697,368.747101441026,288.688583344221
2.31825789809227,3807.34346041083,3.33475029468536,5.59139248728752,6.36771440505981,13.5910075604916,25.1873119175434,55.8405075669289,919.866745740175,57.2536658346653,1749.89254969358,50.316753745079,5907.10906523466,59.8552232384682,36.9407078921795,168.370817661285,3.99566820263863,10.3444214165211,10.3520187735558,11.3839122354984,57.6723175942898,3931.61266869307,34.2009820342064,1614.27620407939,0,59.9894403517246,1877.5172509253,103.987099766731,12.9949890375137,19.1603523790836,109.692178785801,21.1974433362484,0,1053.54371923208,4.83833360671997,81.6040950119495,310.2712456882,57.7416974008083,19.0197890996933,72.5071654617786,3.70392054319382,375.434906303883,69.3042514920235,142.75083988905,28.5329711437225,34.8531569540501,86.570710092783,5.75042068958282,57.5711417198181,0,186.568833827972,1.47571539878845,5.95713931322098,0,3.51892125606537,2.90307450294495,13.1277860403061,10.23316437006,6.19167929887772,455.930610895157,7.48606887459755,1326.24533900619,1.54482716321945,0.769072651863098,16.4827827811241,2.23220080137253,16.8934998512268,8.08872997760773,9.12537205219269,3.31813997030258,6.82973802089691,7.69857215881348,66.6532503068447,1677.77689528465,265.974667936563,1877.45330986381,20.7046915888786,8.5783519744873,3.65864631533623,138.739874541759,0.658953487873077,0,18.9076125025749,4.34894096851349
153.550002038479,72.329233199358,12873.2101519704,92.3030703663826,6.97780221700668,195.638773351908,630.783722043037,1025.20187285542,56.6590505838394,874.608048856258,5577.51102763414,861.760667800903,398.487721920013,1802.48779985309,27.7222271263599,55.1489375531673,12214.8689564466,4086.70331802964,11366.1109538972,192.642538845539,2832.72968931496,93.2755431234837,8030.7484125942,136.305757969618,59.9894403517246,0,26267.0106348097,587.554293990135,1590.06013602018,1230.31311705709,2599.84580489993,229.004528671503,96.1151241660118,5359.39234393835,1602.15031084418,16860.9466134608,25954.3005571067,1480.59644535184,4924.79220360518,354.660266637802,290.036998718977,190.600223481655,2611.71198400855,2634.73250967264,956.644530266523,1048.73330801725,31.721433699131,30.2278803288937,33.1425116062164,3.98208349943161,434.377382159233,598.140310317278,0,1.40769869089127,3.11789244413376,29.4566465616226,22.8067879378796,55.9886067807674,1.85032713413239,1001.85900163651,9.44619396328926,2805.09933623672,35.6253142952919,6.51190996170044,17.2533248662949,921.667981058359,1612.35421961546,1502.75238794088,0,45.4447186291218,78.4000039994717,182.78881162405,22.5313028991222,613.678028732538,18578.616070956,33260.5730736554,9.51302427053452,21.7696004509926,71.7872353196144,1032.78070446849,2.78728213906288,0.948916137218475,439.912952184677,1268.4930421114
113.397411257029,6956.10165303946,19177.6480869055,63.4361439049244,128.412471219897,104.51719558239,419.125639304519,592.793375387788,8763.1843829751,287.472624450922,927.850634723902,414.695923775434,1605.23460450768,1018.51660515368,588.736889928579,7581.82337409258,7396.99014037848,1449.43940019608,3171.20699840784,77.7496193349361,3743.10277476907,30005.6657014191,21814.9070246816,10487.8706137538,1877.5172509253,26267.0106348097,0,1644.63924284279,1058.54052466154,1002.40890315175,745.379086881876,79.4044073522091,79.461972951889,5772.80834163725,2985.29834929109,31309.1057572067,15076.8627153337,3415.31114000082,5918.39259156585,1049.05012053251,336.580203384161,149.381313413382,10024.8058688641,3423.85415035486,3295.56063100696,3670.18620491028,154.242086529732,42.95813575387,324.398725897074,14.1204015314579,10126.3199141324,4585.4539039731,4.36224249005318,0,9.74773636460304,372.64712536335,80.6311821341515,290.706124871969,10.2906028032303,842.205816805363,27.8291125297546,2687.06434845924,141.147797077894,29.6303409934044,5262.05762046576,5705.4087279439,1423.4208240509,4613.79416197538,8.66639125347137,443.685324162245,4810.82078352571,12003.5230754912,736.004631221294,3453.02083998919,22684.4364895821,189621.435483873,803.107826381922,51.6049129068851,216.920273840427,589.715441673994,3.68267959356308,6.16026398539543,1382.77662006021,2151.53375568986
71.7825233340263,46.2786885499954,169.478681862354,18959.4375408888,192.233824521303,3516.95843805373,35996.3694632947,3363.17806389928,6255.87094652653,11659.75591591,787.938795566559,1997.69892808795,282.423055946827,1630.9031739682,1089.6238732636,4562.84841382504,182.953041315079,489.545708179474,521.544071555138,5364.8598421514,9139.75997951627,1060.16560906172,2040.99591320753,13498.2087552249,103.987099766731,587.554293990135,1644.63924284279,0,3970.64662900567,12537.8342959881,55.3658902794123,359.739555254579,636.535302191973,1951.26133610308,2284.14537632465,19433.6706015766,435.674171179533,214.32164183259,728.538249015808,3667.64057734609,547.032049059868,530.090042591095,4174.50453525782,29.2413638532162,1086.865996629,652.240667462349,2864.57775300741,350.683637917042,555.036170512438,47.7024466991425,4.36848747730255,4.10330766439438,2891.15177538991,11.0337544083595,33.8512820601463,463.484229683876,441.270140439272,2780.72956189513,1802.55907478929,69.9189561009407,986.81240773201,8.79027110338211,332.680358439684,224.798326015472,2621.44092053175,1.33820956945419,7.7109614610672,5.06460615992546,746.314526602626,711.975697010756,678.022797316313,557.441560089588,13857.9088712335,8.02003547549248,0.417533785104752,121.582266449928,12011.6780039668,1420.4144000411,218.375855505466,0,20.3828348219395,66.6416146159172,327.168770849705,487.765978723764
4840.058265239,12.6830951571465,889.319886833429,454.937619745731,5.45584753155708,270.110282510519,5316.67902243137,2821.31657221913,21.9304463267326,2483.67618429661,2309.18128219247,887.01157347858,117.935277730227,17252.661978215,47.1983902454376,7.63224095106125,5352.40030419827,1447.31304889917,2277.40621268749,498.260905444622,2668.29353189468,12.9338574409485,4920.48093909025,365.105568736792,12.9949890375137,1590.06013602018,1058.54052466154,3970.64662900567,0,23997.431209296,107.403763025999,984.366119682789,10273.7454796731,16801.8388218135,118.297947019339,1486.79722830653,265.371701836586,515.614931255579,487.95777630806,243.983925431967,183.648197591305,164.360155016184,78.0432772934437,18.1665768027306,58.5215324759483,50.1683685481548,93.5749425292015,21.9536538720131,46.6154736876488,0,0.474370807409286,3.5107147693634,13.5097641944885,0,0.905080914497375,2.04584231972694,9.81209567189217,31.3119691610336,0.885714501142502,9.26126769185066,7.6496490240097,6.33301389217377,1.06803643703461,1.89957702159882,24.2995021343231,3.98114502429962,0,2.41927552223206,5.95240861177444,11.7916087508202,5.69152241945267,4.83978495001793,196.710017591715,5.59711807966232,22.5560758113861,53.1295612454414,121.663458377123,11.0180012583733,1.80980449914932,10.2451243400574,0,0,4.94311285018921,31.1311119794846
