0,0,0.0170469746911569,9.5559530262202e-05,0,0.00637656832673633,0.288091414756804,0.135808785388134,0.000154610576752603,0.00280564433666559,0.00109016388120118,0.000640176812487364,0.000208093794969827,0.984926014498228,0,0,0.0297070005255098,0.000254650847476199,0.00154273400755741,0,0.0226607281383662,0,0.0274847013858866,0.00147205187023702,0,0.00322211910799214,0.00305196131820519,0.00264362033169122,0.54023724029022,0.456330464737735,0.000294252255536824,0.000895016747596206,0.000303940467850417,0.00773236318109022,0.0021846803027439,0.00584641797203511,0.00149030937077315,0.00525851368966436,0.00361816032445808,0.000582807900105208,0.00106104047120297,0.000484449820070922,9.1590016488373e-05,0,0,7.60236182817816e-05,0,0,7.30541685460809e-05,0,0,0.000133521900125802,0,0,0,4.76215833335519e-05,9.77504434030503e-05,0,0,0,0,0,0,0,2.10740787120164e-05,0,0,0,0,0,0,0.000188930328897953,0.000208462190093234,0,7.7510038485989e-05,0.00079877870977539,4.44381607745588e-05,0,0,0,0,0,0,0.000123131793413371
0,0,0.000598575475432009,0.000276572552454695,0.000129428566025674,0.000157618753083944,0.000133557416269899,0.000169747212431744,0.124407449684611,0.00054758896796073,0.00467471916666737,0.00132591065535487,0.0573179832436931,3.50876431175917e-05,0.00260109697055562,0.0234683698759156,0.000293913026904658,0.000370394321039319,5.06888722087145e-05,0.000129430208972156,0.00264398877291771,0.295999231493238,0.00410734722026666,0.304480463635256,0.205044418098644,0.00911538483766352,1.77407014584734,0.00396382969242283,0.000197483244236737,3.14783453598768e-05,0.00194458280303393,0,0,0.000615661368618726,0.000134977060339361,0.00127820830778994,0.00275342275570247,0.000837923181728166,0.000779643802472203,0.00229104716849227,0,0.0432188911244037,0.00421782533326124,0.00366019367261432,0.00242599270898721,0.00246212475264638,0,0,0.00724264631768791,0,0.349611817414121,0.00808497687519207,0.000422584016476691,0,0,9.40370616327675e-05,3.23504293156266e-05,0.000710140357707936,0,0.0043354842833405,0,0.00912978285783262,0,0,0.00112586205915789,0.00358614755836515,0.000433165532741025,0.00203236420343715,3.03474386565983e-05,0.000222000741788477,0.00637287326884875,0.00155441631263365,0.00558554339391041,0.0786740362856804,0.0273907413813776,0.495379444525251,6.12931026272773e-05,0,0.00021275707852067,0.00102589399425569,0,0,0.00112515063608858,0.000458824335338444
0.0170469746911569,0.000598575475432009,0,0.00192345780031557,0,0.0120675849743919,0.120754641215697,0.0955918384453703,0.000142838691276804,0.0231460606817287,0.0165669765037328,0.0020122243399293,0.000218058569242642,0.11863254414664,0.000192764408557981,0.00154856654091329,1.1068501334233,0.0111244070654698,0.0934740415854559,0.000758497714924724,0.146521146863767,0.00105106491509387,2.42405875417235,0.00352821815395252,0.000319740721885681,0.686344537912774,4.61757618479363,0.116508323466571,0.0713780573863834,0.21429265304316,0.000210874423213452,0.00404076142212963,0.010291008099417,0.126004624630831,0.0474613412454896,0.409039452368504,0.317069204500857,0.248957668901673,0.258760068007515,0.00292210702786364,0.00703858396551547,0.00299265536563432,0.0112199398685134,0.00178149607677867,0.00610623051728187,0.00667673173397113,0.000416235681749359,0.000199801680620253,0,4.13112606039643e-05,0.0332488124312255,0.115723425278162,0.000191369347913488,0.000143941164947092,8.47087111797333e-05,0.000814560616876408,0.000108128617797538,0.000114759168399408,0,9.33426045005916e-05,0,0.000112158097022354,0.000171119443664283,4.37491794321239e-05,0.0061244737195733,0.0195892996206451,0.000483570009656399,0.00484117681674886,0,0.00102356834483418,0.00135046329184361,0.0380814592626361,0.00128777595004508,0.000191699200853616,0.086257268290469,0.361420423640702,0.00141140782786739,2.70464071148932e-05,0.000913133849553973,2.94023860828727e-05,0,0,0.00517885227562843,0.0343522860586772
9.5559530262202e-05,0.000276572552454695,0.00192345780031557,0,0.000119368947218657,0.00282515830671854,0.0115492582055908,0.0065083856112107,0.116059439854362,0.384142308305482,0.000240649636603162,0.958632457681385,0.000175021569389627,0.00450283020794472,0.00739525280778534,3.83103727520406e-05,0.000477967761235312,4.48058790207803e-05,0.000136274772213623,1.8063701280826,0.00248354527721976,0.000496914551166341,0.00126536151619611,0.390209174594145,0.000185252232756317,0.000737968598836412,0.00140738106662929,0.842003384174091,0.00477228568179268,0.00196617032138184,0,0.00124620767100088,7.94310662332926e-05,0.00539053572634402,0.00339947264502221,0.0473217452863015,0.00123468531849997,0.00343742828802585,0.00162015902565856,0.0199865001998988,0.00649642320890647,0.00282778134412241,0.0112879721406227,0.000197952640752465,0.00167808649374141,0.000260173371081025,0.031578191718908,0.000914799830815939,0.000175178481256604,0,0,2.0764349770695e-05,0.0903996711394486,0.000962065665941925,0.0124518925856159,0.0122039923810044,0.00450701984092198,0.0123628321890974,0.0129156950152644,4.4023983187139e-05,0.0394363085887162,0,0.00156399503010838,0.00871963117036141,0,0,0,0,0.0208636656508074,0,2.67223065830469e-05,9.92838321780411e-05,0.108875181964407,0,0,0.000183685482108891,0.0578761932215017,0.00138296073553102,0.00028910091419676,0,0.000153925011230022,0,0.00260775883144241,0.00044436434423396
0,0.000129428566025674,0,0.000119368947218657,0,0.183598373272939,0.00160552772385384,0.0126448689531304,0.0186273024492258,0.00470994871719173,0.000638690794637397,0.0136890574791816,0.000346710975078195,0.00217486975588086,0.302555531431925,5.60887930279374e-05,0.000371860191838935,0.000277138553804428,0.000372740959940374,0.00131434852636522,5.97248787765652e-05,0.000221006319092095,4.82975007367432e-05,0.0053313363389702,0.00010323926145786,9.59008440113963e-05,0.000153284978795648,0.00099854246431729,0.00102806417986637,0.00013405515989922,0.000234140921799123,0.0212639127033911,0,0.086365936857179,0.00892400075771718,0.0280926805735591,0.000402638533026666,0.00106585043592599,0.00113945747272793,1.50162087596366,0.482338954509879,0.00285074739725262,0.00124077850196222,0,0.000157823333450437,0,0.00205773251675096,0,0.000137491468385101,0,0,0,0.0016762190147332,0.000194029875511945,0.00119339614756292,0.000432641556453467,0.000408312689694658,0.000289183610566735,0.000791950917580725,0,0.00268341072260474,0,0.000146262342368871,0.000757014438113018,0,0,0,0,0.000822421244023846,0,0,0,0.00295354181837699,0,0,0,0.00131021207958911,0,0,0,0,0,0.000309303983993262,0.00161035846640131
0.00637656832673633,0.000157618753083944,0.0120675849743919,0.00282515830671854,0.183598373272939,0,0.25704628770618,1.32100234172004,0.0366859332346923,1.02683222708955,0.0191961580685057,0.497512634315256,0.00716767290265034,0.196258973837843,0.274898303106469,0,0.0238803128989506,0.00590677863966617,0.0124801345485399,0.00808061743824742,0.0247995707298788,3.15029748879373e-05,0.0184342908338034,0.0141116965322698,0.00021168721440421,0.00918440700598399,0.00973040578511502,0.0303240834378548,0.0446559929084747,0.0727932424121273,0.00267305931314961,0.186953888156624,0.000990825173772407,0.0924204562311941,0.376604845753156,0.223167626601388,0.0104627721187656,0.0252910694515164,0.0199463567536173,0.322579861187068,0.199953237041224,0.041540022401629,0.0110369658828196,0.000276307629430115,0.0010066113307401,0.000498740554158271,0.0120459536287701,0.000336140762453302,0.00104639597553212,4.98707016255855e-05,9.61422439820769e-05,8.55395328698905e-05,0.0111882423700193,0.000685406624090299,0.00507402287039614,0.00559757414614123,0.00144608342880887,0.00257623745932596,0.00355502419632067,0.000263449194710448,0.00914724145259043,0.000333988374730975,0.000336946703143999,0.00293072683878608,0,0,7.54361643260119e-05,0,0.00474249396978352,4.20464791545272e-05,0,5.65811321177483e-05,0.020586799696192,0.000245938023569584,0,0.000394860034342959,0.0122443861188662,0.000643245197358713,0.000516001184343055,0,0.000195729671294868,2.52598453164995e-05,0.00110334781631015,0.0195734611911557
0.288091414756804,0.000133557416269899,0.120754641215697,0.0115492582055908,0.00160552772385384,0.25704628770618,0,0.816731945583872,0.0279294110611254,1.91072979224248,0.0200792801937225,0.0267049144647537,0.00626115272577606,1.25667180420441,0.00590605210945248,0.000398235038292646,0.0392246105662807,0.00624937848694708,0.013920200011078,0.00827483373998628,0.38920805046366,0.000276274716015011,0.168563834961348,0.33134870750874,0.000301611890882686,0.0292590612041253,0.0320991763811447,4.0088067399441,0.323731300481979,1.61341627919914,0.0026045620431785,0.0312287811501494,0.0167847138455043,0.151687827969726,0.0988069150894632,0.433757397008499,0.0312960255099718,0.121186513169078,0.0683079492161058,0.0733316703859482,0.0957043389489942,0.0338122781612995,0.0962219078762493,0.00095164662744489,0.0189167645392212,0.00575949560003078,0.0259946282033394,0.00511115546846267,0.00138244285532932,0.000296723008147478,0.00012791139296481,0.00163238741135845,0.0404632631929408,0.000424918088094518,0.00739345772739328,0.141204724627147,0.0150152414064115,0.0229079287076303,0.00779879906664752,0.00279160446730375,0.00940962298565482,0.000387672740730077,0.0146155817889231,0.00363137293359347,0.00229380322798009,0.000434972941518501,0,0,0.00808968836790593,0.000389205928327948,0.000629669620690971,0.00593153430263771,0.39509913099907,0.000117259169229507,0.000321591042162016,0.0171105428220129,0.197517449382888,0.0209460269288556,0.0033580131399322,0,0.000666662597644895,0.000705220870903312,0.0226375206685006,0.0200036358949008
0.135808785388134,0.000169747212431744,0.0955918384453703,0.0065083856112107,0.0126448689531304,1.32100234172004,0.816731945583872,0,0.00737706092032871,1.07896883896172,0.01997284375422,0.329801013973844,0.00573800385875686,2.19591873434703,0.0352155690246475,0.00016119992376554,0.141731882501524,0.00663945874361302,0.0186809556411537,0.0171973245795925,0.122968001369562,0.000243692610289514,0.11107925879063,0.0416411698694941,0.000116773489940614,0.02211156591084,0.0254332601209029,0.0751499223597788,0.214062400610003,0.752736272435205,0.00260394539967994,0.0181953451013972,0.00386854489047422,0.0691217997175641,0.0261373019147084,0.145939502368853,0.013967989225247,0.0441793513340585,0.0306934532130674,0.0960389682939388,0.0368019831575906,0.026580291351635,0.0110466327787408,0.000170798117700219,0.00178577292213313,0.000789983598139823,0.0015247120204656,0.000255333975821793,0.000868623476671231,3.13476535775661e-05,2.82297770390511e-05,0.000446247580020994,0.00191974489110196,0.000150717187562823,0.00037847108785528,0.0185189768161597,0.000170350232467189,0.00537183881096986,0.000386424162176236,0.000305084893237055,0.000709402821429297,0.000661621061291754,0.000163606201204762,0.000349053517091021,0.000228347299451247,7.47254600457851e-05,0,0,0.000177666742563501,0.000122735929230675,0.00033077024702315,0.000769613693834008,0.0584571002974909,0.000160823093872249,0.000141582350639075,0.00318266732331908,0.019194699220045,0.00154810470739992,0.00097687071143268,0.000131393249208063,0,0.000179510371604994,0.00349550494780369,0.00308404380683944
0.000154610576752603,0.124407449684611,0.000142838691276804,0.116059439854362,0.0186273024492258,0.0366859332346923,0.0279294110611254,0.00737706092032871,0,0.131858591216874,0.00128083338001655,0.45748551365103,0.02999746037858,0.00665673729323066,0.17194555849299,0.0342433055165479,0.000688015660823956,0.000229768374812097,0.000636616048709899,0.081922603093487,0.00660007824269955,0.706842222265944,0.00709327977253793,2.66577204548681,0.0834331308046571,0.00143347456897598,0.24084535841388,0.231747825889267,0.00922545809218167,0.000878797904746043,0.0013182227974418,0.00224105413650844,0.00135316066838458,0.00578058869417185,0.00519176385673295,0.0414102832432769,0.00167174270855083,0.00314642381496173,0.00299048391009307,0.259897633233398,0.00431127576241148,0.0162344343724586,0.0458082412141231,0.00189259683505589,0.0124956468133364,0.00273647968360193,0.0827200341072559,0.00234530916639337,0.00428819978065424,0.000741529447485477,0.00137322462420246,0.000887704839426519,0.235905209671217,0.00670854704052939,0.0387258030128068,0.0505072941009473,0.014884282643202,0.364691577827621,0.0370259322096776,0.00463439576326065,0.104168501606335,0.000892396549723563,0.0132498517982966,0.0365265693581055,0.056568590251992,0.000248263228724957,0.00218794829513479,0.00182603224224469,0.0597323019461604,0.00693599087239413,0.0536721015817422,0.0183214195974195,0.690246932180235,0.000845315531407608,0.00323750516767522,0.0103589262831431,0.187601977463283,0.0212170579548499,0.0122498011321606,0.000222548773411065,0.00182764039137139,0.00100622861641604,0.0146996172503921,0.01156516362287
0.00280564433666559,0.00054758896796073,0.0231460606817287,0.384142308305482,0.00470994871719173,1.02683222708955,1.91072979224248,1.07896883896172,0.131858591216874,0,0.0300901785659724,0.246246950486882,0.00994568438308305,0.535445265356521,0.0274050896081139,6.43937554704696e-05,0.0184587063796105,0.0091851903079619,0.0164529695082953,0.685872891901548,0.0753439419626841,0.000598696364020899,0.0324390969452518,0.14953599959209,0.000373962383774177,0.0145304369959492,0.0134920176921856,0.599925918593567,0.128223419551069,0.0716455060440633,0.0035578845724321,0.0680515464836895,0.0021692280819832,0.196465360623991,0.0691063797825878,0.60219376956859,0.0299256170940726,0.0915104711451531,0.0371944452151461,0.20874870496147,0.118559335385003,0.0637247397690131,0.0436343093836973,0.00061248372571075,0.00242841293889795,0.00151686922683163,0.0695332110650956,0.00174861429677667,0.00134887375998291,0,0,0.000215008525018751,0.141969548647904,0.00377372154273628,0.0361681729722793,0.0365948242536543,0.00811846134831668,0.0222555910986687,0.0268815995405076,0.000188133487280756,0.0670009172585135,8.7841755634874e-05,0.00185400507838052,0.022857710889553,0.000344557496598669,1.9668558952868e-05,7.33222454411388e-05,0,0.037550132568732,5.52924878830612e-05,0.00029914809983863,0.000584004193563744,0.25495451859932,0.0003038184581182,0,0.00129034225130986,0.140413323363179,0.00234515168033336,0.00100426853096908,0,9.0850598365426e-05,0.000213197668987498,0.00643703478314649,0.00512328305813855
0.00109016388120118,0.00467471916666737,0.0165669765037328,0.000240649636603162,0.000638690794637397,0.0191961580685057,0.0200792801937225,0.01997284375422,0.00128083338001655,0.0300901785659724,0,0.0188163303532183,1.47326210354322,0.0239826337910459,0.00263451495464201,0.000251568874766857,0.258240236647606,1.30657714246964,0.534834318574763,0.00124562513750218,0.0140335031328272,0.000780047080870016,0.057000285073109,0.0051191553059861,0.135889833993855,0.603901293736139,0.209017959031874,0.00691505298221011,0.0635167433332915,0.0176871980908167,0.345685856560966,0.0359788063342151,0.00101867909117866,0.55914979767729,0.00825910594533942,0.106130215795828,0.615924804933911,0.386944416420931,0.100460508474188,0.0111302584591807,0.00257770216287915,0.3910776480807,0.0015697319854718,0.0661387874230315,0.000701908544104546,0.00119517835890609,0.00257904564988284,0,0.0685072882019231,0,0.0134342987462834,0.000634751346365064,0,0,2.15824071916938e-05,0.00021945940534696,0,0.0185278797681619,0,0.257028189163859,0,0.391354028125511,5.77027993426621e-05,0.000347205566932634,0.00167831825607068,0.000224310598806053,0.0125400622201404,0.00137572961045307,0,3.78521834783852e-05,0.0103018901753467,0.000502475455593631,0.0111697174830867,0.0827643120912261,0.0991649592162478,0.218911563675389,0.000385850605158724,0.000426543437864989,0,0.101967316996694,0.0002013308530581,0,0.00187133722493595,0.00519577524678171
0.000640176812487364,0.00132591065535487,0.0020122243399293,0.958632457681385,0.0136890574791816,0.497512634315256,0.0267049144647537,0.329801013973844,0.45748551365103,0.246246950486882,0.0188163303532183,0,0.00727497349637705,0.128498451869488,0.208341790488386,7.45249157952668e-05,0.0122663074193948,0.00489920590023336,0.013876888792141,0.817104866148874,0.00184989411613524,0.00225313131874213,0.00447224463844565,0.194532964535751,0.0012629585833265,0.00654861072282945,0.00911614241935616,0.357053623376606,0.0323358975462022,0.00498532592130123,0.00309523153263481,0.0523920106144539,0.000316000893706471,0.0741800764023718,0.563700146478456,0.337250685865332,0.010732282903748,0.0214848732651663,0.0136770459938512,0.225008948290099,0.0296436111824371,0.0456691841665281,0.0364402607733037,0.000911578023243295,0.00334705508506228,0.00151838974655771,0.12857545539428,0.00135680143359685,0.00397830719222355,0,0.000105118892821491,0,0.145512326893248,0.00641374152066925,0.0583772356798945,0.0159069679944128,0.0139420459477236,0.0195566916238434,0.0402988807351485,0.00131542205358174,0.125783343294233,0.000266354674313113,0.00426678654036909,0.0381725644695075,0.000226127949086219,0,0,4.73876101515591e-05,0.0609466962343592,4.48134650746882e-05,0.000117797041407526,0.000219004598363638,0.155722824720153,7.97516943642202e-05,4.82245866042376e-05,0.000222245785998866,0.098315975448473,0.00321748861631189,0.000579299505246848,0,0.000902621611564816,0.000143817713445514,0.00599827648559956,0.0606168571503061
0.000208093794969827,0.0573179832436931,0.000218058569242642,0.000175021569389627,0.000346710975078195,0.00716767290265034,0.00626115272577606,0.00573800385875686,0.02999746037858,0.00994568438308305,1.47326210354322,0.00727497349637705,0,0.00708238825280936,0.00104190523279578,0.00139597857797131,0.00124812464796305,0.0179502920381668,0.00269538696212277,0.000359739852921769,0.00102441831397587,0.0438737427579172,0.00186835581563957,0.0477763824363177,0.722173017208924,0.0146832484949623,0.401748770692249,0.00312554961200543,0.0146004643593722,0.00406297962236701,0.0814990896470972,0.0126200654089565,0.000245936363858342,0.345680542815204,0.000720252091867059,0.00444093065688857,0.17547695777273,0.0952529163495058,0.00149307614503822,0.00504491271084513,0.000906405581357155,0.310718550572249,0.00159649497698402,0.0414903066881142,0.00136932048670592,0.000433691235798866,0.00123228133678507,0,0.0432321122856622,0,0.013163249895158,0,0.000189937216193408,0,8.11811542006728e-05,0,0,0.0128520221140886,0.000121488264356255,0.21528715115372,7.07481213202176e-05,0.48389983851814,0.000111620392491937,0.000164968619813703,0.00182376954868823,8.0637473033309e-05,0.0153258530689289,0.00235610458632636,0,3.65745159703195e-05,0.00721992727024501,0.000182343475643069,0.00811134893450444,0.140772511577959,0.161833727370683,0.392325999065497,4.12650988372564e-05,0.000240932963143051,0,0.19658107943764,0,0,0.00158749002818189,0.000200809276226818
0.984926014498228,3.50876431175917e-05,0.11863254414664,0.00450283020794472,0.00217486975588086,0.196258973837843,1.25667180420441,2.19591873434703,0.00665673729323066,0.535445265356521,0.0239826337910459,0.128498451869488,0.00708238825280936,0,0.00878861345741341,0.000152357045137495,0.227031559789286,0.00726795930938933,0.0231775630845192,0.0100816455767473,0.141318110520708,0.000167252444302365,0.145871153392614,0.0676965748449515,0.000197098757039308,0.0282744689365641,0.0299349975965507,0.0798999376054851,1.71142571538526,1.61008161135741,0.00229611753813705,0.0172513964001515,0.00956391531906355,0.111661956671997,0.0221732863157662,0.121220624873694,0.0162612029707353,0.062040510456594,0.0361488388660976,0.0449420839541471,0.026445482791803,0.019150383827608,0.00982770420972384,0.000515963421721116,0.00282591450846186,0.000491905222012788,0.00100226347195779,0.000755097222253026,0.000351102053411827,8.15595872241411e-05,0.000267362703707844,0.000860025462032408,0.00181118790853883,0,0.000304330573338046,0.0154837845225078,0.000422722151812449,0.00543085047494338,0.000445066529920504,0.000786342239874171,0.000161644368031577,0.000451602393157795,0.000350978054959953,0.000243471309170499,0.000178162363355085,0.000152435458111286,0,0,0.000626239154723957,2.84350866726041e-05,0.00016649103290987,0.00128499648066549,0.0500209616685288,5.46535786876082e-05,0.000186379654485107,0.00565238432864335,0.0150213221671865,0.00124303144471513,0.00229953265806186,0.000382863257993907,0,0.000266169557833001,0.00242350807515526,0.00282404677798225
0,0.00260109697055562,0.000192764408557981,0.00739525280778534,0.302555531431925,0.274898303106469,0.00590605210945248,0.0352155690246475,0.17194555849299,0.0274050896081139,0.00263451495464201,0.208341790488386,0.00104190523279578,0.00878861345741341,0,0.000259649845346391,0.00169878387877381,0.000592059373655588,0.00155029542145924,0.0107093249438057,0.000379482581268549,0.0034124740118946,0.0004646759553736,0.10614045345429,0.000795569601508455,0.00118548517793675,0.0059672816736393,0.013413559878948,0.00336528412741828,0.00102988706880413,0.000286343591065154,0.0301434210055629,3.71448279589713e-05,0.00738524548664718,0.036462725780147,0.0455145628267996,0.00132663744751793,0.00200973623264864,0.00203850391539523,0.277569317793678,0.00577630745854585,0.00693433833646969,0.00370320092549628,0.000120278653391481,0.000487026257728726,0,0.0128629319859904,4.48475687877536e-05,0.000291504456884503,9.80876015873549e-05,0,0,0.011663932479341,0.000794668916872116,0.00508842312656508,0.00113310252430277,0.00127235649915123,0.00327268845793991,0.00277205153280513,0.000164796601850152,0.0102664280839795,2.66246539515406e-05,0.000546132762045264,0.00324794883570032,8.3214486979738e-05,0,0,0,0.00460527067888204,0,8.4411337866545e-05,6.8447681906581e-05,0.0159441072061772,3.5117761008963e-05,4.8290539170146e-05,0.000172666944176018,0.00737417888205178,0.0004612453154722,0.000108879383567423,0,0.000124177419878036,0.00012164687994197,0.00132455822120832,0.00139057034183112
0,0.0234683698759156,0.00154856654091329,3.83103727520406e-05,5.60887930279374e-05,0,0.000398235038292646,0.00016119992376554,0.0342433055165479,6.43937554704696e-05,0.000251568874766857,7.45249157952668e-05,0.00139597857797131,0.000152357045137495,0.000259649845346391,0,0.00236545894940016,0.000157728524541348,0.000540010669849962,0,1.26087054823988,0.822627504269582,1.38917723841997,0.249238224955998,0.00758268043370594,0.00321699532372635,0.421371561154532,0.217202504639576,0.000112336025611609,0.000579197458152622,0,0,9.94849946290853e-05,0.0105316900081832,0.0311528828798826,0.25862813967327,0.146458594371411,0.0461836177389342,0.0500580056302614,0.000409893436821103,0.000814281544394373,0.00687466771893452,0.0163487271389476,0.00200291068693182,0.00526731897960486,0.00340600725509369,0.00768321491698127,0.00130832933626691,0.00179226221915388,4.069990010041e-05,0.00108883959927789,0.00513246483429475,0.000540100721758396,0.000673452457474425,0.000478518471028313,0.00545490099010484,0.00195575819415712,0.020825611512743,2.90842726659477e-05,0.000467924335090875,0.000776206498578701,0.00013119713085419,0.0015012900978854,0.00166020004973434,0.903778802695908,0.00280045373749656,9.37310020782949e-05,0.00117334995400828,0.000210394284677744,0.0863896093919655,0.170457488257095,0.573278543999835,0.200970158307499,0.000285604826767847,0.00235172732005939,0.292660622202984,0.0581661719154814,0.000657619170575142,0.0376697920974404,3.70976728802324e-05,0.000251920444357991,6.34122814556062e-05,0.00611148832532602,0.0170889979867439
0.0297070005255098,0.000293913026904658,1.1068501334233,0.000477967761235312,0.000371860191838935,0.0238803128989506,0.0392246105662807,0.141731882501524,0.000688015660823956,0.0184587063796105,0.258240236647606,0.0122663074193948,0.00124812464796305,0.227031559789286,0.00169878387877381,0.00236545894940016,0,0.211400982787073,0.755566991317344,0.000853952169957921,0.107740408461895,0.000454106448964223,1.56184552927563,0.00450413352763121,0.000370340868697599,0.993760244306032,0.765257659695519,0.0174411048486209,0.294811739143929,0.756679429270487,0.00593706922902155,0.0293947656318685,0.0498256237131863,1.26346190413674,0.0507075457707779,0.417432493927382,0.40695252904742,0.691144290847452,0.352527978668962,0.00888322007662058,0.0135077275296789,0.00492031933421952,0.00534056711013755,0.00102596500977912,0.00144146041630718,0.00391649090544363,0.000398772229402289,0.000155548586031527,0,0,0.00590826627950667,0.0295709573647426,0.000100987012346894,9.37067183234097e-05,0,0.000257911035871312,4.18782322141827e-05,0,0,0.00127687233035094,0,0.0023112642724885,3.6357206959784e-05,3.65072138412297e-05,0.0017693267617107,0.00635536039189355,0.00245066862723433,0.00306241798939727,0,0.00018056208577314,0.00015138851142177,0.00656697226965744,0.000825932746649591,0.000329300731983826,0.0533204162697558,0.0983579458701026,0.000539664710166648,0,0.00030179363555044,0.00329669626487522,0,0,0.00142150981541416,0.0329065376212074
0.000254650847476199,0.000370394321039319,0.0111244070654698,4.48058790207803e-05,0.000277138553804428,0.00590677863966617,0.00624937848694708,0.00663945874361302,0.000229768374812097,0.0091851903079619,1.30657714246964,0.00489920590023336,0.0179502920381668,0.00726795930938933,0.000592059373655588,0.000157728524541348,0.211400982787073,0,0.970855490550567,0.000582638020696357,0.00551439821391834,0,0.0233792026690154,0.00121700794781507,0.000669549638107136,0.5516682462283,0.065759024987624,0.00217310025432138,0.0178046547824488,0.0061384184248227,0.0654761072543124,0.00929835897004891,0.000577505382541686,0.104889825559421,0.00391350277138289,0.0659327045882684,0.33264683127639,0.144698387838232,0.0699140802156576,0.00304691085252175,0.0010391932227149,0.0088393849358815,0.00016032321483162,0.0077404120157204,0.000182870081902355,0.000283716152911782,0,0,0.00199824678518045,0,0.00131907795318112,0.00045883568717657,0,0,0,0,0,0.000602026061206639,0,0.0166675563608311,0,0.0255605541966354,0,0,2.45091109805405e-05,0.000142039804358885,0.0119606189822236,0.00181879991639081,0,0,0.000232285247277558,8.39459795623867e-05,0.000257680365347043,0.00249888154975678,0.0643523972894935,0.0656243249146496,0,0,0,0.026985781733797,0,0,0.000140906630221814,0.00251560386140181
0.00154273400755741,5.06888722087145e-05,0.0934740415854559,0.000136274772213623,0.000372740959940374,0.0124801345485399,0.013920200011078,0.0186809556411537,0.000636616048709899,0.0164529695082953,0.534834318574763,0.013876888792141,0.00269538696212277,0.0231775630845192,0.00155029542145924,0.000540010669849962,0.755566991317344,0.970855490550567,0,0.000928162195361378,0.022306606493917,0.000240441866741076,0.0920393472418796,0.00311324171104878,0.000138140868129134,1.50784961976787,0.166771904300949,0.00676331861378919,0.0636403717911027,0.0357339762098113,0.0107825525018822,0.0294440330158841,0.00304245971862655,0.474869427748469,0.0168502675211909,0.233120374036543,0.374080552599284,0.397334393726179,0.212788049197663,0.00616290489499484,0.0027348325983201,0.00198258002054682,0.000838776860073017,0.000916277235770451,0.000149020868372008,0.00190160186453842,0.000205827048532635,0,0.000310136647711426,0,0.00096889408681509,0.00230749006816888,7.6289758847058e-05,0,0,0,0,0.000296627679530829,0,0.00226539185506053,0,0.00344405047091689,0,0,5.09219903879464e-05,0.000667061110659674,0.00368783536492351,0.00141400148502932,0,0,7.20908360971513e-05,0.000299661816093058,0.00038265464151144,0.000958593650612801,0.0297195952903707,0.0374082841362043,2.33784201235473e-05,0,9.15117753533723e-05,0.00575600957984026,0,0,0.000310590689802572,0.0124884356571832
0,0.000129430208972156,0.000758497714924724,1.8063701280826,0.00131434852636522,0.00808061743824742,0.00827483373998628,0.0171973245795925,0.081922603093487,0.685872891901548,0.00124562513750218,0.817104866148874,0.000359739852921769,0.0100816455767473,0.0107093249438057,0,0.000853952169957921,0.000582638020696357,0.000928162195361378,0,0.00202237591239722,0.000212762175007716,0.00130002942630392,0.0679100628366228,5.29210329459906e-05,0.000648986362772494,0.00126032401176774,0.345096751647255,0.00669984697460514,0.00241085990405573,0.000156658507446453,0.00208973497461207,0.000156794723217189,0.00787310872921097,0.00269658384653909,0.0488977156506309,0.00211367050866695,0.00277916736872404,0.00176864146651988,0.0317806501802028,0.00543271872093937,0.00658215687141058,0.00891063377028917,0.000134606093920887,0.000743768071037739,0.000636553243727684,0.0299789150899822,0.00100052790436818,0.000688068587171331,0,0,0,0.0743019407505897,0.00163580779541791,0.0157810956405323,0.0104235914936078,0.00485388186858353,0.00855426620123478,0.0140403526772979,0.000174583407717407,0.0371432171861596,0,0.00144432210006989,0.00900972801189174,0,0,0,0,0.0171939153063778,3.77364018545151e-05,4.89370679490268e-05,8.69021264610142e-05,0.0742617228268618,0,0,3.98304000132978e-05,0.0452025921164379,0.00120175481172298,5.2067555778265e-05,0,0.000297710502806783,0,0.002177869380089,0.000439932473048017
0.0226607281383662,0.00264398877291771,0.146521146863767,0.00248354527721976,5.97248787765652e-05,0.0247995707298788,0.38920805046366,0.122968001369562,0.00660007824269955,0.0753439419626841,0.0140335031328272,0.00184989411613524,0.00102441831397587,0.141318110520708,0.000379482581268549,1.26087054823988,0.107740408461895,0.00551439821391834,0.022306606493917,0.00202237591239722,0,0.0379750045537364,2.57272561950011,0.15903761519261,0.00100590123837361,0.0221842112749043,0.109168888478806,2.67069531186886,0.0756242404516186,2.12253278963794,0.000123178313526824,0.00443334084557886,0.0182435628930347,1.0383517439539,0.237076524603397,1.02687107053033,0.0899978299111653,1.01295754986997,0.606803470201188,0.00995465908721028,0.0158019705538953,0.00789305268287666,0.0127534936946624,0.00144497952384719,0.0036848895681686,0.0048983852673261,0.00533335864682396,0.000580240121445954,0.00161462948809726,8.69611090779451e-05,0.000469809737723142,0.00486928633387752,0.000369745889460176,0.000372055050740212,0.000571421055063918,0.0061259609423904,0.00186108272627171,0.012250428999666,0,0.000348241457262919,0.0003565794819078,0,0.00120118984978836,0.000812358278551605,0.138298524781054,0.00167910496129485,9.87860801663398e-05,0.000611450213880792,2.4185781627655e-05,0.0382476423436692,0.0488661783918087,0.109449916783847,0.105179951567442,8.47727525629999e-05,0.00204890307507807,0.0422411581007747,0.0487869003207753,0.000798692059017646,0.0294633752550701,0,0.000313651993658409,0.00010315625703542,0.00501461568591749,0.0763411132278493
0,0.295999231493238,0.00105106491509387,0.000496914551166341,0.000221006319092095,3.15029748879373e-05,0.000276274716015011,0.000243692610289514,0.706842222265944,0.000598696364020899,0.000780047080870016,0.00225313131874213,0.0438737427579172,0.000167252444302365,0.0034124740118946,0.822627504269582,0.000454106448964223,0,0.000240441866741076,0.000212762175007716,0.0379750045537364,0,0.100709390934471,1.48223581961629,0.132464153971854,0.00468364510001214,1.44435637951327,0.0424181131687975,0.000204062769195899,0.000227887113075554,0.000764530440471158,5.97753721381426e-05,0,0.0020198771773065,0.00171604244060633,0.0161616546157913,0.012192229978096,0.00692715022767036,0.00535766808322591,0.00277025606891917,0.000654146604104534,0.0196354330570042,0.00620037575771984,0.00152974532741717,0.00174086976768795,0.00289424728679888,0.00356483706091178,0,0.00233623565915296,0,0.0140885427410701,0.0106321561331495,0.00164142617782492,0.000526748613054902,0,0.000708971652757598,0.000414225649891123,0.00889133763000209,3.28602875796557e-05,0.00212204175897059,0.000199794899274826,0.00221800587318629,0.000463879216440559,0.000418105379992679,0.222721016598689,0.00158374588936377,0,0.000573009082287401,4.67734583154618e-05,0.0126690547997215,0.0775332876204746,0.0772984056229367,0.0767518325533298,0.00141405208736184,0.00690903813418465,0.335949059855489,0.0118044314115552,8.89501703169945e-05,0.00618728062135349,0.000182146183755994,0,0,0.00172262111265832,0.0017489828050622
0.0274847013858866,0.00410734722026666,2.42405875417235,0.00126536151619611,4.82975007367432e-05,0.0184342908338034,0.168563834961348,0.11107925879063,0.00709327977253793,0.0324390969452518,0.057000285073109,0.00447224463844565,0.00186835581563957,0.145871153392614,0.0004646759553736,1.38917723841997,1.56184552927563,0.0233792026690154,0.0920393472418796,0.00130002942630392,2.57272561950011,0.100709390934471,0,0.0763939620528781,0.0025134856821723,0.198647846123122,3.37798402522506,1.1040104177788,0.0967749354842904,1.16426494028321,0.00203147240621921,0.00782667414327651,0.0176837746891005,1.59163538833664,0.656774682007434,3.33161515569554,1.49100623126151,2.42849717733666,2.16841132904075,0.0175331365997711,0.0248399588106818,0.0208768829247373,0.0315713050090598,0.00617798811186178,0.0136995802705871,0.0311155563491678,0.00425554157758742,0.00162172962172282,0.00149657134183925,2.53082242227197e-05,0.00527089704461466,0.0926398385144539,0.00036968184807691,0.000949937661338241,0.000400591994855695,0.00310187166429703,0.000754726054657428,0.00487314494666824,8.2165145025134e-05,0.000700497758115158,0.000268002224817038,0.000179211068248808,0.000807101451245917,0.000345224892264783,0.642396027485337,0.0165155317273553,0.000344191336427331,0.0030193775737244,2.804081514211e-05,0.0451653645355278,0.0668852839273281,0.715373320258288,0.0784596147556825,0.000207874203856334,0.0227474639123048,1.06846387974623,0.0273292666241932,0.000394091103955596,0.0183248135497391,0.000129915154802799,0.000149965367708654,3.49455890191794e-05,0.0125395702247282,0.37338137309197
0.00147205187023702,0.304480463635256,0.00352821815395252,0.390209174594145,0.0053313363389702,0.0141116965322698,0.33134870750874,0.0416411698694941,2.66577204548681,0.14953599959209,0.0051191553059861,0.194532964535751,0.0477763824363177,0.0676965748449515,0.10614045345429,0.249238224955998,0.00450413352763121,0.00121700794781507,0.00311324171104878,0.0679100628366228,0.15903761519261,1.48223581961629,0.0763939620528781,0,0.158176437203621,0.00462916759112102,0.464336751077578,2.10037606186098,0.136115834587346,0.0366040115202694,0.00195961765985501,0.00624278140718858,0.0220607773532726,0.0428356080600542,0.0835936111199591,0.440399397340025,0.0147558041466045,0.0463920824269767,0.0343085889505897,0.170021537900729,0.038096545842933,0.0514872777537922,0.349230161797233,0.00638107231782427,0.100313282849664,0.0253954602047072,0.0928536538307296,0.0254978077087635,0.0123153806632983,0.0031603175867746,0.00227431403519465,0.00309151858674829,0.200424485308519,0.00379156831922555,0.0264215407194918,0.423971028183869,0.0824099441640704,0.378152952581298,0.0284594672649343,0.0104714868915755,0.0431942404811279,0.00205154007124024,0.0730886208886171,0.0186095095609621,0.140395558639713,0.00209387889218436,0.000497148350413948,0.00102317874019375,0.0350005546068156,0.0822827894401664,0.20977588273818,0.0976041265102482,2.56996983067934,0.000831137477463529,0.00262120421088826,0.0224519548655773,0.893006908972783,0.130055643402682,0.191367790188569,5.28451053478718e-05,0.0111638144088597,0.00880366946507485,0.113131287967456,0.0576093514009831
0,0.205044418098644,0.000319740721885681,0.000185252232756317,0.00010323926145786,0.00021168721440421,0.000301611890882686,0.000116773489940614,0.0834331308046571,0.000373962383774177,0.135889833993855,0.0012629585833265,0.722173017208924,0.000197098757039308,0.000795569601508455,0.00758268043370594,0.000370340868697599,0.000669549638107136,0.000138140868129134,5.29210329459906e-05,0.00100590123837361,0.132464153971854,0.0025134856821723,0.158176437203621,0,0.00776715782230579,0.663448673264762,0.00284675024048512,0.000711922912728684,0.000101765618096381,0.0279099109984886,0.000585826906471521,0,0.0258525834575674,0.000127244578826308,0.000937285139783489,0.00566912511714952,0.0050194141709711,0.00037350840874207,0.00124748603424649,0,0.068514715522892,0.00122956673130979,0.00686202480777845,0.000675191652538985,0.000637004010403842,0.000942357000444107,0,0.021658954585086,0,0.0771542977764585,0.000666550686584994,0.000138471140188262,8.30329392979148e-05,3.03293264289946e-05,0,0.000112314051202417,0.00834677622681764,0,0.0367655196536699,0,0.0954625672176649,0.000100170958314716,0.00021508923266907,0.00144067864201805,0.000214468758422852,0.0013342341512396,0.000831491968314097,5.19004949446917e-05,2.04549645069539e-05,0.00556396864821404,0.000195492330491707,0.00695593680849268,0.141620729940138,0.0288446628971141,0.280474134140525,2.48746728595048e-05,0.000273700088951289,3.47904793639034e-05,0.0139188944868255,6.29056378343105e-05,0,0.000677306028263569,5.66659659946263e-05
0.00322211910799214,0.00911538483766352,0.686344537912774,0.000737968598836412,9.59008440113963e-05,0.00918440700598399,0.0292590612041253,0.02211156591084,0.00143347456897598,0.0145304369959492,0.603901293736139,0.00654861072282945,0.0146832484949623,0.0282744689365641,0.00118548517793675,0.00321699532372635,0.993760244306032,0.5516682462283,1.50784961976787,0.000648986362772494,0.0221842112749043,0.00468364510001214,0.198647846123122,0.00462916759112102,0.00776715782230579,0,3.2177656819327,0.0290028056442982,0.0488425793631603,0.0363094187577875,0.070493439466318,0.0147918068040371,0.0033168499498799,0.195958617201031,0.0352849719940138,0.512425113778075,1.20594338063254,0.430099537216804,0.286067825369164,0.00549731875630388,0.00261198700031617,0.00791080401549152,0.013104153684404,0.0220962873132686,0.00873042704713413,0.0122745610586202,0.000302758585798711,6.01203908993006e-05,0.00214346026758157,0,0.105168894317583,0.0470789614433583,3.95331210018844e-05,0.000317622699825794,0,0.000452961855929986,0.000155480988423541,0.00117089067268467,0,0.0295193251541569,0.000108496195638895,0.0563664370685947,0.000354701095327601,0,0.00174384096514988,0.0396737375745151,0.0506434650259506,0.065146436756686,0,0.000817256044514027,0.0083276891849999,0.0101842650408361,0.00309041933295972,0.0394211929781417,0.669103150759613,1.38602446665168,0.000985603873088795,0.000304568247340814,0.00144618311207193,0.0696302067799586,0,6.68241029138863e-05,0.00787604704678734,0.0319163618450834
0.00305196131820519,1.77407014584734,4.61757618479363,0.00140738106662929,0.000153284978795648,0.00973040578511502,0.0320991763811447,0.0254332601209029,0.24084535841388,0.0134920176921856,0.209017959031874,0.00911614241935616,0.401748770692249,0.0299349975965507,0.0059672816736393,0.421371561154532,0.765257659695519,0.065759024987624,0.166771904300949,0.00126032401176774,0.109168888478806,1.44435637951327,3.37798402522506,0.464336751077578,0.663448673264762,3.2177656819327,0,0.0927796611520579,0.0494363338772345,0.0701816841977916,0.0380242529663305,0.0126388513975962,0.00349103620881488,0.558439372974582,0.228406830296786,1.91078931921013,1.43885918759286,1.35796726178352,1.21437438906367,0.0124736446186495,0.0114844049427174,0.0199524982049193,0.170116966963438,0.0616969009212549,0.0883280297961301,0.0938885978741357,0.00371232468720044,0.000959261030561956,0.00836836964845667,0.000191382979758978,1.45297830075017,1.02424285811328,0.000807237409258471,0.000942478608869879,0.000191960936478197,0.00725309559981206,0.00146252067037897,0.00891428732701329,6.01459152464271e-05,0.041446122404483,6.75492332701087e-05,0.12180417985237,0.00302145941743217,0.000274693386313155,0.65662996856753,0.229992209220467,0.0531343615288934,0.201166397786764,0,0.0224414615130903,0.197637492252503,0.891119318396833,0.042734786069527,0.302692945260611,1.86270904054187,10.7355093553646,0.0166793563188976,0.00115271201681491,0.0152354116878775,0.0891033577521295,0.000148850913521737,0,0.0688340779605414,0.209201355942168
