0,0.000133143118419323,0.00557083394857701,0,3.97956510227621e-05,0.00394633532950876,0.242584740905506,0.198726064829427,0,0.00150555093154311,0.00936153693631894,0,0.001583355845535,1.85523284016513,0.000676861929070017,0,0.00639434061736089,0.00453255526153066,0.00335788027467213,0,0.00459996436589489,0.00017067004525091,0.00591678055823253,0.000188753605904889,0.000460953111105698,0.00663943382044774,0.0387125077291067,0.00505435819850325,1.42334150136476,0.605156189029681,0.00115374014424689,0.0132403602339337,0.0943489395949634,0.0640255813755916,0.000573751715177512,0.00114227964157738,0.000783962784180347,0.0679734444859422,0.00493141999027759,0.00218907902075606,0.00207688728164628,7.9389378146261e-05,0,0,0,0,0,0,0,0,4.09772831674397e-05,0,0,0,0,0,0,0,0,0,0,0,0,0,0,0,0,0,0,0,0,0,0,0,0.000111135143684012,0.000368198557356728,0.00013589180570463,0,0,0,0,0,0,5.77031014395178e-05
0.000133143118419323,0,0.00444418902745908,0.000327451731998658,0.0018140769737709,0.00409274689403464,0.0121797774668371,0.00728317085551283,0.153411190160532,0.00732946676311047,0.0490306510147436,0.00198509426959156,0.0840710120292051,0.00225583564435283,0.0239283248971533,0.0472076154778548,0.00237413676506756,0.000403259823219335,0.000416928754117316,0.000208047171923893,0.0314231296692285,0.546069319369744,0.106242635513778,0.28614089964596,0.418914691953624,0.00249038731515605,1.06266580593805,0.113488770375499,0.00231787589725925,0.000980026393921062,0.00496486401988332,0.00192805139646145,0,0.0406091139646587,0.028173224301526,0.040958564466165,0.30193284297736,0.0869105446128003,0.0400484875296205,0.0555785423987299,0.0107073761956081,0.0115887532869127,0.0023596606206418,0.00333577425335853,0.000940159740980387,0.000546253513696414,0.000154745687239334,0,0.000273565322243113,0,0.058966044479005,0.00275581209706479,3.32284183823317e-05,0,0,9.79260294015972e-05,0,0.00141548613211024,0,0.000914309364199624,0,0.00254503407154941,0,0,0.00322999171138043,0.000312723476818472,9.87611656445023e-05,5.8199408977735e-05,0,0.000831976634602559,0.0068216731754214,0.00216132314176816,0.00592109577554728,0.0765289789041624,0.0347458749960445,0.227201092573629,0.00394201198014439,0,0,0.000915796516357464,0,0,0.00116197869959548,0.00047368209873476
0.00557083394857701,0.00444418902745908,0,0,0.000115268879132452,0.00610843135745487,0.132775455644665,0.051369918208223,6.33905777342499e-05,0.00386639887159927,0.146957210221955,5.10731854456782e-05,0.00436133818242789,0.0382472309759518,0.00198204411970951,0.000246853011332628,3.26118555454237,0.243906770771776,0.398652800415161,0,0.382672710979838,0.00104299980382352,4.41185404230461,0.000635501770987093,0.00670876313300154,2.72696675408886,1.70877387975572,0.181788365422462,0.0155903234571613,0.44540675427199,0.00747845208116303,0.0107878998684177,0,0.305993218761573,0.00907201655858131,0.0235891742074908,0.0419303717768929,0.224054168251078,0.052385706400751,0.00961717106336391,0.00371044621775305,0.000390463733268485,0.00544562395731585,0.0045999697432629,0.00345507393180132,0.00201827757432397,4.71785276644081e-05,0,0,0,0.00222526156541144,0.0113852616438386,0,0,0,0,0,0.000501906569146868,0,0,0,0.00103120988714755,0,0,0.00129081487335319,0.00193604323850985,0.00014524998129813,3.62056811112583e-05,0,0.000116541585067648,0.000996296002488773,0.00263050367184824,0.000264994865066236,0.00175712575406223,0.0349444508438287,0.324404453599566,0.000295514742777935,0,6.47907422125935e-05,0,0,0,0.000686608709890595,0.000234230495016373
0,0.000327451731998658,0,0,0.00219254227244509,0.0482537369758062,0.00924744437796073,0.00562258690909354,0.00794654904576295,0.935520102025985,0.00024935289635087,1.08002977321577,0.00106234989820427,0.000155347685597241,0.0547509502186422,0,6.4883104390645e-05,4.18439375588387e-05,0,3.27138987684682,4.98535444340169e-05,0.00072308023786124,0,0.202995855616966,0.0020219791777068,0,0.000581061236944058,1.54696050932246,0,0,0,0,0,0.00125997041954456,0,0.006880279634515,0.000621739496555746,0.00115644353136738,0.000570172778339657,0.04053893438233,0.00133756349278347,3.89611001496941e-05,0.0061981899109012,0.000478844710625488,0.00273919467264371,0.000323791718568879,0.00685343111320841,0.000419071190505016,0.000248158871008509,0,7.81670111476123e-05,0.000114211491735739,0.0546319390930957,0.000333955793477482,0.00213442190848161,0.00356409945998096,0.004870448304184,0.00758496038130827,0.0205114142351081,0.000110241674189038,0.0438863552630106,0.000842967851438544,0.0123732692714145,0.000728542283640498,0.00124333941970828,0.00020836042513172,4.2380555270949e-05,0.000571369799398244,0.0312466712000806,0.000893114961715419,0.00205347832463654,0.00161537358996813,0.0906319205347757,0,0.000164173100032854,0.000773349483832988,0.0608681598998248,0.0139353023979536,0.00116891034504585,0,0,0.000583819600048441,0.0079189045391255,0.000284166215045488
3.97956510227621e-05,0.0018140769737709,0.000115268879132452,0.00219254227244509,0,0.0635896048189643,0.0192901102910396,0.00397439215746007,0.00148523294822264,0.0194051835246513,0.000125407918002671,0.0135776259035945,0.0013210866030347,0.00115957309355457,0.211499780475933,0.00877704250814866,0.000452286882832307,0.000125937201375055,9.4716380586189e-05,0.00629404810126638,0.0297571100014559,0.00406693532096128,0.0529514604546153,0.0065541748413814,0.00139273006907018,0.000151291307920581,0.0217565710732103,0.039344400583138,0.000858082694615436,0.00250555108549518,0.000252074645145821,0.0169643520732807,0,0.0265053412839134,0.0362834962835696,0.0164552442241369,0.0122878301419113,0.00451431023349377,0.00778816936248753,1.46377920513279,0.43306724281137,0.000506675499735802,0.000136720522965545,0.000216636412585842,0,0,0.000272794837803167,0,0,0,7.85537799202979e-05,0.000160656396043191,0,0,0,0,0,4.95887506664455e-05,5.88013757715822e-05,0,0,0.001247471772077,0,0,0.000814294697915617,6.60438755612194e-05,0,0,8.6412524936676e-05,0.000655452644205249,0.000958146038418656,0.00122705977090007,0.00107476342601078,0,0.000128589075949871,0.00120380232137762,0.00224446294142,0,0,0,0,0,0.000769700856420437,0.00106393429349159
0.00394633532950876,0.00409274689403464,0.00610843135745487,0.0482537369758062,0.0635896048189643,0,0.846160141584888,2.67660020417802,0.0131127031126761,3.66546790834015,0.0700458879640327,0.554739382845706,0.0328858623897246,0.137881621047956,0.228388492513656,0.00173176969915337,0.00318242950535174,0.0225964626167696,0.00617445817981539,0.0807328346117161,0.00671447958797267,0.0121262237853144,0.0112321579993377,0.0608652288497489,0.029350756788462,0.0163879927248625,0.0902976614938973,0.427505593923866,0.0191091574699288,0.0387775655520465,0.01941987294456,0.0226365001144883,0.00033275785132224,0.215783151051727,0.980643424140231,0.121641578348591,0.0251545747457555,0.245805749230071,0.0399801833488638,0.893650291166251,0.438709820941159,0.0136886607510436,0.012301477830197,0.0045213129124261,0.0032464283483445,0.00110994069840172,0.0071368820522241,0.000294094150613945,0.00118176792752421,0,0.000358724320715144,0.00058707005832378,0.000114875481907198,0.000327325378197604,0,0.000261251439304104,0.000293485991525447,0.00942730280998826,0.00131704658988834,0.000167095246174356,0.00125633570327402,0.0056412506731221,0.000502263194242394,0.00022623678781898,0.0106583576525523,0,0,0,0.00167864805787348,0.00472756503770086,0.0162480868889717,0.00781601473993242,0.0942319606855423,0.000711107757532528,0.00391146450683601,0.00297841494910635,0.10310334417287,0.000416571747383612,0.000347525578794002,9.84127414656194e-05,0.00011368941644684,0,0.0129489527902694,0.00808069667890927
0.242584740905506,0.0121797774668371,0.132775455644665,0.00924744437796073,0.0192901102910396,0.846160141584888,0,3.18719637093953,0.0321380081956074,2.03312327327902,0.0517706265592724,0.0145081868475447,0.101255727154493,3.09975925632432,0.120049069838187,0.0184085589689941,0.0620410873683347,0.0243259827539856,0.0137374116251328,0.012518107269995,0.102115277919357,0.0449995867872507,0.198910154750796,0.141717834170373,0.0383534477791348,0.0275647516269624,0.220426994353247,5.98334010115955,0.338395660641956,0.936342187182943,0.0164369330320917,0.0598198573569016,0.012543117913658,0.45105282810993,0.0799026734987944,0.47198312246968,0.0713201384549328,1.06855883209359,0.403406036090973,0.993964534404321,0.464990210800377,0.015446539230458,0.0369770298210737,0.00895696138535083,0.00935281850109054,0.00125663728925754,0.0179591771704941,0.00277879377139631,0.00256486072297528,0,0.00062633154502272,0.00254385684402581,0.00165714828745749,7.80887265402556e-05,0.000238771340839344,0.00156646267174811,0.00303326661650683,0.0216100616285349,0.000720333266513005,0.000462333175016835,0.00144703237261727,0.0216123098231745,0.00437697368624991,0.000696252296321672,0.0450619860985548,0.000137901810775024,0,0,0.0016302513813166,0.025424887830658,0.0430431074527084,0.0389784978678041,0.261622103703206,0.000265186826200426,0.0021521770020509,0.0209183177100963,0.307006366811313,0.00340148745522035,0.000827598096914274,0.000207684581221056,7.70742174841225e-05,0.000150808722140021,0.04086251492873,0.000511434441734523
0.198726064829427,0.00728317085551283,0.051369918208223,0.00562258690909354,0.00397439215746007,2.67660020417802,3.18719637093953,0,0.00622828520035759,1.86013525467824,0.154107832450899,0.00684404403928338,0.0491280577292767,3.79874142347326,0.0254345119621504,0.00231776039001694,0.0374039638340976,0.0737611057178444,0.03659123333621,0.00529753646459852,0.0243039931237079,0.0198418291590026,0.06378115687146,0.0239669043218218,0.0236300756852643,0.0648788907263887,0.456325215741976,0.362572828107741,0.286081595397326,0.75645522423097,0.0438216434137308,0.0451255385683519,0.00568358921519465,0.416251206889464,0.0530865401887964,0.121175997871705,0.0283080517714366,0.590315375495265,0.119264889115651,0.282574199244319,0.0945252978482213,0.00766684379938278,0.0165261188298469,0.00453455305417936,0.00254461683485059,8.25103491702407e-05,0.00414221050755107,0.000890667134440255,0.00101410653976394,0,0.00179409377034707,0.00130012799555544,0,6.39577609341383e-05,0,0.000299261101128173,0.000643320705115617,0.0160093368337865,0,0.000452436826463911,0,0.00443349001060299,0.000545177239514068,3.30951979635298e-05,0.0180259369533664,0.000210490772484497,8.63962924015314e-05,0,0.000100687692384964,0.0102360379234408,0.0242037701834097,0.0115709866064641,0.0806182520428497,0.00131901113410417,0.0084113427798489,0.00673462584846024,0.0638787988114105,0.000545723289141155,0.000945361004497135,0.000303017496849444,0,4.40512983481973e-05,0.0118431633511083,0
0,0.153411190160532,6.33905777342499e-05,0.00794654904576295,0.00148523294822264,0.0131127031126761,0.0321380081956074,0.00622828520035759,0,0.072750817620135,0.00896622609402418,0.0191302084596724,0.0184196985082167,0.00119686867878311,0.143011344907122,0.0047671353945075,0,0,0,0.00472400386999397,0.00187237328154292,1.01912951638302,0.00205566563650897,1.08247285540556,0.0634942012084502,0,0.0162397073685318,0.446100201936601,0.000148601080143583,0,0.0017015075620766,0.000258300558390295,0,0.0138857874698843,0.000596243492344418,0.00888125245979783,0.0187522397985243,0.00862960039428532,0.000988543570964904,0.0846925230077065,0.00260295105105849,0.0018733891851566,0.0428687276748945,0.0133546733533338,0.0103418742563158,0.00255643485214821,0.113426910488239,0.00275558710844615,0.000683710299922103,5.56212795245767e-05,0.00102191094294709,0.00565942864044437,0.0273366615151967,0.00423962644452867,0.00262787389498478,0.00855077158236422,0.0108894193182564,0.190075731008535,0.0225886583656677,0.00085886636709348,0.0345358821896462,0.011879817919062,0.0118901751832337,0.0130263914607359,0.0684573855641052,0.000966077340600254,0.000631194674244097,0.000844105661190304,0.0513028738237009,0.0240064869125711,0.240174600067586,0.0439196908958959,0.919797844495936,0.000356870692605645,0.00403790114202594,0.0273121048201037,0.694383453973771,0.0108290099042819,0.00126793056553794,0,0,0.000746901533401617,0.0244044703698974,0.00073275770113692
0.00150555093154311,0.00732946676311047,0.00386639887159927,0.935520102025985,0.0194051835246513,3.66546790834015,2.03312327327902,1.86013525467824,0.072750817620135,0,0.0231852766726146,3.9390201881803,0.028987115120079,0.0759759793703821,0.516422086385763,0.00411277535458138,0.00226052004352001,0.00986962427636576,0.00353454969217102,1.36088031706007,0.0111660186826679,0.0215597057994774,0.0172374862448135,0.464898279199143,0.043477842221832,0.00782587884292874,0.0499404934704957,2.63676372589894,0.016423166869542,0.00743509309742582,0.00766741502565179,0.0231849389830855,0.000238382259281909,0.126075366696949,0.666649436041383,0.225620846468052,0.0256620493958364,0.166996053522275,0.0519192668448478,0.934258439864656,0.12141772449808,0.00436670073542104,0.0522132057232429,0.0102006469250617,0.016722518315618,0.00239569334505236,0.0468252220319318,0.00324978996663026,0.0016817730203163,0,0.000166401878471554,0.001274297925943,0.00665940896642793,0.00120194748522547,6.26720936481834e-05,0.00193284915364541,0.00278431018770339,0.0238864336335909,0.00426677516013069,0.00064063656920217,0.00974466909602086,0.0276563353836477,0.00273972528744553,0.00347599869400004,0.0242138421084803,7.79877445044041e-05,0,6.6509508572179e-05,0.00863779807130695,0.0146922489437606,0.0276296925366245,0.0243072591373258,0.402013712129402,6.41585255715668e-05,0.00038904867342335,0.00587030672402949,0.481406108240247,0.00306577373299338,0.000949317926690656,0,0,0.000330129314065495,0.0569445073358702,0.0299616003686868
0.00936153693631894,0.0490306510147436,0.146957210221955,0.00024935289635087,0.000125407918002671,0.0700458879640327,0.0517706265592724,0.154107832450899,0.00896622609402418,0.0231852766726146,0,0.00058980525053877,1.54032992271574,0.0480003455067779,0.00334994159223944,0.00714105446225423,0.153142911132513,1.131672479553,0.315133605739525,0.000112441872806269,0.0468304791753124,0.0263692350463335,0.121959897688456,0.0183697571382209,0.337637080064944,1.15505477718764,1.51538656396405,0.0226974894477609,0.0319831555463776,0.182310360266048,0.39574862605163,0.0878630967279282,0.000115874963601381,1.60032297342918,0.00727048202597628,0.04830562502476,0.133549251355351,0.389937575185662,0.036226432004268,0.0251355419275654,0.0172485779931802,0.0246416976371012,3.20874608329654e-05,0.0090203683477016,0.000977664291762997,0.000219256146339348,0,0,0.00373405515890711,0,0.00662106879446367,0.000269708108045209,0,0,0,0,0.000131927818900621,0.000496832373926712,0,0.0235105782780728,5.69015292700768e-05,0.0179618883797625,0,0,0.000282356248639145,8.13248719491809e-05,0.000103075304042306,0.000201613245786065,0,8.28709369900078e-05,0.00238317740334946,9.20682506566555e-05,0.000419768193813622,0.0220234899972814,0.24504596461617,0.0691836406270153,0,0,0,0.0128626512072642,0,0,0.000649699767178499,0.000197669362418723
0,0.00198509426959156,5.10731854456782e-05,1.08002977321577,0.0135776259035945,0.554739382845706,0.0145081868475447,0.00684404403928338,0.0191302084596724,3.9390201881803,0.00058980525053877,0,0.000498358120321372,0.000513414788066494,0.244172404705753,0.000106999442655479,0.000832130598347604,0.000165264372882551,0,1.18478854086953,0.000499188194836861,0.00759200074198915,0.000723156760620165,0.180988527500117,0.00361160035425811,0.000111125898283934,0.00214410432157576,0.499974593729442,0,9.99710677089691e-05,7.51337279513657e-05,0.000617120681766016,0,0.00228453532890279,0.564248893492044,0.0144821049569934,0.00269088879153974,0.00150286673824046,0.00123955539108733,0.132819092400737,0.00103148170535316,0.000103250102936316,0.00321605946161731,0.00104395649899985,0.00132892571233638,0.000322693811527694,0.00568623651011133,0.000113119220313966,7.76151623418927e-05,0,0,0.000118540858357692,0.0104611557567296,0,0.00088820465857186,6.77149027150065e-05,0.00118833306832831,0.00513949226710691,0.00354940402281464,4.47173229667873e-05,0.0658324043946886,0.000881539878639183,0.00254653604733754,0.000256505051192826,0.000522483917216617,0.000108289965067733,0.00012170536769805,0,0.00740046658631526,0.000429737773854867,0.00219606499369234,0.000584617714518598,0.0569696761011257,0,0.000165988156861213,0.000701464971680787,0.03508561660508,0.0014590239492022,0.000115319763266396,0,0,0,0.00254647855483725,0.0249286803992912
0.001583355845535,0.0840710120292051,0.00436133818242789,0.00106234989820427,0.0013210866030347,0.0328858623897246,0.101255727154493,0.0491280577292767,0.0184196985082167,0.028987115120079,1.54032992271574,0.000498358120321372,0,0.0135987449626678,0.0113837992350343,0.0376188674314478,0.0305812128120298,0.00315294335633916,0.0018214733856553,0.000662701832706114,0.0730604667948267,0.0549279834779284,0.19603009380531,0.0486744995207196,1.07402041182377,0.00860254749856064,0.468886063281312,0.152228886516306,0.00662114616945221,0.0122050922933449,0.190294789474907,0.0235002224113281,0.000401531788503992,0.596258926188331,0.013744714220023,0.360570770907791,0.655830743326395,0.397570146944065,0.373953186963551,0.114275658327362,0.29854926274013,1.12231853296676,0.00244307093002551,0.0352433068001625,0.00361153342410392,0.000484290463610941,0.000293898832211572,0,0.0162019742279583,0,0.0132513757981378,0.000843187795546522,0,0,0,0,0.000437654955423874,0.00180839158644303,0,0.107683973193409,0.000128271002049267,0.0955206591987254,0.000247804377921754,0,0.00506237715981798,0.000469292929697224,0.00115814354006704,0,0,0.00382561909623218,0.0130200255149747,0.00666920173321425,0.00389351949231857,0.0992200887360546,0.772120093010357,0.101727879010389,0.00401924992901537,0.00037179722747091,0.000108094795877277,0.0554878751217394,0.000116222598678768,0,0.00899304536692512,0.000237684486958027
1.85523284016513,0.00225583564435283,0.0382472309759518,0.000155347685597241,0.00115957309355457,0.137881621047956,3.09975925632432,3.79874142347326,0.00119686867878311,0.0759759793703821,0.0480003455067779,0.000513414788066494,0.0135987449626678,0,0.007501239739827,0.00138841340267813,0.0320284948133187,0.030805853761155,0.0228553827173962,5.76188426164687e-05,0.025005557108975,0.00577003624251821,0.0495096577580356,0.00331261939276952,0.00328703305795781,0.031582539680893,0.308383435320429,0.115541762903429,1.82566461138594,1.15510674113381,0.0112159539263667,0.0751991444367176,0.008586066080804,0.470261099382049,0.00523318167944171,0.031786266550819,0.0111777722605026,0.374113005287894,0.0609196054522235,0.0443795142661713,0.0308597595196793,0.00103189407544785,0.000409446576943371,0.000199706389193812,2.94639709563375e-05,0,0,0,0.000153659467508674,0,0.000381120642426133,9.694469130291e-05,0,0,0,0,0,0.00027185453011283,0,0.00017149349992221,0,0.000778328579410267,0,0,0.00296921599123913,0.000252814621487188,0,0,0,0.00144848123757052,0.00315448923773455,0.000842172893374372,0.00239960561557903,0.000994465396056746,0.00208394321775598,0.00226412651856536,0.00284826003753635,0,0,5.89072818007708e-05,0,0,0.000671922486560294,7.39845895715773e-05
0.000676861929070017,0.0239283248971533,0.00198204411970951,0.0547509502186422,0.211499780475933,0.228388492513656,0.120049069838187,0.0254345119621504,0.143011344907122,0.516422086385763,0.00334994159223944,0.244172404705753,0.0113837992350343,0.007501239739827,0,0.0433561532272727,0.00777474548347241,0.00162356128987738,0.0011968487503835,0.0930549449496122,0.13771305902566,0.0723067765896881,0.220092531402804,0.274471130014305,0.0312201192805055,0.00148696646934547,0.114083195611567,0.421087031310964,0.00254130546080919,0.00934040934060214,0.000573196976825586,0.00327826197961651,0.000342445796735251,0.00933009017138126,0.189478245123231,0.130100678538093,0.116960699931334,0.0273968527540853,0.0584591378844397,1.36665849335223,0.0366956157739684,0.00409144223953195,0.00920911242412987,0.00185073162206951,0.00253837497601696,0.00168389193000157,0.00831083830822301,8.26439856607407e-05,0.000499451198061401,0,0.000490432818180603,0.000582337291539058,7.7673501332882e-05,0.000116405463624799,0.000166263369637996,0.000213394261397165,0.000926596584116435,0.00285577727377241,0.000851992435091833,0.00029152839427225,0.000792899582444262,0.0113595180167083,0.00141726289886454,0.000830308000578401,0.00921787449810574,3.67787954849392e-05,0,0,0.00149123748836806,0.00629697028471085,0.0119736372461977,0.0130042994251703,0.0450199763248602,0,0.00067650771432088,0.00775213534395052,0.0515889215278776,0.000729613831822246,0.000174746440280438,0,0,0,0.0177936927215084,0.0116712456818719
0,0.0472076154778548,0.000246853011332628,0,0.00877704250814866,0.00173176969915337,0.0184085589689941,0.00231776039001694,0.0047671353945075,0.00411277535458138,0.00714105446225423,0.000106999442655479,0.0376188674314478,0.00138841340267813,0.0433561532272727,0,0.00261482597261712,0.000102153464196444,0.000174751966860372,6.15833688789546e-05,1.11724012185278,0.334227706843002,1.55939046737852,0.613042065628116,0.0537389390704694,5.65890221218467e-05,0.846817165855284,0.41650566137864,0.000981597529433793,0.000203922041985953,0.000524877064062273,0.000238811915003556,0,0.00690020627227411,0.15260905192985,0.0956636242433834,0.150526497880801,0.0338778064917221,0.0972396501222492,0.0283195940149779,0.0119396946479192,0.00464106683786263,0.0195164795646956,0.0145217460043815,0.00858424591059796,0.00703413175182827,0.00106303911379847,0.000250002633914575,0.00167223119067527,0,0.00904062657451785,0.0349453482760479,0,0,0,0,0,0.0106506276114248,0.000181646940612102,0.000990657068848635,0,0.0259705920321513,2.94559938575745e-05,4.20670036392838e-05,0.318765732256426,0.00445730156719618,0.000108516500325302,0.00101399597373173,0,0.0668756522403723,0.183379748565093,0.659781300592813,0.0386093524187811,0.000181437056830835,0.0100171870223269,0.402790435620414,0.0372333999904304,4.92181139978052e-05,0.000371063363079316,0.000450231810023361,0,0.000168640952532684,0.0226786306278855,0.0023124801704392
0.00639434061736089,0.00237413676506756,3.26118555454237,6.4883104390645e-05,0.000452286882832307,0.00318242950535174,0.0620410873683347,0.0374039638340976,0,0.00226052004352001,0.153142911132513,0.000832130598347604,0.0305812128120298,0.0320284948133187,0.00777474548347241,0.00261482597261712,0,0.892232884955077,1.23104072223846,0.000235281119095898,0.807511556021064,0.00368092192500887,1.43820735726902,0.00036253601379982,0.00690176385532733,1.68456628963814,1.94307784523479,0.0518605494122586,0.016279388172288,0.772244727494114,0.00191855672065639,0.00984910469913394,0.000153970832611829,0.186972787407094,0.0863565441252929,0.192151466107304,0.101024476504719,0.397817068546969,0.348698460669663,0.0412075527459743,0.0105892865483555,0.00067241490024131,0.00214535683512103,0.00309694653049991,0.000957395485247778,0.000900819347001272,0,0,0.000155864449515704,0,0.00178763927878952,0.00352875928547711,0,7.52368276486873e-05,0,0,0,0.000462655099732742,0,0.000290820507101914,0.00012214712680192,0.00081603545007762,8.38864474876761e-05,0,0.000910066922129047,0.000643684036139131,0.000143464815634454,7.3553588073197e-05,0,0.000101408193701401,0.000940334901426354,0.000980566988704709,0.000185709725792912,0.00116873635533955,0.0553226191420273,0.197424951802778,8.70225778687656e-05,3.52770521230668e-05,0,0.000249832466328984,0,0,0.000160493987477403,0.00523042057026411
0.00453255526153066,0.000403259823219335,0.243906770771776,4.18439375588387e-05,0.000125937201375055,0.0225964626167696,0.0243259827539856,0.0737611057178444,0,0.00986962427636576,1.131672479553,0.000165264372882551,0.00315294335633916,0.030805853761155,0.00162356128987738,0.000102153464196444,0.892232884955077,0,0.722348216124939,0.000208096038827467,0.0397170099969109,0.000359330433878673,0.144295306646321,4.58414224387318e-05,0.0010023165771766,1.72715389947168,0.475481335946136,0.0090891393264701,0.0186919442949377,0.129893520307656,0.0128417604424273,0.0422555922340226,0,0.42337029218356,0.00518817200441363,0.0278326625348288,0.0169159710209335,0.226870040217414,0.0163122782009931,0.00768148784165128,0.00526367927292715,0,0.000167440255695856,0.00114945083241689,0.000212701757401818,0,0,0,0.000131957081653565,0,0.0026455572750101,8.83200214185059e-05,0,0,0,0,0,5.69978570418299e-05,0,0.000956238501764387,0,0.00246723858373357,0,0,0,0,0,0,0,0,0.000724894715058681,0,0.000182579061733097,0.00187441384636217,0.0540034439924597,0.0637643388316135,0,0,0,0.00048203412400907,0,0,3.28124700710416e-05,0.000293929369004751
0.00335788027467213,0.000416928754117316,0.398652800415161,0,9.4716380586189e-05,0.00617445817981539,0.0137374116251328,0.03659123333621,0,0.00353454969217102,0.315133605739525,0,0.0018214733856553,0.0228553827173962,0.0011968487503835,0.000174751966860372,1.23104072223846,0.722348216124939,0,0.000125361013809729,0.030549038429515,0.000456116653514897,0.110667610135011,0,0.0015403540263518,1.63879848395578,0.180759125617588,0.00516817604624017,0.0142725245866872,0.0886791436587153,0.0012778974195922,0.0206089782190043,4.06710917006404e-05,0.404609818690553,0.00672783416092074,0.0314171926273904,0.0252970342317363,0.175015321186297,0.0179867288357537,0.00447257846312582,0.00206519488930688,0,0.000909952390503138,0.00500704290950641,0.000450542219596341,0.000899008060643336,0,0,8.49029709047199e-05,0,0.00403812159259361,0.00156159227992352,0,0,0,0,0,0.000364112259820786,0,0.000312233688693344,0,0.00320462320014577,0,0,0.000180178741237474,0.000334652217155171,0,0.000624483176633375,0,0,0.00153426531346713,0.000457688540826145,9.42702168612391e-05,0.00286403089091648,0.121637779855022,0.216909932610791,0,0,0,0.000375998954773736,0,0,0.000158534223781916,0.000286853154421341
0,0.000208047171923893,0,3.27138987684682,0.00629404810126638,0.0807328346117161,0.012518107269995,0.00529753646459852,0.00472400386999397,1.36088031706007,0.000112441872806269,1.18478854086953,0.000662701832706114,5.76188426164687e-05,0.0930549449496122,6.15833688789546e-05,0.000235281119095898,0.000208096038827467,0.000125361013809729,0,9.10081946621538e-05,0.00108580946674926,0.00011340086355058,0.219706616305942,0.00456978120783479,0.000122870655398643,0.000446329921202925,0.659387030971378,0,3.93592549396068e-05,2.75034927653134e-05,0.000175844146459425,0,0.000388768941247088,0,0.0155829921447156,0.000688903448606008,0.00137173932650853,0.000834852705825054,0.0906156479792725,0.000415651049582824,0,0.00291082206730782,0.000476113234361181,0.000682739409527227,7.50837190027178e-05,0.00317677365624498,0.000139186077764505,0.000125671489380288,0,0,0.000190038670604247,0.0141118475850518,5.59083747351647e-05,2.33917330761805e-05,0.000174734572193932,0.000225077801452517,0.000954922616195313,0.000332503054753262,0.000145731562767696,0.0128002839966091,0.0015156964984348,0.000993083693683959,0.00010611776090213,0.000260554814764216,0,0,0,0.000879979626988181,0.000491473155246076,0.00037246779731412,0.000608931056449112,0.0247795932412343,6.35339015216648e-05,0,5.34988719675839e-05,0.0218332624143442,0.00050290201351085,0,0,0,0,0.00279172013196109,0
0.00459996436589489,0.0314231296692285,0.382672710979838,4.98535444340169e-05,0.0297571100014559,0.00671447958797267,0.102115277919357,0.0243039931237079,0.00187237328154292,0.0111660186826679,0.0468304791753124,0.000499188194836861,0.0730604667948267,0.025005557108975,0.13771305902566,1.11724012185278,0.807511556021064,0.0397170099969109,0.030549038429515,9.10081946621538e-05,0,0.112004249974449,4.15630964409409,0.215357740796561,0.028689322215456,0.0577271189343847,0.390258772989878,0.936990033782561,0.0465334745802147,4.95642168473474,0.0027054098344059,0.00430882904172946,0.00189479453025282,0.53191024541739,0.278163103796448,0.199616791614202,0.0969944106312227,1.4539802685656,0.684677870601416,0.105098299723344,0.0563684486839029,0.0082483792748483,0.00295256817923679,0.0027216686509346,0.00112253757322354,0.00128121987261861,0.000752294166943798,8.24363945780039e-05,0.000934316866210615,0,0.00213476312170754,0.00259422690273527,0,0.000127574056129861,0,0,0,0.00199936711851618,0,0.000352165498461935,0,0.00676881600366009,0,0,0.0643813409329455,0.000168436882277352,0,4.19622568719297e-05,0,0.0373953355056518,0.0276970433048672,0.091232275925978,0.0176535431565558,0.000447863957467487,0.00272070832876086,0.0571775187522891,0.0225030209363933,0,0.000331472029085446,8.09860834169328e-05,0,0,0.00782925493333595,0.00228539593160308
0.00017067004525091,0.546069319369744,0.00104299980382352,0.00072308023786124,0.00406693532096128,0.0121262237853144,0.0449995867872507,0.0198418291590026,1.01912951638302,0.0215597057994774,0.0263692350463335,0.00759200074198915,0.0549279834779284,0.00577003624251821,0.0723067765896881,0.334227706843002,0.00368092192500887,0.000359330433878673,0.000456116653514897,0.00108580946674926,0.112004249974449,0,0.231237003138264,2.02292515505695,0.123194174874326,0.00154791682961245,0.18638175823144,0.518610475330087,0.00548018840774582,0.00148561961943368,0.0031942274909492,0.00110177044193973,0,0.035400949916015,0.0629178454497264,0.0887047763152195,0.115572655942934,0.0523165225325156,0.0376406371922234,0.187637030395195,0.0332214854111909,0.00392992728384399,0.0106578610437209,0.0122803139300724,0.00450480806552869,0.00259211020253419,0.000992860352135357,0.000298610944623309,0.000837546549121636,0,0.0702073654790069,0.0121078181363853,0,0,0,0.00014158390182994,0,0.00851880780386506,0,0.000511879635581997,7.62660570345521e-05,0.0112769092780593,0,4.39105886388302e-05,0.102579932866273,0.00163278971709867,3.67405226276368e-05,0.000839416338029781,5.0686129726994e-05,0.0316770652452595,0.166643196412219,0.129985879851544,0.0413323560371937,0.0100600853630441,0.0398268028129521,0.380609677247277,0.0415067394420049,0.000213415455228626,0.000395187690811047,0.000361933585022914,0,0,0.0084637056871275,0.000983876001180535
0.00591678055823253,0.106242635513778,4.41185404230461,0,0.0529514604546153,0.0112321579993377,0.198910154750796,0.06378115687146,0.00205566563650897,0.0172374862448135,0.121959897688456,0.000723156760620165,0.19603009380531,0.0495096577580356,0.220092531402804,1.55939046737852,1.43820735726902,0.144295306646321,0.110667610135011,0.00011340086355058,4.15630964409409,0.231237003138264,0,0.268205812983742,0.0907849572892948,0.244965399037766,4.11186919712632,0.960610624444884,0.0257923671722164,1.77932411143032,0.00632983495886743,0.00941727603587056,0.000270526317343652,0.595392166071679,1.0415976086886,0.615899763440066,0.677737932618296,3.2604790065777,2.26365625439519,0.15076494243319,0.0761034822151234,0.014730937953106,0.0261639346104621,0.0151734021435538,0.0108685474272927,0.0104797856023063,0.0014387141065397,0.000378129359515712,0.00229043923995594,0,0.0122848113294017,0.0426261270483114,0,8.07793158692122e-05,0,0.000233517856020298,8.68645767935187e-05,0.0119840029236261,0,0.0014428584302955,0.000174395252811587,0.0209221368006489,0,0,0.239907768065198,0.00608977418027171,0.000267889452914026,0.00105789028679351,3.94964151269704e-05,0.0596559841039595,0.0939951831789316,0.502307078503737,0.0328159874235293,0.00143018771279039,0.017270127474121,0.682440987751753,0.0307336027127926,0,0.000234019159288352,0.000318993421926442,0,0,0.0199434282865716,0.0156322700123482
0.000188753605904889,0.28614089964596,0.000635501770987093,0.202995855616966,0.0065541748413814,0.0608652288497489,0.141717834170373,0.0239669043218218,1.08247285540556,0.464898279199143,0.0183697571382209,0.180988527500117,0.0486744995207196,0.00331261939276952,0.274471130014305,0.613042065628116,0.00036253601379982,4.58414224387318e-05,0,0.219706616305942,0.215357740796561,2.02292515505695,0.268205812983742,0,0.138836449893069,0.000213507094302762,0.156611364007586,4.83968435111258,0.00523466077702536,0.000720046389381376,0.00198368248380026,0.00141725356738066,0.000321553310222465,0.024476297380941,0.0231962732122988,0.0696274968097194,0.0509437632593242,0.0454705475303065,0.039037410648925,0.241256351117908,0.0261884169434996,0.00544218305872011,0.0722445120856142,0.0211011151779069,0.0207374871968481,0.00501788357438527,0.044768617444987,0.00509142214657436,0.00498957700298403,0,0.00146170238636812,0.0108087440073991,0.00335081968142888,0.00154816240660649,0.000347747795514292,0.00285831093233469,0.00746057520484243,0.171243174304749,0.00514096803611698,0.00111360111929482,0.0103131353405089,0.0367766795594923,0.00941643381349622,0.00294258352592224,0.232227613102057,0.00132770852758248,0.000368595862786484,0.000567519184958309,0.0101418474230474,0.129046320453243,0.368818821962328,0.152798835318946,0.924118179224287,0.000681403024536008,0.00477885665361437,0.066783617166412,0.686631567310136,0.00725230013179802,0.00380265432015053,0.000246104231488023,9.12554158567667e-05,0.000434290482025423,0.0741231413781674,0.000487821489075398
0.000460953111105698,0.418914691953624,0.00670876313300154,0.0020219791777068,0.00139273006907018,0.029350756788462,0.0383534477791348,0.0236300756852643,0.0634942012084502,0.043477842221832,0.337637080064944,0.00361160035425811,1.07402041182377,0.00328703305795781,0.0312201192805055,0.0537389390704694,0.00690176385532733,0.0010023165771766,0.0015403540263518,0.00456978120783479,0.028689322215456,0.123194174874326,0.0907849572892948,0.138836449893069,0,0.00827342680541939,0.728514820308694,0.140227732288011,0.0030441869031614,0.00389616611865106,0.0265501200936689,0.0146690718477262,0,0.135789527091805,0.0129066450848485,0.109456470489669,0.954550132168332,0.224514031096514,0.124713937543904,0.255215247465522,0.196600347691805,0.460047613640778,0.00116245170998807,0.0248355623480901,0.00114464751421947,0.000498401205263072,0.000628362017951199,0,0.0140741261088331,0,0.0223050927285975,0.000545668677578687,0,0,0,0.000202764651039242,0.000376457333789849,0.00184441792917459,0,0.117010828358556,0,0.0862218003933984,0,0,0.00360717914483037,0.000184078538221579,0.000764355810002675,4.37124237321496e-05,0,0.00118771504690583,0.0126692040600926,0.00531334352482476,0.00328730986328489,0.216761065009465,0.427961762580604,0.0893824560776888,0.00194000249070489,0.000185968855246469,0.000105094614771438,0.0515110721128655,0,0,0.00399764799434601,0.000104871385131773
0.00663943382044774,0.00249038731515605,2.72696675408886,0,0.000151291307920581,0.0163879927248625,0.0275647516269624,0.0648788907263887,0,0.00782587884292874,1.15505477718764,0.000111125898283934,0.00860254749856064,0.031582539680893,0.00148696646934547,5.65890221218467e-05,1.68456628963814,1.72715389947168,1.63879848395578,0.000122870655398643,0.0577271189343847,0.00154791682961245,0.244965399037766,0.000213507094302762,0.00827342680541939,0,2.7940572027666,0.0110415020763263,0.0186672165771599,0.227022649779643,0.174812378324575,0.0371485494043871,0,0.348700930167099,0.00658393321319344,0.0397845405511691,0.0292264900317404,0.196904140622913,0.0254292940213321,0.00746089607933598,0.00470171553754012,0.000281310608811617,0.00130069029780389,0.0114567704748116,0.00131671878277947,0.000701997164685598,0.000144018007347447,0,0.00114000675666923,0,0.0176827938462903,0.00128746090217829,0,0,0,0,0,0.000771062914470157,0,0.0060627650093783,0,0.0153778059363074,0,0,0.000393592776083407,0.000893491655814091,0.000225109009699333,0.000610603598677772,0,5.44108781740726e-05,0.00436944201663011,0.000265095933185888,2.66557567236066e-05,0.0170588047103217,0.297973436804238,0.386791731561999,0,0,0,0.00519511732857975,0,0,0.000286744803612245,6.78588893476784e-05
0.0387125077291067,1.06266580593805,1.70877387975572,0.000581061236944058,0.0217565710732103,0.0902976614938973,0.220426994353247,0.456325215741976,0.0162397073685318,0.0499404934704957,1.51538656396405,0.00214410432157576,0.468886063281312,0.308383435320429,0.114083195611567,0.846817165855284,1.94307784523479,0.475481335946136,0.180759125617588,0.000446329921202925,0.390258772989878,0.18638175823144,4.11186919712632,0.156611364007586,0.728514820308694,2.7940572027666,0,0.497781891576425,0.159554547236299,0.798681686720127,0.72922457981315,0.210769886771331,0.00105169528337202,2.89447545650303,0.86853191134974,1.48013543073472,2.50618019568465,7.93454385774249,2.78999245442753,0.274118173669715,0.109008224202483,0.0243309587706322,0.172989764770472,0.212884291929532,0.103198868556085,0.0761108270255089,0.00292192731361422,0.00121594425192693,0.0185903718332604,0,1.16042570945444,0.273897145890086,0,7.09796164675594e-05,0.000206012277157575,0.00173236651526655,0.000646829853817135,0.0311260512199697,0,0.0870288989734757,0.000109418492116436,0.206930512066423,0.000467756999589071,4.29718218485057e-05,0.267609697598439,0.0485664195800366,0.0026792348097917,0.0103546605527997,0,0.0135053935870668,0.261588688930614,0.491352654288296,0.024979940535794,0.712665684292528,2.8386463363273,11.1589261573566,0.010717169496114,0.000358834068951255,0.00122407169030699,0.0691673109405639,0.00012898821783402,0.000175867171006358,0.0367968477211332,0.030895991166534
0.00505435819850325,0.113488770375499,0.181788365422462,1.54696050932246,0.039344400583138,0.427505593923866,5.98334010115955,0.362572828107741,0.446100201936601,2.63676372589894,0.0226974894477609,0.499974593729442,0.152228886516306,0.115541762903429,0.421087031310964,0.41650566137864,0.0518605494122586,0.0090891393264701,0.00516817604624017,0.659387030971378,0.936990033782561,0.518610475330087,0.960610624444884,4.83968435111258,0.140227732288011,0.0110415020763263,0.497781891576425,0,0.184123948246534,0.72170347035991,0.0033719428868719,0.0169048570772939,0.00858073776046851,0.207564989635318,0.235865322357093,0.522765686913201,0.11946088807072,1.00938197440375,0.652248602331871,1.05780906728527,0.303987130524147,0.0173004583290255,0.214875419158401,0.0583798368081856,0.0694601573710655,0.0114719418721753,0.0980664437717959,0.0176068417397424,0.0161299012554131,0,0.0043629016823076,0.0211457115933077,0.00517475275670694,0.00102808151865572,0.00130373396270637,0.00644821186775932,0.0190286011828371,0.239110720930855,0.00555589200471162,0.00491381102395812,0.0139216634414346,0.0838209606431654,0.0330873152800435,0.00323208045730231,0.289761251755616,0.00272549084050392,0.000637543555326841,0.000881142911805704,0.0109963513300369,0.176768079639476,0.312168075038789,0.250316872595392,1.95350880982193,0.00107269935457531,0.0073851979314747,0.129486129865222,1.83627652452156,0.0215496857226793,0.0091737442221756,0.000787900532642236,0,0.000671806471423572,0.211868492932052,0.00203004220818801
1.42334150136476,0.00231787589725925,0.0155903234571613,0,0.000858082694615436,0.0191091574699288,0.338395660641956,0.286081595397326,0.000148601080143583,0.016423166869542,0.0319831555463776,0,0.00662114616945221,1.82566461138594,0.00254130546080919,0.000981597529433793,0.016279388172288,0.0186919442949377,0.0142725245866872,0,0.0465334745802147,0.00548018840774582,0.0257923671722164,0.00523466077702536,0.0030441869031614,0.0186672165771599,0.159554547236299,0.184123948246534,0,1.3242690563537,0.00598230010884821,0.548960395173547,0.708256997495195,0.699211975303963,0.00208434936686141,0.0187691001600362,0.00995510231000747,0.583905215971113,0.0501361640531715,0.0231471672712308,0.0204668638314982,0.000638622446456695,0.000471686937380877,0.000418013326777944,0,7.19049541851461e-05,3.14378954368591e-05,0,4.36488738018244e-05,0,0.000526393464625758,0.000116372418923593,0,0,0,0,0,0.000258515673197117,0,0,0,0.000539451257935774,0,0,0.00192907214085414,0,0,0,0,0.00215263509699048,0.00311655576294259,0.00309324014659675,0.00267707770759402,0.000373196895532676,0.00226879419451974,0.00198146496799201,0.00229883026979985,0,0,0,0,0,0.000426397326444885,0
