0,0.000349347596209213,0.0962870890993821,0,0.000913077341103613,0.0919738969548023,1.29221352792035,0.850675919895125,0.000791010497926145,0.00588235734192717,0.00340190894699081,0.00048903781051904,0.00154265975249914,0.926153148652828,0.0020569181723108,0.016921149957446,0.0280648595673302,0.00191440760036308,0.0075983113815049,0,0.271045450260093,0.00312816475927302,0.236361181946992,0.0059450658235884,0.000222362998941004,0.0170544676849684,0.121039087185304,0.151854567877667,1.42099557077618,3.85365412103234,0.000370141682300836,0.0473434125111272,0.00279939442533415,0.0739742858359567,0.00173427258289044,0.0881752336079214,0.00683104873922211,0.037042467934421,0.0174272266478141,0.0065382901869277,0.00845380521728679,0.00142555794923964,0.000887425775900915,0,0.000243850680332884,0.000363281303569078,7.41389545065165e-05,8.9683872323513e-05,0,0,0.000681162075693444,0.000684809693070724,0,0,0,0,0,0.000531265616154999,0,6.75516996406614e-05,9.83033047786355e-05,0,0,0,0.00126618093106015,9.51891573537439e-05,0,0.00057501465281269,0,0.00192168516582993,0.00279153441310355,0.00323701282035994,0.00212077363316878,0.000145250048542709,0.00152661967749186,0.0142416795991075,0.00303394560391414,0,0.00184097735900387,0,0,0,7.67328830095231e-05,0.000152325653639496
0.000349347596209213,0,0.0164772425230808,0.000780846837813347,0.000444876076464653,0.00344251600045499,0.00581979981426957,0.00152874567664197,0.0820421567183389,0.00258086318707874,0.0647021540659898,0.00052928093763654,0.310334218987427,0.000317242296546847,0.0104530198618138,0.0113675408282427,0.0243914718537874,0.00575877144131598,0.0239620287983801,0.000504461463823676,0.0141443838290633,0.876638708656225,0.00928726060280714,0.112755926698079,1.25579549572626,0.118030120426716,1.66986109664697,0.0276785821646675,0.000471428429287464,0.00459266534724801,0.0266316014113425,0.00213891592318543,0.000262835005623937,0.0330194503930578,0.00594014948925093,0.0551512045872661,0.0123767638419742,0.0168362147464119,0.00742054579194534,0.00405763795732251,0.00208401902127572,0.00436327740539405,0.00732564782243288,0.00222564153474826,0.00157361882118783,0.00653519195981911,8.29728389157951e-05,0.000409794036802411,0,0,0.0199556753893432,0.00366925525135974,4.38544238765835e-05,0.00018061370066154,0.000358045919433892,0,0,0.00149341004921809,0,0.0217079538555735,0,0.0205280709583933,0,0,0.00268765921086565,0.00167968329793,0.000570727308454812,0.00043804372616896,0.000266427247012079,0.000256408300722539,0.0292708854888109,0.00252080073830429,0.000597526107250094,0.0055798687958681,0.0422195073127855,0.167631075658872,0,0,0,0.00676790986094755,0,0,0,0.00179977286064458
0.0962870890993821,0.0164772425230808,0,6.01707596749664e-05,0.000350258870175601,0.0103598441110032,0.0133734402023956,0.168373478202571,0.000104699025762856,0.00332390199161451,0.262221726355297,0.000152055556335896,0.000579457507852673,0.15311687561519,0.00159556685056238,0.00183496917267462,1.92154768280071,0.640841862348332,0.950969063907435,4.50381314730942e-05,0.717020811319417,0.000709560872823209,4.98964359522514,0.000394428961881637,4.96716636793017e-05,5.13953813605777,1.90005446676914,0.0153059881380426,0.24112858220627,0.546274713211224,0,0.0300125625535538,0.00690930603694251,0.899381427414326,0.00155714150893783,0.0845708295882169,0.00158946295715016,0.63177763460426,0.0730006811713463,0.00419960456548934,0.00641606516191178,0.000364338280883729,0.00956234738141901,0.00165671072671072,0.00290678834107947,0.00845068430779595,0.000184845927167237,0.000207988631217897,3.08494764561653e-05,0,0.0147668039593315,0.00476966472271761,0,7.06803270524442e-05,5.39640548017621e-05,0,0,0.00109176486306713,0,0.00186633641949269,3.45806142332256e-05,0.00119630925543943,0,3.40114110177458e-05,0.000990988952285141,0.0108420234488887,0.000208797520210444,0.00838380130820356,0,0.000173116195024341,0.0152547675665703,0.00252126060742419,0.000467522009033769,0.000561793268776432,0.0145299762204148,0.184916816723646,0.000386668115395129,0,0.000341719297438905,0.000211507273644119,0,0,0.000202902278153062,0.00238250395851647
0,0.000780846837813347,6.01707596749664e-05,0,0.000792326498843014,0.0500793989167381,0.025796501973984,0.00817546322314365,0.119942768793782,2.44206198328688,8.02189141333998e-05,0.608153713419354,0.000793735885480791,0.00108536504369107,0.0180412136101478,0.000412554179318487,0,0,0,5.53279808994822,0.00122259973018903,0.00738072431845463,0.00171741131623285,0.239446482147835,0.000255312026732445,0.000349037444654315,0.00182543074833218,1.43977400347444,0.0020693039090271,7.15307686129808e-05,0,0.00144529672094238,0,0.000940507393253267,7.97663102594614e-05,0.00539121026813745,0.000213340506202281,0.000404434752539114,0.00115193595008969,0.00382813690284648,0.0012038146361244,0.000362891599067211,0.000692699680987924,0,0.000158878217142879,0.000179939162602782,0.00146933253771504,0.000651544630820528,0.000234811403080225,0,4.70542634187043e-05,0,0.0581403163769798,0,0.00948318296798192,0.00319573056291848,0.00136103033528393,0.0100678388584686,0.0239269394373552,0,0.0227398858583731,0.000406313220793306,0.000513064734660565,0.000560243648301005,0,0,0,0,0.0513352628711676,0.000372477511257112,0.00638383063477307,0.000577906041136831,0.0597043938276969,0,0,0.000159268224675089,0.035126651299085,0.000555840071230889,0.000218130465663851,0,0.000229856914978042,0.000168083934746087,0.00148255644139248,0
0.000913077341103613,0.000444876076464653,0.000350258870175601,0.000792326498843014,0,0.159326431427779,0.0162843711740097,0.0020335144749607,0.00873821293050131,0.00450831337609413,0.00232455546063021,0.00186747018319952,0.00136182220220172,0.000717681521076739,0.167624189030604,0.0295252556055836,0.000262391818137288,0.00024664485764569,0.000149145529775172,0.00026157756064424,0.044570102382065,0.00674741315424308,0.092075358754187,0.0075490099348577,0.00019532075828886,0.00413538123701968,0.135743284024753,0.0313599075765714,0.00222034466164148,0.00285770565989241,0.000142070508292376,0.498647509303833,0.000447530996370912,0.00313962858416149,0.174995457386381,0.0805642314728261,0.0153422008849204,0.00119449124547955,0.00139167209753466,2.05789333443353,0.587539995813248,0.000342781940672726,0.000873307483781144,0.000382107639689117,0.000207467463923275,0.00145105973327837,0.000114046120114446,0,0,0,0.00113295777519225,0.000329820992509723,0.000120491717648268,0,0.000590319637939006,0.000397165045285016,0,0.0013715162064369,0.000176399667199701,0,0.0023084467716972,0.000204805132867545,0,0,0.00166839266049358,8.19621073983163e-05,0.000129602829926968,0.0017175023544039,0.000803541292648315,0.00225783747976455,0.00369907233337009,0.00784519265145173,0.00384761696520069,0.000450876904020041,0.00161745713769235,0.0123829358349088,0.00559518037283963,0,0.00270579397562882,0,0,0,0.000129544951131672,0.0396515433791368
0.0919738969548023,0.00344251600045499,0.0103598441110032,0.0500793989167381,0.159326431427779,0,2.59660414730207,1.0785115640006,0.0592586685255341,2.63211602308561,0.0269445099793129,0.425166337597661,0.0184693282852875,0.301185280480536,0.247284775548497,0.0483742872840868,0.00218932541898323,0.00166949978745925,0.00331861663366072,0.195242884221642,0.0583149359934464,0.180961005494674,0.0822046402146569,0.234238140836914,0.0061415684675506,0.0577275090101991,0.246340644348194,0.861479995497775,0.0710587527949162,0.0294858433334173,0.00160272959558802,1.30145615021403,0.00114752385824108,0.16789431044008,0.846310699722929,0.497812663255957,0.147983445933771,0.0297733278203145,0.130848471448363,3.7016960539682,0.393883864690572,0.0657019750377383,0.0172259196766368,0.000608253074580609,0.00180691065617208,0.00169909303105709,0.0281469010911248,0.00992119687559113,9.76292343592942e-05,6.0381698721826e-05,0.00289213584574871,0.00288521736188417,0.00310489270241865,0.00033277522034809,0.0327033590543838,0.0290597223566251,0.00408360892398777,0.0472238820637106,0.0117627530711825,0.00120132535971113,0.0470928335994794,0.00117048949156198,0.00281739170036778,0.0133370026406741,0.00240354255081225,0.000223276452107072,3.90312021586e-05,0.00103863453639317,0.0209288940512852,0.0451013534621165,0.0170001031362881,0.0654303014656993,0.269096727846129,0.00307768793088149,0.0103036673679268,0.0279745276477857,0.346153981450905,0.00470542446757165,0.0567190987350678,9.02132887774407e-05,0.0014332220710598,0.000676066622365564,0.0102049401087355,0.0206255958156349
1.29221352792035,0.00581979981426957,0.0133734402023956,0.025796501973984,0.0162843711740097,2.59660414730207,0,3.68971885265405,0.0959497152963273,4.22155792181556,0.0243527623538773,0.122123423431632,0.0401705323233107,1.16346432281284,0.0545674453991016,0.153010297535688,0.0017244419381589,0.00119713141042694,0.00293663715710063,0.0283417466585559,0.673848196290027,0.0958867865565009,0.543786047007528,0.632857812933855,0.00184355922615105,0.0717599333898231,0.583479381809903,5.93968954122341,0.482144999946239,1.92807819123206,0.00101235626516178,0.370199685319866,0.014918921055144,0.313055889530748,0.0312535083261239,1.23247182653644,0.052334024761224,0.185188412401923,0.157451613714643,0.277982787709158,0.330154544961745,0.0169578862584501,0.00562090349622583,0.000239618986936123,0.000644903348637611,0.00101106246776441,0.00986791577261651,0.00432222903874201,0.000146315080478668,0.000191802433857442,0.00365089231784304,0.000875545720132321,0.00391226118972128,0.00109279321897894,0.0234619184705424,0.0110798915470857,0.00265351902317595,0.0402059016357371,0.0119433590090297,0.000551379546903193,0.0407097217601595,0.000883023727076412,0.000857040472717851,0.00416011202208195,0.00449521079678691,0.0010846098322213,5.16899168373048e-05,0.000461027623614907,0.0186431411208801,0.0179022549466239,0.0160368369578512,0.0220613817010898,0.145785628102551,0.00108961039402935,0.00195051156495986,0.0245573957957389,0.103450573588277,0.00291827671890786,0.0147099994870314,0,0.0011811550410021,0.000758100882784724,0.00835527784962872,0.00221981659573019
0.850675919895125,0.00152874567664197,0.168373478202571,0.00817546322314365,0.0020335144749607,1.0785115640006,3.68971885265405,0,0.0149025269434284,0.689237567919862,0.0538665857619612,0.00966948805919698,0.00541529780957069,5.54353633648707,0.0049304182880245,0.0344201749852056,0.0275317365136009,0.00474746552795359,0.0125848809468336,0.0115737821266516,0.50278997795478,0.0481441234087252,0.460910332892806,0.0446292038711204,0.00281679324911264,0.15736871675864,0.491469125841836,0.418830296722098,0.996439816234698,0.72091945954256,0.00222504505506089,0.312195453986513,0.0592577836582304,0.190258413493095,0.00513871428366638,0.217869064796084,0.0295059853225305,0.171345495272547,0.166611912662573,0.109884289336064,0.104287027745225,0.0123750851923015,0.0059320274754903,0.000533839000323161,0.000784570338103458,0.000943107369269207,0.00708076166871627,0.00167738561525621,0,0,0.00748537205165574,0.00109689746005859,0.000688041550948411,3.46724660968482e-05,0.00500914077473082,0.00579778958698207,0.000290732300631821,0.0142216655187275,0.000740926731687487,0.000657231505847842,0.00746629045923662,0.000829463836187273,0.000214758534816474,0.00297619946482673,0.00160044784632443,0.000260270136234269,0,0.00194952468118207,0.00192282026137382,0.014751582662955,0.00635986125646758,0.0233492125058559,0.0652054767773294,0.00466643903795913,0.0146408914983772,0.0509551587128426,0.0916290594901101,0.000963063737333536,0.0233788073151106,0.000213500872852087,9.90691223103702e-05,0.000163146223675609,0.00156881293953941,0.000430937833002448
0.000791010497926145,0.0820421567183389,0.000104699025762856,0.119942768793782,0.00873821293050131,0.0592586685255341,0.0959497152963273,0.0149025269434284,0,0.251917602792025,0.00156270903303328,0.35765497149378,0.138040864899061,0.00187485456499133,0.614033682306056,0.00326338926968098,0.000130862792677283,0.000124479260246813,4.37587186641693e-05,0.0769922373525237,0.00358508718595332,1.52411204263627,0.00496729038964453,4.24802402288771,0.103838100850808,0.00237834605113738,0.0286433984648893,0.999495819076754,0.00382346829768404,0.00433787183535942,0.000343997066155791,0.00855173634655945,0,0.00523945740544304,0.0110839946228079,0.329421513158118,0.00140210656950409,0.0027050136912041,0.00227414186269945,0.115610534244966,0.0396305641583413,0.0229869079233249,0.0741781764849808,0,0.00213718753912556,0.00283547890059062,0.0112819430133078,0.00538952315980303,0.0227427435841415,0,0.00142345150302882,0.00255253982579851,0.0426955968369463,0.00085528834005785,0.0180292346823126,0.0161242302705845,0.00339088952358092,0.336580168953913,0.0666874744307715,0.00111975517903718,0.046565272536736,0.0335932047800897,0.00136071445046979,0.00652095810838786,0.00252610820437912,0.000679949877633125,0,6.75684299084246e-05,0.169293100920495,0.0396927982740607,0.345285181021574,0.0546430442471734,0.398186246396056,0.00201320430961946,0.00273806207553651,0.0134359759193508,0.306201270651955,0.00346387717416138,0.0560957203461658,4.36166236216426e-05,0.00148663141385633,0.000245347176970601,0.00748555823200134,0.00395641741311279
0.00588235734192717,0.00258086318707874,0.00332390199161451,2.44206198328688,0.00450831337609413,2.63211602308561,4.22155792181556,0.689237567919862,0.251917602792025,0,0.00838836902109718,2.69609493437467,0.00775203241504636,0.0636501280108585,0.0519164271674919,0.0210088012856181,0.000163253754553587,0.000515653739855796,0.000659380144357384,5.45668810279106,0.0307509850555901,0.0505451457310065,0.0802982670616383,0.950304851489731,0.00312207911315084,0.0203492064966391,0.135176706185592,1.99961019297651,0.111433569038907,0.00512063016238144,0.0003700301110183,0.111360070971126,0.000890355939014912,0.0317406170174282,0.00515803204147303,0.299473583186734,0.0167195389551786,0.0442496138280876,0.0436540163050727,0.094253131038506,0.0378399660762762,0.00633326334995394,0.00812815178984537,7.94388130233288e-05,0.00137597761366782,0.00130060061934683,0.0139003864951389,0.00828542386948351,0.000529153618129015,0.000168940298492193,0.0014532055883981,0.000276736204562128,0.0551638536573494,8.85942799654007e-05,0.0682106354789387,0.0272337413201566,0.00647694625837811,0.0451967661286646,0.0916467141612839,0.00028992789349544,0.315144741706402,0.00159756559567449,0.00239440341945028,0.00681898601788577,0.00105035239797711,8.41055326636434e-05,0,6.16806869167239e-05,0.19227335804424,0.0100027952736275,0.0347899799091392,0.00735057581290761,0.335687467367385,0.000534728055805594,0.000373858192316949,0.00596389851960451,0.234193602784069,0.00576879136777774,0.00321897232796201,0,0.00253057579380313,0.00116334377796388,0.0137597948965009,0.000801265669461072
0.00340190894699081,0.0647021540659898,0.262221726355297,8.02189141333998e-05,0.00232455546063021,0.0269445099793129,0.0243527623538773,0.0538665857619612,0.00156270903303328,0.00838836902109718,0,0.00223300779457739,1.63968270486902,0.0198901084411727,0.02291157871427,0.00406735696717257,0.216614535980247,0.255237797360792,0.9870861062762,0.000132830417321503,0.0268760725500414,0.0142747247754335,0.0798036454363372,0.00226476967668733,0.100540414064573,3.9573944232698,3.65960393198038,0.0211345094461346,0.0105646534451432,0.0139825882714792,0.384236568704926,0.0506518411000854,0.00074579437353836,0.564453876362058,0.110302514105335,1.12573536872797,2.1002003155005,0.0311404548660692,0.739775991962765,0.0798156482904754,0.0199716523386409,0.422571630920218,0.00471581421450728,0.00420008709267426,0.000414012684930012,0.00330053805296759,0.000967942866279035,8.97199853098095e-05,0.001314399379065,0,0.0164854985454631,0.00127938235063444,0,0.000461876752043962,0,0,0,0.000772666685249909,0,0.114121997065808,0.00027732338009566,0.148235021205442,0,9.1895649636507e-05,0.00064149208931531,0.00142765924580522,0.00179038112356374,0.0035306411931923,0,0.000223249003543884,0.00442005048225425,0.0027505415795675,0.000271768919974953,0.0432497944799833,0.236829454895142,0.271640747403347,0.000325329282244622,0,0.00043136329134354,0.0389130986081116,0,0,0,0.00888286535083425
0.00048903781051904,0.00052928093763654,0.000152055556335896,0.608153713419354,0.00186747018319952,0.425166337597661,0.122123423431632,0.00966948805919698,0.35765497149378,2.69609493437467,0.00223300779457739,0,0.00980710730242211,0.0013208600757403,0.161468806709805,0.00378351463001254,0.000167614881188035,0,0,3.97816333424596,0.0018691175795947,0.0506308107064438,0.00573403268393695,0.199232030230419,0.00705195731972009,0.000939206719685912,0.0203447223153686,0.228972422999749,0.00111849615717737,0.000148017793005139,9.91968327644467e-05,0.00198005310447327,0,0.000554882970472246,3.95749856759103,0.423150266147756,0.01768388616069,0.00018366485331592,0.000264837673295468,0.795212727765072,0.00320359733908561,0.00148662039253056,0.010928919683369,0.000332589833118945,0.00101025920915043,0.00409762289697706,0.00787648093828961,0.00257837536034764,0.0010196219638108,0,0.000193212005680427,0.000839179892426774,0.0321692530899411,0.00917012670451921,0.0207118214028163,0.00742471920063579,0.00146411347980717,0.0266175606800258,0.0227101166963089,0.000708469669914946,0.167315938725483,0.0020503589421399,0.00129888543020072,0.00380876283564241,0.000620657408381224,0.000274430674898922,0,3.60522343245447e-05,0.0975916373324035,0.0117228101704409,0.0508348059028065,0.0147064491947694,0.113101149847444,7.17540907515883e-05,0.00157193518086732,0.00439808273533134,0.102326714448743,0.00212425182852658,0.0108734671472691,0,0.000971797152220026,0.000653661864537417,0.00480999331935598,0.10422677497282
0.00154265975249914,0.310334218987427,0.000579457507852673,0.000793735885480791,0.00136182220220172,0.0184693282852875,0.0401705323233107,0.00541529780957069,0.138040864899061,0.00775203241504636,1.63968270486902,0.00980710730242211,0,0.00273778012263844,0.0127622106403403,0.0287764673016204,0.000558180445642292,0.00305532054118383,0.00216536631190989,0.00501060081045851,0.0484529730928984,0.0618160052355987,0.087326536838106,0.0154073863478193,0.77987799074568,0.106785076047018,1.00092591131389,0.0633129139683928,0.00675308678759268,0.00597038407599118,0.287604372079088,0.0046513387292526,0.000832150899756462,0.0546989835977764,0.0339599976254482,1.11813012071445,1.74482040608278,0.046807485093028,0.148554880283094,0.0341532215110403,0.0352014991575357,2.18035120076248,0.0141145141320069,0.00264042472295695,0.000474233124746024,0.00128245933381963,0.000514039961122989,0,0.0185186326125935,9.76115650715828e-05,0.0070313920290188,0.000798080188319594,0,0,0.000172023014936626,0.000367866032925785,0,0.00656685928898015,0,0.398030996364936,4.19165972159803e-05,0.669766096234545,0,0.000212967584343791,0.00159399863300263,9.2431949742645e-05,0.00509844101999432,0.00197415375841236,0,0.0046808985572083,0.00836376616908537,0.00907618017545789,0.0123663820411675,0.103993977700188,0.300664377478878,0.27397154810982,0.0159248564403209,0,0.00878938213646006,0.117487469425638,0,0,0,0.00118748009979993
0.926153148652828,0.000317242296546847,0.15311687561519,0.00108536504369107,0.000717681521076739,0.301185280480536,1.16346432281284,5.54353633648707,0.00187485456499133,0.0636501280108585,0.0198901084411727,0.0013208600757403,0.00273778012263844,0,0.00249273116867649,0.013149750214882,0.0318616862828497,0.00254982987782684,0.00987827161382389,0.00108501856403574,0.381236502454399,0.00531630503968313,0.328561738506225,0.00685889104731685,0.00062940311844325,0.0638470647513971,0.208697320081629,0.159203467154631,4.00821133277675,0.869506590503188,0.000459455648104817,0.176173365251508,0.0772789961210338,0.141015246112626,0.00130914054936004,0.0668862032067062,0.0105118251480628,0.152754803282968,0.107036141236319,0.027903210560457,0.0305672689377708,0.00315367605322691,0.00107057903169523,0.000110172804990321,0.000180836848838285,0.000370661560781225,0.000502761074529826,5.19438188526332e-05,4.10103868491947e-05,0,0.00194475797275228,0.000584000858603254,0,8.41028914362192e-05,0.000215193656458468,0.00102628104060879,0,0.00157653538721815,8.66994574255348e-05,0.000158087891564607,0.000698347410854965,0.000154926020601988,0,0.00026989195003745,0.00109416854089107,0.000246141251146436,0,0.000696434043606401,0.000371015094309509,0.00316220307452168,0.0033776384145128,0.0058803804449286,0.00862572306011866,0.000437403250965297,0.00326946653570481,0.0162442094610439,0.0129179680938958,0.000134169384945392,0.00294154223442207,0,0.000177224115490913,0,0.000205041305737316,0.000116464392029285
0.0020569181723108,0.0104530198618138,0.00159556685056238,0.0180412136101478,0.167624189030604,0.247284775548497,0.0545674453991016,0.0049304182880245,0.614033682306056,0.0519164271674919,0.02291157871427,0.161468806709805,0.0127622106403403,0.00249273116867649,0,0.0332980033617883,0.000553345330918669,0.00077248752136612,0.0018399191546034,0.0267789286131629,0.0722356487407223,0.163086806011803,0.109616687145018,0.244663567073793,0.00723070381101402,0.0271387468766325,0.269003554098686,0.149158314095928,0.00754621589035449,0.0207575388572347,0.00169440823060638,0.00390970726496451,0.00193792656521766,0.00817904016337008,0.411016984774321,0.486612546818792,0.0892019760926597,0.00397327658100468,0.0262231602478896,3.87787805810222,0.00682791114435688,0.0123978676419102,0.00418675310293707,0.000538419554595157,0.000423723724333852,0.00282628507973418,0.00168533703602827,0.000448929612337649,0.000303977790544718,0,0.00373925255363329,0.00151000549279635,0.00641498778803635,0.000231941765600622,0.00241775089157806,0.00192308973765228,0.000242501224492163,0.0114764488463145,0.00843636020569842,0.00054158456435354,0.00739583178017368,0.00169456900877887,0,0.000678764785823941,0.00250859157100829,0.000420935652521267,0,0.00427936315034564,0.0252548048937164,0.0057218987542114,0.036544951003848,0.0125696554173853,0.046737712830065,0.00181706609705449,0.0103935242294233,0.039334896709303,0.0283930051911254,0.000528899787194877,0.00628545076245751,0.000229664571144938,3.5068380850166e-05,0,0.000396875385689347,0.0270743893805437
0.016921149957446,0.0113675408282427,0.00183496917267462,0.000412554179318487,0.0295252556055836,0.0483742872840868,0.153010297535688,0.0344201749852056,0.00326338926968098,0.0210088012856181,0.00406735696717257,0.00378351463001254,0.0287764673016204,0.013149750214882,0.0332980033617883,0,0.000428185513158529,0.000246317188318252,6.67981436144263e-05,0.000233809517429947,2.15639159027155,0.388114601966578,3.51448942206334,0.295979694532857,0.00128273266718799,0.00813328091695236,1.26629160836015,0.43432602939063,0.0461107119060934,0.0823967634566362,0.000177429274514586,0.0295963081530353,0.00372931250559554,0.0615145058142456,0.0989020220270782,0.673472772418497,0.0154612097104969,0.0208342943702509,0.0171558832610025,0.14434791403129,0.111145198554889,0.00271063819248605,0.00112522600278354,0.0005006485658416,0.000477663978159875,0.0023488747529349,0.00275736904396656,8.08015965874195e-05,4.75807094270587e-05,0,0.00521595400736935,0.0103371580549721,0,0.000712081213587642,6.45777991473227e-05,8.99909168821276e-05,3.87284524003863e-05,0.00911460977260113,0,0.000126286615510226,0.000626807450321615,0.00184328168776905,0,9.58788899524212e-05,0.146745078524793,0.000560997576568216,5.25498795363605e-05,0.000100642972119242,0,0.13343609615333,0.298155400000599,0.394155927544366,0.0248771726492884,0.00107000305519044,0.00123094028494287,0.101176323287479,0.026866195261084,0,0.0157973051258084,3.888461403656e-05,0,0,0.000101333776547462,0.0123246045909952
0.0280648595673302,0.0243914718537874,1.92154768280071,0,0.000262391818137288,0.00218932541898323,0.0017244419381589,0.0275317365136009,0.000130862792677283,0.000163253754553587,0.216614535980247,0.000167614881188035,0.000558180445642292,0.0318616862828497,0.000553345330918669,0.000428185513158529,0,0.0392350025438642,0.492589951825349,0,0.195272466795579,0.000520864080964953,2.20573841598181,0.000283229714560002,0.00045511459442468,1.38899496843363,1.47042930230752,0.00532231341680926,0.0698412788005131,0.364842491107341,0.000249239025580078,0.00533702576063255,0.000991651226967841,0.141797967471817,0.000825169731633991,0.0144308114471382,0.000234210585569635,0.0245894597093129,0.00655666683350265,0.00137726220605091,0.00110782729497963,0.000236317553666055,0.0102920218202317,0.00813070733263452,0.00237326095134618,0.00969454406502668,0.000161173279165387,0.000504600521080553,0.000203638525909215,0,0.0618341156400894,0.00798041175220692,0,0.000138376837785363,0,0,2.65215709258615e-05,0.00227879202603386,0,0.00266891677860971,0,0.00527908939705386,0,4.19761370664835e-05,0.00036825696451348,0.0207497335382397,0.00101388252611308,0.10483051599295,0,0.00011887967105186,0.0222847440323699,0.00128316895979908,0.000199919333513409,0.00331496625534032,0.0989532654866941,0.743504320390419,0.000199889746902809,0,5.08341965630353e-05,0.000509565792947679,0,0,0.000311574430126533,0.00164396683431814
0.00191440760036308,0.00575877144131598,0.640841862348332,0,0.00024664485764569,0.00166949978745925,0.00119713141042694,0.00474746552795359,0.000124479260246813,0.000515653739855796,0.255237797360792,0,0.00305532054118383,0.00254982987782684,0.00077248752136612,0.000246317188318252,0.0392350025438642,0,1.95806703871711,0,0.0050218217247285,7.14139186167121e-05,0.0916218147940825,0.00012586005354011,0.00234358108596397,3.65689841632129,0.511003350240021,0.000791517508840352,0.0037428589270846,0.00984434177408483,0.00213444428026298,0.00536764390522218,5.47704447292686e-05,0.0244866942827503,0.00264981896658507,0.0347506938472398,0.00115444821378612,0.0055326790329932,0.0069023022388134,0.0011369897678526,0.000870214241708726,0,0.000250232269253939,0.000855856009416044,3.01248841448277e-05,0.000334909238578916,0,5.81770893858075e-05,9.51718752714693e-05,0,0.0192349991391135,0.000171176793354183,0,0,0,0,0,0,0,0.0150873486599677,0,0.00933656136483023,0,0,0.00038969160250163,0.000151214445116997,0.000424849807530909,0.0004930063482517,0,0,0.000300379395021855,0,0,0.00635767840732889,0.0891223976294127,0.0861557153206877,0,0,0,0.00727644526842836,0,0,0,0
0.0075983113815049,0.0239620287983801,0.950969063907435,0,0.000149145529775172,0.00331861663366072,0.00293663715710063,0.0125848809468336,4.37587186641693e-05,0.000659380144357384,0.9870861062762,0,0.00216536631190989,0.00987827161382389,0.0018399191546034,6.67981436144263e-05,0.492589951825349,1.95806703871711,0,0.000135330133317113,0.0290642241080437,0.00230662358777481,0.379674128084708,0.000580704743328631,0.00591803936670184,3.35895820383423,0.652365614421809,0.00159819570798868,0.0210915048989101,0.0553317759160553,0.00112446797799504,0.0061499113792071,0.000633687226736366,0.0716301045198371,0.00402333694656694,0.0537279376259743,0.000458741540269195,0.0122877946985114,0.0110920003439984,0.0037485967355266,0.00080132042068395,0,0.00380239000841347,0.00517847958431037,0.00073768306872037,0.00197939394613963,0.000144216864721567,0.00012248587428242,0.000438925383595824,0,0.120175222519793,0.002335216588072,0,5.47556448770165e-05,0,0,0,0.000169077339287907,0,0.0136151489370743,0,0.0169915583895889,0,0,0.00075725915054068,0.00159077199959251,0.00117022313350315,0.0174064362990967,0,0,0.00261542440175841,0.000286693446765944,4.41391264944374e-05,0.0519415191609805,0.368634007418139,0.64771615094345,0,0,0,0.00991931572308668,0,0,0.000107208689384133,0.000490732614327699
0,0.000504461463823676,4.50381314730942e-05,5.53279808994822,0.00026157756064424,0.195242884221642,0.0283417466585559,0.0115737821266516,0.0769922373525237,5.45668810279106,0.000132830417321503,3.97816333424596,0.00501060081045851,0.00108501856403574,0.0267789286131629,0.000233809517429947,0,0,0.000135330133317113,0,0.000166577305297494,0.0173150029297289,0.000812984645897388,0.0879387464545329,0.00369230555360282,0.000194729381482809,0.0017194358245357,0.963464757156718,0.00184036656206813,0.000158237708269179,0,0.00210775717994814,0,0.000477726069451034,0.000178881594191909,0.0218545189884599,0.000514086994424939,0.0014264408973513,0.00131530301180333,0.00821327286697138,0.0014314636551966,0.00174818371823096,0.003666802306788,0,0.000297977022847176,0.000435083097282261,0.00498288062359155,0.0026299153800464,0.00101515649372864,0,0,0.000192053481401771,0.195606489402918,0,0.0243465895360267,0.0112889163250881,0.00224961476266143,0.0203981077019331,0.0619593663837871,0.000409997407572954,0.0691008277030056,0.00207780450869483,0.000880277363088101,0.00255154655593684,3.41960649882852e-05,5.98165022408665e-05,0,0,0.120676073657677,0.00356775763266631,0.0488305096695251,0.00229011655610463,0.153805028700008,0,0.000226524533331394,0.000237495582249492,0.139045615749854,0.00326941705571344,0.000531606121249139,0,0.000502710902432114,0.000212963244650007,0.00712528728422395,0.000516370496401071
0.271045450260093,0.0141443838290633,0.717020811319417,0.00122259973018903,0.044570102382065,0.0583149359934464,0.673848196290027,0.50278997795478,0.00358508718595332,0.0307509850555901,0.0268760725500414,0.0018691175795947,0.0484529730928984,0.381236502454399,0.0722356487407223,2.15639159027155,0.195272466795579,0.0050218217247285,0.0290642241080437,0.000166577305297494,0,0.0890961344086883,6.25230776343844,0.156080018441605,0.00145665958061027,0.0831608218953658,0.728398974808953,2.17981198169227,0.334090904792788,4.78572791364442,0.000999656521671236,0.0706507608945213,0.0493926956413073,1.92701515483321,0.105805872713527,1.01978554347823,0.034446406857254,0.695708344388823,0.15497560415866,0.133892086219247,0.337822648308797,0.0144149864076991,0.00261349848680901,0.000453775400463313,0.000633541933040231,0.00460923922142583,0.00360597498511345,0.000249287783536196,0,0,0.00499469759106174,0.0134224372962166,0,0.00169854543652377,3.63365516075194e-05,0.000135205004232615,4.14636154893935e-05,0.0122422523077144,3.56943442674578e-05,0.000380708501836792,0.00040982025079754,0.00104396823329815,0,0.000145314287234067,0.0953146643320423,0.00046551541319114,0,0.000489766224379689,0,0.191260935656735,0.175443220462841,0.34826249855987,0.0477489340109062,0.00139806769880318,0.00208546607720379,0.0835305976666583,0.0433868015009077,0,0.0280259932398654,0,0,0,0.000329634640072822,0.0150757089390597
0.00312816475927302,0.876638708656225,0.000709560872823209,0.00738072431845463,0.00674741315424308,0.180961005494674,0.0958867865565009,0.0481441234087252,1.52411204263627,0.0505451457310065,0.0142747247754335,0.0506308107064438,0.0618160052355987,0.00531630503968313,0.163086806011803,0.388114601966578,0.000520864080964953,7.14139186167121e-05,0.00230662358777481,0.0173150029297289,0.0890961344086883,0,0.136625786178625,2.36321912660067,0.14130406146015,0.031835522555217,1.29722998228001,0.799380733473164,0.0135552840191893,0.0347787528519579,0.00622657808188641,0.0228974022029135,9.53130687052011e-05,0.0182241050009628,0.0165467583381995,0.192778449132162,0.00831974127941813,0.00888207465488556,0.0105719030251968,0.0643927065384928,0.0457521065477551,0.00252692736834493,0.0171309804688101,0.00152168824962458,0.00471915609671632,0.0108719969562839,0.00113238757496953,0.000695986205913395,0,0,0.00719888466739282,0.016004173569827,0.0010522275572148,0.000302405553156555,0.00159483127246587,0.00107204104273182,0.000383063700417697,0.0134451163862909,0.00248474288482452,0.00631391695952109,0.0039143552341348,0.00365070977947322,0.000291085151406556,0.000201138985746026,0.0941190736569419,0.00121990708113465,0.000195376313851536,0.000435936823542058,0.00308125608883968,0.146586282524272,0.410642309077223,0.195540937067543,0.0392036559461321,0.000924363792231977,0.0104984511078154,0.351446984117606,0.0398598360395744,0.000156072926846981,0.0239667945060615,0.000571532849149138,0.000361973903476357,0.000111974462535083,0.00108522172904494,0.00426989437434733
0.236361181946992,0.00928726060280714,4.98964359522514,0.00171741131623285,0.092075358754187,0.0822046402146569,0.543786047007528,0.460910332892806,0.00496729038964453,0.0802982670616383,0.0798036454363372,0.00573403268393695,0.087326536838106,0.328561738506225,0.109616687145018,3.51448942206334,2.20573841598181,0.0916218147940825,0.379674128084708,0.000812984645897388,6.25230776343844,0.136625786178625,0,0.163302305450194,0.00109386813494161,0.526366647279908,3.59161346817388,0.412768632757867,0.401752325263074,1.73861470863582,0.00289644281786818,0.0971364500761664,0.0242987799152347,4.27724311932387,0.362428053317572,2.7187512828299,0.0592030879029982,1.95979635213175,0.321657653298608,0.290866662491539,0.375826181927546,0.0209847040995895,0.0202960436110384,0.00411189282959514,0.00603098153792808,0.0207011349536355,0.0109154611126207,0.00135580530094432,0.000665992711609572,0,0.0179204664510153,0.0524061001408308,0,0.00344826214410194,0.000650731501273752,0.000224902131327748,0.000123028373416662,0.00894307851979262,8.15622064866125e-05,0.00237505363208471,0.00195723693993321,0.00547852601258547,0.000135650024865776,0.000571638644149601,0.245151473475637,0.00517409934618825,9.76033888640254e-05,0.00465634452301044,0.000244286772794306,0.126642410179838,0.392727119813566,0.792064695636998,0.0282211196565655,0.00285855004458723,0.0111407451033315,0.823656280433683,0.0262022809429318,0.000129472409034833,0.0147111952803009,0.000397722695936351,4.47379443788826e-05,4.57434701343775e-05,0.00222199677558309,0.0662588700099648
0.0059450658235884,0.112755926698079,0.000394428961881637,0.239446482147835,0.0075490099348577,0.234238140836914,0.632857812933855,0.0446292038711204,4.24802402288771,0.950304851489731,0.00226476967668733,0.199232030230419,0.0154073863478193,0.00685889104731685,0.244663567073793,0.295979694532857,0.000283229714560002,0.00012586005354011,0.000580704743328631,0.0879387464545329,0.156080018441605,2.36321912660067,0.163302305450194,0,0.0118184498721846,0.00770601731936277,0.332970879436014,6.83936580973426,0.0206794518101908,0.0153508495317451,0.00091885485774374,0.0185077108958928,0.00152469830986816,0.0222722179421003,0.011564639001649,0.162319497941156,0.00445138069390109,0.0111673808886379,0.00831364357006957,0.0613370215790056,0.049214309135095,0.0038347845430549,0.0463310277517605,0.000809223455740868,0.00833054588237402,0.00486538743232829,0.0715190667540177,0.0325448713591765,0.00100719083614218,0.000228100362190276,0.0015327943378417,0.00658806118470129,0.086257975876254,0.00136182540459645,0.158707974799702,0.0762384495828992,0.0183189341152476,0.322341488825823,0.114107669894125,0.00585976711082423,0.288531407962945,0.00645744808715514,0.0116027061483155,0.0412401327110348,0.0251429951842888,0.0011448283285279,0,0.000292288604609787,0.216954396916055,0.15194415420602,0.161473900647982,0.138028693109248,1.04060687508588,0.000188391449507117,0.00444329714067663,0.0207067049244203,0.904348404008569,0.0170798617922256,0.159038830223694,0,0.00826826798625245,0.0029593639295604,0.0572447605252147,0.0121533143782475
0.000222362998941004,1.25579549572626,4.96716636793017e-05,0.000255312026732445,0.00019532075828886,0.0061415684675506,0.00184355922615105,0.00281679324911264,0.103838100850808,0.00312207911315084,0.100540414064573,0.00705195731972009,0.77987799074568,0.00062940311844325,0.00723070381101402,0.00128273266718799,0.00045511459442468,0.00234358108596397,0.00591803936670184,0.00369230555360282,0.00145665958061027,0.14130406146015,0.00109386813494161,0.0118184498721846,0,0.0415607272751268,0.324097932015744,0.0042624715301488,0.00010379517978096,0.000581449621837854,0.0668923943223518,0.00222208194581473,0,0.0193019864840241,0.00114879746858013,0.0104258706926033,0.0077831513715221,0.000645947056216181,0.00437248170511454,0.00219311057659512,0.00581882138541242,0.126565719878203,0.0206047101788394,0.00278728816115648,0.000434439576810717,0.000295547362977266,0,0,0.00570855295751423,0,0.0559775910605449,7.60278211907744e-05,0,0,0,0,0,0.00435969839633084,0,0.12160021285205,0,0.233893810216658,0,0,0,0,0.00105270232345596,0.000200978170162379,0,0,0.00630790178665896,4.50171064049303e-05,0,0.167782725841044,0.315062552593738,0.224193519033423,4.15796087702513e-05,0,0,0.058063493336832,0,0,0,0.000168678469053477
0.0170544676849684,0.118030120426716,5.13953813605777,0.000349037444654315,0.00413538123701968,0.0577275090101991,0.0717599333898231,0.15736871675864,0.00237834605113738,0.0203492064966391,3.9573944232698,0.000939206719685912,0.106785076047018,0.0638470647513971,0.0271387468766325,0.00813328091695236,1.38899496843363,3.65689841632129,3.35895820383423,0.000194729381482809,0.0831608218953658,0.031835522555217,0.526366647279908,0.00770601731936277,0.0415607272751268,0,7.0781688685112,0.0525798494953077,0.0449817634842022,0.0949108132851523,0.239411045341947,0.122192789321554,0.00281909800623552,2.05008198706886,0.055598561672279,0.499657510202064,0.0937544887523828,0.28400908087574,0.170522175930227,0.046791028070717,0.01470561747375,0.0022297163351208,0.0137709565047401,0.00775986377968632,0.00436712348145744,0.0130802522879062,0.000755849314969063,0.000388496196437478,0.000789051249639153,0,0.0762146817291239,0.0102913963394183,0,0.000765061313904911,0.000125778699246109,0,0,0.00284439843783542,0,0.0485234510499286,0,0.0518195864405288,0,0,0.00132576329559799,0.0195436716066534,0.00166507972890554,0.0287891282516155,0,9.35043404524624e-05,0.0264437988190003,0.00221131570986714,0.00129584208899516,0.0340528622744606,0.278848016286179,0.638003227057513,4.72193775438667e-05,0,0.000204059889599576,0.0286998967549578,0,0,0.000364774386439056,0.00748925262828472
0.121039087185304,1.66986109664697,1.90005446676914,0.00182543074833218,0.135743284024753,0.246340644348194,0.583479381809903,0.491469125841836,0.0286433984648893,0.135176706185592,3.65960393198038,0.0203447223153686,1.00092591131389,0.208697320081629,0.269003554098686,1.26629160836015,1.47042930230752,0.511003350240021,0.652365614421809,0.0017194358245357,0.728398974808953,1.29722998228001,3.59161346817388,0.332970879436014,0.324097932015744,7.0781688685112,0,0.400858951740433,0.207214272491651,0.275011284986421,0.291909052660661,0.282966185919796,0.0202403710842631,4.41696024740631,1.00946552025523,7.85388487943995,0.392609535563554,2.0384662108721,1.05062816463236,0.688167927865092,0.270083327334701,0.0336693488601806,0.16759813706318,0.0438439408430666,0.0436053539905687,0.142793382801399,0.0241866543584042,0.00641296831153363,0.00274766932704827,3.39232179649174e-05,0.453809003325831,0.0894268638768101,0,0.0100260714008153,0.000586023202670872,0.000454520428617149,0.000194315183898866,0.0230778134961416,0.000153707400917202,0.335766874401504,0.00446368697306886,0.302405555872605,4.79410573969185e-05,0.00186221083722064,0.20947161167356,0.0416488231262965,0.00954229567103046,0.0772462248916191,0.000526982940709054,0.0346240922971587,0.895523272434307,0.33979836294283,0.0172728261903173,0.200415631717676,1.77378777480244,4.28433345422613,0.00859212507788566,0.000137188416383534,0.00781784078674196,0.167329860766175,0.00017731916974926,8.68540216054618e-05,0.00433525643285441,0.156830016313624
