0,4.07180938899636e-05,0.00746166143000056,0.000318734291986209,0.000551420400025505,0.00159882778901864,0.635310311574166,0.0625373604889409,0.00084136846400429,0.00834000711195915,0.00500846281910547,0.000802522199599558,0,0.942794995372924,0.000165513050816328,4.93629115832686e-05,0.166493399189086,0.00458239929527962,0.027308015858329,0.000358824250233864,0.0464790030023266,0,0.11442980426347,0.00553722670938612,0,0.0152532089572131,0.00976155232153951,0.0187532531978042,0.891148927769033,1.28047666623397,3.93823613076031e-05,0.000587885059648728,0.00263915554570718,0.057964410969002,0.00207855231137072,0.0206642959632573,0.00162272145013017,0.0402206249501375,0.012614082132756,0.000190859450574696,0.000974625322351873,0,0.000511700455769741,0,0.000378386353513193,0.000209707414437723,5.3680510110116e-05,0,0,0,4.86427206522584e-05,0,0,0,0,0.000146012557693815,0,0.000888729675742221,0,0,6.30715010810852e-05,0,0,6.49407957705021e-05,0,8.91886139194727e-05,0,0,0,0,0.00011471544756012,6.59669053885699e-05,0.000607957296791751,0,0,0.000289683482598448,0.000986410233516006,0.000104979205814695,0,0,0,0,0,0.000219829397493577
4.07180938899636e-05,0,0.00803532601482386,0,0.00190914235538646,0,0.000174181296752995,0.000131593447552395,0.122657971180688,0.000304804060935307,0.0212428857473696,0.00139019843234303,0.222772123446264,0.000635783808075619,0.00546167089484542,0.0134945093426997,0.0138295423993569,0.00354098277345427,0.0119067343722342,0.000132087299697161,0.00265898910934483,0.551027959233188,0.00798619597071203,0.350070424176123,0.263911867079954,0.0877816160768404,2.31144455043166,0.00814761261220801,0.00047199582234267,0.000263199839388532,0.00839051864461392,0.000251730263443458,0,0.0626910363687712,0.00178578378091632,0.0416416658070642,0.0214071955148908,0.0104373187079544,0.00902350890635228,0.00407115262864136,8.42701943128348e-05,0.0414703102091129,0.0176571524005172,0.00635352799835404,0.00451570220044554,0.00349705446133961,0.000692973385802949,0,0.00226302406545939,0,0.170373695991441,0.00573262523178989,5.735013318367e-05,0,0,0.000442148866412205,0,0.00454154776742108,0.000100085554941917,0.0142322980977912,0,0.0374664898057708,0.000399529694968653,8.57656686793208e-05,0.0088614818479608,0.0135069225936138,0.00482470817226802,0.00717344391994484,0,0.000218523064681173,0.0180510288747051,0.0068585923972957,0.0106575919429545,0.0129088112850208,0.113200214457499,0.397744851197043,0.00115906776217513,0.000268050194624853,0.00028310914625563,0.0117092500355856,0,0,0.00139018383864917,0.000745401728846264
0.00746166143000056,0.00803532601482386,0,0,0.000877458500665211,0.00537723283581737,0.0701023940090454,0.0490229891619984,0.0019057615997402,0.0049090946803344,0.00881849607443224,0.000246898095849794,0.000151626013348079,0.0616509922471839,0.00189134970232028,0.00532012319655827,0.690766499584578,0.0189307404006344,0.0433517378490196,0.000134947823669636,0.167434306056219,0.00326397322579821,3.33380297654882,0.0102577927790558,0.000431254344340718,2.63766126586115,3.39860297724025,0.0981181183039652,0.00881203532673059,0.0745354027822944,0.000162027565902287,0.000198189238816637,0.00029667259042139,0.0289455164106332,0.0295107808696847,0.346564042808084,0.0863073979812387,0.13571614633239,0.140676155790296,0.00143974125650672,0.00143533490978604,0.000121697075115108,0.0442348656866919,0.00813607550422732,0.00933276477484029,0.0104630039704708,0.000902761555139327,0.000143431319123971,0,0.000103270725853443,0.0249140486169811,0.0462182520211759,0,0.000250965814260387,0,0.000886889132643199,0,0.0012880736493383,0,0.000280617789504301,0,0,0.000196563921672154,0.000208054771697879,0.0141708959845483,0.0670472810380316,0.00158465962090467,0.0134825573584269,0,0.00136391951182056,0.011851119873598,0.0479028028341752,0.00909176899655562,0.000147063954589391,0.141787458009081,0.405893744854786,0.00442253160710122,7.45829218436838e-05,0.000863974669498795,0,0,0,0.00304106350526395,0.0146741121918721
0.000318734291986209,0,0,0,0.0171496405417507,0.00877708134473233,0.00954370830631558,0.0174551530298475,0.204577740363737,0.622908407153658,0.0030424099672867,0.641394568836474,4.0307934138459e-05,0.0147221473062458,0.0526579661884934,0.00015923388717091,4.3544302960664e-05,0.000532581094186485,0.000136814909032124,2.23570916856408,6.94523572040796e-05,0.000408288622604996,8.88189253964662e-05,0.421488563339855,0.00086162694382174,0.000357614336199802,0.000531249399624878,1.48351810706635,0.0124633177458774,0.000198384291216671,0,0.00618723060337944,0,0.0144776709057729,0.010003584734775,0.0975426004082845,0.00151592010675777,0.01345505081064,0.00456055469801097,0.0382527922827491,0.00654517269226376,0.000471366547559262,0.0179740347993665,0,0.0034031786127763,0.0017614088919913,0.0850199509643177,0.000878678065679204,8.92341464649677e-05,0.000202951408534145,0,0,0.0577166955283796,0.00272038558204643,0.00985375869676011,0.00421104478806723,0.00549071185742028,0.036048814528814,0.0128090025386081,0.000259116799116403,0.0508041759624479,0,0.00304827296655548,0.00835045399295124,0.000481156574417186,0,0,0,0.0141801327087838,0,0.000622011906604862,0,0.110757309953053,0,0,0.000259054827633959,0.0648654726910387,0.000885681295541942,0.00030759404366408,0,0,0,0.00102734314790351,0.000125822420825982
0.000551420400025505,0.00190914235538646,0.000877458500665211,0.0171496405417507,0,0.37430210141559,0.0141939764009678,0.0397746145415793,0.0295109149959642,0.038287539685784,0.000588322197461021,0.243034376694813,5.09509680567384e-05,0.00654889565361965,0.47496331558943,0.00196851467364781,0.00146417512701357,0.000159873665221417,0.000412783096922064,0.036114924400548,0.0311348316809301,0.00320503024512873,0.0341268283657924,0.0754706950049852,0.00263124646146329,0.000986877675791428,0.0102151091233996,0.0542976352586171,0.00380680503150134,0.013608766811406,0,0.026335069350001,0,0.231652366390994,0.298930485775728,0.11174058032203,0.00466359335351592,0.0028055799259533,0.00957963767167535,1.51760466684112,0.47329898252299,0.00075210431372118,0.0123100044383859,0.000748648258917415,0.00392742184504384,0.00390817781037056,0.043841358404549,0.000394992857290411,0.000339114312366855,0,0.00011779057137326,0.000116325260801148,0.00497636061755113,0.00242467470805149,0.00433141169115314,0.00176218330934856,0.00232877138140378,0.0038103820945336,0.00181389140353844,0.000899714669889355,0.010675097110457,0,0.000995024451617613,0.00290955587116899,0.00118108037034418,0,0.00054603492429297,0.000464911484530282,0.00126573589223581,0.000541208171067297,0.000465801559186888,0.000924629964042664,0.0261660768961257,0,0.000237156765205264,0.000807466267809332,0.0226292623420125,0.000737108343078035,0.000201944920828403,0,5.89120583670974e-05,0,0.00207315498360596,0.0606828098048435
0.00159882778901864,0,0.00537723283581737,0.00877708134473233,0.37430210141559,0,0.165893729524434,2.29051863989832,0.00967614762267856,1.2373195710831,0.0239244238596732,1.26621307304506,0.00222284157751076,0.220768267292328,0.349611553002449,0,0.0103873485872748,0.00518462522841766,0.00296134334942671,0.0623371673657758,0.0105575729215758,4.34600920237541e-05,0.0251168257121029,0.015028285524825,0.00597323869997848,0.01483164665153,0.00561347771995067,0.0448835278820927,0.043830227181093,0.00953936873588078,0.000470270194584269,0.122621245925299,0.000249883351635474,0.0899982765533779,0.069204249864441,0.398078103481032,0.014957230914636,0.0349367235582494,0.0276953487322972,0.606220791314298,0.0465777768404285,0.00775933831259182,0.00983485743322966,7.23783114554644e-05,0.00970856858514987,0.00544541505621065,0.0135798266145499,0.00207865224135153,0.000959522631012684,0.000114008683599759,7.83839129858613e-05,0,0.000543602987679005,0.000320448660727728,0.00101222616351544,0.000186594329768384,0.00238286927777796,0.00458064353682538,0.00101567305830082,0.00237886635801598,0.0030008286444068,0.000294462237438083,0.00192803083185116,0.000113787888817418,0.00108345249991496,0,0,0,6.80323805862785e-05,0.000383187527091003,0.000164562929908485,0.000315752141946,0.019599264933329,0,0,0.000115875364884349,0.00646011321383693,0.00180341909735829,0.000272132412950134,0,0.000375031883616782,0,0.00658944174823626,0.00627939530754978
0.635310311574166,0.000174181296752995,0.0701023940090454,0.00954370830631558,0.0141939764009678,0.165893729524434,0,0.990770705837159,0.0590485473686881,4.23690738530014,0.0669049710888554,0.0269558521481823,0.00276177112435862,2.8900576260325,0.0329931735534882,0.00238181909173697,0.0550530156456064,0.02214416521374,0.0235173419708851,0.0158176041302436,0.242592000504933,0.000904221878866136,0.223690281668377,0.16970964720757,0.00239710210662999,0.0737633040764163,0.0342677414135431,5.91321449828997,0.625373863000026,1.52764465442401,0.00206996539679878,0.0337786633925808,0.0156060570498179,0.167184677768757,0.14949139167048,0.567301537643364,0.0257150761834685,0.241151202219264,0.0904137612351276,0.0366826662515291,0.0665564901046632,0.00374491796410204,0.0516150158973015,0.000627148420705372,0.0124012101402093,0.00785572436751975,0.0516512244735922,0.00307486447511897,0.000335253909361947,0.00129170114625682,7.36978616144895e-05,0.000625384953051668,0.0112623869013045,0.00144381514227688,0.0058381669692007,0.0203813981207803,0.00551506204105029,0.0324916488631286,0.0116724981717362,0.00184876177588977,0.0115934710715512,0,0.00394768145021133,0.00435179343817381,0.00433816275985922,0.00100850094042663,0,0,0.00261380702764285,0.000761916290421426,0.00111640679280364,0.00209961362087588,0.189182524590242,0,0,0.0110159253033621,0.166896372507601,0.00678061121895762,0.000842298036240947,0,0,0.000119441073741448,0.00636858038544288,0.0107962588195952
0.0625373604889409,0.000131593447552395,0.0490229891619984,0.0174551530298475,0.0397746145415793,2.29051863989832,0.990770705837159,0,0.0107112095796472,1.65243594644798,0.032756624897935,0.527040468591733,0.00324992266228049,3.01109019070267,0.0421352301821708,0.000978355719844343,0.294751982169512,0.0131033209574136,0.0443839306419201,0.112110589260879,0.141301428725507,0.000388718335713935,0.347840428284989,0.0218927089978567,0.00773041337140015,0.101515163287336,0.0395762225190975,0.152753641259948,0.118179362933957,0.387979644905277,0.0015939144803768,0.0698554426300775,0.00364263842064207,0.235087544347503,0.0360292068047264,0.62302733720815,0.0282630418070768,0.121192257155415,0.0866611938502721,0.211500781329244,0.0601065172711488,0.0151160956125201,0.0133233616255873,0.000557219932861543,0.0351791217433485,0.02267772025426,0.0130657413572322,0.00551482004114257,0.00410883109137601,0,0,5.28046567888975e-05,4.21698064823508e-05,0.000138946010341716,0.00151736596642664,0.000424638510714948,0.0089347450541528,0.00978030140354185,0.000228149717191219,0.00699770749424007,0.00308109527353631,0.000461698593599236,0.00501666545697696,0.000373519517966759,0.00186095640273346,0.000127479628404861,0,0,5.54704179734826e-05,0.000523806800557232,0.000335772047553665,0.000922232232002038,0.0354712854726247,0.000123686958784962,0,0.00133447487956443,0.00958786973138248,0.0063007949364454,0.000242261419211697,0.000109652403923285,0.00201274281156164,0,0.0203464386692499,0.00367316157128153
0.00084136846400429,0.122657971180688,0.0019057615997402,0.204577740363737,0.0295109149959642,0.00967614762267856,0.0590485473686881,0.0107112095796472,0,0.152664685607279,0.00462225382367792,0.179362270741815,0.0176108699388523,0.0105558485625944,0.065253020602024,0.0903852187915904,0.00466564175538817,0.00392911477421204,0.00374064751719049,0.080578416486713,0.0278179317695765,0.456467593630449,0.0306108483824575,3.19734904355758,0.0440207363471583,0.0236801528824733,0.54352546603791,0.634790978086932,0.0123682635206634,0.000450212233940852,0.00174934374108357,0.00396673893604876,0.000299261852626735,0.0157328681347908,0.0157037915664715,0.109861075549542,0.00810744633426482,0.0119876482458911,0.00764840150087456,0.0483875009789668,0.00452794573036844,0.00151551111097127,0.0966011119944485,0.0015285299132968,0.0190345814831283,0.0124193069798061,0.0387060671706316,0.00404833625299289,0.00054968314640817,0.00345631653315509,0.00621763562260436,0.000936884832970564,0.0236077232489876,0.00503539074113569,0.0118497180625573,0.0202283036938729,0.02438433582768,0.375622893980374,0.0266381177324703,0.00659489182678443,0.0199164999170355,0.0035970048749804,0.0229618149478843,0.00701672586588876,0.250913008646499,0.00163215641249927,0.00268725319423831,0.00124251714878163,0.00428681102375908,0.0432074383057857,0.10413820101804,0.0554468108766923,0.650746898083897,0.000678382855612463,0.00846144896430349,0.0396186081335169,0.244399763605172,0.0326263484009278,0.0127969894903043,0.000960238833570734,0.000429849074503422,0.00153855673807669,0.0133119212259971,0.0133790491837137
0.00834000711195915,0.000304804060935307,0.0049090946803344,0.622908407153658,0.038287539685784,1.2373195710831,4.23690738530014,1.65243594644798,0.152664685607279,0,0.152579357321893,1.05293252717026,0.00661870997911443,1.0943715670694,0.0665575570578682,0,0.00934344292629968,0.029210595026061,0.0136798069796028,2.18909632406751,0.0110883615289717,3.47275494328558e-05,0.0126902571435775,0.149931203819235,0.00479795408096319,0.0227482999225982,0.00637936499556831,0.657955577144068,0.412291351009199,0.0124119232133769,0.00167131178684107,0.141525617367754,0.00250584022707963,0.351795588149637,0.138733184403016,0.988970400540623,0.0616518098884641,0.254465811945137,0.0897957883532654,0.106924659922768,0.128835612816994,0.0209586088766738,0.0396942017162394,0.000475412853978657,0.0120098684701108,0.0100603924382036,0.119683761213223,0.00202581102171898,0.00125151178760484,0.000181138075586009,0.000182450774349165,0,0.00401187168163242,0.0037738609219273,0.00900522232666963,0.0106544413682822,0.00212217954545843,0.0546413583731427,0.0486313948370235,0.00272935856063946,0.0378745720286961,0,0.000696372323575449,0.0121660581723203,0.000669782287896585,6.52717921110391e-05,0,0,0.00340509057974651,0.000124908333185304,0.000554808114637863,4.05220540504276e-05,0.217590123687086,5.44326411233186e-05,0,3.6284879436928e-05,0.0752234611769468,0.000931345065678635,0.000246681430109167,0,0,0,0.00595534399035087,0.005951452160291
0.00500846281910547,0.0212428857473696,0.00881849607443224,0.0030424099672867,0.000588322197461021,0.0239244238596732,0.0669049710888554,0.032756624897935,0.00462225382367792,0.152579357321893,0,0.0600338717662872,0.891977489669524,0.0870129103247964,0.00267861572441884,0.00178052393341554,0.140799421768868,1.46703808160285,0.291603889112023,0.030254627414415,0.0516940691729079,0.00616545174255109,0.165485534126599,0.0112107753279467,0.0967242312527501,0.554334917131988,0.146923574028045,0.0517375529510678,0.118190163469992,0.0669990714737143,0.129566259195999,0.0464602979468866,0.00302434257159123,1.22154264155389,0.0149139858472174,0.2544957056555,0.497440761590509,0.593701401416399,0.198473542342682,0.00231728666839731,0.00358957736884279,0.149657582013774,0.00162232760243791,0.144813005521652,0.00348604037634215,0.00255116456075043,0.000261907405200839,0.000156450289700365,0.0770016620320578,0,0.031714709215788,0.000498597875546414,0,0,0.000234351212375975,0,0.000179319151344002,0.00181752810736493,0.000138641429386944,0.269098607525145,0.000258141250262296,0.467630347902624,0.000691581129204666,0,0.000488466164280725,0.00125000777381742,0.0126783498726616,0.000688242797600216,9.19199984577299e-05,9.33624158793927e-05,0.00337726796857285,0,0.00140407913420085,0.0307997552210663,0.149588729344024,0.137704931892288,0,0.00698953686816426,0,0.176208798188394,0.00412255477104565,0,0.0167285222583743,0.00688968247887765
0.000802522199599558,0.00139019843234303,0.000246898095849794,0.641394568836474,0.243034376694813,1.26621307304506,0.0269558521481823,0.527040468591733,0.179362270741815,1.05293252717026,0.0600338717662872,0,0.00316434861202863,0.327628480230096,0.487131299988671,0.000262152025408912,0.00191170364381688,0.0166386490840921,0.00406288997210074,1.5611324541783,0.000725738288898563,0.00278788235944958,0.00178143286044362,0.150815251771239,0.00587698230027021,0.0136518858892673,0.00833769707171758,0.130571068260106,0.0725807507993872,0.00168879077340579,0.000996186654119572,0.120555624581028,0,0.165656683671026,0.257959664556664,0.530184856952738,0.0322993790317518,0.0742967056142253,0.0434825019411701,0.277836416563943,0.0452976717120207,0.0123548535929998,0.0444588838990873,0.000626333344561278,0.0129075153368725,0.00823680882224029,0.186230215459965,0.00358242449500601,0.00139226072180716,9.5016561844176e-05,0.000331046319318533,0,0.0213495596089926,0.00763414542030465,0.0258711842260861,0.0064909363750757,0.0225179390304768,0.0195584694881726,0.0200299668107851,0.00434800355986334,0.115998559505248,0.000832947844725573,0.00880071981892983,0.018211846954096,0.000902662929792267,0,0.00014713636038366,0,0.00858617127271303,0.000615572794309503,0.000722339698660636,0.000418271238780624,0.115659463474303,0.000114897654972005,0.00365907881944263,0.00564099937721689,0.0962550862316861,0.00514034825637989,0.000983856428111747,0.000740062676561343,0.000484271860539204,0.00028214225266732,0.0066322623904366,0.0335662311388392
0,0.222772123446264,0.000151626013348079,4.0307934138459e-05,5.09509680567384e-05,0.00222284157751076,0.00276177112435862,0.00324992266228049,0.0176108699388523,0.00661870997911443,0.891977489669524,0.00316434861202863,0,0.00845850213591204,0.000576565922042423,0.000259764824217492,4.98564382591486e-05,0.000709279545237333,0.000140955852425623,0.00172100953143623,3.66029756250977e-05,0.0516255440572523,0.000339987595035517,0.0288860556861961,1.16436831023034,0.00696287970866499,0.38007556087574,0.00137287620317825,0.0077390879639801,0.00107349557371563,0.272650126586998,0.00587625775136598,0,0.349027365934073,0.000324885127111412,0.00402702515439244,0.0956279910306604,0.0349837369154618,0.00137987202448652,0.000484670711626029,0.000172245410577882,0.23538502245273,0.000928589392335214,0.243474262018903,0.00658227713545391,0.00148574099052177,0.00033342752140125,0.00046282479317435,0.158440385319418,0,0.050594208181176,0,0,0,0.000250539135583818,0,0.000436673792956876,0.00135023114000861,0,0.532262168331235,7.53836525328994e-05,1.056289688573,0.00125938839391541,0,0,0,0.0151504648510499,0.000103066408623004,0,0,0.00629485234900117,0,0.00135126101734277,0.123343952154332,0.179527878465462,0.326512752326773,0,0.00830122361615981,0,0.368450585235222,0.00442579295703952,0,0.0199970271446888,0.000159085749180031
0.942794995372924,0.000635783808075619,0.0616509922471839,0.0147221473062458,0.00654889565361965,0.220768267292328,2.8900576260325,3.01109019070267,0.0105558485625944,1.0943715670694,0.0870129103247964,0.327628480230096,0.00845850213591204,0,0.0130086147246357,0.00103081147122935,0.58745919623724,0.0282442547996746,0.100683838329771,0.105786326627623,0.219956631533641,0.000230334782897019,0.550153517270557,0.0362101161887723,0.00239989489721746,0.131647314869233,0.0550560523475417,0.204588683466177,1.09087956879065,1.71351006729161,0.00322040264536232,0.112863139386987,0.00554343457327984,0.361556008373167,0.0287707668479636,0.316088675041863,0.0469806821056068,0.217625612839229,0.101726177944795,0.0210433476799852,0.0256569324440543,0.0181516040506963,0.00917216179452621,0.00154722006888153,0.0216945271786273,0.0128767398733748,0.00903593985670566,0.00323373148162557,0.00332796633064466,9.40664105960135e-05,0,0,0,0,0.00163557471015405,0.000407404536024249,0.00445426242934927,0.00763974151302131,0.000398110821635211,0.00374377840099513,0.00186698120692812,0.000744775769432354,0.00252295136760622,0.00018425423054446,0.000653643946287834,4.24856712779045e-05,0,0,0,8.49765555744052e-05,0.00080762699979117,0,0.0250757696904884,5.57046121443629e-05,0,0.00111384103331336,0.00648956704196818,0.00380426286023065,0.000182952134343993,0.000195126270438922,0.00123718263375363,0.000118631367833972,0.0140152025037868,0.00233564262260045
0.000165513050816328,0.00546167089484542,0.00189134970232028,0.0526579661884934,0.47496331558943,0.349611553002449,0.0329931735534882,0.0421352301821708,0.065253020602024,0.0665575570578682,0.00267861572441884,0.487131299988671,0.000576565922042423,0.0130086147246357,0,0.00319221599448157,0.00435394729748152,0.00255970779353639,0.00195407395568222,0.0610227584484247,0.0338938927058639,0.0119236320824016,0.0410552706308885,0.211426399977453,0.00256970849805909,0.00509726323690682,0.0387616954934208,0.133860197456025,0.00815075909369528,0.0212052551589016,8.57790239364863e-05,0.016940165845841,0.000164541942681766,0.0272495097658537,0.342494647430089,0.188660188175365,0.0319418590070572,0.0121531077239772,0.0687443113596871,0.22380851523876,0.0080659701488679,0.00258764490631903,0.0163876213314478,0.0018198628280776,0.021122735336257,0.0182077778124486,0.0456108186686098,0.00561277555668609,0.000768852451627982,0.000363110543067026,0.000426609473058045,9.38055721078638e-05,0.0059488830082013,0.00199114387986299,0.00722608913283639,0.00307264992965509,0.00982296550624091,0.00527791490475927,0.00414065425300849,0.00364912722762317,0.0123977959964201,0,0.00626668456428296,0.00392306522610742,0.00291541243553176,0.000294108700998091,0.000832438188032365,0.000647731395760274,0.00166186707419644,0.0019623726951378,0.00131135913322158,0.00310938022705343,0.0366153128845434,0,0.00105711467779877,0.00208206321595639,0.032337636641545,0.00549494917546075,0.000801414405565762,0,0.000416854365150083,9.24934305033087e-05,0.0144667496731871,0.070926525935981
4.93629115832686e-05,0.0134945093426997,0.00532012319655827,0.00015923388717091,0.00196851467364781,0,0.00238181909173697,0.000978355719844343,0.0903852187915904,0,0.00178052393341554,0.000262152025408912,0.000259764824217492,0.00103081147122935,0.00319221599448157,0,0.0147241536371272,0.00199530409211782,0.00720505994269714,0,1.52909780265414,0.827649158366175,1.97866347445172,0.463189054903625,0.0471017277740543,0.0212985761078383,0.956180995896285,0.179587604750445,0.000354612368414295,0.00170453707395042,0,7.6962485549128e-05,0,0.0795016419491243,0.0371335924924922,0.590354717728694,0.101160267521026,0.0654373597799477,0.0822821927854173,0.00235992970112333,0.00316959292528564,0.000187378318117452,0.0700895251678881,0.00690949528422008,0.0170191978997728,0.0137892453904918,0.0435489016898366,0.00196124219827011,0.000834112582023346,0.00208890629581979,0.00482725319001236,0.00515247544772534,0.000681316932794941,0.00228038270024981,0.00129150331082199,0.00351982303167681,0.00258786751876236,0.0230565242753748,0.00125189128156759,0.00649481837763015,0.00110125358207365,9.01681318390607e-05,0.00377623208136414,0.00199328102717087,1.10525393753799,0.00905973159364989,0.000331103188110816,0.00198257766290563,0.000808348073349667,0.136121109366325,0.165623258164009,0.419240700334993,0.163889657099181,0,0.00773853985506876,0.257275189742696,0.128488798208673,0.00964943764619878,0.0222140478270202,0,0.000113111614120316,0.000779501015759111,0.0100691408101668,0.0116637331953433
0.166493399189086,0.0138295423993569,0.690766499584578,4.3544302960664e-05,0.00146417512701357,0.0103873485872748,0.0550530156456064,0.294751982169512,0.00466564175538817,0.00934344292629968,0.140799421768868,0.00191170364381688,4.98564382591486e-05,0.58745919623724,0.00435394729748152,0.0147241536371272,0,0.10514149732759,0.750168941853102,0.000973080757347838,0.265794068557995,0.013783751856331,1.74801332640629,0.0183749711805138,0.000308863521262473,0.456479440257961,1.17119968774411,0.151939196169684,0.294013992977993,0.640142015024375,0.00146481406380975,0.00164262683482137,0.0105208994074652,0.789835991574396,0.0533029063906703,0.810109834123172,0.251886416963457,0.378048121906922,0.263417625627512,0.00284763394136306,0.0045399814511659,0,0.0351532552636178,0.00495519183435835,0.00738136644370482,0.00926009958462762,0.000809743297782874,0.000332226491564488,0,0,0.0166968992573483,0.0309488457462886,0,0.000147782887776232,0,0.000197221432260519,0.000190688667672348,0.000807049245629114,0,0.00098045413359659,0,0,0,0.00083241948736248,0.00916694421936563,0.063868784188721,0.00102110538500366,0.0106506273142533,0,0.000621522646881241,0.00654035381648841,0.0218033762756924,0.00295480192129811,0.000121978666382051,0.0776635087403366,0.248485914959909,0.000971663889233715,0,0.000272775087122082,0,0,3.71286133922458e-05,0.00250386853932707,0.0228573088221281
0.00458239929527962,0.00354098277345427,0.0189307404006344,0.000532581094186485,0.000159873665221417,0.00518462522841766,0.02214416521374,0.0131033209574136,0.00392911477421204,0.029210595026061,1.46703808160285,0.0166386490840921,0.000709279545237333,0.0282442547996746,0.00255970779353639,0.00199530409211782,0.10514149732759,0,0.796636895446025,0.00766256610813826,0.0312921105482169,0.00109780286440797,0.1120248742826,0.00343196997105599,0.000625315818495523,0.675058141684121,0.299283013780717,0.0177902336077203,0.0433439411039474,0.0363580835760337,0.0396837496277451,0.00998058118141865,0.00135206563159292,0.227752525019306,0.0208751451418543,0.436786692048089,0.541427895746556,0.458707185414525,0.242602094271492,0.00116425277389785,0.00184412757060864,0.00194207233464608,0.00216114183952099,0.0046802205025017,0.00106556330395094,0.000559273437423956,0.000212337236134314,0,0.000964563711016146,0,0.00405846646103364,0.00157117917682124,0,0.000141886792734886,0,0,0,0.00036405962137115,0,0.0140035802553522,0,0.00740986360017735,0,0.000243873483152819,0.000136321316159183,0.00210867864648299,0.00251867902580378,0.00128019813252104,0,0,0.000724573860520411,0.000299791509107161,0,0.000542314089517683,0.0746482595735845,0.0640232039001079,4.18657826861798e-05,0,0,0.0237137124537106,0,0,0,0.00773223046970655
0.027308015858329,0.0119067343722342,0.0433517378490196,0.000136814909032124,0.000412783096922064,0.00296134334942671,0.0235173419708851,0.0443839306419201,0.00374064751719049,0.0136798069796028,0.291603889112023,0.00406288997210074,0.000140955852425623,0.100683838329771,0.00195407395568222,0.00720505994269714,0.750168941853102,0.796636895446025,0,0.00280215580019888,0.114669095736346,0.00381302064872589,0.390427751351345,0.00636362053750856,8.32765709027171e-05,0.909736093292428,0.411328517252195,0.0366525523476733,0.0940072129979998,0.119163270248302,0.00383394032134325,0.00169727528663994,0.00337783288602139,0.299258075290009,0.0492755663920204,0.724205264483368,0.342747638979244,0.361898305106509,0.252035294441712,0.00147740092479231,0.00260721187508238,0.000101129703259253,0.00413074478734407,0.0016673841689948,0.00194967518025044,0.0025972383554863,0.000133898429235172,6.4179022052002e-05,0,0,0.00797982198529238,0.00795808057820982,0,0.000178238280206776,0,0,0,0.000231541497406441,0,0.00117227439590457,0.000167890344514203,0.000163775248315025,0,0.000206689986880136,0.00102262146596377,0.00984330416173272,0.00180581116403373,0.00468536119529172,0,0,0.00145948421567459,0.000749027650826359,0.000475355869341516,0.00032207757182101,0.0794402085136385,0.085884731795423,0,0,9.85158957351324e-05,0.000759803969769835,0,0,0.000244005750398195,0.0183852138725323
0.000358824250233864,0.000132087299697161,0.000134947823669636,2.23570916856408,0.036114924400548,0.0623371673657758,0.0158176041302436,0.112110589260879,0.080578416486713,2.18909632406751,0.030254627414415,1.5611324541783,0.00172100953143623,0.105786326627623,0.0610227584484247,0,0.000973080757347838,0.00766256610813826,0.00280215580019888,0,0.000659730672317147,0.00039571046377781,0.000284818266121811,0.0705985750988303,0.00202230452751253,0.00481230323460162,0.000837217646215779,0.388983800618178,0.0469579449954232,0.00129208517196007,0.000338146075529838,0.0354368769157985,8.28796422888875e-05,0.0618297608403253,0.0166844737572197,0.215285795253461,0.011073026400442,0.0288715848375347,0.0190129909612147,0.0607714997011341,0.0198629371383993,0.00304810873440402,0.0163418252113194,0.00010437019560675,0.00467185287948717,0.00467816765439348,0.0675309988539897,0.000617141121300423,0.000514446646384096,0.000197179581926572,0,0,0.0227334979341693,0.00381029281952148,0.00825451958402494,0.00354735768287457,0.00492915620182809,0.0183193232040929,0.0221295880360484,0.000962200757256726,0.0298106842628587,0,0.00289249149610817,0.00619477688359472,0.000448611371094185,0,5.37645914111137e-05,0,0.0144514452104461,0.000477088563636237,7.19857518476963e-05,0.000139359890919721,0.0795694638809773,0,0,0,0.048647693372763,0.00137074930262385,0.000155576135437059,0,9.2290500652951e-05,0,0.00334603781400869,0.000780358129795492
0.0464790030023266,0.00265898910934483,0.167434306056219,6.94523572040796e-05,0.0311348316809301,0.0105575729215758,0.242592000504933,0.141301428725507,0.0278179317695765,0.0110883615289717,0.0516940691729079,0.000725738288898563,3.66029756250977e-05,0.219956631533641,0.0338938927058639,1.52909780265414,0.265794068557995,0.0312921105482169,0.114669095736346,0.000659730672317147,0,0.0824040423013323,5.01499473786896,0.104283793240942,0.0330141138823469,0.151467353436321,0.240385745245233,1.25212761014136,0.111070485932916,2.65931720543764,0.000575453847265315,0.00150159759743661,0.0061519896074716,0.791089046114861,0.296033437254596,2.57250861962082,0.132842806057158,1.27803593321518,0.725299123586121,0.022300197970991,0.0284669741457345,0.000962893823941766,0.0491972075484134,0.00255255712626834,0.0114225003626231,0.0130855748657056,0.0399745860038838,0.00255588092485958,0.000456182442109013,0.00232290464475923,0.00180620272792736,0.00299504765778083,0.000173868032950318,0.0019569537429996,0.000647313455095828,0.00240425590446742,0.00201624070015009,0.0241505032472155,0,0.00658807261096171,0.00170765645601562,0,0.00676169228356999,0.00264317198070256,0.216852924703682,0.00340730628365895,0,0.000476048869829499,0.000208242520355457,0.0892203942433318,0.0632184067171273,0.0702018221085632,0.169208866972122,0,0.00171460698750095,0.0637855512168579,0.118459628541302,0.0145326665666957,0.0246555905282748,0,6.71094556378841e-05,0.00196927269619949,0.0110945227791013,0.0454497357458085
0,0.551027959233188,0.00326397322579821,0.000408288622604996,0.00320503024512873,4.34600920237541e-05,0.000904221878866136,0.000388718335713935,0.456467593630449,3.47275494328558e-05,0.00616545174255109,0.00278788235944958,0.0516255440572523,0.000230334782897019,0.0119236320824016,0.827649158366175,0.013783751856331,0.00109780286440797,0.00381302064872589,0.00039571046377781,0.0824040423013323,0,0.102728625230141,2.34791015402223,0.107103953643407,0.027486652720697,1.63991431438252,0.134593621736795,0.000641181414419681,0.000540986397120088,0.00401936266523563,0,0.000141440914152258,0.0127911277763618,0.00149631280467647,0.0354258903080981,0.00988088627464435,0.00887405152528947,0.00652689048158717,0.00860167469623888,0,0.00435961341289823,0.0180920724981616,0.00376080914243228,0.00477917344226995,0.00373245861520927,0.00295180594710488,0.000198996299599862,0.000791551619862574,6.51359391914964e-05,0.0307035931301049,0.00626086339052422,0.000265181693906463,0,0.000114681973912668,0.000871879417835152,4.27180229639054e-05,0.0105929544014393,0.00014883290832457,0.00369460453167035,0.000115801173148525,0.00721105318744271,0.00066314191171025,0.000475477263719535,0.255865643726926,0.00755715864319215,0.000214936932651484,0.00231453007105324,8.29746736871481e-05,0.0173999278940527,0.138582321567316,0.0658063607140759,0.0566405794226217,0.00219936066611077,0.0236622907831731,0.310159543882543,0.0207465840934282,0.00121194911929266,0.00166682895217398,0.00251273639974459,7.27794656483889e-05,0.000240944616230726,0.000903833644133055,0.00233458506937815
0.11442980426347,0.00798619597071203,3.33380297654882,8.88189253964662e-05,0.0341268283657924,0.0251168257121029,0.223690281668377,0.347840428284989,0.0306108483824575,0.0126902571435775,0.165485534126599,0.00178143286044362,0.000339987595035517,0.550153517270557,0.0410552706308885,1.97866347445172,1.74801332640629,0.1120248742826,0.390427751351345,0.000284818266121811,5.01499473786896,0.102728625230141,0,0.0928298759487451,0.0532763463808753,1.02289456309683,4.10407650754387,1.1107040569794,0.209335874880763,1.32208867717794,0.00244212132701133,0.00369686805468514,0.00949121618240345,1.44836955394274,0.644140526754367,6.04028159688166,0.959199739528684,2.34137646662081,1.85684499074553,0.0443929266308876,0.035765792009688,0.000429568862341928,0.119096837216304,0.0108745568639593,0.0257740120672613,0.0352515928382603,0.0410946287888955,0.00192064671237096,0.000755603233880502,0.000604255146137082,0.0135871056379202,0.0583476461345325,4.31661522466242e-05,0.00454021161559065,0.000733377551161408,0.00356820589024758,0.00325198493243713,0.0109658622337335,0.000453221100011814,0.00854302963268665,0.00185382189582305,0,0.00224730908164129,0.00399512197430362,0.911352268959215,0.050776374928758,0.000501094152945984,0.00697098774817733,0.000685087812548751,0.0966464210807298,0.0870339572212705,0.46904526375507,0.12135420905118,0,0.0244637201878898,0.928761720930669,0.0909594462003802,0.00391427287722963,0.0109862692514824,0,0.00025861315256474,0.00037015725060814,0.00907733021485408,0.183848853141744
0.00553722670938612,0.350070424176123,0.0102577927790558,0.421488563339855,0.0754706950049852,0.015028285524825,0.16970964720757,0.0218927089978567,3.19734904355758,0.149931203819235,0.0112107753279467,0.150815251771239,0.0288860556861961,0.0362101161887723,0.211426399977453,0.463189054903625,0.0183749711805138,0.00343196997105599,0.00636362053750856,0.0705985750988303,0.104283793240942,2.34791015402223,0.0928298759487451,0,0.108743397318053,0.0342281088852654,1.04421251441434,1.85810613565089,0.0725865640101911,0.00489362173779718,0.00203860120973428,0.00800648096796905,0.00504714130981595,0.0980855064539925,0.0565514546612845,0.594658950671634,0.0326414228454292,0.07074923835039,0.0452591620210589,0.111691720025428,0.0164518734681543,0.00249075450149567,0.458318214062609,0.00459460360068534,0.0979583049084101,0.0526296083906264,0.243758902921032,0.020743155000136,0.00080289568342076,0.0161776169514756,0.0094890211954131,0.00439299342460609,0.0663935838693063,0.0130018564376918,0.0340442404870522,0.0768133047200809,0.0620033962595596,0.437904342551285,0.0724091567127306,0.0144056227494037,0.0594194155536715,0.00135858952577485,0.062064791827568,0.0238216545324295,0.246086978678889,0.00315116196429535,0.000108042003183335,0.00042121112199704,0.0124863254530993,0.0726676112212792,0.118050367607983,0.0870027909551454,1.73439210176025,0.000968663319861128,0.00324752149626729,0.101188219070285,1.01143501808075,0.131500486260368,0.0402367802575015,0.000434424629188031,0.000404266064381426,0.00616397278435147,0.0623274713939096,0.0319751969229503
0,0.263911867079954,0.000431254344340718,0.00086162694382174,0.00263124646146329,0.00597323869997848,0.00239710210662999,0.00773041337140015,0.0440207363471583,0.00479795408096319,0.0967242312527501,0.00587698230027021,1.16436831023034,0.00239989489721746,0.00256970849805909,0.0471017277740543,0.000308863521262473,0.000625315818495523,8.32765709027171e-05,0.00202230452751253,0.0330141138823469,0.107103953643407,0.0532763463808753,0.108743397318053,0,0.00841848331192343,0.736939596689671,0.0310195928711268,0.00155754922667432,0.00149867903243222,0.0291765471784023,0.00404651129654365,0,0.342336387343067,0.000704475660338211,0.0433112935406598,0.0120667788424237,0.00985783873058234,0.00161542626088573,0.0525822199139738,0.00152080581949959,0.128142274663316,0.0208004448140055,0.0187871885614853,0.00585004541681278,0.00270653956744886,0.0373144992286556,0.000361298387474561,0.0106356391714126,0.000196998455733359,0.0465496227916005,0.000767412384202004,0.000674296014525718,0.000276204591387749,0.00210100463627926,0.000994164692456986,0.00211771265600855,0.00267693427216616,0.00272004246888542,0.0495936498896617,0.00281049167896419,0.183322108976216,0.00229474987328003,0.000303084173013782,0.0364948893029817,0.000386255711245525,0.00400302733496279,0.000392237206012678,0.00078570574908346,0.0150703985728436,0.00336145692454383,0.0184487667972598,0.0138211875771992,0.176562257464677,0.0433509142858606,0.208240461607536,0.0188798880551665,0.00509606788346808,0.00290062849131851,0.0619465976471941,0.000486915718771053,4.14605353082836e-05,0.00331495640424181,0.00121591396471141
0.0152532089572131,0.0877816160768404,2.63766126586115,0.000357614336199802,0.000986877675791428,0.01483164665153,0.0737633040764163,0.101515163287336,0.0236801528824733,0.0227482999225982,0.554334917131988,0.0136518858892673,0.00696287970866499,0.131647314869233,0.00509726323690682,0.0212985761078383,0.456479440257961,0.675058141684121,0.909736093292428,0.00481230323460162,0.151467353436321,0.027486652720697,1.02289456309683,0.0342281088852654,0.00841848331192343,0,4.43048897634097,0.0860459126733261,0.0456463858339891,0.135366425634453,0.0352667872097715,0.00834984716448813,0.00091225689750318,0.144677797118766,0.0480935104148996,1.14116413307823,0.922466788171549,0.320695776509856,0.251514761598875,0.00291812354446171,0.00418360680388679,0.00207850480118801,0.0695043854162263,0.0539720143897817,0.0316849808077619,0.0108355999759901,0.000660853931639445,0.000152630807512331,0.00412307296991801,0,0.136619263925666,0.0547263859859591,0,0.000436138145642382,0,0.000337558761408812,0,0.00626781888127275,0,0.14313690170746,0.000193144186989486,0.129362538602433,0,0.000232601883311331,0.0134326371172333,0.0677128551787262,0.0828649837715566,0.093125707775805,0,0.00106047617285834,0.0201507379958751,0.0132398245085669,0.00853189242667114,0.0319118958863165,2.03566723378917,1.70521873436045,0.000471773507786125,0.000660144649432534,0.00106520685208203,0.222598683675204,0.000401000047550285,7.74533312440157e-05,0.00616882508688468,0.0205909144077521
0.00976155232153951,2.31144455043166,3.39860297724025,0.000531249399624878,0.0102151091233996,0.00561347771995067,0.0342677414135431,0.0395762225190975,0.54352546603791,0.00637936499556831,0.146923574028045,0.00833769707171758,0.38007556087574,0.0550560523475417,0.0387616954934208,0.956180995896285,1.17119968774411,0.299283013780717,0.411328517252195,0.000837217646215779,0.240385745245233,1.63991431438252,4.10407650754387,1.04421251441434,0.736939596689671,4.43048897634097,0,0.36893214787069,0.0260961780893893,0.0929022839330341,0.376723512037558,0.00207747690700749,0.000765967489906955,0.217561023538822,0.248769144104887,3.36324692080233,0.821813043889274,0.92736096325334,0.882153206560421,0.0269071280079025,0.0113418124222954,0.00763785220751183,0.484349916580902,0.145830480808744,0.143951652301301,0.0901819639522754,0.00611461966441688,0.0015054320760173,0.0108191553102374,0.000381437776020092,0.943151943656356,0.356310555198615,0.00015236258805182,0.00177558459002103,0.00010657782071948,0.00576454529764582,0.000215087103443795,0.0283159314774419,4.83028208069443e-05,0.147940409382627,0,0.258853729563864,0.000743723586446673,0.00164972688616124,0.731942484578653,0.481004472140804,0.154607847418681,0.171214954270436,5.44488925019264e-05,0.0178086276114427,0.420172552108838,0.534189344528682,0.152138962327319,0.183244372012629,3.63786683255008,8.64397614544146,0.0451943181957089,0.00204931408982711,0.00551810619015505,0.3437531006526,0.000241806325446462,0,0.0330317800052464,0.109766794417745
