0,0,166.291303068399,0.598202407360077,0,2.7744659781456,3791.91523820162,1307.30032658577,1.70826613903046,42.0333486497402,2.64087599515915,17.2610166668892,0,11482.4332960546,3.09396398067474,0,169.967111825943,4.80713284015656,7.69660514593124,5.22984153032303,150.077423036098,0,660.612291157246,4.24680584669113,0,32.7052110731602,24.9058169126511,34.4791713058949,7966.88956952095,6459.33840572834,0,4.47189599275589,8.56051880121231,30.7240543067455,0.681577920913696,22.1072070598602,1.32555758953094,22.3172528743744,2.89230281114578,1.23520863056183,0.485244184732437,0.758043467998505,1.44871056079865,0,0.738187909126282,0,0,0,0,0,0,0,0,0,0,0,0,0,0,0,2.86381673812866,0,0,0,0,0,0,0,0,0,0,2.11598008871078,4.68960610032082,0,0,0.81208074092865,1.1605920791626,0,0,0,0,0,0,0
0,0,64.3792491853237,13.2400738596916,6.20950829982758,0,1.0599892437458,2.86231833696365,2039.34204694629,0,233.843792706728,5.74788701534271,3071.48332247138,1.43776524066925,53.1368873715401,400.115246772766,101.994958877563,26.0552053153515,54.2856506705284,7.13460946083069,35.7659059762955,5083.9570775032,80.7176261842251,4408.7737621665,2944.10525256395,294.829981386662,18769.5195243657,62.2382311820984,5.79611080884933,5.54037535190582,119.2506929636,1.53004336357117,0,86.6169957518578,12.9824049472809,349.427327275276,157.598357349634,226.605991870165,94.8355606496334,31.9931725263596,1.44785761833191,400.614672541618,136.601915359497,166.114622235298,80.5723178684711,76.958769261837,2.84442377090454,0,10.1190246939659,0.973884344100952,2424.3597432971,146.363235384226,0,1.13668632507324,0,3.51382154226303,3.76802533864975,30.8902844488621,0.57243812084198,59.8159545361996,1.82071208953857,233.800301730633,5.06219303607941,5.50654029846191,171.276258409023,70.657017916441,25.3059490323067,160.048443555832,0,27.7953209578991,243.200506955385,74.5426845252514,85.5376964509487,64.8824609518051,575.565279185772,6692.7183047533,18.8366289138794,2.41437488794327,2.69170916080475,130.619060754776,1.80001211166382,0,12.1242069602013,5.16297030448914
166.291303068399,64.3792491853237,0,20.2967197597027,0,138.386083215475,4114.79445612431,3494.63939172029,73.5460835397243,265.554874107242,470.360740035772,40.4458365142345,2.4478622674942,3640.30938902497,112.036813557148,94.4824596345425,18334.404873997,533.118038833141,3139.34546250105,25.449432104826,2651.67883178592,25.8197459578514,40792.5128129721,378.442658782005,12.6611288785934,24703.4853118658,29736.5600276589,1168.00871822238,1028.60839933157,741.266658455133,10.0727300345898,89.8745233118534,65.5009249448776,4330.47727075219,635.575997322798,8874.81192865968,3385.26440048218,6258.48384362459,3278.34590661526,73.3351642787457,133.038764894009,13.0935193896294,423.349044620991,568.414005726576,236.682373076677,223.091181129217,17.0443950593472,3.36457633972168,0,10.077294588089,166.184393763542,1916.11166834831,1.96392968297005,3.75045692920685,0,91.0789396166801,15.5903490781784,20.6762236356735,1.69823253154755,6.5846973657608,0.744424998760223,0.784840047359467,39.3340446054935,12.581554889679,135.573153227568,293.791266739368,18.4057757258415,241.452485799789,0,35.2362971007824,116.704044938087,417.12101700902,222.066412597895,5.33532729744911,1218.88816538453,7009.72548249364,101.673318147659,6.81605222821236,22.815638333559,6.25058802962303,1.94930469989777,4.8006551861763,60.2911824584007,174.8412296772
0.598202407360077,13.2400738596916,20.2967197597027,0,112.412541925907,244.465722769499,259.025395572186,148.416112363338,5357.48061659932,6223.70105364919,12.854632049799,5076.54515641928,2.92200097441673,145.266003876925,874.900046169758,1.19515943527222,8.34466022253036,5.34931671619415,5.39306855201721,14686.8966658115,3.76106613874435,28.3089369535446,23.4045681059361,5716.20685198903,83.0639977157116,8.11298157274723,31.0317018926144,18068.759295404,229.901036739349,6.55257597565651,1.06063723564148,50.7150944769382,18.6285061836243,188.177302122116,134.93344193697,1022.26802626252,8.17296361923218,249.157191246748,48.0652513802052,592.284485310316,104.790381580591,13.8174056708813,168.468745976686,0.579080998897552,82.2336634397507,18.2209983468056,844.659347444773,14.633092880249,0,2.06999477744102,6.87066689133644,0.390403836965561,3864.23262885213,52.2007920444012,222.300655335188,242.803321510553,147.157830536366,1198.92720559239,2549.67665237188,17.5911608934402,1991.8061773479,0,55.6320116519928,235.193702697754,2.41185185313225,0,0,0,2115.44895905256,2.83390176296234,23.6802528500557,1.72601640224457,1512.07495194674,5.28743094205856,0,7.02891817688942,2220.0860375464,76.8312630355358,3.48124650120735,0,9.33774530887604,5.34756648540497,122.237057924271,11.5739192962646
0,6.20950829982758,0,112.412541925907,0,2001.06120106578,58.8479826748371,355.923343300819,447.769989311695,143.791131228209,48.2824759483337,1031.02082201838,6.95124244689941,75.1135497689247,8623.32804179192,4.76487231254578,6.27258563041687,1.45930004119873,1.17670011520386,220.771307706833,31.0824641287327,21.6861196160316,68.1746494472027,493.022025555372,123.916702151299,11.0485997796059,16.5050250291824,103.821446835995,24.8785088956356,19.0585040748119,1.43375432491302,216.017280220985,0,116.593860417604,2188.85499185324,1047.68223622441,14.2338498532772,109.695708245039,14.607912838459,12445.3728480041,4282.72267535329,19.7984110116959,42.1154053807259,11.0014245510101,9.57164692878723,18.1970313191414,48.9167974293232,2.12855541706085,0,0,1.11360514163971,0,8.0019987821579,4.4731736779213,6.57970413565636,17.2371312081814,2.68441972136497,34.8508275449276,13.1150772869587,20.1373183429241,54.6819200217724,0,1.4870485663414,21.3319554626942,3.74612265825272,0,0,1.58076274394989,16.1196951270103,5.92639067769051,5.29756844043732,7.26839447021484,95.8171729445457,0,2.27961874008179,2.51504647731781,47.742601364851,0,2.52643007040024,0,0,0.989719331264496,4.59019184112549,885.91610917449
2.7744659781456,0,138.386083215475,244.465722769499,2001.06120106578,0,4853.73770189285,30434.6561101675,276.893307358027,18664.0772663951,218.682864516973,16847.7810510397,17.3304977416992,1312.86295568943,4982.7671713233,1.75938791036606,45.520840883255,30.293251812458,22.8454503715038,935.910566151142,57.8225958049297,0,166.768725901842,258.002106785774,462.635852724314,54.6326666176319,44.0676211118698,1027.5273476541,373.890189141035,102.970977723598,9.05365395545959,1538.26817402244,9.64906775951385,199.115406215191,3022.87930372357,3217.76210984588,69.0136044621468,356.229122430086,56.8831542730331,5361.20490890741,293.347610712051,67.8531290590763,171.92253112793,2.11712509393692,44.3520011603832,10.1905210316181,288.692000597715,6.6671547293663,1.60147923231125,0.709704637527466,0.526847422122955,0,75.9474483728409,8.61649960279465,29.6159622073174,139.714312642813,20.2090219259262,120.404810220003,200.656177401543,92.1952520906925,445.013636648655,0,17.9001914858818,43.9815279245377,9.1396290063858,0,0,0,105.12495726347,5.00350600481033,11.213916182518,4.95300310850143,631.972622722387,0,0,4.03420779109001,326.91551053524,12.794530570507,2.39615979790688,0,4.32105228304863,6.08817774057388,54.8959082067013,258.59141561389
3791.91523820162,1.0599892437458,4114.79445612431,259.025395572186,58.8479826748371,4853.73770189285,0,18901.2354562879,456.044450074434,39394.0791363716,440.758751779795,433.464968949556,14.0726996958256,49708.0151432753,514.999332845211,36.6104727685452,832.241294980049,143.131225436926,223.957240104675,183.411590218544,3673.87396800518,4.70862048864365,5170.06900048256,4075.89158239961,110.735294133425,718.73570767045,1205.97468735278,79323.4117846489,6162.56658390164,17946.3212824464,10.106897264719,413.395189136267,355.708002507687,2876.14263024926,1017.65795972943,4684.29499700665,299.912336140871,2628.01856803894,712.233818680048,657.144717603922,687.356644064188,40.4541231691837,210.925363689661,19.1525405049324,105.181674808264,23.8901164233685,176.141859471798,14.4392254948616,1.65675324201584,1.07305869460106,1.79511249065399,55.5525272786617,140.551965981722,3.68653523921967,27.5303002297878,174.574125081301,57.0057744681835,227.143140822649,369.752715379,28.1959110796452,149.265113741159,0,25.3660961091518,22.6442386806011,53.4010909199715,0.349525660276413,0,0,136.878590136766,12.5329287350178,34.3697247505188,74.4202087819576,811.841286182404,0.541353762149811,0.898612231016159,263.646492600441,546.125386893749,52.3282143175602,8.30149698257446,0,0.396890729665756,4.95767709612846,76.4781350493431,39.6179566383362
1307.30032658577,2.86231833696365,3494.63939172029,148.416112363338,355.923343300819,30434.6561101675,18901.2354562879,0,320.148341655731,22043.7365186512,454.029077649117,5891.56725543737,34.1040799319744,19377.4899494052,745.262835770845,10.8112890720367,2153.28262907267,76.1321584880352,201.287384212017,1407.71966528893,1802.03980785608,3.35291343927383,7521.98337832093,690.008342951536,417.286107242107,593.742311984301,431.04126933217,1722.59322935343,2870.22534546256,7831.86271727085,16.0448268055916,1362.90634834766,34.3723272979259,599.754918217659,333.732635825872,3451.03753149509,130.340182870626,807.767211139202,218.807844907045,771.774591594934,176.214740544558,52.0485182106495,420.510257780552,4.55280959606171,168.022798448801,32.4220852553844,341.472354054451,34.0353372693062,1.35122960805893,1.47893130779266,0.870042979717255,9.46527090668678,67.9685732126236,2.55385625362396,28.8465257585049,502.702188700438,79.9102247357368,307.618136376143,272.260609596968,100.333893537521,316.128537237644,0,17.0620417296886,21.1904679536819,18.0771206319332,0,0,0,103.911937326193,6.1981295645237,30.4215648770332,7.06530207395554,1603.18456444144,1.70756044983864,3.20987397432327,21.4847677350044,870.519039690495,59.9755207896233,5.60335546731949,0,2.29758113622665,14.6753095984459,141.389637947083,29.103801637888
1.70826613903046,2039.34204694629,73.5460835397243,5357.48061659932,447.769989311695,276.893307358027,456.044450074434,320.148341655731,0,1261.73873436451,99.7013742625713,3748.48261868954,616.964549541473,282.312280625105,2058.1018666923,51.6647302210331,42.5353129208088,24.3508247733116,30.1949972510338,4206.38356545568,48.0619858503342,7636.3785893023,118.642730385065,33059.7664639652,761.832827657461,79.2861000001431,4325.67531865835,3804.89618763328,334.18728557229,477.880882978439,47.7924271225929,121.320984870195,55.0622853338718,233.168861508369,219.91664019227,1212.91960906982,85.3302444517612,271.764737635851,61.6114013493061,1474.690754354,104.560591071844,49.6317411065102,460.470594793558,28.0504730343819,169.745764821768,39.6660401821136,625.017629086971,23.6291239261627,3.98205527663231,13.3984425365925,56.2657053470612,10.1566604375839,1167.82347646356,46.7917548120022,143.684942215681,375.937596678734,158.338231831789,6165.46161347628,1442.06032887101,68.3116785883904,1019.5796931982,24.0011708140373,156.727693766356,207.717923372984,478.228215932846,7.1623822748661,28.6467055678368,12.3282400071621,684.619924485683,234.458876132965,1816.12616220117,101.720170855522,3833.81328114867,26.1242326200008,35.7238310575485,314.402888387442,2308.09824979305,183.517929345369,40.3411519527435,5.21085864305496,57.0372898280621,18.7972093522549,168.060949355364,103.094662457705
42.0333486497402,0,265.554874107242,6223.70105364919,143.791131228209,18664.0772663951,39394.0791363716,22043.7365186512,1261.73873436451,0,882.984048217535,10721.6634263992,33.8253243863583,10203.2290554643,750.160761505365,2.14700725674629,130.992737084627,201.37610194087,159.617287486792,10524.8582274318,91.5989077687263,4.59042274951935,254.198053359985,526.447967141867,394.630688548088,211.242439806461,138.397827506065,6230.65463942289,4595.73225688934,256.952910274267,18.5979764163494,1034.26050755382,73.8374871313572,3291.68394625187,2016.76989907026,5648.06057539582,99.1406999528408,2602.06262534857,312.788172155619,1212.44652605057,1231.85050106049,61.9812226891518,608.054792881012,3.70261046290398,405.084310561419,56.9895423352718,1667.82045540214,46.1097391545773,5.12107190489769,4.82897853851318,4.83550855517387,0,1726.18420103192,51.5751430988312,332.545390039682,723.600952893496,388.128906190395,835.128083974123,4284.20441025496,111.159424543381,2022.94681927562,0,39.3381359279156,261.56676992774,7.15462419390678,0,0,0,1717.47792775929,5.93766030669212,18.6495000720024,5.81634318828583,2528.21131083369,0,0,8.72887259721756,2899.92536658049,143.422319471836,6.27939113974571,0,0,15.541805177927,351.986649513245,112.791117578745
2.64087599515915,233.843792706728,470.360740035772,12.854632049799,48.2824759483337,218.682864516973,440.758751779795,454.029077649117,99.7013742625713,882.984048217535,0,826.02099108696,6075.84531858563,1369.44950023293,75.0054304301739,26.2163323760033,1746.55569294095,11656.1089187264,5572.04936492443,214.17159730196,147.550610899925,57.2025122046471,840.618456691504,221.022937655449,941.907865196466,6088.24667862058,2525.14695882797,249.854386866093,4068.98963803053,103.326851010323,718.485034734011,3763.35785207152,12.613705188036,14998.4505629838,340.246839374304,4478.29861414433,3705.65585798025,10284.7455939651,1767.33230817318,129.423016220331,218.295013487339,2770.13474330306,19.8361064195633,1150.82819578052,22.1270295381546,2.36678647994995,31.9684385955334,0,739.738108307123,0,107.776671469212,22.9697044193745,1.06695318222046,1.55299776792526,0,2.85802721977234,0,87.5396836698055,3.10632479190826,1318.24804231524,21.5629782378674,4734.81479564309,0.552394509315491,1.70988291501999,11.2274960279465,2.81656134128571,20.9154254198074,15.5933941304684,0,0.890410661697388,55.4434094429016,8.00604373216629,101.333264172077,222.715455561876,492.021846503019,850.350436538458,9.10281047224998,3.05901473760605,0,862.842072248459,16.4881636500359,0,58.7337798774242,94.7072270810604
17.2610166668892,5.74788701534271,40.4458365142345,5076.54515641928,1031.02082201838,16847.7810510397,433.464968949556,5891.56725543737,3748.48261868954,10721.6634263992,826.02099108696,0,41.7202197313309,4902.31636333466,3368.73713234067,2.76354509592056,52.8513082563877,181.090507239103,123.788679391146,13814.2571711242,10.7989698052406,11.8378470540047,50.3575575053692,1248.48301005363,283.731654703617,145.597172319889,57.8553024232388,559.763944327831,2311.02837121487,90.5458982288837,8.0808337032795,1066.30180451274,2.71621525287628,1544.62916833162,6527.57414937019,3315.06865763664,77.7996297478676,1253.28534987569,115.779589802027,3055.43230065703,638.672587543726,35.6047275662422,196.652954041958,7.12383806705475,60.0967552959919,25.1629515886307,1543.42964866757,8.05130997300148,1.96073335409164,0,0.457302540540695,0,480.80508300662,69.7894005477428,267.129604786634,145.25247079134,98.2665405571461,460.951176047325,1161.98799991608,94.1507406532764,3448.53199756145,0.635220527648926,43.6874462962151,365.454665064812,0.608979165554047,0,1.72998559474945,0.938283234834671,1121.81020486355,4.19802182912827,12.6583344340324,2.7730855345726,586.981494009495,0.534727513790131,1.95359063148499,3.1617968082428,718.260126769543,40.412130177021,2.71536672115326,0.395998120307922,19.241270005703,2.67438280582428,68.8740587830544,1822.67681702971
0,3071.48332247138,2.4478622674942,2.92200097441673,6.95124244689941,17.3304977416992,14.0726996958256,34.1040799319744,616.964549541473,33.8253243863583,6075.84531858563,41.7202197313309,0,69.8340747654438,7.80005967617035,17.966906696558,2.0442456305027,27.9323199689388,6.27888891100883,12.9585658609867,8.4620561003685,906.203735440969,12.0446837544441,654.124626427889,11479.6628948748,205.555992275476,3275.78810372949,22.9155406653881,196.369984269142,3.26900339126587,1025.52079093456,261.798269242048,0,1176.69763991237,32.8413636684418,599.751627504826,2517.47277197242,2824.52814865112,183.403450876474,26.0022218823433,53.6169209480286,5803.80630129576,40.050678730011,2718.36554458737,78.464557081461,35.6035226583481,25.9710833132267,0.875430643558502,1839.07797709107,0,560.254534810781,5.06637185811996,0,0,0,0.586203277111053,2.99108648300171,166.74681198597,2.40481075644493,4572.9025170505,5.9735044836998,16538.7640163004,5.76449602842331,0,18.3204884231091,1.5034431219101,68.2666283845901,30.9078567624092,0.528806626796722,0.312228053808212,227.538195610046,2.42657631635666,60.2618907094002,1822.2205311954,1940.91443663836,3897.88035702705,3.76956468820572,15.2847308516502,0,4548.04761973023,49.587975859642,0,169.636827230453,9.75792664289474
11482.4332960546,1.43776524066925,3640.30938902497,145.266003876925,75.1135497689247,1312.86295568943,49708.0151432753,19377.4899494052,282.312280625105,10203.2290554643,1369.44950023293,4902.31636333466,69.8340747654438,0,309.941221088171,15.9745526611805,3642.76677247882,305.517000675201,370.496632993221,1165.40348771214,3220.68843969703,2.73683327436447,12683.5276129544,757.520922213793,359.711195468903,819.001064836979,690.565350800753,2218.20038023591,21174.0123650432,23121.4862941504,43.4922126829624,910.347659468651,90.9137597084045,1060.94723147154,115.112004876137,4071.09744623303,208.161975741386,926.698967635632,210.936597585678,410.706634223461,156.485693544149,50.1392656862736,250.19545930624,6.01480141282082,51.3380478024483,14.145565956831,200.700498282909,5.9044696688652,4.878562271595,1.15892887115479,3.29758363962173,12.4708222746849,18.4915390014648,1.09844008088112,0.864513993263245,236.297042131424,8.78914612531662,270.408923059702,55.6425982415676,80.8088081777096,175.05625629425,0.60230028629303,1.69976061582565,10.2557213902473,14.6010132730007,0,0,0,21.3352948725224,4.94384199380875,25.1966151297092,4.30211412906647,1287.81130287051,0.849919855594635,3.3802196085453,46.7515857219696,405.983208566904,4.5228562951088,1.71237421035767,0.614620625972748,0,4.88234835863113,44.4310955405235,12.0151639282703
3.09396398067474,53.1368873715401,112.036813557148,874.900046169758,8623.32804179192,4982.7671713233,514.999332845211,745.262835770845,2058.1018666923,750.160761505365,75.0054304301739,3368.73713234067,7.80005967617035,309.941221088171,0,59.5354959070683,66.7912692725658,34.6923110485077,31.4143841564655,1135.31638374925,407.139524966478,140.301821053028,608.940188080072,2882.66985324025,75.8618938922882,71.9780586957932,303.571079552174,1463.09353891015,176.087623268366,561.54076975584,5.94675973057747,735.093542397022,15.7439506351948,113.226701587439,5678.47711378336,1138.51467967033,213.162104785442,278.671316742897,248.578705519438,4583.78416028619,394.971072763205,37.2461513876915,119.524931490421,49.1268582940102,44.8553577065468,152.43155926466,148.86451202631,15.7329632043839,0.86613404750824,0,3.5432391166687,14.7409877181053,52.8586404025555,16.9012960791588,18.1067934632301,76.3834104835987,14.4360135197639,126.987441778183,109.101001679897,17.2416140437126,171.753335744143,1.02436757087708,0.446757525205612,32.229741692543,20.2407512664795,3.45623111724854,16.0232468247414,11.6790931224823,67.311967343092,21.7972921431065,32.5527294278145,46.6860249638557,271.454701215029,0,14.580669939518,78.1078145503998,185.508493095636,6.66450130939484,9.9303235411644,1.20836770534515,0,0,30.5387864410877,2577.50259011984
0,400.115246772766,94.4824596345425,1.19515943527222,4.76487231254578,1.75938791036606,36.6104727685452,10.8112890720367,51.6647302210331,2.14700725674629,26.2163323760033,2.76354509592056,17.966906696558,15.9745526611805,59.5354959070683,0,197.25581818819,18.5811966955662,40.1354252099991,0,6771.42673891783,4646.26210352778,15514.1372227371,10580.9135597944,26.4465447068214,82.8499273359776,11549.8989064693,2247.33573928475,23.416846960783,85.3197167217731,1.94699716567993,9.88605025410652,4.99502190947533,303.176997333765,426.226271778345,5583.13746321201,1094.08479854465,1759.6373526454,1109.04116478562,65.050394654274,92.6150553822517,8.50464117527008,708.650075286627,307.866186648607,135.50190281868,160.545861423016,27.4494192302227,0.422302842140198,2.38548529148102,0,119.884174317122,129.648983508348,0,7.94136554002762,0,73.9294671416283,7.7969026863575,120.362712085247,5.45523515343666,1.23147830367088,3.2906419634819,0.6755490899086,7.10271215438843,13.1666643619537,10783.6510395706,41.3551600277424,0,14.9836396276951,0.868090927600861,1551.85896655917,5447.65798956156,6073.06747359037,1584.743060112,14.2664240896702,59.2876948714256,5281.68099749088,993.050895005465,29.6350609660149,29.8028063476086,0,0,18.3888511359692,36.9076273143291,99.949711561203
169.967111825943,101.994958877563,18334.404873997,8.34466022253036,6.27258563041687,45.520840883255,832.241294980049,2153.28262907267,42.5353129208088,130.992737084627,1746.55569294095,52.8513082563877,2.0442456305027,3642.76677247882,66.7912692725658,197.25581818819,0,1797.03067067266,9220.07649794221,15.4873443841934,1661.03995299339,71.2462610602379,22809.9008696377,490.632469505072,10.7660993933678,13113.0257259607,15231.5047320426,880.599319964647,3643.98189550638,1275.58263149858,8.12332159280777,98.8937058746815,574.876361340284,8031.05799561739,314.748227119446,4194.51725998521,1700.15123841166,4250.5894779563,1866.50211656094,70.4998402297497,126.736613065004,5.70376032590866,54.3385462760925,109.058798462152,36.7521249651909,44.2193405628204,1.81652677059174,1.41762244701385,0,0,89.7335713505745,305.865597784519,0,2.6244535446167,0,6.24225482344627,0,14.0573864877224,0.671615242958069,0,3.36476761102676,2.37547999620438,0.664465606212616,8.74014765024185,52.1380513012409,47.2652013301849,1.95368671417236,33.1734814941883,0,20.8965106606483,76.4675859212875,77.2646455466747,55.0278038978577,0.745910584926605,275.351967632771,1801.3707075119,19.8875032067299,0,0,2.44742918014526,0,0,4.56537461280823,85.9714851379395
4.80713284015656,26.0552053153515,533.118038833141,5.34931671619415,1.45930004119873,30.293251812458,143.131225436926,76.1321584880352,24.3508247733116,201.37610194087,11656.1089187264,181.090507239103,27.9323199689388,305.517000675201,34.6923110485077,18.5811966955662,1797.03067067266,0,5255.73091718554,60.4932291507721,61.4299064576626,8.54303076863289,413.544620007277,47.9645394384861,27.7476128637791,4246.3663058877,2976.71108400822,67.9412599205971,600.444992929697,34.7307775318623,142.057333230972,285.290433645248,12.3426127433777,2098.88171628118,313.841051220894,4583.79879370332,4183.17271384597,5640.65302738547,1697.26314347982,38.3826323449612,49.7879754900932,15.8855059146881,17.4955786466599,89.3528054356575,13.5186969339848,16.7124951779842,1.34966677427292,0,1.49304699897766,0,15.2430294752121,8.62949204444885,0,0.720014750957489,0,0,0,13.382112622261,0,55.8865650594234,0.576593279838562,100.064254015684,0,4.34282183647156,0,5.92320549488068,39.4521725773811,55.1618819236755,0,0,0.895604133605957,0.853060901165009,0,22.7116141915321,622.563152551651,845.025530636311,0,0,0,234.018176466227,0,0,3.00918471813202,62.9063141942024
7.69660514593124,54.2856506705284,3139.34546250105,5.39306855201721,1.17670011520386,22.8454503715038,223.957240104675,201.287384212017,30.1949972510338,159.617287486792,5572.04936492443,123.788679391146,6.27888891100883,370.496632993221,31.4143841564655,40.1354252099991,9220.07649794221,5255.73091718554,0,41.8262737989426,238.237207055092,29.3190510571003,2140.57053646445,125.784739822149,9.17214903235435,7432.79252377152,6593.26534771919,172.426801383495,531.064374297857,76.7030891776085,30.5408517718315,146.168642580509,32.8354851007462,4561.78175783157,312.286025315523,4467.82619434595,2283.35609564185,4767.80902978778,1663.37399232388,17.0140317976475,31.8372367322445,8.14413446187973,27.7588222920895,85.6423445641994,17.2141324579716,24.6215386986732,3.82534140348434,0,0,0,62.974887162447,70.656003087759,0,6.5435825586319,0,0.374295473098755,0,13.7917563617229,0,3.20396447181702,3.39989039301872,8.64300656318665,0,8.16037940979004,6.01079124212265,17.7347540855408,12.5013322234154,110.307853370905,0,0.656240284442902,24.5892630815506,18.507947742939,9.1499490737915,1.69748160243034,444.105956166983,1482.80112794042,0.813237905502319,0.70560610294342,0,28.3630781769753,0.814616918563843,0,1.56307184696198,61.2896196842194
5.22984153032303,7.13460946083069,25.449432104826,14686.8966658115,220.771307706833,935.910566151142,183.411590218544,1407.71966528893,4206.38356545568,10524.8582274318,214.17159730196,13814.2571711242,12.9585658609867,1165.40348771214,1135.31638374925,0,15.4873443841934,60.4932291507721,41.8262737989426,0,7.12303167581558,21.3068651556969,19.5890622437,931.874827861786,188.322789102793,50.2451468110085,47.9988852739334,5916.69608828425,871.727054089308,36.7299157083035,2.40289983153343,252.586547404528,6.24694657325745,575.315564125776,127.208140850067,1402.3686439693,21.3871388435364,537.6489148736,57.5611507892609,925.65615978837,285.243851423264,22.9706345796585,362.533855021,0,216.814244896173,47.1104788482189,1608.77993574739,36.4636260867119,0.907467663288116,2.22029808163643,3.50819551944733,0,1720.17208996415,72.4389255642891,369.073328286409,410.674641788006,260.054509878159,1120.36072507501,3952.78006744385,69.4083504974842,2631.98573225737,0,53.7930352687836,394.735592782497,3.61108040809631,0,0,0,1909.1323813498,6.48413681983948,15.4997519552708,5.40868651866913,1757.43415492773,0.50574654340744,0,3.74949824810028,2374.9819304049,91.2423206269741,3.31797942519188,0,2.31886070966721,9.04538476467133,202.890723526478,8.72639554738998
150.077423036098,35.7659059762955,2651.67883178592,3.76106613874435,31.0824641287327,57.8225958049297,3673.87396800518,1802.03980785608,48.0619858503342,91.5989077687263,147.550610899925,10.7989698052406,8.4620561003685,3220.68843969703,407.139524966478,6771.42673891783,1661.03995299339,61.4299064576626,238.237207055092,7.12303167581558,0,192.70273989439,55875.2490391135,2449.43803632259,63.3217550218105,258.207973212004,4996.7574198246,14106.4292685986,3353.61685088277,39653.6794593036,3.07331109046936,98.0538982152939,762.297227114439,20615.7306698263,2374.64064273238,14110.3023627102,835.739070802927,13328.2131749094,4722.14287218451,284.311420381069,370.643701672554,36.3156329393387,302.687392652035,44.620638012886,45.46337428689,51.5829131901264,35.2995564937592,2.10411709547043,0,0.86388498544693,22.7732881307602,48.169185847044,0.835961163043976,10.9339570999146,0,26.7259023785591,0.469931393861771,75.2963284254074,0,13.8513708412647,0.451873749494553,0,1.49380242824554,21.3231030702591,963.138921499252,5.58964759111404,0,0,0,671.324961572886,751.406587958336,459.471112877131,882.935413062572,1.70463287830353,3.9202928841114,638.681464195251,639.70782828331,34.5573233067989,15.0945349633694,0,0,2.3006706237793,19.6381606161594,270.311490565538
0,5083.9570775032,25.8197459578514,28.3089369535446,21.6861196160316,0,4.70862048864365,3.35291343927383,7636.3785893023,4.59042274951935,57.2025122046471,11.8378470540047,906.203735440969,2.73683327436447,140.301821053028,4646.26210352778,71.2462610602379,8.54303076863289,29.3190510571003,21.3068651556969,192.70273989439,0,402.094605594873,15987.1397178471,999.144111394882,88.424882799387,11454.808937192,229.990965098143,3.57137349247932,14.5723015069962,38.3053278326988,0,1.31904643774033,35.8721447885036,9.157883644104,227.851994782686,90.699163287878,103.428859382868,44.8706393539906,45.7185949683189,0.759884595870972,59.0761126577854,348.185330182314,147.373691022396,99.3818154335022,123.691851705313,15.0946137905121,5.20445621013641,2.12343001365662,1.91360020637512,172.892127603292,106.563626110554,1.09842300415039,0,0.905764818191528,27.1541225016117,5.35988846421242,129.039227664471,6.86357849836349,14.0261203050613,3.80326125025749,20.5038636028767,7.22208386659622,7.67545205354691,4112.16197094321,37.0508804321289,2.206698179245,37.9329287707806,2.04627221822739,466.284146428108,4369.00785639882,1435.1443284452,933.219392985106,22.5375053584576,142.785679489374,4441.45980280638,405.185295462608,11.1069820523262,9.32817876338959,24.5242564976215,0,6.43342703580856,28.5366363227367,14.297167122364
660.612291157246,80.7176261842251,40792.5128129721,23.4045681059361,68.1746494472027,166.768725901842,5170.06900048256,7521.98337832093,118.642730385065,254.198053359985,840.618456691504,50.3575575053692,12.0446837544441,12683.5276129544,608.940188080072,15514.1372227371,22809.9008696377,413.544620007277,2140.57053646445,19.5890622437,55875.2490391135,402.094605594873,0,4422.41178146005,115.338022708893,5153.20830589533,45411.0644568503,9432.93300166726,8614.44520300627,12122.2426088452,15.5093144476414,231.743447721004,1326.64063060284,21162.4587518871,4626.04629176855,39758.7360301018,7521.82584547997,35519.817078054,16443.8632164299,720.250382602215,1081.59338286519,90.4508537650108,668.350484490395,313.096728295088,174.098891854286,204.560952186584,60.7674517929554,6.30441272258759,0,0.60161167383194,113.109472066164,828.191239088774,1.40483114123344,21.7948901057243,1.53997433185577,133.848808079958,4.48966783285141,120.761672854424,11.4834467768669,10.5313879549503,1.146290153265,0.620840489864349,6.80700314044952,56.9037537574768,4605.84652596712,50.0406737625599,1.71886283159256,22.2202663421631,0,810.473670601845,1899.45309779048,3542.21295565367,1155.55795753002,4.36697858572006,126.802499830723,5912.45855346322,733.79892039299,23.4909935593605,16.3423694968224,0,0.496665447950363,12.505427479744,51.7363749444485,943.455572038889
4.24680584669113,4408.7737621665,378.442658782005,5716.20685198903,493.022025555372,258.002106785774,4075.89158239961,690.008342951536,33059.7664639652,526.447967141867,221.022937655449,1248.48301005363,654.124626427889,757.520922213793,2882.66985324025,10580.9135597944,490.632469505072,47.9645394384861,125.784739822149,931.874827861786,2449.43803632259,15987.1397178471,4422.41178146005,0,1210.72235825658,320.288121372461,15186.9220176935,17379.4445334673,936.048060894012,2512.87060111761,39.2664535045624,261.045811116695,186.864326477051,1142.6453936398,1096.37595188618,8189.27081117034,636.705257207155,1583.87242516875,530.066519528627,1788.39735290408,320.598819106817,75.0179283320904,4329.6771260798,225.81885060668,1550.32751086354,419.374315440655,1451.53798890114,266.87504991889,14.8879726827145,28.9408152103424,261.754753142595,238.927662193775,1059.20136749744,30.1260616779327,318.225949048996,2936.98594659567,867.837438374758,5155.822545439,3008.09774804115,335.943200498819,1058.11322695017,16.3530951440334,785.534764230251,283.480155050755,3949.73633509874,38.0547434389591,3.42898368835449,11.1038260757923,979.14629805088,2185.5691447258,5681.60551893711,1571.02772632241,17551.7306749821,64.4362010359764,84.3323572576046,3477.34777495265,9280.39566704631,1270.43719866872,306.18437743187,7.26277032494545,220.811572134495,151.215769767761,1204.24280944467,525.489683717489
0,2944.10525256395,12.6611288785934,83.0639977157116,123.916702151299,462.635852724314,110.735294133425,417.286107242107,761.832827657461,394.630688548088,941.907865196466,283.731654703617,11479.6628948748,359.711195468903,75.8618938922882,26.4465447068214,10.7660993933678,27.7476128637791,9.17214903235435,188.322789102793,63.3217550218105,999.144111394882,115.338022708893,1210.72235825658,0,168.523726075888,2917.49220594764,425.881087124348,223.252894073725,89.651116669178,505.922667741776,646.956373214722,4.06674852967262,228.6399936378,74.3073932528496,814.343419373035,348.70345684886,1872.84060850739,453.576199114323,1586.16887518764,723.729605585337,4729.35323232412,321.811350733042,143.337650895119,131.585004866123,19.2889356613159,2392.84328639507,39.8328766226768,168.736451983452,0,439.063019990921,0,45.2175031304359,10.4064873456955,56.230993270874,250.404779106379,171.514356404543,73.8940076231956,193.450769364834,405.018758803606,120.895984888077,2338.56646427512,150.371852040291,38.2858403921127,26.1497840881348,1.75863564014435,48.6861444711685,42.3895691931248,76.7155100107193,21.1700515151024,69.7550423741341,16.7164957225323,261.753416836262,2641.66647970676,532.886086314917,3465.61362290382,228.51769438386,85.2980478405952,7.46460908651352,696.341984212399,206.336897850037,3.44620078802109,132.166773378849,33.4648473262787
32.7052110731602,294.829981386662,24703.4853118658,8.11298157274723,11.0485997796059,54.6326666176319,718.73570767045,593.742311984301,79.2861000001431,211.242439806461,6088.24667862058,145.597172319889,205.555992275476,819.001064836979,71.9780586957932,82.8499273359776,13113.0257259607,4246.3663058877,7432.79252377152,50.2451468110085,258.207973212004,88.424882799387,5153.20830589533,320.288121372461,168.523726075888,0,27669.677682668,265.820107638836,1037.28372594714,127.377913951874,921.198963165283,484.942203253508,35.6969748139381,3095.11470708251,651.524480998516,10204.8758245111,8665.49435511231,7617.8372413218,3639.02891039848,56.5204126238823,121.132492035627,86.4893886446953,390.108380258083,1814.65774309635,360.852638244629,287.429974168539,11.4004197120667,1.31097680330276,23.8039840459824,0,409.80155774951,477.394652456045,0.995087862014771,2.56437855958939,0,3.36177468299866,0.620557308197021,35.0615262389183,0,1103.88147008419,2.24937817454338,2225.77779406309,1.11583498120308,10.2085120975971,91.0973771214485,240.589658886194,593.387742549181,1336.05921593308,0,6.41005435585976,100.832437872887,77.3691279888153,50.874785721302,250.827306032181,10304.2857103348,20380.4081332982,9.06057527661324,0.633365035057068,2.35760128498077,3805.08168938756,14.277564227581,0,71.1124211251736,168.465664327145
24.9058169126511,18769.5195243657,29736.5600276589,31.0317018926144,16.5050250291824,44.0676211118698,1205.97468735278,431.04126933217,4325.67531865835,138.397827506065,2525.14695882797,57.8553024232388,3275.78810372949,690.565350800753,303.571079552174,11549.8989064693,15231.5047320426,2976.71108400822,6593.26534771919,47.9988852739334,4996.7574198246,11454.808937192,45411.0644568503,15186.9220176935,2917.49220594764,27669.677682668,0,5308.97330395877,826.467069208622,468.531992346048,3285.51897749305,239.221211344004,59.4102002978325,8682.61449831724,2146.58427661657,33909.6106072962,12843.8118426502,19820.6589662731,10007.0745536387,260.438418388367,493.38828754425,64.3655526340008,5130.93265649676,4942.81417223811,2543.77680519223,2360.78879052401,88.5202298164368,22.3308475315571,31.5695332884789,18.2364684939384,9038.12486213446,10217.5614383221,2.38438335061073,15.4815243780613,0,876.471914708614,63.7016241848469,357.792522370815,13.3758436441422,776.21587485075,5.55718791484833,1866.41832661629,174.989811956882,99.2770287394524,9669.75358825922,2123.95881834626,1070.24452406168,3714.7283411622,1.24137282371521,994.282735854387,6341.57794329524,8709.9275508225,2340.74257031083,1157.37645739317,21473.5125638545,135374.148159742,1124.26931253076,78.9177630841732,116.073002845049,4134.46804493666,13.2028338015079,22.9276006221771,575.252527207136,649.520624339581
34.4791713058949,62.2382311820984,1168.00871822238,18068.759295404,103.821446835995,1027.5273476541,79323.4117846489,1722.59322935343,3804.89618763328,6230.65463942289,249.854386866093,559.763944327831,22.9155406653881,2218.20038023591,1463.09353891015,2247.33573928475,880.599319964647,67.9412599205971,172.426801383495,5916.69608828425,14106.4292685986,229.990965098143,9432.93300166726,17379.4445334673,425.881087124348,265.820107638836,5308.97330395877,0,2825.37471401691,21702.6029952765,6.79040533304214,394.305743053555,858.438911467791,6433.37959352136,3377.1464484632,18499.8912253082,915.91397100687,6060.67925447226,1953.99465453625,1234.66953349113,929.550328165293,79.4698481857777,2343.54090541601,91.263360530138,737.199728935957,220.286429077387,1234.62831243873,127.412204921246,4.18968540430069,17.846324890852,72.8707647919655,96.9665232002735,1530.25707030296,33.1742329597473,293.806064546108,1394.52517268062,435.390039980412,1910.62954992056,3409.87461766601,176.428881436586,1450.86823907495,0,188.367303550243,234.612984955311,1230.67838212848,4.69019645452499,0,0.368815630674362,1258.06448242068,1010.9863602519,1214.49836966395,515.01201787591,7956.17399424314,4.25328043103218,10.8023546934128,973.247444078326,5708.31300756335,495.06007027626,131.941635906696,0,23.3475447297096,69.4185026586056,568.786406069994,284.681802392006
7966.88956952095,5.79611080884933,1028.60839933157,229.901036739349,24.8785088956356,373.890189141035,6162.56658390164,2870.22534546256,334.18728557229,4595.73225688934,4068.98963803053,2311.02837121487,196.369984269142,21174.0123650432,176.087623268366,23.416846960783,3643.98189550638,600.444992929697,531.064374297857,871.727054089308,3353.61685088277,3.57137349247932,8614.44520300627,936.048060894012,223.252894073725,1037.28372594714,826.467069208622,2825.37471401691,0,22094.4735655189,123.594111859798,1945.02314996719,9775.21466526389,4702.17984455824,229.655081659555,3058.19213494658,236.703084766865,1646.43568277359,198.036345750093,245.021880716085,381.897552669048,55.0642677843571,262.95823392272,16.6444089710712,65.7373376786709,8.40486937761307,143.730875760317,14.4303197264671,4.37152975797653,2.59573537111282,3.49116587638855,4.02096247673035,31.3638113737106,1.51238238811493,4.80746921896935,320.831208378077,17.29938352108,216.635772436857,46.778008043766,48.2653946876526,103.247076928616,10.089486181736,3.90221965312958,7.84154263138771,19.1615135371685,0,0,0,29.579292178154,15.2064164280891,25.0953671038151,12.0357182621956,1174.27112153172,1.22492897510529,23.7761029303074,73.0158997774124,539.306224703789,11.3308455646038,5.87984564900398,4.17304086685181,0,9.27072316408157,54.9855722784996,17.9947512745857
6459.33840572834,5.54037535190582,741.266658455133,6.55257597565651,19.0585040748119,102.970977723598,17946.3212824464,7831.86271727085,477.880882978439,256.952910274267,103.326851010323,90.5458982288837,3.26900339126587,23121.4862941504,561.54076975584,85.3197167217731,1275.58263149858,34.7307775318623,76.7030891776085,36.7299157083035,39653.6794593036,14.5723015069962,12122.2426088452,2512.87060111761,89.651116669178,127.377913951874,468.531992346048,21702.6029952765,22094.4735655189,0,0.9371178150177,163.990382432938,2570.65643027425,12257.1139521599,1750.7473795414,7803.67984098196,262.289449036121,4516.3476087749,1081.39480102062,412.969064712524,363.001284748316,25.0787698328495,463.133887410164,22.5979456305504,143.523326903582,52.7550687193871,122.860049545765,27.7472414970398,0,0,4.46625798940659,3.26205652952194,0.688449501991272,1.09526038169861,3.32286447286606,148.227607607841,17.3125021457672,341.603766679764,24.2357949912548,33.9788619577885,15.0781618356705,0.786849975585938,27.9889361262321,26.1890126168728,148.09123685956,0.652929425239563,0,0,4.56772154569626,142.145884990692,150.630188137293,60.8148680925369,1650.35382559896,0.596527278423309,0.447020500898361,75.9066110253334,900.077213823795,81.9856086969376,17.0571802258492,0,2.67156732082367,10.5795230269432,92.3127720355988,177.877455592155
0,119.2506929636,10.0727300345898,1.06063723564148,1.43375432491302,9.05365395545959,10.106897264719,16.0448268055916,47.7924271225929,18.5979764163494,718.485034734011,8.0808337032795,1025.52079093456,43.4922126829624,5.94675973057747,1.94699716567993,8.12332159280777,142.057333230972,30.5408517718315,2.40289983153343,3.07331109046936,38.3053278326988,15.5093144476414,39.2664535045624,505.922667741776,921.198963165283,3285.51897749305,6.79040533304214,123.594111859798,0.9371178150177,0,119.886819422245,0,263.036792486906,39.1049162745476,462.703987151384,976.618681460619,661.095206052065,236.424053937197,3.84383165836334,13.2944886088371,75.1694285571575,14.5373551845551,1211.99090355635,65.821767359972,26.2205193936825,0,0.692829430103302,117.856390327215,0,83.6492069065571,2.41209954023361,0,0,0,0,0,29.3471217751503,0,1418.30616009235,0,4302.33878323436,0.462961256504059,1.30989873409271,2.05718612670898,0,112.360007256269,60.279169023037,0,0,36.6461950242519,0,3.40624922513962,414.469425231218,2692.67003843188,3714.39009544253,0,1.3426468372345,0,3222.16361281276,3.03595224022865,0,17.6343064308167,8.33907607197762
