0,0,8.39593305841088e-05,0.00521204070771653,0.000224945913822275,0.00722080242059243,2.00950564251832,0.165425853750261,0.00363408270255883,0.0145270281768259,0,0.00111574572811758,0.000483493361412528,1.67132881632107,0.0008846543438351,0.000236531126314351,0.00452033754096695,0.000239515578627759,0.0011299494706474,0.00232656766347554,0.138688286819673,0.000127901297003451,0.0628193188204457,0.0194255559029622,0.000346078700521493,0.000984451422085906,0.000484378186080712,0.0772331261347954,0.544691431568071,0.969497248365391,0,0.000130960065110355,0.000627771468581185,0.0165294926973992,0.000552325218066731,0.0117285443630242,0.000351931209221575,0.00894435976540228,0.00469899986462154,0.00167372108056778,0.000434842217065973,0,0.00166925674787608,0,0,0,0.000675786524722558,0,0,0,0,0,0.000385613372327375,0,0,0.000293108584665347,0.000482183162388194,0.000925922679437605,0.000113584797565198,0.000160371786189079,9.03108337799192e-05,0,6.06254241576075e-05,8.31142191629231e-05,4.01709761903704e-05,0,0,0,5.51085171998501e-05,0,7.96643134044647e-05,3.12349163661003e-05,0.00305491823617298,0,0,0,0.00134329053846223,0,0,0,0,0,0,8.82257788370967e-05
0,0,0.012778747131008,0.000224327929248148,4.13143568507701e-05,3.86765785402596e-05,0,9.44672190512061e-05,0.0653028969202642,0.000115772554307222,0.0127043417173319,0.000316431166622084,0.247063805414895,0,0.000824210859506682,0.00892778784787096,0.00255427960259545,0.000477165108578157,0.00311274581787367,0,0.000237456262879917,0.19036848369264,0.000693068244830635,0.0572861965717224,0.0725266702209897,0.0991283893278054,2.18954920302235,0.00072206418104547,0.000125924162649983,0,0.0144199141164295,0,0,0.000675900426272693,0.000140315246720099,0.00669274738152351,0.00430799390783767,0.00282665007324356,0.00328879348054576,0.0010151832199203,9.91742629006628e-05,7.33175162658393e-05,0.0054922701442009,0.00150870492867014,0.00145389550939685,0.00109769219523046,0.000224668988132167,0,0.000688022921941304,0,0.0483834465084465,0.0100289693821824,0,0,0,0,0,0.000158511474577898,0,0.000598452690746098,0,0.00959890734963081,0.000187923666816646,0,0.000596320009839398,0.00596601135228242,0.000128322073392069,0.00163275471696798,0,0.000605866925863779,0.00129011720851603,0.00391637397133988,0.000212767048014039,0.00218518991487053,0.0110825641974737,0.257472063020684,0.000825307991653391,8.13152692160964e-05,0.000782080871994606,8.31888703114956e-05,0,0,0.0023203979199595,0.000255454961054778
8.39593305841088e-05,0.012778747131008,0,0.000113768860386026,0,0.000329621873526496,0.000349094994937962,0.000889610021600965,0.00243181323624856,0.000620828465547678,0.0011585314373502,0.00043853158020648,0.03170287551222,0.00150456100419574,0.00158650648597436,0.00683255394725209,3.76328345811417,0.0116015829997825,0.105953506532348,0.000511876548472565,0.00414136334274559,0.00837004984921187,2.55677236730413,0.00310686541372861,0.00126520750184484,2.04921215110225,3.90490352660625,0.0018437255255911,0.00724335793462872,0.000944802607606819,0.000393021501765445,4.89010781103254e-05,0,0.112253947802087,0.0192838177224815,0.749302981041752,0.269316675784937,0.329470379063105,0.335746812071703,0.0014635495228663,0.00833840655905191,0.000352867091007227,0.0903603508249301,0.0382327251382892,0.0327221148517868,0.016188062647371,0.0086912000243765,0.00122153619745882,3.58759368384898e-05,0,0.00883804383622958,0.193088764285217,0,0,8.25925064394295e-05,0.000601856228815097,0.000165312736046886,0.000142709875971192,0,0.00168266235363915,0,0.000121826949534702,0.000452451224327707,0.000123561439247132,0.00580871893497942,0.102970147931019,0.00166106237984763,0.00761009648671586,0,0.00504442730558506,0.0091090761292625,0.152698690438198,0.00163807491461555,7.95263161763758e-05,0.0823474584277354,0.745257480654798,0.00291987301132938,0.000323941241231787,0.00518685984845131,0.000169057881762755,8.18592982955694e-05,0,0.0250186895351555,0.0263268485529886
0.00521204070771653,0.000224327929248148,0.000113768860386026,0,0.00608111270310499,0.0660101909301985,0.0386694948543859,0.102883657537099,0.333020968628523,0.777191600924975,0.000135121272843069,0.855578433308509,0.0173059256938069,0.185009970201889,0.070412057162126,0.0009153847919346,0.000300808456390527,3.61680117091477e-05,0.000564958711725575,3.27286678685453,0.0192267494179317,0.000689928417798826,0.00655416244782081,0.596744584218486,0.00616012535230817,0.00103696299669171,0.00071552544717055,1.71235901250776,0.099208172469154,0.00371147698913796,0,0.0019883385139044,0.00143287780070655,0.023113310140077,0.00446797026327592,0.337756840815645,0.00368504613955645,0.0341460487215252,0.004355131325887,0.154279332750105,0.0162799836483621,0.000686363277384516,0.0241077808687708,0,0.00033891080172222,0.000155641863363143,0.059216280438937,0.000415949467801038,0.00190230221847223,0,0,0,0.0816083965654026,0.00304958000695413,0.0103646704699836,0.0118345725325977,0.00789961427491781,0.0615615993068915,0.0103235088133252,0.00394815416951681,0.0325536696110893,4.87096651931167e-05,0.00189797277335246,0.0140568070856611,0.000982492868066576,0,0,7.87572749268949e-05,0.0256505484222665,0.000899134294228879,0.000421109842425269,0.000609810637814638,0.100679298706673,0,0,0,0.0487912511770251,0.000308248120291877,0.000376005571341724,0,0,0,0.000393113369655615,0.0013534788418563
0.000224945913822275,4.13143568507701e-05,0,0.00608111270310499,0,0.332140194844566,0.0117158379337936,0.120396624559382,0.0212906024534381,0.0149585590812404,5.02443497968435e-05,0.122212896291549,0.001840324415382,0.0149448070675413,0.444118534979597,0.0102791240229996,0.000933850686846602,0,0.000391773734215874,0.00381113455690554,0.0439348806104767,0.00034273322045362,0.0509310122941019,0.0168713690496033,0.0011042727819732,0.000488967259774646,0.00258842760161737,0.0315479486868529,0.0175568889477726,0.0217811613527488,0,0.046021053740756,0.000896949627742309,0.00763368508285085,0.00525234831477092,0.0449463999542423,0.00191513350510932,0.00903455919755171,0.00294995586106145,1.42612414124434,0.632538525440999,0.000204698698662949,0.00377415050157718,0.00106872274375205,0.000679953774389702,0.00142995415575159,0.00792335663828405,0,0.000274824280369809,0,0,0,0.00287102743864146,4.05602208872378e-05,0.000881040233265079,0.00186263259812078,0.000914354949753964,0.00250687251749192,0.00148752124693243,0.000444516828543085,0.00258776773368861,0,0.000238175413825872,0.0019412179412117,0.001523715507798,9.00867500723124e-05,0,0,0.00132370723489329,0.000662571328582996,0,0.000784150215136378,0.00732507722356575,0,0,0.0014151844613435,0.00502880163535994,0.000511572334302455,0.00044597106395841,0,0,0,8.97521821105123e-05,0.0211562808112162
0.00722080242059243,3.86765785402596e-05,0.000329621873526496,0.0660101909301985,0.332140194844566,0,0.400331722504155,2.74214990806158,0.0267388440569509,1.67984030423568,0.00292536672612782,0.527901845483296,0.00894585130560541,0.67727550282123,0.821137457862301,0.000983534256439344,0.00192335702685716,0.00145223501952354,0.00431627970862614,0.0757489329363957,0.0258997358505421,0.000134145572492295,0.00867833804859264,0.0819638984179104,0.00442227177625571,0.00598045568159258,0.00265653173221318,0.464792104645116,0.14941929015079,0.0273705404215688,0,0.00862970571738871,0.00124454788585921,0.02297863890266,1.15377313769509,0.191911530070324,0.00182143646640625,0.0156429211396797,0.0110646722724749,0.462295916353273,0.162495687161759,0.0018017327371066,0.00459940313747076,0.000217655014541337,0.000956864886252777,0.000188304025989759,0.00505861760896808,7.30362559035063e-05,0.00129635552244479,0,0,0,0.00211826179692411,0.000159741695573854,0.000950060332206678,0.000639106123715341,0.000264152638850465,0.00622902641959842,0.00029281880739269,0.00319037666281493,0.00257236403249404,0.000103058445168203,5.1750210493195e-05,0.000753258818772542,0.00177854239313953,0,0,0,0.000480591811091178,0.000875001059277916,9.59191208386446e-05,0.00126940336478312,0.0101422294562588,0,0,0.000584871478098872,0.00313076391675542,0,0.000330994279531699,0,0,0,0.00024847905442239,0.0940861514003072
2.00950564251832,0,0.000349094994937962,0.0386694948543859,0.0117158379337936,0.400331722504155,0,1.21168561340808,0.106172768194259,0.952526888882903,0.000433863875447533,0.00980661668878999,0.022060885422991,3.96189167628748,0.0618329765361783,0.00360446175594245,0.00264999363024699,0.000309760810037052,0.00217895013480262,0.00767497263901082,0.355177987716455,6.43446394429565e-05,0.0514427746527853,0.272401291248535,0.0073931668895488,0.00413304890651375,0.00229296826378532,5.39490369478981,1.01536640260866,1.3934426871673,3.33170612028897e-05,0.00249266266928248,0.0133643017190825,0.0985411475572563,0.0173974920775914,0.465012867260729,0.00448208863438085,0.0842331264551787,0.0193536541754536,0.0746207573873975,0.0219679652135354,0.000929589992288971,0.0509078494797379,5.72661751309037e-05,0.00142370968348414,0.000915488100698775,0.0248178092503636,0.00108193849419753,0.00165010699467548,0,0,4.81785514413715e-05,0.0321320169673721,0.00160099734788,0.00515767745481411,0.0202289532351324,0.0168931284999769,0.0523299016804583,0.0178398774169855,0.00385599680417067,0.0148506213416609,0.000124102319869029,0.00565149162090569,0.00650888795493503,0.00148768854754251,0,0,0,0.0119663222397367,0.0012697143941444,0.000104434049518514,0.00105155112265556,0.144169256700649,0,0,0.000219777094347489,0.0830920213591204,0.000676249575251484,0.00121910205728238,0,0,0.000139046440489673,0.00121937009467721,0.00818585268126024
0.165425853750261,9.44672190512061e-05,0.000889610021600965,0.102883657537099,0.120396624559382,2.74214990806158,1.21168561340808,0,0.069641352246599,1.03838319088673,0.01114919072866,0.568118278026007,0.013917836698714,2.99509649271703,0.184996938390931,0.00224433227416237,0.00883504398806948,0.00449579143402967,0.0110325272495481,0.129921319995216,0.238795054668833,0.000426137372094855,0.0934468402499218,0.206010511232989,0.00778907796585639,0.0141693918488461,0.00391545718539287,0.720846637275136,0.386410930764599,0.347773308943544,2.82454669849038e-05,0.00294279473588041,0.00205868547984908,0.0471112446776123,0.221385805815528,0.449525717675367,0.00318223898088048,0.032974916264528,0.0264440379076614,1.03426712843681,0.119011289551724,0.00379264539223139,0.0114965822057283,0,0.0005745230551278,0.000218350987185622,0.00704910641130643,7.93972211012184e-05,0.00234945397896498,0,0,0,0.00383842965254827,0.000272347500211167,0.00132068158656457,0.00264312564420396,0.000570884884909707,0.016965164375059,0.000831506215407146,0.0042881235680388,0.00385570837108984,0.000275494838088071,0,0.00105078431803044,0.00127105106404752,0,0,0,0.000892955656874493,0.000722659003947103,0.000112541416462684,0.000451149594872757,0.0233854509396139,0,3.71022167194187e-05,0.000217056181236437,0.00582036589437846,0.00022519706428752,0.000206678684920329,0,0,0,0,0.0159422877937365
0.00363408270255883,0.0653028969202642,0.00243181323624856,0.333020968628523,0.0212906024534381,0.0267388440569509,0.106172768194259,0.069641352246599,0,0.0497418965514056,0.00100078686162944,0.101390428787893,0.0192605802431113,0.123029245369344,0.198096820376089,0.179529073232926,0.000694015223820626,4.79065867891669e-05,0.000735433039098167,0.0447319769450343,0.0208727375289023,1.03851382261151,0.0275901578425556,4.09894481621374,0.00580284780991532,0.0198999952177657,0.514868252930956,0.833932258069422,0.0750015776044521,0.0107756494129349,0.00151332571697678,0.00247345705313216,0.00389584739154443,0.016572376831961,0.00181006802632681,0.17884731989331,0.0027290501305908,0.0155952005225236,0.00416148866049201,0.363721840062135,0.00874481985882018,0.000208069601971433,0.0539540598305719,0.000753637891955942,0.00372268911217895,0.00106002983575874,0.0645879819301935,0.0016463487479394,0.00110221434480023,0,0.000367834852774978,0.000140700134572506,0.0408727184136474,0.00658092672903699,0.0160931828029996,0.0430355599419714,0.0254727516722358,0.207626864137824,0.0252282695057161,0.00359075597689936,0.0314833344080711,7.87349696570336e-05,0.0114077416572914,0.0196569285559216,0.0791573738591919,0.0005835385165023,0,0,0.0198632495749527,0.0226562914322706,0.0783102381349911,0.0236892024028649,0.40401509676008,0,0.000343407455991602,0.0111917469413879,0.175282857481047,0.00208845192345253,0.00756018252264272,0,0.000446584616856778,0.000372257598665709,0.00539689772142469,0.00164447275501399
0.0145270281768259,0.000115772554307222,0.000620828465547678,0.777191600924975,0.0149585590812404,1.67984030423568,0.952526888882903,1.03838319088673,0.0497418965514056,0,0.00338950156887599,1.18382127742293,0.0317515854573375,1.36061650887493,0.0589134363633763,0.000945135399018174,0.00146538414517003,0.000746081122616291,0.00346407627589189,1.55537465740393,0.00668169035050492,0.000166067977850712,0.00338071446213614,0.106369655389529,0.0110589009418755,0.00377328223125502,0.000851888176790392,2.58031061710534,0.228540748703566,0.00387304113445774,2.68110369197816e-05,0.00817289044816625,0.00456228402273564,0.0614871185408699,0.169366276322354,0.549297539814336,0.00661721309337274,0.0699836001084823,0.0127218642168417,0.137846269417678,0.0484229140399488,0.00253360683847361,0.0122088012597123,0.000343064994713628,0.000868698177025094,0.000527496966649181,0.0135531418614348,0.000166456892735562,0.00408424977634658,0,0,0,0.0592861433378441,0.000486111223511654,0.00175389335713762,0.00175026021447414,0.00064865342775386,0.0088180638824368,0.0308557356916986,0.0076150229137588,0.00501152949642954,0.000197421155382938,0.000145585659382266,0.00337680669415209,0.00143947533258099,0,0,0,0.00134714249892716,0.000760698216607055,0.000135899282762191,0.000516349769459558,0.0179172836155987,0,0,0.00017002104648535,0.0053008326462966,0,0.000414921271908957,0,5.52561288639665e-05,0,8.0077498573631e-05,0.0111936211189613
0,0.0127043417173319,0.0011585314373502,0.000135121272843069,5.02443497968435e-05,0.00292536672612782,0.000433863875447533,0.01114919072866,0.00100078686162944,0.00338950156887599,0,0.00280183875864313,0.62975066592822,0.0184259699035161,0.000854500035756502,0.000668612717022273,0.0109867422852626,1.66895562017551,0.351602194889499,0.000851378764115065,0.00126249610062322,0.00219487787957704,0.00380347756351411,0.000718327804449114,0.264305653115346,0.548464770812461,0.026091582466396,0.00204593953415005,0.0732491328315811,0.00133522149068569,0.0156714900136768,0.00336584187746485,0.000134434149692655,1.00424542122564,0.00106034282459142,0.0457012319236774,0.0417803587011448,0.223977166274664,0.024397936294463,0.00134967174136875,0.00203298844537641,0.391081602396048,0.00659490022397747,0.00403656375065096,0.000720017719651705,0.000509467119253648,0.000110072161006784,0,0.0416721785081599,0,0.00366798689844037,0.000115671886810714,0,0,0,0,0,0,0,0.0206656590938023,0.000160325618049747,0.394837027031856,4.50068518196762e-05,0,5.83810173514724e-05,2.82981399041027e-05,0.00246302347768703,0,0,0,0,0.000121510293968418,0,0.0222308240719027,0.00501740113422661,0.202257403469785,4.45500150600135e-05,4.11986288626582e-05,0,0.0287586400770746,0.000328392173578096,0,0.00429103218021746,0.00210385327993309
0.00111574572811758,0.000316431166622084,0.00043853158020648,0.855578433308509,0.122212896291549,0.527901845483296,0.00980661668878999,0.568118278026007,0.101390428787893,1.18382127742293,0.00280183875864313,0,0.0227249792885637,0.611861480641874,0.617560685543697,0.00104216545422071,0.000807186725355476,0.000636218472614711,0.00353442352176106,2.68200760796045,0.00105063078637919,0.00435586954772782,0.00105023245937997,0.0885823898460322,0.00806673046187552,0.00436590057236269,0.00568745503691729,0.104218934469462,0.173662546069837,0.00189761002170661,0,0.0137117226658246,0.00131709612529556,0.0539715219329095,0.126994638508126,0.561090710581583,0.00449693574869552,0.0487470365004122,0.0122710969433849,0.372981834326303,0.0581275963743853,0.00236288706998665,0.0147998296896082,0.000131039668982243,0.0016877148049025,0.000469791548428231,0.0150711075041298,0.00109770849459578,0.00338106747185561,0,0,0,0.0116922029505684,0.000579220210159802,0.00361735236716967,0.00158649793026262,0.00419289042293734,0.00845970817901704,0.00866234151168313,0.00535309547612482,0.0516762463624548,0.000135312078795305,0.00236471419807447,0.00433015768002898,0.00241020460419872,0,8.98339865768671e-05,2.25655622167036e-05,0.01904223270648,0.000510132879454249,0.000981697746723978,0.000640525618007689,0.0120871724634548,0,0.000379642139615733,0.000154434008610699,0.00450100063469007,0.000548577735951447,0.000484758220984867,0,0.00023029493260569,0,0.00136833692311343,0.0855258188359242
0.000483493361412528,0.247063805414895,0.03170287551222,0.0173059256938069,0.001840324415382,0.00894585130560541,0.022060885422991,0.013917836698714,0.0192605802431113,0.0317515854573375,0.62975066592822,0.0227249792885637,0,0.0411312442405356,0.0106759575807474,0.0652936883636541,0.0267956860467119,0.0359299992584882,0.0418672595613641,0.0176978557312036,0.0405193650605512,0.0422556682013975,0.209860285884019,0.0395534391378919,1.96196745013434,0.167446424290948,0.574595145499467,0.0511640067685543,0.08054950748428,0.0207154067952032,0.0901529661593723,0.00212178533113674,0.00995091013083167,0.155815370173437,0.0152710020584054,0.34688957389389,0.153202568590726,0.678486699719593,0.292547310352951,0.0647704001919,0.0539620558319155,0.829498568203906,0.0420080835916224,0.0215834222558099,0.00929926166352149,0.00791056865679626,0.0279965455943644,0.000623981227307922,0.127702461395188,7.81461582030058e-05,0.0188133589005976,0.00198985390866242,0.000884987018842214,0.000161733765700096,0.00112551894784474,0.00411333183229929,0.00273956613132491,0.00313941163495934,0.00221155580257078,0.0761974895450329,0.00242754820147565,1.47813076009505,0.00201022076243806,0.00146819247232326,0.00676673521438455,0.0016343751194378,0.00877772802241013,0.00193740122905966,0.00141715313421724,0.00381366400166879,0.00129784430497603,0.0172292709982042,0.00860275205478648,0.165580872654154,0.0197321680614173,1.08585491848876,0.00785123958232981,0.00138871425327079,0.00238039082287046,0.0903697772126772,0.00123242767670249,0,0.0251776645341939,0.0265873954124868
1.67132881632107,0,0.00150456100419574,0.185009970201889,0.0149448070675413,0.67727550282123,3.96189167628748,2.99509649271703,0.123029245369344,1.36061650887493,0.0184259699035161,0.611861480641874,0.0411312442405356,0,0.0856712669636954,0.00561433915912696,0.0220465333343418,0.00734878141465543,0.0252066208209068,0.219737938583961,0.545268076273418,0.00157265387406696,0.279733131572379,0.290283359917693,0.0184358708270106,0.0310834529660129,0.0088708928636934,1.05050932361418,1.9909257487658,1.37270842185677,0.000215439999806136,0.00784532655728188,0.00943816371563592,0.171511442282362,0.0206077810882787,1.01755771766621,0.0108685514688718,0.109551750153869,0.0502549465793496,0.239486776302285,0.175536427541481,0.00750251001356371,0.0467057524901486,0.000333870062942773,0.00152197937734007,0.000592151878825855,0.0220846276339231,0.000711466866405741,0.0043861341321959,0,0,0.000174103761729526,0.0141247528177998,0.00128828241992052,0.00258746146581509,0.0139470823220265,0.0038670199116675,0.0371703075965602,0.00282321016716375,0.0134916836425334,0.00692362052448269,0.000775402835501176,0.00158303593232072,0.00355227632107706,0.00523232298272474,0.000233378148374802,0,0,0.00509005461695476,0.0022672579730868,0.000666683652077412,0.0025685459706071,0.0791189293851658,0,0,0.000901514262088624,0.041960554656222,0.000885450238434443,0.00106163646926971,0,4.94272807116985e-05,0.000340918079231132,0.000389113426141608,0.0113434578168923
0.0008846543438351,0.000824210859506682,0.00158650648597436,0.070412057162126,0.444118534979597,0.821137457862301,0.0618329765361783,0.184996938390931,0.198096820376089,0.0589134363633763,0.000854500035756502,0.617560685543697,0.0106759575807474,0.0856712669636954,0,0.0111906013102454,0.00195011924328382,0.000900037995784863,0.00276909745776159,0.0318136967677781,0.06672110230725,0.0116397078970502,0.0530461526891227,0.166971654216265,0.00435415975234374,0.00756000309381931,0.0230869558484564,0.145646906288668,0.0709773224410503,0.0769561401916343,0,0.00743311218008748,0.00350717183658574,0.0296433815771996,0.203133844948404,0.0776707554906712,0.00467006515149459,0.0398140763658829,0.0255507425638101,0.751066977971082,0.0126313450693573,0.00237233415274492,0.026841766054176,0.00887024159582085,0.00449741929468551,0.0138086767755742,0.0637839178927311,0.00116500318058424,0.00202482321998124,0,0.000203134242288739,0.000856830163200253,0.0178503067547619,0.00169777667111825,0.0105197646430767,0.0122510624098606,0.0130801723497281,0.0213735040574827,0.0135482123857094,0.00685116062477938,0.021376796737141,0.000223536579957277,0.00427005575068837,0.0112535599825891,0.00612951257226747,0.00161912822584241,0.000655705800886678,0.000706423633249694,0.0117264368697781,0.00790799030285095,0.00109399100043028,0.0106499870739105,0.0657619889843871,0,0.00150685798137448,0.0114699842024278,0.0429217776895546,0.00112981294232998,0.00315129275534745,0.000297187860441345,0.000195793940493477,8.66394550946951e-05,0.00181857071038911,0.106018467360415
0.000236531126314351,0.00892778784787096,0.00683255394725209,0.0009153847919346,0.0102791240229996,0.000983534256439344,0.00360446175594245,0.00224433227416237,0.179529073232926,0.000945135399018174,0.000668612717022273,0.00104216545422071,0.0652936883636541,0.00561433915912696,0.0111906013102454,0,0.0184762862964522,0.00126680261965053,0.00677331213162215,0.00111472881789384,3.59590707480399,0.872455594816081,3.27236976519729,1.12478165417253,0.0265314191210687,0.0241495619983147,1.30469720785912,0.5292236926089,0.00487463995447182,0.0043895261739603,0.000211205590434808,0.000203768351621819,0.000301908850627524,0.0976102429120953,0.0359576776455822,1.1629233747521,0.128206539172675,0.23996926030312,0.291542603173852,0.0121733399409238,0.0179325183698946,0.00320163331047821,0.115900733907366,0.0131405637958176,0.0204228079114523,0.00769555175869204,0.0455731536423395,0.00258443555141954,0.0096575879637842,0.000244725433369142,0.00156700422192962,0.00244666334104363,0.00249585372526659,0.00179949149261569,0.00136418547670781,0.0346517004949909,0.0173670847593512,0.0483045247210682,0.001707994951376,0.0262403980441498,0.00382578663868541,0.0017451758435049,0.0148014236683152,0.00425648232049613,1.54818039122864,0.00390265787389225,0,0.000425846217372009,0.000493373068848264,0.297471297709882,0.443913669093956,0.761250737766718,0.3255237848878,0.000100269826361644,0.00114463257138605,0.20641589154489,0.269538429304127,0.00177380204381941,0.0738836945420297,0,0.000486536215396726,0.000136449594899166,0.00791874625429936,0.0352037979847887
0.00452033754096695,0.00255427960259545,3.76328345811417,0.000300808456390527,0.000933850686846602,0.00192335702685716,0.00264999363024699,0.00883504398806948,0.000694015223820626,0.00146538414517003,0.0109867422852626,0.000807186725355476,0.0267956860467119,0.0220465333343418,0.00195011924328382,0.0184762862964522,0,0.204531059286042,0.763169200521818,0.000398930447121861,0.0599432393462703,0.0106339581128766,1.66757287037302,0.00974090629778427,0.00161079716320477,1.5711496627605,1.89166639942415,0.00911813847383096,0.0413162002366503,0.0102131736369351,0.00044118507308957,0.000494600468427134,0.00269052402670469,0.635446014094232,0.010998600074915,0.706352207141601,0.511379367574318,0.315946427776863,0.192124160149346,0.00218326768451755,0.0061872482971641,0.000783410613073835,0.0491113472036949,0.0181985007975013,0.0192166931945501,0.00840364227296219,0.00557073428553284,0.000254626622930461,0,0,0.00336378914687123,0.105127793817006,0,0,4.77451950801015e-05,0.000695365726427754,0.000156986440440083,0.000264184719305068,3.24037812407613e-05,0.000790328253840381,8.83884121914029e-05,9.65160113013267e-05,0.000153120364575127,0.000478128029406151,0.0131908482302464,0.0548661853259216,0.000587094502554488,0.00273967056255855,0,0.00329738845377072,0.00635664067205736,0.115565106398131,0.0018751723253917,0,0.0312512197917059,0.369837085204895,0.00261025467176912,9.6685728685176e-05,0.00216386752362163,0,0,0,0.0156925488490942,0.0175820053412604
0.000239515578627759,0.000477165108578157,0.0116015829997825,3.61680117091477e-05,0,0.00145223501952354,0.000309760810037052,0.00449579143402967,4.79065867891669e-05,0.000746081122616291,1.66895562017551,0.000636218472614711,0.0359299992584882,0.00734878141465543,0.000900037995784863,0.00126680261965053,0.204531059286042,0,0.250312663931621,0.000120983323653358,0.00459845672941585,0.000282969054648388,0.0251217482048175,0.00046664886949251,0.00247798985091848,0.0767886795783842,0.0102733274049645,0.00120266558162891,0.0326520849709955,0.000515768593569455,0.000642409983723882,0.00121063410325695,0.000114438301177877,0.367671750998918,0.00247022762532135,0.103104471441252,0.0881654102810698,0.231143853416647,0.0615478531854642,0.000686404670178425,0.00196439827441401,0.0309788600163904,0.00719696271833666,0.000229873274870673,9.23109856863439e-05,0.000236265173109752,0,0,0.000435040952364266,0,0.000130074433927072,0.00131577324375198,0,0,0,0,0,0.000185753997076499,0,0.000606903026158151,0,0.00577556480922756,0,0,0.000162797852899918,0.000666536821984631,0,5.88787452581942e-05,0,4.47436562869847e-05,0.000277795340652406,0.00085179513931475,0,0.00039360621967032,0.00169603392501928,0.00997548458497321,0,0,0.000189274432719082,0.000669512122707447,0,0.000119302307832169,0.000167876306653554,0.00318628349890433
0.0011299494706474,0.00311274581787367,0.105953506532348,0.000564958711725575,0.000391773734215874,0.00431627970862614,0.00217895013480262,0.0110325272495481,0.000735433039098167,0.00346407627589189,0.351602194889499,0.00353442352176106,0.0418672595613641,0.0252066208209068,0.00276909745776159,0.00677331213162215,0.763169200521818,0.250312663931621,0,0.00215613335698973,0.0256366172070094,0.00206652572954624,0.166662005570028,0.00390837073630417,0.00694441172160548,0.502177764244033,0.275673205526525,0.00510053857326415,0.0846183098524109,0.00378564509059585,0.00452461681585872,0.00323875093413044,0.000704197909324291,1.04097998392072,0.0140835574676566,0.799112640825618,0.461725762847298,0.493044845851622,0.422443077325142,0.00287177281657159,0.00649500283298595,0.00777943641595535,0.0164214904310685,0.0013707235703594,0.0025995583137492,0.00208202551967048,0.0010085643583544,0.00011463118300575,0,0,0.000387690744590271,0.00964804220071609,0,0,0,0,0,0,0,0.000404515489362207,0,0.00163279823275353,4.59849634011626e-05,0,0.00260428600826537,0.0068375420380561,0,0.000344219284114358,0,0.000517102483628428,0.000394740340650475,0.00656322763320706,0.000436884160866562,0.000600647162904236,0.0141733294717465,0.0755200796495323,0.000705401687156761,0.000175140712883472,0.000341080141650349,0.000150859165071416,0,0,0.00128630365313614,0.0246452962468239
0.00232656766347554,0,0.000511876548472565,3.27286678685453,0.00381113455690554,0.0757489329363957,0.00767497263901082,0.129921319995216,0.0447319769450343,1.55537465740393,0.000851378764115065,2.68200760796045,0.0176978557312036,0.219737938583961,0.0318136967677781,0.00111472881789384,0.000398930447121861,0.000120983323653358,0.00215613335698973,0,0.00199723382670114,0.00059094876338895,0.00096471215346277,0.0669999428443568,0.00546444706386328,0.00200309784833499,0.000870018877374914,0.191964272532742,0.0859010208286008,0.000693153461049873,0,0.00292077298240658,0.00203117168280913,0.0227624452574511,0.00243278645053733,0.267866026660955,0.00366476193833521,0.0278040940215111,0.00491960379492432,0.0786869972159308,0.0234966230597276,0.000977386410778317,0.00772719403447219,0,0.000155682918030446,0.000123497982306433,0.00947825452533392,0.000216221185898128,0.00158806710378014,0,0,0,0.0275558820150475,0.000706136281065398,0.00139252260371817,0.00123595244978882,0.00154250259249863,0.00743468305532414,0.00463546167376248,0.00387800092517346,0.00592385778182535,0.000185704115087563,0.000500939666031719,0.00169685490473263,0.00104154922125327,0,0,0,0.0029654072159352,0.0007665906602765,0.000131865529359138,0.00110434303193283,0.0125939782048237,0,0,0,0.00529172746773886,0,0.000258396787243626,0,0,0,3.74140692249835e-05,0.000965192165752573
0.138688286819673,0.000237456262879917,0.00414136334274559,0.0192267494179317,0.0439348806104767,0.0258997358505421,0.355177987716455,0.238795054668833,0.0208727375289023,0.00668169035050492,0.00126249610062322,0.00105063078637919,0.0405193650605512,0.545268076273418,0.06672110230725,3.59590707480399,0.0599432393462703,0.00459845672941585,0.0256366172070094,0.00199723382670114,0,0.113915976838784,5.16981524774609,0.961170968434359,0.00769675693614694,0.0368747014868375,0.0300882558831678,2.41152339772789,0.514108918800224,2.68033823521437,0.000148352299959451,0.000546439273634094,0.111467505615154,1.5944035258697,0.0851515035373124,1.48314613336762,0.0371213911420039,0.898464127645496,0.690949191332436,0.0350438617583268,0.0256262593719239,0.00173179291993971,0.0804543947455085,0.00208736374888934,0.00495899297805773,0.00271991354228862,0.00831530586297984,0.00229986516796774,0.00295770396294396,5.85103258344054e-05,3.23517042004168e-05,0.000334028317280382,0.00134010102344855,0,0.000642402093179238,0.0249909924624091,0.0120476901458421,0.0150330484556329,0.000703772432421547,0.00665831653682435,0.00126474869452767,0.000346168830662632,0.0101240649152983,0.00119388331675119,0.0880782832668103,0.000379795984449819,0,0,0.000265124046101958,0.0484662917478945,0.0360831665478301,0.0336490889802495,0.11871567205933,0,0,0.00476006255022556,0.140795382708811,0.00057915010709123,0.0169620897648892,0,0.000398372208410359,0.000428237024683845,0.00350033136905966,0.0617060363113926
0.000127901297003451,0.19036848369264,0.00837004984921187,0.000689928417798826,0.00034273322045362,0.000134145572492295,6.43446394429565e-05,0.000426137372094855,1.03851382261151,0.000166067977850712,0.00219487787957704,0.00435586954772782,0.0422556682013975,0.00157265387406696,0.0116397078970502,0.872455594816081,0.0106339581128766,0.000282969054648388,0.00206652572954624,0.00059094876338895,0.113915976838784,0,0.165426499125862,0.988795709023603,0.0134908341853539,0.0420668550814584,2.16480890840947,0.0285680488380047,0.0162390173956235,0.00841342186997887,0.00427665003155863,0,0.00363342082804267,0.0650197138564181,0.00151885310585932,0.0214432311569847,0.00630128635067278,0.0441856957040155,0.0194882407370996,0.0142259078152708,0.000865768434705109,0,0.0249955467783508,0.00332599035885715,0.00628566018988693,0.00232396113970383,0.00401083432254085,0.000327182400927198,0.000168042903295123,0,0.00236206492623089,0.0041044791733424,0.000347746934048373,0.00039848177251674,0.000351942555863574,0.00704873410896974,0.00366896965233386,0.0153045932987126,0.000589543927716419,0.00140782834242907,0.000133271396040663,0.00167440968094346,0.00293946633674919,0.000570666682387817,0.130176941816208,0.00264015343650813,0.000200125516919484,0.000448185072628381,0,0.0435519576478062,0.102082860592534,0.0681141158597137,0.0720298883786532,0.000277754080891917,0.00128646282762156,0.107259620668559,0.07274156628872,9.27425682686985e-05,0.00759615012227819,0,5.04753512422204e-05,0.000114597891392732,0.00352731717586168,0.00155398066320116
0.0628193188204457,0.000693068244830635,2.55677236730413,0.00655416244782081,0.0509310122941019,0.00867833804859264,0.0514427746527853,0.0934468402499218,0.0275901578425556,0.00338071446213614,0.00380347756351411,0.00105023245937997,0.209860285884019,0.279733131572379,0.0530461526891227,3.27236976519729,1.66757287037302,0.0251217482048175,0.166662005570028,0.00096471215346277,5.16981524774609,0.165426499125862,0,0.769321170102419,0.0217379233104921,0.394107052083701,4.28519457354956,0.286878513728318,0.325518180162157,0.333555782829527,0.000563866410354879,0.000440562590322974,0.0318906518860984,1.641196045588,0.177880177598987,4.32920046387075,0.916621128878684,2.13748218668223,2.31466152116153,0.0352342958461278,0.0791414948462217,0.00699280991676411,0.181179849078057,0.0258900897733476,0.0421820687097147,0.021041348762048,0.0327377390503298,0.00350342784105464,0.00546015377611808,0.00011218268630622,0.00142446408274298,0.0574306971855984,0.000445197809984004,0.000154061775562242,0.000680648405613681,0.0185376597813805,0.0072814449367728,0.0128439750735494,0.000359684396860811,0.0143047384304128,0.00138133472601774,0.000818203117436206,0.00766235370973979,0.0024894199935604,0.576740339291175,0.0148700569421052,0.000403139383365047,0.00104854721974774,0.000439072571689561,0.0921365136215948,0.13349310333074,0.793205764022457,0.119645311290612,0,0.00300577514533035,0.526198938977038,0.13017421424034,0.00132005422867749,0.022034156694956,0,0.000418080466389298,0,0.0185356227819887,0.210644477572324
0.0194255559029622,0.0572861965717224,0.00310686541372861,0.596744584218486,0.0168713690496033,0.0819638984179104,0.272401291248535,0.206010511232989,4.09894481621374,0.106369655389529,0.000718327804449114,0.0885823898460322,0.0395534391378919,0.290283359917693,0.166971654216265,1.12478165417253,0.00974090629778427,0.00046664886949251,0.00390837073630417,0.0669999428443568,0.961170968434359,0.988795709023603,0.769321170102419,0,0.0181086831213758,0.0211314563235358,0.392830276217492,2.76764913429041,0.342535223709751,0.279500551790808,0.000852160972901464,0.000768403839256063,0.0325775025840712,0.15796441820935,0.0237581113246699,0.909987395299055,0.0181556475627225,0.124170339476288,0.0712017628943984,0.21532533352448,0.0200627318115479,0.00207126712096147,0.395868223261271,0.00270226798132357,0.0223572658370978,0.00629174416287783,0.106874355547236,0.00826417594574489,0.0070935868692892,0.000686998700422606,0.000605241391643142,8.81669087778121e-05,0.149812835493813,0.00617221967815038,0.0239771104423567,0.325965008856535,0.174816678585364,0.512983711785259,0.0955052258308724,0.0230683055664546,0.068141629507091,0.00182711915240436,0.0766134534497314,0.029002209012134,0.11800713183113,0.000259145371833458,8.23421929761112e-05,0,0.0545650126074016,0.0699753641148514,0.11469420701136,0.0378184280286938,1.80815668725076,7.44136617480278e-05,0,0.0105655548594106,1.02578053771819,0.0131209744170559,0.0436971861235455,0,0.00166405892988756,0.00302052586861863,0.0223315710974517,0.014046255548375
0.000346078700521493,0.0725266702209897,0.00126520750184484,0.00616012535230817,0.0011042727819732,0.00442227177625571,0.0073931668895488,0.00778907796585639,0.00580284780991532,0.0110589009418755,0.264305653115346,0.00806673046187552,1.96196745013434,0.0184358708270106,0.00435415975234374,0.0265314191210687,0.00161079716320477,0.00247798985091848,0.00694441172160548,0.00546444706386328,0.00769675693614694,0.0134908341853539,0.0217379233104921,0.0181086831213758,0,0.0524176584416633,0.999915459972225,0.0174648112112421,0.03282217115674,0.00237318236827921,0.0554886498835679,0.000438138175443751,0.0049572558997367,0.040747158194401,0.00040425675322057,0.0243740221239796,0.0194473398370279,0.0677359809582444,0.0100906666843094,0.0349766611574521,0.00221845931407966,0.0699346894796811,0.00847733160377553,0.00292687336562397,0.00121584995558829,0.000606394741495353,0.0225879410152439,4.77692464135825e-05,0.0202156154265254,0,0.0116714102152466,8.54213401398361e-05,0.000629068724562496,0.000213883001617959,0.00081276323405632,0.00324871556677481,0.00163188975308059,0.00231256544994581,0.00105560880821633,0.0133035602925553,0.00156953212572244,0.295720715188692,0.00113165465420631,0.000643342794654786,0.00228367403642509,0.000416643117903554,0.00090215712114051,0.00026059327153222,0.000367998777662057,0.00085865410402908,0.000367826804253149,0.00193225618099387,0.00618986920517421,0.15096120943332,0.00455627112284867,0.344242849277211,0.00467758265657502,7.02287103216142e-05,0.000573828260383577,0.0110380945734,0.000440637352332729,6.98766068923176e-05,0.00603100651128495,0.000563554039573288
0.000984451422085906,0.0991283893278054,2.04921215110225,0.00103696299669171,0.000488967259774646,0.00598045568159258,0.00413304890651375,0.0141693918488461,0.0198999952177657,0.00377328223125502,0.548464770812461,0.00436590057236269,0.167446424290948,0.0310834529660129,0.00756000309381931,0.0241495619983147,1.5711496627605,0.0767886795783842,0.502177764244033,0.00200309784833499,0.0368747014868375,0.0420668550814584,0.394107052083701,0.0211314563235358,0.0524176584416633,0,3.79811472070157,0.0104403294187622,0.0863852439212735,0.00522662786641657,0.0363991560739891,0.00350803399291369,0.00149859263170259,0.603758350612537,0.0424197985364194,1.76068535316435,1.63569870215618,0.796250815327946,0.804732873212757,0.0118054884950014,0.0211889214335151,0.150719936255967,0.136487801775506,0.0581248710628568,0.0405686800083985,0.0239694090601478,0.00693300300843008,0.000938781916950259,0.0168148466864883,0.000160727146165604,0.037810757174883,0.195547805659726,8.275299462986e-05,0.000130882268275738,0.000180957726604539,0.000491107332350671,0.000311164653502003,0.000381084424195615,0,0.0227428293052641,0,0.300842571553853,0.00010517027308653,0.000458506118430507,0.0105460033896301,0.134429333988217,0.0220492106734651,0.0340579892815774,0,0.00743226371234401,0.00814682724475179,0.0570676267085332,0.00173970865224431,0.0233538283583228,0.379946749260938,3.78794742575373,0.00176947161757817,0.000639445333989146,0.00498144979238351,0.0725218055117528,5.020018270185e-05,3.19826334671826e-05,0.0407884629257296,0.0838121018400589
0.000484378186080712,2.18954920302235,3.90490352660625,0.00071552544717055,0.00258842760161737,0.00265653173221318,0.00229296826378532,0.00391545718539287,0.514868252930956,0.000851888176790392,0.026091582466396,0.00568745503691729,0.574595145499467,0.0088708928636934,0.0230869558484564,1.30469720785912,1.89166639942415,0.0102733274049645,0.275673205526525,0.000870018877374914,0.0300882558831678,2.16480890840947,4.28519457354956,0.392830276217492,0.999915459972225,3.79811472070157,0,0.0210798986539723,0.0201457464995414,0.00289327849738458,0.0852889721820561,0.000381785233158973,0.00110019913517372,0.208956804769952,0.0787017300046513,3.02399649040201,1.29869412634978,0.854967307643665,1.05313457929222,0.0257745356904006,0.0443090797265697,0.0190452970841627,0.692193301078274,0.256816428938667,0.258340723252697,0.132587892762828,0.0507147081729534,0.00618232773744924,0.00928702405653009,0.000429515905424205,0.367277687820541,0.885446612181802,0.000133771593380219,8.54212403647721e-05,0.000429574969490558,0.00483264431685494,0.00167486476055338,0.0104179355957601,0.000260247764343265,0.0316504099560909,0.000832243907885825,0.243973300586798,0.00251029413701973,0.00129799155356978,0.693755159293189,0.531884483744138,0.0242249364412699,0.117352653488024,9.80752987729162e-05,0.0724332673773775,0.315174349889939,2.05093006814606,0.029223365862583,0.103270532049606,0.774089148013564,13.2269649891099,0.0324726041121167,0.00209289441094828,0.0316913860948754,0.0476179713721868,0.00026479588591649,0.000444075043960437,0.18246917355429,0.112799009013024
