0,0,0.0125085950710008,0.00026366000428456,0,0.00592188084333663,0.313238237460109,0.0948985082803147,0.000446175198934901,0.00497619036467429,0.0025667498344169,0.00121231551986995,0,0.821195868839263,0.000744331542459117,0.000160055603560198,0.0437735991141147,0.00176861892670284,0.00943021648662477,0.000408612919194639,0.0254249061896225,0,0.0619538503144554,0.00527205548245915,0,0.0274617272861988,0.00487634175984471,0.0131297290855624,0.203529899303596,0.737064695145281,6.93030782302141e-05,0.00112478823157512,0.00833225879669712,0.0423472086842283,0.00242035142351238,0.0106949994781458,0.00137944418384292,0.0295086432647038,0.00516665690484772,0.00355949330261858,0.00314654400128135,0.000494016905342352,0.00149617192692396,0.000221511852957082,0.000303243634563553,8.61878550950288e-05,0.000499859774722695,0,0,0,0,0,2.77644927592933e-05,0,0,0.000152383084043551,7.13968321340321e-05,0.000220646872649956,0,0,0,0,0,0.000101499074900007,0.000781099522751236,0,0,0,0,0.000165047463610649,8.78508081464529e-05,3.60813146471977e-05,0.00135606565649837,0,0.000249259799281215,0.000248772653801382,0.000898666037067574,0.000219262762207449,0,0,0,0,0.000534986762878585,0.000929206221822701
0,0,0.000273120910577387,0,0.000260152346808529,0.00021030910490849,5.87216609624147e-05,0.000134500353550851,0.0667174119022274,0,0.0331089109058885,0.000287640551663744,0.232317416885437,0.000130004346974957,0.00292744808973162,0.153383266776963,0.00380054280975097,4.54707991958857e-05,0.00188323843437692,3.90220849872351e-05,0.00311029899874669,0.224803894778741,0.00795485784586479,0.120724525391494,0.302699796823418,0.0123426949191357,1.18508089818605,0.00216370723640456,0.000233679175370658,2.44714657699823e-05,0.00710915802275246,0,0,0.00360119606990041,0.000675670284531123,0.00434714058367956,0.00447925706141564,0.00264137821044881,0.0015929864596912,0.00101509752155024,0.000510674220087612,0.00536062044993835,0.0117047949142207,0.0080449549057388,0.0052853466612451,0.00349536735346001,0.000255923094169181,0.00017281307731874,0.00582207885201264,0,0.158910156640495,0.00462942774824023,0,0,3.05291939209879e-05,0.000170741579023933,0,0.00117970898566055,0.000136301588562334,0.0142767642741878,5.69253568840742e-05,0.0188782811623065,0.000120519423136151,3.17124124194503e-05,0.00624614247457598,0.00677613649124736,0.000642504162045944,0.00438752938179763,0,0.000924475692927531,0.00601197560376872,0.00166666312412059,0.00393266422464612,0.0097350117692157,0.0208883489021114,0.496463788954927,0.0014172639989991,0.000370780801609308,0.000209070486047983,0.0017250948935313,0,0,0.00469054723316625,0.000575676603181255
0.0125085950710008,0.000273120910577387,0,4.55775157127261e-05,0.000318161587546778,0.00296110896992843,0.0429539745967347,0.0315469290289751,0.00033908041560297,0.00122452976293479,0.0111128118292818,0.000899040951935724,0.000261641575780284,0.0550981944118416,0.00134650374701317,0.0127844056167539,1.4382069822731,0.010671922740097,0.0904938972890118,0.000255011900891012,0.314331977222356,0.000229971337781418,2.73622159492062,0.00595602208482959,0,3.72736202298386,1.05943194473036,0.105180081459902,0.0230082502307097,0.050541175793896,0,0.000485429037779796,0.000639524355151868,0.136320130331964,0.025056604433328,0.393216183664749,0.308845592484214,0.152798655399716,0.202188133405091,0.0106725593409981,0.00457991107274478,0.00109409786296534,0.0675287035701115,0.0432193801243725,0.0332552392273969,0.0245191498691564,0.00142505653776047,0.000366464249040019,0,0,0.00460206429018264,0.051443974233103,0,0,3.01238093725443e-05,0.000361525819883788,4.65443604652762e-05,0.00130462140950747,0,0.00240223798719284,0,0.000103529822435904,0.000572306835431963,0.000313674621014976,0.0112214281873447,0.0411869429614838,0.00439331453892219,0.0203827529973537,0,0.00252167884549067,0.00680264969538737,0.021808369252059,0.00103462978822452,0.000531491225204551,0.0537732461518944,0.845344062414571,0.00277383326855075,0.000617663816405112,0.000775164426658429,8.48913060713412e-05,0,8.68203987679781e-05,0.01335927929758,0.0124332785101981
0.00026366000428456,0,4.55775157127261e-05,0,0.00285184511766968,0.0468614104117168,0.00496172243820197,0.0208752537839512,0.116998987688538,0.581784839577735,0.00400511805916252,0.516063023217436,0.000181829896633762,0.0146298647480731,0.0283406907546963,0,0.000108538878493094,0.00117108078447611,0.000824081530983346,1.92363617734053,5.09408061882496e-05,0.000524265166818703,0,0.108828116038278,5.058772149086e-05,0.00161094690841421,0.000693027358043015,0.469864058586978,0.0141391006419389,0.00139593873213772,5.38584243859768e-05,0.00202964208751086,0.000226200269690931,0.0111392491539149,0.00454674060041286,0.0276861144604899,0.00143281090329616,0.00769820791222758,0.00190972791774008,0.040475684646548,0.00548250249369685,0.00250312586296846,0.0103484947644573,8.00923916084525e-05,0.0041794246509652,0.000493316144201684,0.0490906535681424,0.00262985524851513,0,0,0.000144913143696809,0,0.0583026528330129,0.0014828043145237,0.00863327099931158,0.0033675083027523,0.00661584533393952,0.0296495145436725,0.0561549536344678,0,0.0185852671843603,0,0.00262902599672019,0.0282555550063308,0.000579282659337413,0,0,0,0.0136982298382979,0.000182112265191925,0.00027034555270623,0,0.0489869416851124,0,0,0.000232275752106678,0.0610118750303511,0.00495634932944164,0,0,0,0.000176174529306626,0.0082789763306208,0.000538240066386723
0,0.000260152346808529,0.000318161587546778,0.00285184511766968,0,0.0659573220562399,0.000535194563524831,0.0045782834227673,0.0199177218146207,0.00604258048834356,0.000821311975674925,0.0232142538963263,0,0.00239489964423729,0.160360883018501,0.00118614581250176,8.20229764519452e-05,0.000340372274429309,0.000598929379278844,0.00219283202129,0.00100584508622833,0.000997828084168277,0.00269789040452795,0.0119337645565929,4.72310012064934e-05,0.000753946031962023,0.0031281613932908,0.00714880517822651,0.00130301200356754,0.000308754305151868,0,0.107749760774981,0,0.012465808770592,0.0989520999213085,0.0131852770435519,0.00285401950561235,0.00181019435927727,0.00478948852761998,0.939506107298826,0.0617591150617256,0.00173511160896302,0.00252033955133654,0.000412767309228253,0.000762797882924201,0.00160037997472487,0.00834874976715996,0,0,0,0,0,0.00116823124885104,0.000517459889695513,0.00138947799774189,0.000107701034920716,0.000865184247698367,0.00103709242822511,0.00353220545842842,0,0.00168940659874414,0,0,0.00488170070877472,0.000989713499024364,0,0.000101538165412068,8.36202584392551e-05,0.000576079902044594,0.00019071065041827,0.000133433034809613,0.00078778146013601,0.00160805868488695,0,0.00021854225243051,0.000856219475046754,0.00277000897502159,0.000245350963907194,0,6.53018916252136e-05,0,0,0.00308209999448329,0.0831608167141242
0.00592188084333663,0.00021030910490849,0.00296110896992843,0.0468614104117168,0.0659573220562399,0,0.2875800915168,0.923967483995534,0.0225595598864676,1.71901578596864,0.0574045946019403,0.713765357011829,0.00192197940844298,0.12263472640695,0.31048821008512,0.000195990970057511,0.00244940577865118,0.0135167755828903,0.00780315274022454,0.0540411643137159,0.00493792879311182,4.98432958580613e-05,0.0130570497148128,0.0163781794721786,0.000281171190210217,0.0273028114109709,0.0167987131712803,0.279776049041988,0.0418656858129758,0.0373449102426242,0.00131437656549997,0.0250243874054812,0.000109278510163117,0.0379862587192904,0.376634833702922,0.15310641780699,0.0165225590270653,0.0426220868934597,0.0132740540577587,0.466251284202514,0.278188895523401,0.0234356190415706,0.027205919581261,0.000884770333349564,0.00920489617059221,0.00145896680156117,0.0781005012203202,0.00350106528951636,0.000119264064836788,0,0.000247512804534292,0,0.015284930761142,0.00269620103694916,0.00737209655639219,0.00568871372129916,0.00669624104434606,0.016637655307827,0.0274594489439751,0.00034227829592067,0.0168308490234327,0.00034578487423625,0.00239025430883386,0.0334583712345992,0.000879212391382841,0.000133536347820413,0,0,0.00811132936040998,0.000290744951782608,3.22998969929158e-05,0.000128498424221134,0.05855982024484,0,0.0012170108473813,0.00262032071857578,0.0522666065740427,0.00716489101732854,0,2.78747144722938e-05,6.01832634266019e-05,0.000476340585039163,0.0290003482592879,0.0178676790849236
0.313238237460109,5.87216609624147e-05,0.0429539745967347,0.00496172243820197,0.000535194563524831,0.2875800915168,0,1.50769047124585,0.0192445865776059,1.32097712271851,0.0457738979573091,0.0389228438957819,0.00160035383621354,3.13425441515817,0.0263991747172805,0.000141773494462031,0.00479652956187104,0.0127366180240172,0.0115494043428175,0.00937446294234334,0.0424029275874593,9.19403779924628e-05,0.0787407599047292,0.199191442794633,3.28291774624705e-05,0.0343646533905227,0.0286702679920463,5.25268564734902,0.345774200125325,0.471132849076117,0.000988545282931492,0.0146809241104135,0.0120162633411139,0.149223052966807,0.0399722185272013,0.247850046218208,0.0206467357909812,0.130392355336297,0.0409277442065073,0.109895048523086,0.0712381037359535,0.0132114722564623,0.0100029500511537,0.00031117766786263,0.00388955419685478,0.000788860056103969,0.012428145014489,0.00196624355060551,3.63653123225808e-05,0,0.000229795177289498,3.26401749611735e-05,0.00343129420222656,0.000197584035017824,0.00104274099061548,0.00141848846010461,0.00245905535124532,0.00653702369526934,0.00558411437406902,6.4157008226496e-05,0.00132755210186695,0.000125891253506404,0.00117285902506873,0.00224685502387081,0.00148060719987698,0,0,0,0.000731284766536509,0.000278043615120649,0.000342385004136276,0.000706903174079084,0.0297441299404426,0,0,0.00400109604476081,0.0232254468074123,0.00255032048401587,6.31312662169754e-05,0,0,0.000295667176929593,0.00885751009411083,0.00635173207188863
0.0948985082803147,0.000134500353550851,0.0315469290289751,0.0208752537839512,0.0045782834227673,0.923967483995534,1.50769047124585,0,0.0213864813020544,1.14865944359417,0.0710433052049909,0.323126117564091,0.00268329900964808,1.11457021243946,0.0553996213482695,0.000317215910941553,0.0339265354712363,0.0136153179034237,0.0147045297699036,0.0621628493725333,0.0645819178050128,7.68601047501149e-05,0.151173025587765,0.0241548866114395,0.000388103209166992,0.0504610293197465,0.0128171833141122,0.287686022357099,0.0887130673442738,0.449357209882709,0.000995084067607012,0.0183982405926457,0.00301842314002209,0.0788934502008497,0.0237596046028132,0.12256117571375,0.0144598836970011,0.083802686877706,0.03569429283359,0.0978580740424956,0.0480668601799721,0.0191986550993402,0.033787578755729,0.00032989747406354,0.0132147533960842,0.00132411205586854,0.0658538391710578,0.00500040926331705,0.000277760468321777,0,0,7.33092621782302e-05,0.0135902758834475,0.000569680439058721,0.00202324591388906,0.00593106681690187,0.00504682173377263,0.0131071667563219,0.0165661930100844,0.0005194456445418,0.00821599917474232,0.000179076744564211,0.00165965265916463,0.018496882204242,0.00212742873423909,6.6522891116035e-05,0,9.13244264114621e-05,0.0055079196713523,0.00033029321257779,0,0.000344126972485864,0.102858033777376,0.000257575328251886,0.000247919259941954,0.00182256192613862,0.0716590836429988,0.00338449537987734,0,0,0,0.00130853530863438,0.0303224063137882,0.00253358564404399
0.000446175198934901,0.0667174119022274,0.00033908041560297,0.116998987688538,0.0199177218146207,0.0225595598864676,0.0192445865776059,0.0213864813020544,0,0.176884556401177,0.00605219616907357,0.103554709282984,0.0387288030724263,0.013689566794758,0.302752209552579,0.0114688602001167,0.000448289133139169,0.00092543110688052,0.000492664248276401,0.0296064723722452,0.00100556653416261,0.641345454386005,0.00216736077769591,3.13206042883988,0.0517341646665886,0.00458304954943023,0.122301075415681,0.512556718251124,0.0162009696170875,0.00590795174375325,0.00363126838256631,0.00171794119700437,0.00220120931766938,0.0129467258821039,0.00779825291595814,0.0547209076756159,0.00202487567445536,0.0121988662590572,0.00345741925725573,0.0977305569279281,0.0105305081910037,0.00288692678108659,0.0736491046927936,0.00406113058950059,0.0205055689610944,0.00639640540264019,0.0431721210546177,0.00878324665278816,0.000184069472093642,0.000656704942348397,0.000133541274602937,0.00055149958634057,0.0636220746558511,0.0012305702826272,0.0114040435571393,0.00950661597248907,0.0166755224130394,0.41911760668084,0.109249284007709,0.00196961296140173,0.0179083644010536,0.000779828985645056,0.0150242597241635,0.0183258104830568,0.101702371628601,0.000181514661413914,0.00178282197531756,0.00070117869690155,0.0201410450944296,0.0070821982806952,0.093596216508433,0.00589192473549831,0.429694567887602,0.000208503574008286,0.00430292453264231,0.00733263697353188,0.249889551570761,0.0333140919191913,0.00406078764891145,0.000220796763886106,0.000355930331434571,0.002100840752581,0.0200317115055772,0.0173047134727397
0.00497619036467429,0,0.00122452976293479,0.581784839577735,0.00604258048834356,1.71901578596864,1.32097712271851,1.14865944359417,0.176884556401177,0,0.0668639256421793,0.432877778110571,0.00223899594034043,0.362219342211224,0.0738430609639276,0.000289297698001814,0.00024176017787143,0.0181731565318152,0.0128299237433615,0.486190946245655,0.00100266610989631,0.000571189011981576,0.00161222099429803,0.0447872116195696,0.000145362421021324,0.0390388090542802,0.0153050792886183,0.832025502619675,0.138435079636059,0.0204642371635191,0.000576520749465733,0.0187058004560304,7.65059720219018e-05,0.119597010905923,0.178242717282973,0.291764314034198,0.0179606812260562,0.0794081458646287,0.0128493951246333,0.279883346018483,0.0503654952357591,0.0272601032397034,0.0475863160242371,0.000749965083766117,0.0195147204861944,0.00283952833568414,0.206960894891749,0.0108848808809198,2.6401108423388e-05,0.000143780224451947,0.000191020381919813,0,0.110808923126896,0.00525593380485357,0.0243789834500628,0.0148776513459906,0.0202741179615136,0.0777862443154554,0.171993411396879,0,0.0750668182721125,3.54930269293189e-05,0.00591508840199689,0.103534561247355,0.0024978895377954,0,0,0,0.0433646068326657,0.00148484764880602,0.000282357745804846,0.000699627295835912,0.187054029943875,8.65028869346378e-05,0.000111645702572358,0.000379670775989753,0.239127037828674,0.00785038284489772,0.000112871149449426,0,0,0.000274177419036329,0.0598680074163125,0.0169109677818364
0.0025667498344169,0.0331089109058885,0.0111128118292818,0.00400511805916252,0.000821311975674925,0.0574045946019403,0.0457738979573091,0.0710433052049909,0.00605219616907357,0.0668639256421793,0,0.0468489166453419,0.238666906810558,0.0957838611714555,0.0145923353204673,0.00657758067431791,0.00516224073539218,0.770920826601624,0.154394851185051,0.0108408794811224,0.0155321302750206,0.00317029165130786,0.0415198651479681,0.0135682528003083,0.0628180706664147,0.267328972801313,0.118105883626598,0.0498257713154498,0.222409748349068,0.0261257566619479,0.0145687635922723,0.0617816575240373,0.000323692027524448,0.517837790129535,0.0262242220860732,0.254062196759366,0.537229138421562,0.599267795450437,0.120819932464522,0.0540592576548226,0.0650373569613828,0.364267068298877,0.0027135037498286,0.102481158979523,0.00320139382132016,0.000791843312160873,0.0015102560831865,0,0.0709440384834768,0,0.00908589947190802,0.000107177399290449,0.000275564455663908,0,4.55169623595238e-05,0,0,0.00606203320636536,0,0.244902857436488,0.00034109705104065,0.46013193759807,4.83594585379482e-05,0.000432606881368363,0.00233529516776597,0.000169331286488616,0.00035129259373579,0.000445000368833643,0,0,0.00395205754941221,0.000532291277408028,0.00619920574797286,0.0219212372553406,0.168200609421652,0.093100041823842,0.00108057005127129,0,0,0.222842112819869,0,6.93233498442411e-05,0.0973219634585252,0.0118324447489217
0.00121231551986995,0.000287640551663744,0.000899040951935724,0.516063023217436,0.0232142538963263,0.713765357011829,0.0389228438957819,0.323126117564091,0.103554709282984,0.432877778110571,0.0468489166453419,0,0.00109176033294136,0.154916410593622,0.395433094594743,6.03609222913027e-05,6.99122311003684e-05,0.0101309695709453,0.00854010300366925,1.10828301139413,0.000716899223588153,0.00102180900095239,0.00143962335891166,0.0657029825553228,0.000536951515602231,0.0291724494144566,0.0153832748544276,0.516539873460902,0.0659658225968936,0.0081705913715378,0.000616796536656099,0.0135711553227115,0.000108176990336788,0.0498060050058525,0.788390069870933,0.0929479749607901,0.0108184446546893,0.0444645319545404,0.00705551803911969,0.228140845269067,0.0197703270667536,0.0123000669668453,0.0163239025306916,0.000730849304541087,0.00854266004115509,0.00148336118829589,0.109335395369006,0.00349550914891746,3.39129949067712e-05,8.85970642014029e-05,0.000189638508659935,0,0.0706663154910771,0.00354237163343211,0.0193408657098186,0.00357529743311057,0.00862973377698978,0.0323016401130617,0.0619378562205943,0.000608108637145579,0.181722793997462,0.000238610656393826,0.00535818280702938,0.0600693044792664,0.000662051078323352,7.7246977546191e-05,0.000263589651324332,0,0.029128443675189,0.000218818442795086,0.000198898684882784,8.92424436578034e-05,0.0495701693441508,0,0.00330831918476238,0.00257261259770511,0.065154093126066,0.00472897412795933,3.73963339170814e-05,0.000551990363610387,0.00017682277476415,7.83391377309083e-05,0.0229231064280717,0.272856404040213
0,0.232317416885437,0.000261641575780284,0.000181829896633762,0,0.00192197940844298,0.00160035383621354,0.00268329900964808,0.0387288030724263,0.00223899594034043,0.238666906810558,0.00109176033294136,0,0.00341334526939075,0.0016169386500542,0.0321591203874484,0.000202475603706741,5.74417102566003e-05,0,0.000324361692241633,0.00200269577270002,0.0609236725383406,0.00318018878330966,0.046629768386209,0.374009282447208,0.0104819038066247,0.0565708037294762,0.00351487201645511,0.00458958726947245,0.000612309717471206,0.163025683781891,0.00221671250144097,0,0.0210205394994928,0.000529483644338125,0.00780414882192412,0.208343546249141,0.0557559222260477,0.00233442867870952,0.00340491490529614,0.00299944861252367,0.358062601479752,0.00423304744274182,0.160110798128419,0.00465893748003541,0.000862921663292465,0.000121900985099745,4.06179308610201e-05,0.199759206677934,0,0.0316450671914674,0,0,0,0,0,0,0.00713591175515472,0,0.522933626419971,0,0.992372650343359,0.000206557880918467,5.84290507565022e-05,0.00300646177330545,5.629593655051e-05,0.000646185319468319,0.00115776820925889,0,0,0.0104987455872467,0.000144296868367672,0.00605434999485901,0.102396926392992,0.219945965446996,0.264967304276151,0.000682698900135756,0.000208554871485305,0,0.344435743190105,0,0,0.114522314057144,0.000146688657333982
0.821195868839263,0.000130004346974957,0.0550981944118416,0.0146298647480731,0.00239489964423729,0.12263472640695,3.13425441515817,1.11457021243946,0.013689566794758,0.362219342211224,0.0957838611714555,0.154916410593622,0.00341334526939075,0,0.0357280047020428,0.000663485888554013,0.127531950257739,0.0254433430793838,0.0396933650581948,0.0312315324020036,0.125186123633683,0,0.289985384827215,0.0483786679550954,0.000317670685758448,0.120130808294938,0.0302240409402886,0.329743094657178,0.990301212298915,1.48989272326903,0.00162870119806005,0.0135193092980584,0.0251774127207381,0.204272063198714,0.0108992220350934,0.104677349422851,0.0150126139454692,0.16201030135368,0.0501076249065458,0.0593864450249591,0.0335586070463495,0.0155727691498956,0.0188701339968935,0.000733767151022756,0.00534458069513822,0.000848420930342415,0.0222881056063885,0.000727690286451504,0,0.000259921684563172,0,0.000129940643303359,0.00270164586629806,0.000105788044543207,0.00137736439884104,0.00235971213385782,0.000216165027979684,0.00755731349356841,0.00174184605995563,0.000327573939920503,0.00262693388231014,0.000127294645640755,0.00019928909192934,0.00876029850085777,0.00216020751283315,0.000268718996416354,0,0.000120352099308085,0.00126362012349838,0.000284226826803816,0.000218302562592911,0.000642661374970699,0.0545116728479583,0.000158977086453962,0.00133895838165208,0.00356379100723552,0.0305302987592326,0.00158620598873125,0.000105829527886039,3.19351739651143e-05,0,0.000608403990909409,0.0145067462209466,0.00269316626758314
0.000744331542459117,0.00292744808973162,0.00134650374701317,0.0283406907546963,0.160360883018501,0.31048821008512,0.0263991747172805,0.0553996213482695,0.302752209552579,0.0738430609639276,0.0145923353204673,0.395433094594743,0.0016169386500542,0.0357280047020428,0,0.00855004669521866,0.00148196175792558,0.00353154122271843,0.00222434488449004,0.0308462758271803,0.0283022516612395,0.0131928363798902,0.0396977845958762,0.20684829358637,0.00214823396197995,0.00795245094657688,0.0160962573709963,0.148446760568439,0.0187287496995731,0.0190462053128041,0.000284917479116481,0.0116419074012955,0.00085435928466966,0.0141994333524856,0.145781056371351,0.0797482217517906,0.0131687277050358,0.0137683564882035,0.0124342496176344,0.569663513915029,0.0132265897399872,0.0116715713243661,0.0274337457099381,0.000622935782927394,0.00792385247862034,0.00401532879519165,0.0566989764755249,0.00290131783190387,9.35099338573934e-05,3.20718558622718e-05,3.81546931715607e-05,0.000147837846997965,0.00869114571439823,0.00235405854507012,0.00769883755876977,0.00179736749135106,0.00421603824282751,0.0114958099039064,0.0173339843095405,0.000241006106204438,0.00949966512907278,0,0.00400532858676422,0.0265765970113324,0.00722379673740723,4.25970945273161e-05,0.000133797102039909,0.000156629769274813,0.00441677696891657,0.000979408214012505,0.00330217633575542,0.002321388541699,0.0332644228226586,7.1319572546911e-05,0.000343806876893365,0.00227656304932371,0.0328093095540674,0.00737919534648053,0.000288686345304585,4.56101105089903e-05,0.000181442172961176,0.00055810084818033,0.0227501333195591,0.113223966587659
0.000160055603560198,0.153383266776963,0.0127844056167539,0,0.00118614581250176,0.000195990970057511,0.000141773494462031,0.000317215910941553,0.0114688602001167,0.000289297698001814,0.00657758067431791,6.03609222913027e-05,0.0321591203874484,0.000663485888554013,0.00855004669521866,0,0.0137027220553603,0.00215215528656089,0.00915137478876847,0,0.385663063985851,0.620105802953581,0.32807534570879,0.229630120055335,0.0679202378993748,0.0182481324639224,0.803229925574959,0.0713222700703345,0.000569347225440806,0.00119101915998151,0.00293783728361923,0.00023700330085876,0.000132408255743265,0.0421773821917615,0.0577546852226142,0.513379816199991,0.125369329713081,0.196902550214703,0.260290020161523,0.0260342043209996,0.00836502812018538,0.0115670841579402,0.254913727828056,0.0347799724908566,0.0442426679881303,0.0674229491082114,0.0163072620799037,0.0027363205160493,0.000492664659187496,0.00018946475137533,0.00107382814992095,0.00541097745730113,0.00049445978864119,0.000375348366899705,0.000291055216638452,0.00483049834314726,0.00125037136817004,0.0117269744569476,0.000270810334661007,0.000728437806369369,0.000602234494940525,0.000611114277480626,0.001369557227079,0.00246424472463747,1.27065811329046,0.00120561380064397,0.00020361292675637,0.000595619343060565,0.000125134315838289,0.0586142457825706,0.220948218396162,0.288808725563519,0.0989914302207467,0.000179640497984278,0.00343576286246154,0.176254145319456,0.146872030481945,0.00482156256255624,0.00384839208273343,0,0,0.000516221349696732,0.0755128681825939,0.0510125093940359
0.0437735991141147,0.00380054280975097,1.4382069822731,0.000108538878493094,8.20229764519452e-05,0.00244940577865118,0.00479652956187104,0.0339265354712363,0.000448289133139169,0.00024176017787143,0.00516224073539218,6.99122311003684e-05,0.000202475603706741,0.127531950257739,0.00148196175792558,0.0137027220553603,0,0.015442839723635,0.570272254693238,0,0.46128753013892,0.000864137266981027,1.01541772357079,0.00515806765720497,0.000248493821569008,0.976437867644937,2.17655671914664,0.0313537935403017,0.129587760298982,0.57846051273697,0,0.000593389772663259,0.00400342887006027,0.05208104227587,0.0166140739585014,0.264392256578626,0.173880190178992,0.0605683154403356,0.144366502712881,0.00653035774191111,0.0051198382508499,0.00126905434386992,0.0326779169564093,0.0333619137441427,0.0181014967539358,0.012183909122173,0.000821463788646803,0.000660361685840857,0.000264307977876663,0,0.00532784082254308,0.0224449315421297,2.88640472684145e-05,0.000106980529294395,0,2.56658328260362e-05,0,5.34653484926105e-05,0,0.000908776637383301,0,0.000165489695262599,0.000454198040913242,8.24260947634399e-05,0.00266809718350799,0.0220238377380003,0.00157551164354808,0.0181832433906009,0,0.000626632781180018,0.000314252187688828,0.0025045643776249,0.000285836315756083,0.000266923825456488,0.0792627707717735,0.332264006734264,0.00030866147659992,0.000409634089299398,0.000340651976215971,0.000184138851734155,7.67903681565283e-05,0,0.00793647476677923,0.00727916315362971
0.00176861892670284,4.54707991958857e-05,0.010671922740097,0.00117108078447611,0.000340372274429309,0.0135167755828903,0.0127366180240172,0.0136153179034237,0.00092543110688052,0.0181731565318152,0.770920826601624,0.0101309695709453,5.74417102566003e-05,0.0254433430793838,0.00353154122271843,0.00215215528656089,0.015442839723635,0,0.20384505529854,0.00325613144810283,0.0127601205261446,0.000122407003435635,0.0276488010206226,0.00351990556322863,0,0.170108296574341,0.110470610940715,0.0150236308703891,0.0638815876831043,0.0144699152737174,0,0.00692380662010863,9.63281323231818e-05,0.115288822087476,0.0186680027927179,0.233485811203734,0.103067392648302,0.161249325768074,0.155706073204751,0.0143626997613853,0.0106974207157406,0.00224538739886118,0.000955192322491849,0.00212076106045006,0.000791794179230686,0.000781137575609016,0.000295412347716039,7.46483425755741e-05,0,0,0.000405165238136029,0.000493626288689631,6.79849646752656e-05,4.47947923357368e-05,0,0,0,0.00087399473776091,0,0.00011761218148123,0,0.000563672964504528,0,0,0.000471806197706735,0.000178188682675266,2.98408742551446e-05,0.00145280864507827,0,0,0.000119600032389164,0.000527110348446405,0.000159011420358801,3.9237684643054e-05,0.0157686673163048,0.01955443346423,0,8.8936983141279e-05,0,0.00135542865713794,0,0,0.00112577232214181,0.00740632628281631
0.00943021648662477,0.00188323843437692,0.0904938972890118,0.000824081530983346,0.000598929379278844,0.00780315274022454,0.0115494043428175,0.0147045297699036,0.000492664248276401,0.0128299237433615,0.154394851185051,0.00854010300366925,0,0.0396933650581948,0.00222434488449004,0.00915137478876847,0.570272254693238,0.20384505529854,0,0.00239778411768198,0.0932199727102234,0.00064584601066916,0.146702602025358,0.0043964974168343,0.000296260478592956,0.649879672592836,0.828539554340517,0.019414125700021,0.0747095567153232,0.0882358188719231,0,0.00343785303023216,0.00117541026414242,0.17075557745335,0.0201509409044598,0.364206817318133,0.61247172037622,0.132036864645291,0.205674660981734,0.0100827332674433,0.00493439115572831,0.000932664725615457,0.0180162275009705,0.0183062727853,0.0115224181260489,0.00850426708595822,0.000512871112676311,9.12577176930668e-05,0,0,0.0047591028869428,0.00557667753281852,6.15342789234817e-05,6.90093432070613e-05,0,1.98047754414618e-05,0,0.000585213716879761,0,0.000981098903562847,5.94937504583359e-05,0.000372982108379316,0.000146268336789822,0,0.0014393283849293,0.00649345583988222,0.00154988632697109,0.0158884912661866,0,0.000323122770386076,0.000256863206872154,0.00162561413091829,0.000295386599362719,0.000767202675538205,0.13926024056823,0.212942219113654,0.000212680244554615,0.000311638749542242,8.92003273458602e-05,0.00440367139950242,0,0,0.00577244247894531,0.00637593405261599
0.000408612919194639,3.90220849872351e-05,0.000255011900891012,1.92363617734053,0.00219283202129,0.0540411643137159,0.00937446294234334,0.0621628493725333,0.0296064723722452,0.486190946245655,0.0108408794811224,1.10828301139413,0.000324361692241633,0.0312315324020036,0.0308462758271803,0,0,0.00325613144810283,0.00239778411768198,0,0.00023524053376677,3.85548334152699e-05,0.000129326156890201,0.0194208916355197,0,0.00500490105909187,0.00294813252413766,0.515518400396373,0.0179188164664141,0.00259308954068588,0.000176142936884397,0.00210399844247309,0.000153272075670731,0.0125555283110856,0.00128189036598219,0.0372766048357799,0.0020991052550435,0.00891021726805138,0.00179482517817948,0.0428514410178724,0.00501407503737362,0.00608178831967295,0.0112218564604713,0.000105259700037813,0.00479798435732315,0.000677659478163695,0.046634082388224,0.00241990027218423,5.27409578886628e-05,6.38295183095932e-05,0,0,0.0376095425829278,0.00124159477619753,0.00599804919793585,0.00342155696029756,0.0054400771600073,0.0129129287350716,0.0407450881378365,5.26989785470843e-05,0.0126477399153045,0,0.00239089125631158,0.0207814557080272,0.000572518253341031,0,0,0,0.00945015439311042,0.00021160921308636,8.79892644324304e-05,0.000150721633515524,0.0328905750366684,0,0,6.77968773850441e-05,0.0479941789891769,0.00288653582200796,3.72617501568794e-05,0,0,0,0.0120727745764006,0.000313643445729769
0.0254249061896225,0.00311029899874669,0.314331977222356,5.09408061882496e-05,0.00100584508622833,0.00493792879311182,0.0424029275874593,0.0645819178050128,0.00100556653416261,0.00100266610989631,0.0155321302750206,0.000716899223588153,0.00200269577270002,0.125186123633683,0.0283022516612395,0.385663063985851,0.46128753013892,0.0127601205261446,0.0932199727102234,0.00023524053376677,0,0.0224362866181088,5.21372198584035,0.255037075342654,0.001535913276503,0.207946056722346,0.159024194163163,1.98331687177047,0.108227075447599,2.57182276406573,0.000187597372129381,0.000516964951432031,0.0148666782142318,1.0181234071429,0.142676729203733,0.780864203129533,0.0862434608067804,1.09028566109284,0.550900129843293,0.0524781171726168,0.0598077392478621,0.0145668860087342,0.105812500828094,0.0109288329568587,0.0127510286283918,0.014258930755487,0.00935374432552994,0.0020132267392167,0.000113391912852645,0.000343857281987703,0.000178853860575342,0.000629310879715448,5.23359614229202e-05,0.000156315407759869,0.000420823760828746,0.000907364186527081,0.000321503122798401,0.00599737553409907,0.00022169124677974,0,0.000468230548971617,3.67930541701555e-05,0.000942234234880607,0.00160299593229604,0.232615935976295,0.000270306107316405,0,0.000200076532482689,0.000104933891120845,0.0463545768925479,0.0325090697501697,0.0375987793707053,0.0456692597353991,0,0.00135971440175164,0.0473361156702122,0.114807224828863,0.00514638972160448,0.00310112747555496,0,0,0.000837268724358523,0.0369385989485402,0.057841861009672
0,0.224803894778741,0.000229971337781418,0.000524265166818703,0.000997828084168277,4.98432958580613e-05,9.19403779924628e-05,7.68601047501149e-05,0.641345454386005,0.000571189011981576,0.00317029165130786,0.00102180900095239,0.0609236725383406,0,0.0131928363798902,0.620105802953581,0.000864137266981027,0.000122407003435635,0.00064584601066916,3.85548334152699e-05,0.0224362866181088,0,0.0372654181630714,0.743272622435594,0.102096221462638,0.00361173085498483,1.15512253594626,0.0112794579674118,0.000200214968015582,0.000257778150232893,0.00463480048136971,7.16242942535875e-05,4.17421587136269e-05,0.00143096986801709,0.00283441882016542,0.00755686600308458,0.00210235458433575,0.00287437540829659,0.00313749999542417,0.00435582036458299,0,0.000441966078863907,0.0718677680593952,0.00891218786484398,0.0134043146306299,0.0152301830587362,0.00456544821832659,0.000476771875664378,0.000496316546457923,0.000130695821109814,0.0215325519179716,0.00262747354139781,6.86888533059359e-05,0.000401849023724163,6.69607874484003e-05,0.00171223182184724,0.000470755684814227,0.0220305397021127,9.21537197125673e-05,0.00171985887135331,0.000338921496774578,0.00199302046835503,0.000634092245369142,0.00118644801478385,0.269898072515916,0.00117974543845543,0.000282613668706012,0.000808801343267282,0,0.0124427538564879,0.193543867423097,0.0265302667459242,0.0743817840770602,0.00123320926574687,0.00349694243794695,0.187849276703968,0.0558386027515655,0.0026658097057759,0.00123166647928707,0.000387785139075649,0,0.000270159343570256,0.00489926580914149,0.0103484721332175
0.0619538503144554,0.00795485784586479,2.73622159492062,0,0.00269789040452795,0.0130570497148128,0.0787407599047292,0.151173025587765,0.00216736077769591,0.00161222099429803,0.0415198651479681,0.00143962335891166,0.00318018878330966,0.289985384827215,0.0396977845958762,0.32807534570879,1.01541772357079,0.0276488010206226,0.146702602025358,0.000129326156890201,5.21372198584035,0.0372654181630714,0,0.0389436282355421,0.00452740526806921,1.27684671374889,2.46189376104364,0.435634205174755,0.129994715461698,0.737867099385193,0.000518617866215944,0.00195189143050153,0.00518172828124227,0.682789009701439,0.235816105757797,1.67766379812938,0.88060389093865,1.44340928995323,1.44970755504958,0.113113435568596,0.047196558069864,0.0194331042038105,0.167557472854978,0.0264305171021834,0.0437084500025552,0.0558343144563975,0.0110935736794874,0.00222609834174783,0,0.00017227291393109,0.000979692562415032,0.00855837361140738,7.52737451117635e-05,0.000775579683449696,0.00034959417781167,0.00377109894617422,0.000930236647803647,0.004399719368656,0.000175340350729168,0.000490707601707995,0.000208875012734592,0.000291015673709124,0.000847059482269392,0.00213759783127724,0.650668695774418,0.0032832380971025,0.000336231813866758,0.00284070408722239,0,0.028565672430179,0.0686371338771803,0.244872522227885,0.0428744431361267,8.44715085049391e-05,0.00774655875408441,0.558417763262844,0.0581855726132999,0.00136581603305526,0.00176119820852456,0,0.000212451923257315,0,0.109147301842482,0.123779319071541
0.00527205548245915,0.120724525391494,0.00595602208482959,0.108828116038278,0.0119337645565929,0.0163781794721786,0.199191442794633,0.0241548866114395,3.13206042883988,0.0447872116195696,0.0135682528003083,0.0657029825553228,0.046629768386209,0.0483786679550954,0.20684829358637,0.229630120055335,0.00515806765720497,0.00351990556322863,0.0043964974168343,0.0194208916355197,0.255037075342654,0.743272622435594,0.0389436282355421,0,0.0774197551440347,0.0146079972425155,0.255701151311992,0.867096340426059,0.14584039567112,0.159527795519992,0.00566440724463511,0.0040910096328308,0.0225606879453399,0.0807218059568271,0.087309830714869,0.544584798700173,0.036889763042738,0.102489440477584,0.0604388139842065,0.144509989453422,0.0624428474904287,0.0239142518567984,0.801802871998899,0.0317157794892984,0.203815811351511,0.048809450389126,0.353994189375471,0.0704027937230957,0.00144463557358848,0.00399756503176223,0.00205298030821254,0.00181365093510837,0.0736900545215272,0.0037640530992826,0.0224399283757982,0.0316587167449123,0.0533639923940184,0.472389188211963,0.159254533168834,0.00164132628373485,0.0313205588682994,0.000851962062545536,0.0614546577286068,0.0514909369114396,0.340555586330766,0.000328707994359147,0.000590826548682624,0.000998631826270377,0.0327882753098008,0.0613855158416679,0.205691619456956,0.0231984622156104,1.63647470488259,0.00111493066325574,0.00221420620109887,0.0216924044525891,0.994611149456908,0.214039451686619,0.0300074902722461,0,0.00295251901875608,0.0210741811578995,0.18745393617579,0.0970787337214564
0,0.302699796823418,0,5.058772149086e-05,4.72310012064934e-05,0.000281171190210217,3.28291774624705e-05,0.000388103209166992,0.0517341646665886,0.000145362421021324,0.0628180706664147,0.000536951515602231,0.374009282447208,0.000317670685758448,0.00214823396197995,0.0679202378993748,0.000248493821569008,0,0.000296260478592956,0,0.001535913276503,0.102096221462638,0.00452740526806921,0.0774197551440347,0,0.0290676148787331,0.417994275979974,0.000709685872316624,0.000615823843684023,8.60411307797432e-05,0.0276302787090857,0.000323707110867071,0,0.00613675746787873,0,0.00124083169354077,0.00457943317691521,0.00180029793288038,0.000361902770629633,0.000847450399841856,0.000741042993985681,0.0123000369433564,0.00545622084003425,0.0103172857409578,0.00227839721118083,0.00241886599858122,0.000536173345452225,0.000113752850517631,0.0108416464964889,0,0.0573934902214422,0.0003062353122226,0,0,3.40589243788779e-05,5.98716101893306e-05,0,0.00163848609737486,0,0.0332454947260386,0,0.155678340663443,3.62444172976494e-05,0,0.00221800207120197,0.00074478822240927,0.000189693525089896,0.0030917359364508,0,0.000271946642884749,0.00293505323850643,0.000441031285176778,0.00409175363925127,0.132539106102227,0.0570888418748481,0.251054214150139,0.000817465376729353,6.43769203735053e-05,4.12249046571851e-05,0.0444429279446849,0,0,0.00446588804195617,5.27754453663349e-05
0.0274617272861988,0.0123426949191357,3.72736202298386,0.00161094690841421,0.000753946031962023,0.0273028114109709,0.0343646533905227,0.0504610293197465,0.00458304954943023,0.0390388090542802,0.267328972801313,0.0291724494144566,0.0104819038066247,0.120130808294938,0.00795245094657688,0.0182481324639224,0.976437867644937,0.170108296574341,0.649879672592836,0.00500490105909187,0.207946056722346,0.00361173085498483,1.27684671374889,0.0146079972425155,0.0290676148787331,0,1.69599221913269,0.0519417597971025,0.161658109842116,0.125575619669589,0.0202184205833831,0.0171811062312001,0.00207184007114752,0.241107106993602,0.0589295698235499,1.01923051105801,0.965868996435065,0.48475536400436,0.449150967824322,0.0430697507755602,0.0294442141254163,0.0103228904894338,0.0922235731190463,0.158390863560186,0.0558336464145716,0.0355671547533777,0.00263013173357352,0.000396410864416981,0.00406140193401968,5.92305100191831e-05,0.0580207386242292,0.0252470433096383,8.18529817017616e-05,0,0.00033258610271461,5.30053480487585e-05,0,0.00212196016958618,0,0.0539439146447767,3.85536380375385e-05,0.096189429619216,0.000682341075433612,0.000134132164757752,0.00322069166113935,0.0339589524882679,0.0112227443770886,0.0610555855486747,0,0.00203051022851293,0.000838261859119929,0.00559949882943781,0.000507539912697071,0.038121659804489,1.37670704457199,1.8004100390711,0.000871159621379732,0.00286193489433931,0.000652532374687093,0.240408665491723,0,0,0.0274288352663178,0.0276518621962148
0.00487634175984471,1.18508089818605,1.05943194473036,0.000693027358043015,0.0031281613932908,0.0167987131712803,0.0286702679920463,0.0128171833141122,0.122301075415681,0.0153050792886183,0.118105883626598,0.0153832748544276,0.0565708037294762,0.0302240409402886,0.0160962573709963,0.803229925574959,2.17655671914664,0.110470610940715,0.828539554340517,0.00294813252413766,0.159024194163163,1.15512253594626,2.46189376104364,0.255701151311992,0.417994275979974,1.69599221913269,0,0.114224261601491,0.0662993755090805,0.0456243340678795,0.00402648413696677,0.00345011780706047,0.000563144333606553,0.913611510898183,0.166616393039539,3.05812332962872,0.942354972692617,1.29668464777325,1.41915456528576,0.079579525248233,0.0218274523514002,0.00975434110391761,0.711273328716118,0.353226593719503,0.367163172364213,0.277427029350255,0.0248984733028275,0.00608453938190678,0.00551055173954384,0.000235228322651195,0.664147514681779,0.260295135431872,0.000668043064849752,0.000916078151913127,0.000514988454537236,0.00729382909981899,0.00123783164616229,0.0544330188091322,0.000620681217513776,0.052083313537141,0.000697790324011004,0.112800194377849,0.00580071954178962,0.00549587512626852,0.447597766328895,0.267169864746287,0.0346113850613663,0.258893351018312,4.20150368857384e-05,0.0215699691543965,0.316071896291903,0.328986863134592,0.0919673134637867,0.121835971335659,2.0109179213025,12.1693406539096,0.033059342848866,0.00874710503382482,0.0114847970766832,0.151292308645826,0.000103474241522014,0.00045448579697243,0.152559333850524,0.105432365955002
