0,0,52.5782622694969,5.59164701402187,2.4524499475956,196.296520978212,7934.99119418859,2842.11476236582,7.85445314645767,47.0885979831219,136.1710703969,15.2277523875237,24.4421070516109,15513.3335774541,12.4950144588947,1.38908708095551,993.165962249041,86.8131957054138,193.973834484816,9.20790761709213,167.148250162601,0,596.591350018978,54.5680093467236,0,86.7958073616028,83.5659442543983,194.447892248631,6253.40373885632,7754.34675961733,11.6038538217545,113.153129994869,32.1176757216454,699.173691213131,83.2009330391884,209.907467514277,16.5770592391491,487.530131489038,139.201931297779,18.8908633887768,21.8590846955776,16.0736790895462,0.78816419839859,0,0,3.87417542934418,0.783497214317322,0,0,0,0,0,0,0,0,2.14094913005829,1.01956295967102,3.69788312911987,0,0.455216318368912,0.432000041007996,1.79753887653351,0,1.02047407627106,0.572013258934021,0,0,0,0,0.651453971862793,0,0,5.79503899812698,0,0,0.94164901971817,2.17857041954994,0.83501660823822,0,0.5339635014534,0,0,1.22305297851562,3.26115310192108
0,0,14.5672115087509,0,8.35378164052963,0.514121532440186,2.6720549762249,1.42363312840462,1889.98633417487,0,81.0177155733109,1.85387873649597,4319.02844455838,0.714120745658875,67.5609033405781,434.361578851938,19.9278302788734,5.84523987770081,9.64961993694305,0,20.3884560465813,3063.81633406878,24.1890868842602,3530.95477434993,3589.9050027132,126.67876881361,30852.7854717374,71.8396655321121,1.70405465364456,0.469864130020142,172.31545740366,7.813367664814,0,26.2875747978687,5.52683800458908,113.000236034393,263.669341892004,86.4245845973492,33.8156979382038,29.1903864145279,1.54755961894989,427.19347089529,69.0924857258797,129.246753573418,22.3448979556561,35.2750753760338,3.58518016338348,0.968208134174347,48.7487671971321,0,2842.68833613396,56.9528904855251,0.999462604522705,0,0,0.439891695976257,0.414610266685486,46.4439482092857,0,28.6385734677315,0,134.569752037525,0,0,42.2009800970554,39.0294550359249,2.49629104137421,15.5599720478058,3.42225128412247,7.04610258340836,183.97377294302,18.2633077502251,53.2786308526993,248.825223773718,373.232310682535,9469.78350055218,18.592759013176,0.85733026266098,0,150.208180725574,0,0,0.656441569328308,2.22489809989929
52.5782622694969,14.5672115087509,0,0.386405378580093,0.341786712408066,21.3235196918249,542.884065628052,237.943942606449,3.33984145522118,18.0756873786449,244.376428097486,14.0077646970749,2.84990245103836,311.5045132339,81.8808020353317,142.713228195906,30848.4549956322,899.986086010933,5509.56930148602,0,6267.41337510943,7.06505942344666,33065.8143668473,21.9297057390213,0,67417.7232081592,23574.9481586516,171.499247461557,182.269380927086,1070.20717668533,7.74092349410057,11.8159490227699,8.50187447667122,3447.78053745627,968.255760341883,8586.44430008531,2689.41827964783,7910.35963645577,5163.4170627594,98.383985221386,82.1695997416973,39.1021917462349,54.4035950601101,17.2772507667542,21.6665867269039,63.1481927633286,6.70668530464172,2.22371485829353,0,0,34.0402343869209,199.458392679691,0,1.41368508338928,0,5.7305434346199,1.15182349085808,3.58463603258133,0,0.71888130903244,0,0,3.23655250668526,44.9501405358315,164.478436440229,55.4622175991535,0.496717572212219,7.68362641334534,0,5.49875512719154,37.9580407142639,293.342576116323,19.2777802348137,0.561613619327545,56.4433736205101,2208.47216936946,26.1186245083809,0.612577676773071,3.26288697123528,0,0,0.827335715293884,12.5891915559769,529.282766193151
5.59164701402187,0,0.386405378580093,0,54.9731683433056,197.243580818176,329.209415286779,449.350142508745,2504.72815322876,4121.86363568902,89.30044901371,4089.44814074039,18.4690525531769,307.601152122021,485.333477199078,0,2.60200247168541,21.416137188673,2.80414462089539,17189.9272578657,2.44967025518417,0,0.463226228952408,6629.82829874754,0,8.73746341466904,5.12092626094818,9392.64172512293,224.323460042477,6.11836415529251,2.10365402698517,131.089896678925,0,207.928865611553,82.9832077026367,627.508558511734,17.5109332799911,288.730874091387,48.7157632112503,421.46008220315,162.034845679998,58.0667468011379,305.84757232666,7.88040521740913,234.251565277576,26.652371764183,550.388397336006,97.4053269028664,3.18019461631775,2.21095561981201,1.68703001737595,0,980.833630591631,28.6912342309952,153.208962529898,150.940015614033,322.973469316959,737.082997441292,249.343284726143,8.95000997185707,497.001083940268,7.24054819345474,368.280142873526,261.163348317146,4.14163157343864,0,0,0,851.987803071737,1.9233224093914,3.6496247947216,2.58203095197678,2153.39132773876,1.84540176391602,0,1.32470971345901,3569.95806190372,234.85224506259,2.81904381513596,0.729531109333038,0.906445205211639,1.02989357709885,160.206077128649,14.6081313192844
2.4524499475956,8.35378164052963,0.341786712408066,54.9731683433056,0,3620.57977944613,457.373227804899,214.102750241756,163.006208181381,756.622145026922,33.6841315925121,1711.58679836988,11.9957996606827,55.0867674946785,3736.31144720316,4.72051978111267,6.52473494410515,9.58506727218628,3.28973168134689,153.965303570032,73.1518335342407,21.9541657567024,45.8019924163818,270.582605153322,3.48738640546799,6.82930043339729,25.0787005722523,276.499182134867,34.266970962286,52.9819895327091,0.763731896877289,363.729306787252,0,2206.74563714862,1223.86698007584,1186.20624646544,34.4979937374592,310.920100092888,109.11419159174,13811.0406673253,13575.4525825083,157.693932890892,42.0189903974533,13.9581705331802,35.0353496670723,87.0489364266396,47.8314276635647,6.66123986244202,10.4310836791992,0,0,6.67920875549316,10.4846301674843,2.86572164297104,9.94243955612183,1.96893674135208,3.51924848556519,27.21489995718,2.90511777997017,7.87741166353226,17.546556353569,2.68826484680176,0.968370079994202,16.7936642467976,3.74541038274765,0,4.21128958463669,3.5866185426712,18.5350941419601,0.898198127746582,0,9.75162047147751,71.8523376584053,0,6.55134010314941,20.8100416660309,59.9428718984127,3.89368945360184,1.66266459226608,0,0,0,5.18671590089798,244.309403628111
196.296520978212,0.514121532440186,21.3235196918249,197.243580818176,3620.57977944613,0,9410.95481586456,11671.9106486142,184.984314382076,18946.7995192111,437.652382165194,12835.9994177222,94.2539645433426,1652.1760455817,4540.61415851116,0.938266217708588,88.5465016067028,81.7202088832855,22.2246730923653,1021.10021016002,141.7247274369,3.24691784381866,54.8631478846073,570.098394781351,6.91602471470833,42.4754718095064,17.9962941110134,1776.63516137004,666.491565406322,288.181245565414,26.136008888483,338.908784717321,4.52795726060867,978.987752795219,2820.99761876464,3314.21912017465,84.4511701762676,851.128835707903,204.045703977346,7355.55521169305,3030.94861704111,468.826092123985,169.656707376242,13.4569571316242,102.312817424536,185.106888651848,121.376737952232,54.5219237804413,32.7738138437271,0,0,0,39.2680920958519,8.67055797576904,53.3380842804909,26.9913003742695,35.3693341910839,140.851884663105,7.41067990660667,18.6464043855667,57.4276210963726,28.8310841023922,12.6237653195858,42.5533404350281,7.74897333979607,1.71170675754547,0,0,41.5636171400547,4.72689586877823,0.655877888202667,1.64167416095734,604.717180937529,0.485312789678574,1.31088745594025,0.89971935749054,411.927135437727,35.5352820456028,1.41237151622772,0,1.0383483171463,2.41842877864838,67.9216446876526,296.652041375637
7934.99119418859,2.6720549762249,542.884065628052,329.209415286779,457.373227804899,9410.95481586456,0,27454.1974953115,324.822729676962,28793.5673417747,1088.26323091984,1272.94740957022,229.486018180847,39762.2163835019,770.692719340324,7.87903574109077,1065.96795633435,305.323135524988,265.335610240698,349.063865095377,9417.37273439765,7.7580309510231,1333.85669669509,5290.00684189796,3.33734148740768,427.142489761114,178.555362552404,46391.2786042839,11444.1586725712,14907.1892876029,38.6477764248848,919.049355536699,236.675173252821,4272.98963412642,2458.05970790982,7832.55493927002,274.089776366949,6420.30413454771,1513.69874107838,1298.99718284607,1931.26314374804,368.893083333969,817.940605461597,21.0723103880882,483.895116001368,173.379048734903,388.344170093536,177.755844801664,20.1329581439495,3.37089085578918,0.696448862552643,0.334803998470306,81.4921246469021,3.93206334114075,69.7438814640045,83.7947546243668,197.243712335825,291.865451097488,32.9638265967369,8.01605787873268,25.580747961998,28.327791839838,367.254035294056,51.8635427951813,37.9506389796734,0.893797069787979,0,0,95.0715969502926,8.12070563435555,1.74077022075653,10.6040223836899,1863.4799375236,0,4.15620365738869,11.7334862053394,1659.64648929238,368.031895458698,32.0019180476665,1.24234959483147,6.03288912773132,10.729657381773,254.294198662043,154.036928921938
2842.11476236582,1.42363312840462,237.943942606449,449.350142508745,214.102750241756,11671.9106486142,27454.1974953115,0,267.688051372766,13763.1086200476,349.38466206193,8719.40779650211,58.9124222695827,28350.8443534374,652.322154402733,1.83032011985779,1683.5025768429,142.252435028553,314.327816218138,1715.02412229776,1306.53082680702,1.55347266793251,1359.44158056378,1197.80932399631,2.23532143235207,212.776781439781,133.853745400906,3671.7155816555,2386.25916415453,5509.41392573714,13.6524406671524,191.321571111679,51.8112865388393,890.049719303846,131.683192253113,2414.71645709872,100.417423218489,1010.24315837026,300.75375559926,1061.54840433598,183.835195749998,176.696125268936,275.317427545786,17.9698101580143,171.08067035675,64.3477489054203,255.189403086901,66.5048578679562,9.57974112033844,0.371650725603104,0,0,60.0267570912838,3.93925651907921,25.7565144002438,53.1510428488255,50.9924935996532,250.340716391802,16.4511759281158,7.07624310255051,54.9104644358158,15.7840397357941,41.8298499584198,27.826332449913,15.2049140930176,0,0,0,82.9064544439316,0.45249941945076,4.78485831618309,0.432644635438919,1214.22781547904,0.364827513694763,0.458290576934814,1.71423622965813,1036.46551284194,106.41225668788,7.05836576223373,1.4209212064743,0,0.892757833003998,96.1939801871777,8.75967261195183
7.85445314645767,1889.98633417487,3.33984145522118,2504.72815322876,163.006208181381,184.984314382076,324.822729676962,267.688051372766,0,678.828850626945,68.8954510688782,2414.42062750459,1168.13009744883,187.062894076109,1797.66149097681,353.345044016838,6.02515622973442,18.4258044660091,7.20832192897797,1065.53116860986,186.55597448349,12014.80232656,120.475113630295,38956.4768730402,1454.77927938104,30.0087203681469,7716.23206371069,5821.34978121519,277.794570803642,22.157929122448,130.342903584242,76.7804518342018,3.8840157687664,125.375846117735,111.445978879929,986.835049450397,88.5598913431168,245.929459989071,58.2777285575867,864.909236699343,117.254826247692,87.3397828936577,713.172761887312,19.0275036096573,351.857234507799,67.819269657135,1198.17436590791,123.302857726812,5.9451824426651,1.51910975575447,67.1256178915501,3.57302021980286,1098.98748061061,110.637937545776,320.809958100319,232.838965922594,457.076868027449,8459.94642451406,200.766455352306,55.8134634792805,1090.27463981509,18.6418095231056,469.868851840496,624.178135842085,2221.44786331058,1.92602559924126,19.5774888396263,2.99080467224121,745.220651268959,453.191565871239,1260.40025281906,605.033627808094,7864.22947302461,15.8338095843792,31.4200239777565,183.306141227484,5296.60337018967,372.245738387108,93.4752929210663,5.94285780191422,3.31575173139572,3.00713360309601,165.813126951456,201.576330542564
47.0885979831219,0,18.0756873786449,4121.86363568902,756.622145026922,18946.7995192111,28793.5673417747,13763.1086200476,678.828850626945,0,1117.67929142714,8838.98793455958,164.981615543365,6714.52803890407,810.868540197611,0,44.0670518875122,231.697000473738,44.3818592727184,11000.5758840144,45.0468016266823,0,10.8630104959011,943.88154438138,6.2663751244545,93.8398828804493,18.5172237753868,15800.1443454027,2861.74267441034,92.7534300386906,18.5961448252201,1374.56842570007,4.35102266073227,2533.0044439435,531.52038782835,6207.37769183517,133.018979728222,3224.10188859701,260.322568804026,1804.79302212596,1760.91656839848,371.725891023874,399.624981641769,3.12855622172356,277.041442900896,118.710323780775,462.227454930544,101.072413474321,20.9132521152496,3.07298851013184,0.485379278659821,0,595.40926232934,11.1525053083897,68.8904831111431,237.503096163273,224.9374345541,361.924952894449,174.731353670359,5.82429677248001,206.578345358372,10.5485427379608,111.884828865528,85.7636816203594,5.1088739335537,0,0,0,542.383800268173,1.49103760719299,5.21165490150452,0,1811.78597456217,0.899194657802582,0,4.8877859711647,3182.47907453775,197.013995945454,2.67881992459297,0.803900092840195,0,2.31078362464905,156.320344030857,17.700693666935
136.1710703969,81.0177155733109,244.376428097486,89.30044901371,33.6841315925121,437.652382165194,1088.26323091984,349.38466206193,68.8954510688782,1117.67929142714,0,1457.45189288259,7965.0841088891,763.728184044361,57.7874964773655,13.3407768011093,1200.23310026526,16216.1785311997,2286.9840271771,370.355620324612,561.450839757919,13.8505463600159,715.708558410406,239.058673381805,364.822003483772,3740.95911350846,957.826302915812,541.876838892698,2301.15487703681,338.437538743019,1634.73468792439,3714.56483578682,13.2918082773685,13408.6742642522,153.924137622118,1940.02856114507,5269.72452560067,11945.7772487104,1751.18102195859,67.7539419829845,97.9030336737633,2721.32591986656,15.3807269334793,898.854461193085,23.651829957962,13.4051325321198,8.67620971798897,2.06591284275055,288.129563868046,0,42.5135560631752,0,0,0,0.490933418273926,0,1.66667258739471,69.8868077099323,0,885.142308056355,2.43601605296135,4287.94702640176,0,2.5253478884697,2.75157046318054,0,2.27357625961304,0,0,0,5.31519645452499,0.40907022356987,51.5756973624229,555.204300373793,353.426362395287,1163.00645813346,9.22502914071083,2.02139806747437,0.361958831548691,1503.89872506261,0.949542701244354,0,10.6982954144478,61.3188816905022
15.2277523875237,1.85387873649597,14.0077646970749,4089.44814074039,1711.58679836988,12835.9994177222,1272.94740957022,8719.40779650211,2414.42062750459,8838.98793455958,1457.45189288259,0,284.327564954758,4202.77163547277,5154.26272025704,1.3363017141819,46.0320502817631,376.90962600708,62.2259106338024,12363.7600055933,20.4524400234222,6.06841516494751,14.2383053004742,1367.22841793299,6.36068308353424,191.900839328766,40.7259328067303,4161.65503981709,1754.33887287974,33.6507920920849,63.835107922554,1709.60213473439,0.591506779193878,1643.25683900714,3852.8404353559,2391.98099911213,77.2809004485607,1350.11888730526,174.74707710743,4598.43764516711,753.255468457937,446.917909651995,511.817456305027,29.1364395916462,309.770402133465,155.316423803568,2345.44068318605,148.436423242092,34.3203862011433,0.502101480960846,0.956070959568024,0,890.189754962921,135.423800706863,440.85073775053,123.351343393326,557.342449843884,488.845938116312,185.964340388775,30.7132535874844,2169.36874592304,38.4347985684872,467.720002114773,788.06286111474,11.9642633795738,0,0.799090802669525,0.451740086078644,1047.21388641,3.84916454553604,2.02360650897026,3.63846147060394,1599.00938335061,3.72076991200447,2.28706192970276,6.56301110982895,2768.62015289068,278.880758017302,8.69091215729713,2.92987561225891,1.19368368387222,2.63772708177567,170.593820005655,764.683786809444
24.4421070516109,4319.02844455838,2.84990245103836,18.4690525531769,11.9957996606827,94.2539645433426,229.486018180847,58.9124222695827,1168.13009744883,164.981615543365,7965.0841088891,284.327564954758,0,109.981897801161,48.9166296124458,77.2418542504311,2.732646048069,79.9043837189674,2.37387239933014,72.0670104324818,45.8721095323563,1089.64473536611,39.9990091323853,1219.67388349771,13717.504130125,251.632159739733,2465.67440867424,120.606454908848,260.593647658825,28.4122044742107,1756.18725204468,752.364725619555,0.64159631729126,1931.78895798326,15.6919025182724,367.449579417706,3119.4314147234,3067.73750555515,105.60011947155,25.7896594703197,42.8265282213688,5148.91330978274,33.2727297544479,2831.27114757895,71.9323511719704,14.7349219322205,3.08777856826782,1.43000817298889,1311.66209998727,0,225.261333853006,0,0,0,1.01301503181458,0,0,19.7491111159325,0,3183.74916911125,1.61656832695007,15986.4217724502,7.90272217988968,0.523501574993134,1.11919045448303,0,2.08994561433792,1.45311588048935,0,0,27.7340435385704,0,13.1573807001114,2943.06283518672,1257.92632257938,5557.67179501057,0,6.33247089385986,0,5595.73599743843,2.07965058088303,0,10.8224523067474,4.82752972841263
15513.3335774541,0.714120745658875,311.5045132339,307.601152122021,55.0867674946785,1652.1760455817,39762.2163835019,28350.8443534374,187.062894076109,6714.52803890407,763.728184044361,4202.77163547277,109.981897801161,0,170.273653030396,1.67780065536499,3135.94971394539,308.04779869318,625.190205663443,1095.61866304278,1435.86005577445,1.61393538117409,2253.02981832623,998.958258748055,2.13114038109779,403.743960633874,269.204669386148,3175.13329070807,16476.5592936277,13393.4477280974,30.3959559500217,1053.30125874281,92.8858451247215,1856.49355083704,235.075557470322,2642.68309396505,104.410283267498,1589.13411431015,511.608363747597,365.470152139664,139.968871623278,106.425126463175,221.271183460951,13.9778088331223,129.790313214064,33.304124802351,107.498775333166,25.6813372373581,9.32944139838219,1.75177776813507,0,0,30.083429902792,4.09380665421486,9.19878503680229,45.3131365776062,18.6591250002384,159.122108012438,6.55774649977684,5.04376068711281,20.9253886640072,14.403333991766,21.2114772796631,13.3157953619957,14.233203202486,0,0,0,54.7072340846062,0.971065551042557,2.99282056093216,1.39426285028458,873.435224801302,0,2.73987394571304,3.3279179930687,735.713594168425,44.7927676737309,7.1043227314949,3.8859486579895,1.92639917135239,1.16341197490692,68.8326237797737,8.5864169895649
12.4950144588947,67.5609033405781,81.8808020353317,485.333477199078,3736.31144720316,4540.61415851116,770.692719340324,652.322154402733,1797.66149097681,810.868540197611,57.7874964773655,5154.26272025704,48.9166296124458,170.273653030396,0,61.3748152852058,31.350762873888,30.2235442996025,30.0638887286186,408.210194736719,641.845493078232,324.660709649324,490.150512218475,3125.73040145636,41.126862436533,75.1575608551502,715.201194673777,1505.53384831548,146.337294697762,470.608417779207,7.28163555264473,118.842282176018,5.92644107341766,110.433945208788,6715.89428403974,695.916913658381,266.262971937656,145.76681625843,177.700185835361,11037.5235732496,1117.77150374651,74.1483228802681,170.137424498796,83.3533051013947,90.8970753550529,446.507754564285,578.798411697149,28.6278209090233,9.05354601144791,0.352528065443039,0.74217301607132,20.5390384793282,170.361818224192,26.6827653050423,91.9400910139084,12.9931735992432,88.0488243997097,145.597735106945,33.2781107127666,5.97778791189194,334.8923137784,14.4936974048615,77.4934343993664,201.693075656891,15.2056928873062,5.04695212841034,22.9061675071716,25.1750034689903,158.029034078121,13.6380906999111,4.76388078927994,46.9419510364532,319.691921472549,0,71.2540710270405,125.791720479727,418.003707051277,30.5736658275127,6.60656040906906,3.29088139533997,0,0,31.3655996918678,1710.73891443014
1.38908708095551,434.361578851938,142.713228195906,0,4.72051978111267,0.938266217708588,7.87903574109077,1.83032011985779,353.345044016838,0,13.3407768011093,1.3363017141819,77.2418542504311,1.67780065536499,61.3748152852058,0,118.522094041109,15.848100066185,22.5034478604794,0,14337.1124585867,8549.33701536059,9740.240983814,2278.92851313949,127.358585000038,79.33684232831,7729.07594358921,2475.35301175714,6.375952064991,36.7347536087036,13.9434000253677,2.69165325164795,0,68.1196622252464,940.702837824821,7593.41621518135,5039.92005246878,1046.36951178312,1695.75127968192,74.3769161105156,60.6236557364464,34.6489419639111,715.330351561308,164.237406015396,314.874032527208,218.343379080296,27.5962750315666,11.0491679310799,0.742604970932007,0.743425935506821,15.4328243136406,70.4410057961941,0,0,2.47799730300903,29.1064576506615,15.9161467552185,111.4007781744,0.396138370037079,4.90652874112129,1.0773241519928,2.21289193630219,15.194572031498,20.1297485232353,18343.8180893958,59.0134001076221,1.71925765275955,3.23627409338951,0,1368.82451206446,5644.074031353,10793.3414824307,737.668216943741,0,47.7385085523129,2999.92863678932,716.870628416538,11.97010871768,226.421417981386,4.2971459031105,0.373419314622879,2.22360128164291,96.1181937158108,337.727118015289
993.165962249041,19.9278302788734,30848.4549956322,2.60200247168541,6.52473494410515,88.5465016067028,1065.96795633435,1683.5025768429,6.02515622973442,44.0670518875122,1200.23310026526,46.0320502817631,2.732646048069,3135.94971394539,31.350762873888,118.522094041109,0,1429.24149146676,8974.46017369628,12.3528335094452,8690.30276378989,4.72385388612747,16308.9377251863,31.7356115877628,0,4712.13681316376,22909.1039185524,231.072564393282,3045.25038740039,7119.28489586711,2.43014317750931,36.2932342886925,175.041840434074,14040.3469706476,219.567278891802,1914.08682897687,657.350824803114,4398.64886203408,1679.89311748743,44.915296882391,70.6461481750011,18.2733092010021,16.4936292171478,2.4695957005024,4.47633504867554,22.2365093827248,0.802697479724884,0,1.54564833641052,0,7.52632313966751,55.6841196417809,0,0,0,0,0,4.25386250019073,0,2.01285672187805,0,0,0,8.33180046081543,42.5678772330284,6.27036213874817,0.813179075717926,3.78921395540237,0,2.06509494781494,10.9589518904686,20.2201453447342,8.64712119102478,0,31.456714451313,789.893620371819,4.73391103744507,0,1.68550753593445,0,0,0,0.937497735023499,93.3711341619492
86.8131957054138,5.84523987770081,899.986086010933,21.416137188673,9.58506727218628,81.7202088832855,305.323135524988,142.252435028553,18.4258044660091,231.697000473738,16216.1785311997,376.90962600708,79.9043837189674,308.04779869318,30.2235442996025,15.848100066185,1429.24149146676,0,7090.87521830201,64.238148868084,553.81733199954,1.84913182258606,770.820498198271,54.5123321413994,12.2599119544029,5877.21588176489,2646.94708457589,145.68433842063,710.450937181711,391.433768391609,424.585527151823,616.615915596485,9.8087118268013,4472.34588736296,267.157491624355,2994.40428999066,4888.70897433162,7508.42779743671,2871.89202326536,36.7794211506844,61.3813124895096,58.389919757843,2.98654544353485,43.7772619724274,0.958930909633636,13.4802138209343,0,0,0.643233716487885,0,9.69061732292175,7.40514951944351,0,1.39810943603516,0,0,0,11.1749976277351,0,32.6521173715591,0.97413843870163,51.6274614930153,0,7.07875746488571,0.577039659023285,4.36895179748535,0,1.65263831615448,0,0,0,0,0,14.2580223679543,69.6467483043671,305.320201843977,0,0,0,143.851278066635,0,0,0,119.814265459776
193.973834484816,9.64961993694305,5509.56930148602,2.80414462089539,3.28973168134689,22.2246730923653,265.335610240698,314.327816218138,7.20832192897797,44.3818592727184,2286.9840271771,62.2259106338024,2.37387239933014,625.190205663443,30.0638887286186,22.5034478604794,8974.46017369628,7090.87521830201,0,7.48901560902596,1617.45916944742,3.39795553684235,2517.55799648166,16.5782977044582,6.12992918491364,24774.1684595942,5331.74292996526,81.9357938468456,694.705114305019,1177.64021009207,57.25519490242,66.5113191902637,27.8752143383026,6262.08768567443,250.619359731674,2736.45456364751,1878.18685823679,3746.35457092524,2117.60738995671,24.0007290244102,49.1498553454876,35.7742527723312,2.49158668518066,12.7189717888832,1.76639968156815,18.1880950331688,2.74735888838768,0,0,0,10.3304391205311,16.070227265358,0,0,0,0,0,3.22625789046288,0,2.91483926773071,0,4.04461520910263,0,11.4428832530975,4.17965930700302,15.0059692263603,0,2.50760716199875,0,0,0,2.63866585493088,0,1.34805083274841,55.010877341032,579.755549490452,0,0,0,17.3738467097282,0,0,1.18832403421402,98.055312693119
9.20790761709213,0,0,17189.9272578657,153.965303570032,1021.10021016002,349.063865095377,1715.02412229776,1065.53116860986,11000.5758840144,370.355620324612,12363.7600055933,72.0670104324818,1095.61866304278,408.210194736719,0,12.3528335094452,64.238148868084,7.48901560902596,0,6.03008586168289,0,8.88210359215736,1536.03782394528,0.549251079559326,48.8438603281975,14.1216877698898,22215.933027178,535.075007975101,20.7757342457771,13.6547660827637,408.533510804176,0,559.858527868986,129.494430482388,1326.55693340302,39.5834512710571,610.237015277147,75.8839475512505,776.938937097788,387.387690007687,127.363531649113,342.91926586628,5.22063067555428,223.598094880581,48.7173333466053,646.414555162191,108.194198846817,12.1012973487377,1.21356609463692,0,0,700.544801294804,21.4420554935932,173.774909943342,149.772181779146,321.429761886597,443.619680762291,178.05802577734,11.1288166642189,440.720675498247,8.35670360922813,348.723273217678,183.371800333261,7.33485150337219,0,0,0,622.350418776274,0.985088616609573,1.50225365161896,1.10655665397644,1526.67342948914,0,0.5835080742836,5.46384736895561,2897.56229051948,300.684896856546,4.0094467997551,0,0.855116307735443,4.76282787322998,160.858956068754,14.3410301208496
167.148250162601,20.3884560465813,6267.41337510943,2.44967025518417,73.1518335342407,141.7247274369,9417.37273439765,1306.53082680702,186.55597448349,45.0468016266823,561.450839757919,20.4524400234222,45.8721095323563,1435.86005577445,641.845493078232,14337.1124585867,8690.30276378989,553.81733199954,1617.45916944742,6.03008586168289,0,990.2805814147,58445.7136186659,235.000157386065,7.7973604798317,2499.54019457102,2937.96842384338,11303.1412372589,1177.64197778702,48314.8308220804,29.9743283987045,44.1668755114079,207.140282183886,15246.3548121452,7669.454295367,27094.3039749563,5304.94175222516,25233.1664968133,14839.8064534068,324.839341580868,581.398147255182,179.645841836929,425.924579054117,38.3374545872211,98.8495365679264,206.139979153872,31.2649648785591,29.5989044904709,4.53554838895798,0.512531459331512,4.55004549026489,27.416421353817,0,3.54240810871124,3.7239396572113,55.3413459062576,30.2338696122169,77.5873782038689,0,7.32704225182533,2.0414189696312,15.3175852894783,20.0158164799213,67.1526211500168,4446.51771122217,36.7386391758919,0.62316370010376,2.26421722769737,0,1642.64952066541,984.664901167154,1937.08057147264,1190.44556704164,0,12.5593466162682,601.744717866182,1433.17870652676,15.7559994459152,397.465632706881,0,0,13.6777748465538,65.8975401818752,1425.60695201159
0,3063.81633406878,7.06505942344666,0,21.9541657567024,3.24691784381866,7.7580309510231,1.55347266793251,12014.80232656,0,13.8505463600159,6.06841516494751,1089.64473536611,1.61393538117409,324.660709649324,8549.33701536059,4.72385388612747,1.84913182258606,3.39795553684235,0,990.2805814147,0,1184.82452189922,21706.4599731863,1524.09014040232,24.0114700198174,18181.0146070719,1230.3996014595,4.4937652349472,0.70877605676651,73.1578923463821,1.82089680433273,1.16949927806854,9.41084176301956,12.0955436229706,130.86541441083,115.211369693279,36.3154936134815,22.056984603405,111.389614403248,6.21874645352364,67.1690156161785,269.099288642406,59.9532708823681,108.862911939621,54.454630613327,4.42069876194,7.22968631982803,2.30507218837738,0,389.081720948219,72.5063112676144,1.0389062166214,0,0,8.44344425201416,7.59704753756523,185.087143599987,2.19311362504959,6.85080164670944,0,21.7920589447021,7.82206609845161,4.29521405696869,4441.24853879213,34.5253269672394,2.4687811434269,9.54057809710503,3.28059777617455,534.632507234812,4396.01160344481,1622.54259058833,620.928799390793,11.8266440629959,121.379120260477,5547.60097759962,513.945697754622,5.42772001028061,83.7272784411907,14.9525724649429,0,0,29.254816621542,24.7765455842018
596.591350018978,24.1890868842602,33065.8143668473,0.463226228952408,45.8019924163818,54.8631478846073,1333.85669669509,1359.44158056378,120.475113630295,10.8630104959011,715.708558410406,14.2383053004742,39.9990091323853,2253.02981832623,490.150512218475,9740.240983814,16308.9377251863,770.820498198271,2517.55799648166,8.88210359215736,58445.7136186659,1184.82452189922,0,318.192071825266,11.8150610923767,5910.68381977081,32610.7334781885,2015.88696795702,1906.99716803432,13881.3456709683,30.314802646637,23.4628093540668,98.4230107665062,13845.4414436817,7453.41511017084,39893.4613804221,22060.704760313,27521.2286789715,21891.2016808093,505.138682723045,551.326771825552,133.607850909233,500.06763279438,146.197263062,191.158854961395,304.742475003004,34.0156627595425,24.4378346204758,2.90410768985748,0,6.03975453972816,111.700767099857,0,4.82744884490967,0.390858680009842,9.55351868271828,4.84933370351791,2.87234365940094,0.35796257853508,3.277786642313,0.820617437362671,1.12135314941406,5.63910183310509,120.50672608614,11132.0531502366,44.1817812025547,0.715682595968246,11.0650850534439,0,1070.54141008854,2164.75562036037,7675.95361360908,198.856512874365,0.535943150520325,78.4697858393192,3603.14210864902,219.526168346405,0.523288667201996,171.791811406612,9.13760656118393,0,0,72.3638246655464,2771.29445913434
54.5680093467236,3530.95477434993,21.9297057390213,6629.82829874754,270.582605153322,570.098394781351,5290.00684189796,1197.80932399631,38956.4768730402,943.88154438138,239.058673381805,1367.22841793299,1219.67388349771,998.958258748055,3125.73040145636,2278.92851313949,31.7356115877628,54.5123321413994,16.5782977044582,1536.03782394528,235.000157386065,21706.4599731863,318.192071825266,0,1900.76345455647,59.562232285738,9162.72784277797,14774.8667930067,2111.0439466238,295.448351025581,83.6924750506878,337.119166582823,142.964127540588,904.398022592068,1532.83783763647,8071.18766453862,767.436037540436,1698.02464738488,631.813059926033,2090.58266711235,637.772421658039,315.863625705242,4403.49920114875,86.2552573680878,2345.76121816039,452.231173187494,1635.32143628597,680.300788223743,47.0740323662758,26.0119099915028,50.7480870187283,16.4509445726871,1037.9722892344,44.0896058082581,486.86799171567,750.4112624228,1431.51564231515,8137.99080988765,376.563128590584,105.926122099161,355.268275886774,54.6868979632854,2046.05352964997,355.964269787073,4406.877954036,26.84483730793,3.92165592312813,6.07524281740189,910.020306408405,989.080552101135,1258.01869365573,1329.4298016727,20764.8807182014,8.28446346521378,10.772513538599,429.771866649389,14929.5448246598,2029.69147697091,441.899991869926,5.58170679211617,21.9449788630009,56.3834065496922,1237.51183381677,459.448100686073
0,3589.9050027132,0,0,3.48738640546799,6.91602471470833,3.33734148740768,2.23532143235207,1454.77927938104,6.2663751244545,364.822003483772,6.36068308353424,13717.504130125,2.13114038109779,41.126862436533,127.358585000038,0,12.2599119544029,6.12992918491364,0.549251079559326,7.7973604798317,1524.09014040232,11.8150610923767,1900.76345455647,0,73.5458152294159,3914.49994617701,42.4131972193718,5.29602634906769,2.10390865802765,422.271357893944,20.1269241273403,0,73.0921048223972,0,55.9471606016159,719.224587887526,162.041627883911,9.69669845700264,14.0372185111046,3.3849766254425,2587.39605975151,12.9258400201797,290.860229492188,16.3133198022842,7.73537254333496,1.95461487770081,1.14063906669617,391.725893616676,0,910.798844337463,0,1.30480206012726,0,0.637754142284393,0,0,20.2630623281002,0,279.884809792042,0,2485.35836926103,1.14769434928894,0,9.66670963168144,0,0,0,0,0.841403722763062,16.031337171793,0,19.494771450758,1954.45025670528,235.720860302448,2480.63759866357,4.90183067321777,3.61323869228363,0,905.807477831841,0.957545697689056,0,0,0
86.7958073616028,126.67876881361,67417.7232081592,8.73746341466904,6.82930043339729,42.4754718095064,427.142489761114,212.776781439781,30.0087203681469,93.8398828804493,3740.95911350846,191.900839328766,251.632159739733,403.743960633874,75.1575608551502,79.33684232831,4712.13681316376,5877.21588176489,24774.1684595942,48.8438603281975,2499.54019457102,24.0114700198174,5910.68381977081,59.562232285738,73.5458152294159,0,27198.5896011591,132.676658898592,528.989135533571,846.017847180367,2649.99327549338,301.525765419006,14.6093406677246,4137.18876245618,693.520828813314,9117.93163487315,12750.5258517861,9018.91429793835,5769.00666818023,63.4411567151546,140.984298974276,159.83491268754,83.7405951023102,530.266542106867,43.145533233881,88.5397207438946,9.67314660549164,4.47030764818192,20.4267410635948,0,225.051712572575,78.7155427336693,0,0,0,0.467644065618515,0,20.6061301827431,0,317.36841532588,0,646.221444398165,0,26.3219903707504,17.7486594617367,105.990582257509,17.3477057218552,37.8306409716606,0,0.584201157093048,48.9045053422451,15.1388646662235,15.4705567955971,111.296270489693,1266.91726249456,6596.28062033653,7.83970463275909,0,1.31730711460114,1179.98021474481,0,0,8.36180606484413,305.366046279669
83.5659442543983,30852.7854717374,23574.9481586516,5.12092626094818,25.0787005722523,17.9962941110134,178.555362552404,133.853745400906,7716.23206371069,18.5172237753868,957.826302915812,40.7259328067303,2465.67440867424,269.204669386148,715.201194673777,7729.07594358921,22909.1039185524,2646.94708457589,5331.74292996526,14.1216877698898,2937.96842384338,18181.0146070719,32610.7334781885,9162.72784277797,3914.49994617701,27198.5896011591,0,1316.64851331711,376.920875996351,903.036423444748,3537.04621437192,80.4305636882782,18.396478921175,6292.93041884899,4320.72750914097,47132.0366209745,26562.7234118879,22225.4118731618,18651.4832548797,497.278438150883,411.410648494959,259.844732999802,2749.41978570819,3353.43692061305,1185.81891107559,1546.47395214438,135.557858735323,25.3277356624603,65.941188454628,5.1122710108757,10137.6169760525,9618.39477536082,1.25003901124001,1.53323382139206,0.517420947551727,228.88838121295,27.833002448082,301.906700283289,0.378515213727951,809.85288092494,4.18036210536957,1900.47941237688,66.8786762654781,153.662955731153,7917.26679602265,2508.82602569461,138.480899721384,640.548039764166,2.70478272438049,96.6125058531761,5636.06401288509,8567.78133296967,413.071678727865,1834.73473584652,12845.1368628144,188160.360742778,154.391926944256,11.560821980238,28.2669056653976,6035.14891847968,0,0,396.638232886791,1965.00515779853
194.447892248631,71.8396655321121,171.499247461557,9392.64172512293,276.499182134867,1776.63516137004,46391.2786042839,3671.7155816555,5821.34978121519,15800.1443454027,541.876838892698,4161.65503981709,120.606454908848,3175.13329070807,1505.53384831548,2475.35301175714,231.072564393282,145.68433842063,81.9357938468456,22215.933027178,11303.1412372589,1230.3996014595,2015.88696795702,14774.8667930067,42.4131972193718,132.676658898592,1316.64851331711,0,7926.3708948493,17581.5229441226,15.1915082037449,740.842036098242,906.421020060778,4068.11263969541,6405.63455787301,23513.68909657,1974.75145888329,7661.83121943474,3093.64137116075,2011.39721819758,1635.20836639404,581.746878117323,5697.14283460379,123.788444578648,2694.88672345877,622.247606158257,2025.17114910483,842.407439261675,63.8831830620766,33.2142827212811,11.1988684535027,25.8495391607285,1417.78024986386,38.2528157830238,359.104236155748,869.122742503881,1148.39195209742,3532.84324398637,373.703389793634,50.3464121222496,488.189852446318,96.3842335939407,1687.70196926594,393.764695435762,4221.2850536406,58.6013695001602,0,4.43797370791435,1141.32053437829,1109.74461463094,794.79129743576,1204.24049833417,16621.8437452316,0,27.81153434515,557.052637428045,14820.3251070678,1829.4772067368,877.931452870369,0.541527569293976,9.59022670984268,53.9887816011906,1373.41124016047,818.038858950138
6253.40373885632,1.70405465364456,182.269380927086,224.323460042477,34.266970962286,666.491565406322,11444.1586725712,2386.25916415453,277.794570803642,2861.74267441034,2301.15487703681,1754.33887287974,260.593647658825,16476.5592936277,146.337294697762,6.375952064991,3045.25038740039,710.450937181711,694.705114305019,535.075007975101,1177.64197778702,4.4937652349472,1906.99716803432,2111.0439466238,5.29602634906769,528.989135533571,376.920875996351,7926.3708948493,0,18536.0646983683,103.853007823229,3871.44744923711,5239.89399954677,6535.09786966443,393.508081942797,1862.28896251321,129.937625259161,3441.92791472375,685.054669350386,189.99216645956,161.108430415392,102.446057856083,117.064891457558,9.59864500164986,81.1620033979416,29.7605428695679,70.7400695979595,18.9112739264965,2.93094408512115,0,0,0,20.8037918508053,0,5.99671226739883,28.6243339180946,13.316375464201,126.44422596693,11.3065178394318,1.74836632609367,11.0527608692646,21.5328440666199,16.0492478609085,7.09533116221428,8.24018684029579,0,0,0,24.3821613192558,1.08750528097153,0.493025928735733,0.892157852649689,504.148812830448,3.86642062664032,0.801178932189941,2.08947515487671,444.908849537373,46.9604935348034,3.11496007442474,3.16842943429947,0.757376492023468,1.40015339851379,31.4838107228279,40.3395093679428
7754.34675961733,0.469864130020142,1070.20717668533,6.11836415529251,52.9819895327091,288.181245565414,14907.1892876029,5509.41392573714,22.157929122448,92.7534300386906,338.437538743019,33.6507920920849,28.4122044742107,13393.4477280974,470.608417779207,36.7347536087036,7119.28489586711,391.433768391609,1177.64021009207,20.7757342457771,48314.8308220804,0.70877605676651,13881.3456709683,295.448351025581,2.10390865802765,846.017847180367,903.036423444748,17581.5229441226,18536.0646983683,0,21.4818656146526,94.5216257870197,2413.2806661129,11306.2911624014,4454.07678312063,9977.64663857222,766.319785296917,10369.607454896,3521.83888325095,288.401991099119,438.70917609334,133.579362332821,221.929139196873,16.6840006709099,84.8063517212868,70.2665989995003,59.2857756316662,30.5395664870739,10.6998176574707,1.39938795566559,0,0,1.1021420955658,2.38660770654678,3.6349732875824,14.7297906577587,11.0905829966068,25.1358644366264,0.815193057060242,2.58592706918716,3.34983485937119,5.67925101518631,10.873867303133,36.6332595348358,155.912052363157,1.87358146905899,0.520029664039612,0,1.72846195101738,62.8452710211277,21.4204661250114,27.0575741529465,456.27846172452,0,0.854057729244232,21.2030557990074,413.079168558121,47.7651591598988,38.6086364388466,1.41645985841751,2.20486903190613,1.90855300426483,46.841554582119,521.040230184793
11.6038538217545,172.31545740366,7.74092349410057,2.10365402698517,0.763731896877289,26.136008888483,38.6477764248848,13.6524406671524,130.342903584242,18.5961448252201,1634.73468792439,63.835107922554,1756.18725204468,30.3959559500217,7.28163555264473,13.9434000253677,2.43014317750931,424.585527151823,57.25519490242,13.6547660827637,29.9743283987045,73.1578923463821,30.314802646637,83.6924750506878,422.271357893944,2649.99327549338,3537.04621437192,15.1915082037449,103.853007823229,21.4818656146526,0,181.162906438112,0.777035295963287,217.548086971045,45.3570576906204,708.330368071795,3435.96069321036,1199.91206771135,515.903139591217,8.53582668304443,16.7030321061611,144.367442935705,11.9885681271553,1160.86574941874,28.2722096741199,10.1809848546982,0.730920612812042,0,103.580627024174,0,200.201729178429,0.662026822566986,0,0,0,0,0,5.74692165851593,0,899.110007494688,0,2481.27067524195,0,3.04714804887772,0.39141833782196,0,0.837438225746155,0,0,0,23.225781083107,0,1.06887888908386,432.095617473125,1436.6751908958,4814.29260221124,0,0,0,3393.53528124094,0,0,8.05447375774384,14.9650391340256
