0,0,0.00655595039860877,0.000158396663173908,4.34028037911176e-05,0.00382438907505167,0.847858340513637,0.0920708794077528,0.000112735430784464,0.0139195595689255,0.00167456212233558,0.00124246072350804,0.000888267637754003,0.610531834016954,0,0.000332040086380023,0.0336246515591574,0.00232424593663828,0.0280646898710267,0.000523050564810926,0.0286610875171595,5.0081370550561e-05,0.153364828510966,0.000966655423806796,0,0.0325021164654763,0.00638255770356627,0.0117787791999676,0.337496038205249,0.481366498061652,0,0.000389576215433347,0.00252423955750159,0.0211766709231174,0.00108762461367819,0.00705236359705733,0.00153933860387764,0.0115793819845125,0.00390163806211691,0.00230022083586566,0.000116950821121752,3.82367785859466e-05,0.0001698763956913,0,0.000509316459199655,0.000106627538399077,6.08011692545414e-05,0,0,0,0,5.69547862143755e-05,0,0.000106792067213273,0,0,0,0.000680583520969391,0,0.000433346856812525,0,9.45494714795115e-05,0,0,0,0,0,0,0,0,0,0.000106826214509416,0.00227654548836338,0,0,4.30800051322699e-05,0.000570302229578513,0.000134358292872834,7.06764021032214e-05,0,0,0.000117609013333082,0.000388149308895183,9.17292926690342e-05
0,0,0.00013052658249898,0.000794883088764453,0.0017721867589406,0.000788859913070953,0.000496463465156436,0.000815354985351914,0.20914835560074,0.000638628209056848,0.0129209956746871,0.000799502226244992,0.0879283677448697,0.00113566040933284,0.00937251444126596,0.0207966834438973,0.000451547983858019,0.000257884577056527,0.00016102274466939,0.000133269375820422,0.000987199680751596,0.250046498550338,0.0022638961263031,0.356724168268594,0.463077969936882,0.0107566587375649,0.506823224432815,0.00649743689811396,0.000617445296094185,0,0.00811090306655517,0.000944889374964322,0,0.00786546445813505,0.000173195183510911,0.00319526484703886,0.00882409593941798,0.00610450865306332,0.000404562707503676,0.00406851129904913,4.68489411197662e-05,0.0243235480100707,0.0122378969611544,0.0189657543473007,0.00710816412668148,0.00270694498102608,0.000997667112160176,0.000285793825028991,0.0164523308201599,0.000117401389974475,0.204507537421643,0.00445093687264053,0.000167271766557419,0,0,0.000479858393301069,8.29525166710198e-05,0.002327331995962,0.000277036223538089,0.00912283704832732,0.000206128098478359,0.0333181959881167,0.0005371073023462,0,0.00158282238693498,0.00591511898096892,0.000446601794697523,0.0016426341028847,0,0.000178656939896799,0.0191789259540706,0.00484232920247685,0.00585107177672028,0.0176282932089483,0.0341189298615713,0.410848173367985,0.00142388879651953,0.00031053645509634,0.000180362591182756,0.00441885158118891,0,5.82784248853445e-05,0.00426124699317612,0.000601117812103307
0.00655595039860877,0.00013052658249898,0,0,0.000156703281007349,0.00242666410254537,0.276454235650764,0.152525086594837,0.000196866893628442,0.00321258402627693,0.00871992131940043,7.97146003812671e-05,0.00427104703887056,0.122411294154672,0.000266737530357242,0.00893737238886061,1.05573876974978,0.014318465265845,0.12580095997677,7.95054994954228e-05,0.241338053046468,0.00121703545790116,3.22299727502255,0.00441375191645183,0,3.26926178599995,2.14488275874579,0.263574014720642,0.0145447328839765,0.0515020457330356,0,0.000666328807610124,0.000976411656714419,0.151448649745574,0.0499099114051201,0.731496554486448,0.304739056648664,0.207028638675381,0.209673864752917,0.00285662086032788,0.00257984424550775,0.000673644493861711,0.0440994631803719,0.00912233207774264,0.0245349093894602,0.0190035134459483,0.00117098726728473,0.00014623515957303,0,0.000920583220807608,0.00282280975293474,0.0580043160921643,0,0.000478763268582141,0,0.00690293445454348,0.00103936998751823,0.000606047922894495,0.000113982987063336,0.00262745106575461,0,0,0.00392416313670918,8.26754572277308e-05,0.00709531598333966,0.0121694124527511,0.00125373571333191,0.00260467810005622,0,0.0025876531077777,0.00718012521563085,0.074212329562386,0.00390084661285274,0,0.0171213918860145,0.321454284031175,0.00571460411106974,0.000188481090319442,0.000557532779952967,0,0,6.59562823054313e-05,0.0132189657298515,0.0271355356455403
0.000158396663173908,0.000794883088764453,0,0,0.0108952091548513,0.0598573076588098,0.0250982314648578,0.0606876905429067,0.17643157278909,1.38982046906207,0.00328400552022725,1.00321680971798,0.0105473512236408,0.0253722584758794,0.0620097556037608,5.23261243264913e-05,8.73909161453308e-05,0.000965162731394473,0.000627534629308891,1.93998606162775,5.89790395714044e-05,0.000755152017111671,7.4515813061738e-05,0.451879995876512,0.000184859701843524,0.00104671800493873,0.0002402124817164,0.466473039029914,0.017538994599928,0.000509759153037417,0.000117612263379973,0.00420834071880611,0.00188626206836988,0.0109124988297174,0.00562619843640051,0.12596386231308,0.000621967573455858,0.0113108252820918,0.00421088192970061,0.0502233731101956,0.00611771706423126,0.00032445816818943,0.020072555107222,0,0.0116337579290607,0.004096600441093,0.0681246740851917,0.00170344459389962,0.000244210957716518,0,0,0.000182777568409109,0.128524261689644,0.00620593298951722,0.0362290828018635,0.00445809604104591,0.0427250922162802,0.0314736063313663,0.119081330762811,0.00442485281201173,0.13698751268234,0,0.0151496789819764,0.0233334882008399,0.000417224977406061,0,4.55774417172313e-05,7.42912956156612e-05,0.0452138760374907,0.000218187693742311,0.000216332822466028,4.44077993485928e-05,0.110705148167202,0,3.56612767468154e-05,4.04897151950121e-05,0.13444220545387,0.00984589449326945,8.06136397928238e-05,0,0.000497340046667021,0.000759638154054522,0.00970803432489204,0.000865411579104589
4.34028037911176e-05,0.0017721867589406,0.000156703281007349,0.0108952091548513,0,0.178438011795175,0.0132365102832962,0.0268745388163986,0.0874585139603961,0.0362320909139301,0.00316587376494017,0.0561934204718598,0.00818859559908844,0.00403715603431013,0.27361411355472,0.00369618971338269,0.00022387286455915,0.000542796918570507,0,0.00442920486592298,0.0270016236402824,0.0037863514830412,0.0351473921992143,0.0756423453591041,0.000751143621670884,0.00142615222716319,0.00397072345211775,0.0382138165557604,0.00175490237854715,0.00934779217337088,0.000115627480008352,0.208201257599593,0.000563295074613392,0.0425544312254095,0.0707517368511451,0.0967092970334698,0.004371025325061,0.00569007199015639,0.00983961484860333,1.68530188113713,0.279732991665498,0.000880359165522829,0.00564135446702582,0.00398585870245114,0.00164101846789353,0.0131215641126441,0.0236816351091874,0.000361238746207619,0.000243245822047472,0,0.000151501107687902,0.000282785964347303,0.0088324805704528,0.00201892242080203,0.00777426402017594,0.000690298011167419,0.00378246407040354,0.00507814920092995,0.0111978523849767,0.00289538250994354,0.00923692161795338,0,0.00165590512683446,0.00541363147174023,0.000240679962612653,0.000164603860267496,0.000237641771580184,0.000269478928236293,0.00257600510132498,0.000772898607015144,0.000255835277560711,0.00332097111492429,0.00696730698412515,0.000112584117630553,0.00146038816211423,0.0047233893962654,0.00872360102146432,0.000398195919512439,0,0,0.000165360744115829,0.000128410609586597,0.00156599310288655,0.254062969169984
0.00382438907505167,0.000788859913070953,0.00242666410254537,0.0598573076588098,0.178438011795175,0,0.407112391444859,1.47616707536922,0.111452666391065,2.77037923224115,0.0155067395787156,0.985889932309056,0.0393471065445475,0.136672417809463,0.430654487322177,0.000663607651341188,0.00608696801147455,0.00665205215609915,0.00685204481759583,0.0632447462778983,0.00379165082173254,0.000757830958683145,0.0304886556189344,0.149292662468776,0.000462374782724559,0.0164050344601934,0.00308670244311544,0.289107650150129,0.0461085994483398,0.0130713387806637,0.000587833369846296,0.0552783484225157,0.00211641017579521,0.032412469498628,0.353155657106485,0.353417014180367,0.00173367222575532,0.0416829809104026,0.024998949737849,0.943924638243016,0.0614481269105298,0.00464368952241863,0.0284643120275728,0.000781369619525111,0.0177895574574967,0.00881254083762067,0.0798564763275912,0.00407158105940053,0.00201824561841691,0,0,0.000127234692857504,0.0377262250696329,0.0041483743062677,0.0246771587525768,0.00156675414741054,0.0237039795458144,0.020804736398284,0.0395983871879262,0.0165623640152325,0.0363253307447701,0.000506684813890671,0.0127975080986388,0.0178257444697293,0.00182474051993734,0,0,0,0.0122324913328475,0.00128487301971709,0.000232227285805273,0.00201275314690752,0.100724799408484,0,0,0.000326752301130831,0.0840489949485456,0.00873633152183023,0.000438305633171201,3.27879993012607e-05,0.0012713186927454,0.000509840955717253,0.0121847740469184,0.0569707085044777
0.847858340513637,0.000496463465156436,0.276454235650764,0.0250982314648578,0.0132365102832962,0.407112391444859,0,2.72608621283627,0.0188562781440843,3.2164852162276,0.0400935279712131,0.0372212440883359,0.0675939210169855,3.60892595847197,0.0288682064643851,0.00344975221446555,0.0702324578592974,0.0265437322446584,0.0416767751497939,0.0114745481487882,0.277356234154343,0.000766128764471549,0.796699153636923,0.25024826713288,0.00104677948392361,0.122609052438429,0.0525414304214368,8.45197302871786,0.927894493641733,0.872963463729862,0.00267761090941842,0.0291150228028249,0.0813921745967842,0.262009944968314,0.133465367599807,0.762789219089823,0.0463786641263452,0.320437465595743,0.146145036067736,0.0755265380004152,0.0488312427227477,0.00585317924872074,0.034227767495985,0.00206206367149039,0.012321365742772,0.00547422448151951,0.0109985679592311,0.00223370938809186,0.00239264288872701,0,4.2434666894871e-05,0.00296395800170371,0.0067395023195476,0.000306005148401553,0.00209130458192757,0.000772744159246159,0.00463591429954483,0.00952127747038086,0.00800288127856107,0.0108656875450209,0.00290381046125607,0.00125620740605688,0.00205251328172626,0.0020523505741696,0.0108876882359623,0,0,0,0.00256041553701775,0.00214076948502033,0.00361168735015981,0.0145012117677049,0.060385436043528,0.000359220582520139,7.5393405241996e-05,0.0242738048136969,0.0524992416063527,0.00689061466314189,0.00247601752672114,0,0.000131183415180039,0.0015254040855485,0.00799541202951775,0.00700347281846732
0.0920708794077528,0.000815354985351914,0.152525086594837,0.0606876905429067,0.0268745388163986,1.47616707536922,2.72608621283627,0,0.099915208513398,1.22802179392287,0.0362558363439352,0.226880912681586,0.0748795724873679,1.57258946773625,0.0512273490276636,0.00244813586695255,0.190946653137907,0.020803841755542,0.16646680513994,0.0508086034874746,0.074319333913838,0.00099879915710397,0.886552826704672,0.448218609607057,0.00126547476470514,0.318649964275969,0.0624304909088455,0.645204585171623,0.162782737370392,0.431611154033401,0.00230986717255474,0.0459806183990155,0.012583685130656,0.141343802012631,0.0552693970571794,0.55711291304656,0.0250671186479736,0.204943977743371,0.132453615972086,0.277346227077841,0.0558980803715696,0.0113290768836225,0.127625664997576,0.00293516941981316,0.0631988641423612,0.0291831950963842,0.0841474066480058,0.0146669373276604,0.00368626124851105,0.000649951780284083,4.1932795013088e-05,0.00145507013629455,0.0504626959306941,0.0015411120469862,0.0209843607645301,0.00472669459647776,0.0706202650513781,0.0459318209406353,0.0650713214275018,0.0415662081056614,0.0209514814458371,0.00138609344458653,0.0204586666649332,0.00669188850413273,0.00443554995016777,0,0,0,0.0144963211679416,0.00315034605669507,0.0016995616600164,0.00472221052448183,0.397229021725428,0.000336642275904912,5.08395215837121e-05,0.00428746734286676,0.36175082706128,0.0283275131264803,0.00170475558124362,0.000148235077338224,0.00162633254487955,0.00524323682824027,0.0481134063434655,0.00838061941494934
0.000112735430784464,0.20914835560074,0.000196866893628442,0.17643157278909,0.0874585139603961,0.111452666391065,0.0188562781440843,0.099915208513398,0,0.197619600312325,0.00598326987603483,0.23128736397179,0.0418659939751061,0.0347419535874001,0.324976974713727,0.0215457507909397,0.000391577013045489,0.00202298615168996,0.000992598077896591,0.0540193206914346,0.00858131500233353,0.662876683215419,0.00422735008146687,3.28440661109204,0.10781245602658,0.00815331940031261,0.212865109327864,0.34984926555057,0.00984613517116965,0.00388553235599035,0.00920707817139595,0.00860308597370165,0.00101254189444988,0.00883539668849276,0.00270344880785319,0.0706033757556115,0.00567494007965019,0.0103924758310817,0.00476652417764179,0.199383985406811,0.00394596978163855,0.016637184416943,0.0582443994082444,0.00375198799593416,0.0227520419734617,0.0117281136854327,0.0393050379170696,0.00304713621579048,0.00417327999531747,0.00053910678916595,0.00174981706583244,0.000988033293410195,0.164657603060841,0.0124803381208426,0.0530649553520105,0.0108186244624927,0.0605843095114896,0.270149365667508,0.139673075820343,0.0113774430400024,0.131191822215107,0.0046629277914996,0.0545345694763588,0.0392227784119757,0.0431290924553293,0.000290907192805135,0.00486508332200752,0.000934396207391215,0.0410820597607658,0.0163490018664475,0.0775739725669963,0.0208443839819524,0.447963068331766,0.00127723786693839,0.0080221964354917,0.0164924767999299,0.285215048290601,0.0470032779921248,0.00680718901454597,0.00187237339699266,0.00634395327208317,0.00404966641389953,0.0193747159406857,0.0121190279608185
0.0139195595689255,0.000638628209056848,0.00321258402627693,1.38982046906207,0.0362320909139301,2.77037923224115,3.2164852162276,1.22802179392287,0.197619600312325,0,0.0831945592779964,0.964614064314057,0.117117923006024,0.614473181918965,0.104365791451571,0.000103986396899414,0.00302244534021885,0.0473310108608759,0.0201334344289458,0.645793881701293,0.0019959574047795,0.000772995197793108,0.0121620849539771,0.259137911454479,0.00178968844357425,0.0446140634206193,0.00668076361158098,1.98851225715277,0.291332620559729,0.0147818663861872,0.00445327087316581,0.0504830905238774,0.0090043767766588,0.140998918656696,0.0552978506892888,1.01363031484792,0.00907014625180969,0.130378607979465,0.0523510046308024,0.221179222828071,0.059409303108475,0.0117680040042528,0.0564568264835508,0.00154456776772067,0.0310214651228878,0.0116857609546056,0.166925459339782,0.00649219224845161,0.00396629908915219,0.000114608581330002,0,7.09126192050755e-05,0.210315855252197,0.00976603374081896,0.071483846412877,0.00689560114826656,0.0651845272916718,0.0621942853450426,0.171278605141095,0.0254354824845495,0.162709089206984,0.00092713412510954,0.0127997085881613,0.0392770828965346,0.00231983266795275,5.10669786933542e-05,0,0,0.0648021948330782,0.000937267999614074,0.000604934806203276,0.00223540814168557,0.268404928034655,0.000212229226559364,0,0.000879465741227809,0.329105985571523,0.0104366625246356,0.000734961976800716,0,0.0006813031126459,0.00206670398173102,0.0225906278610699,0.00325815966725784
0.00167456212233558,0.0129209956746871,0.00871992131940043,0.00328400552022725,0.00316587376494017,0.0155067395787156,0.0400935279712131,0.0362558363439352,0.00598326987603483,0.0831945592779964,0,0.018851887964327,1.0645721757961,0.204214875431815,0.00129602630336511,0.00201224941016063,0.0345155446550751,1.42376492867517,0.10936043040008,0.00726664950048809,0.00835650275109562,0.00325024192969962,0.0291618766664702,0.019941871891445,0.0418114359868897,1.03546000729116,0.0925948437564652,0.0426187011130209,0.32544384452421,0.00657769036242611,0.139510611755549,0.148404002591148,0.00121405434918398,1.25812194187099,0.010879443562156,0.136284832333683,0.399514305684382,0.494902089610897,0.0494337769268334,0.00842065738132197,0.00386683658822502,0.114087786290038,0.00148156505979673,0.119779967611929,0.00472189345637133,0.00109359296438968,0.00190113560912629,0.000473348280037546,0.0523560627631723,0,0.0105898842281818,0.000241310302409506,0.000295635097837585,0,9.97427129415987e-05,0,8.08293433785081e-05,0.0012200791665744,0,0.0754242545126549,0.000413759021717286,0.382976360194896,0.000373011316414886,0,0.000192238772987515,0.000238645274219513,0.000462590506831455,0.000150931823625934,0,0.000239616933068705,0.00220901804566267,4.78897974945545e-05,0.00467722011510947,0.0571128688081009,0.0215291862638681,0.144912471831922,0.000970138181237594,0.00260277113824938,0,0.109259303949534,0.0012057859785085,0,0.00543270507092368,0.00332361230003153
0.00124246072350804,0.000799502226244992,7.97146003812671e-05,1.00321680971798,0.0561934204718598,0.985889932309056,0.0372212440883359,0.226880912681586,0.23128736397179,0.964614064314057,0.018851887964327,0,0.0248594735881849,0.142816500821381,0.220564611424087,0,0.000447320173057395,0.0095861885047722,0.00445936934888021,1.33974518483097,0.000677640717658854,0.00231776254199228,0.00164581378767131,0.224221792176472,0.00146527016092477,0.0120915415498464,0.0032146597263115,0.128682797971446,0.0454274504294719,0.00237507814754034,0.00137765639211665,0.0184354666745227,0.000437162124565566,0.0280271448163119,0.265631060268429,0.225716735665675,0.00155846157709626,0.0292641404692584,0.0135382206268366,0.227567013248215,0.0113161288917603,0.00331600077486287,0.0117318151040688,0.000481777347190953,0.00753028763529919,0.00199981185778613,0.0920628031207479,0.00159641901325413,0.00112458715327985,0,0,7.09319886636972e-05,0.059204189640263,0.00712975916200688,0.0425248683089453,0.00249684276779095,0.0244380900693281,0.0258894290312297,0.0836281889632779,0.00860548518807232,0.23818356187176,0.000395820376359373,0.0138321313657387,0.0250720496770889,0.000449334368455577,3.1836628234911e-05,0.000485849727769583,0.000152316984889353,0.0611406591204652,0.000204647041593021,0.000780367789364529,0.000346742298105723,0.0406171227406003,4.94673297260404e-05,0.000628048365016144,0.000514300604906202,0.0508094731533369,0.00795485251398655,0.000187532994951499,0.000241856784840208,0.00112171452225246,0.000357010283858526,0.0050212927831435,0.0508662051022794
0.000888267637754003,0.0879283677448697,0.00427104703887056,0.0105473512236408,0.00818859559908844,0.0393471065445475,0.0675939210169855,0.0748795724873679,0.0418659939751061,0.117117923006024,1.0645721757961,0.0248594735881849,0,0.117112077839016,0.00463977275418774,0.0358563438968374,0.00166805170381903,0.0110575651908566,0.00297765719303856,0.00905373371765722,0.0477093127457292,0.043673775457939,0.06833179570274,0.0775203384462924,0.496580630452436,0.0567431302119507,0.353410520094169,0.178380553433818,0.082014356268041,0.0353883973024691,0.192977245138085,0.0795305784655836,0.00398838523298389,0.458376290925674,0.0360072672349424,0.21629211446927,0.229857421997566,0.858916147649578,0.104613117126484,0.305720974756963,0.181294290841376,0.436503308486316,0.0322802134781937,0.240864417046218,0.046735950299938,0.0171258080738423,0.117702077435656,0.0124203530442622,0.182065494640001,0.0002796642109411,0.0388759357394936,0.000474819917686749,0.000739269697199404,0.000933892852851891,0.00218711590784015,0.00148250814029359,0.0111216433257015,0.00712066561032563,0.0059664544463694,0.214732013278147,0.00287171746921979,0.993744633314734,0.0146793805644105,0.00229091985834246,0.0041307987196207,0.000220649187425113,0.00128817137867052,0.000329083526162243,0.00057579777670449,0.000750396195535958,0.00765222165302145,0.0045813036718555,0.0264243925339006,0.240975373057091,0.111353134692613,0.518181610854936,0.0185502826637385,0.0167520135833418,0.000809934304736245,0.235360288937123,0.00840830701588021,0.00114150213903831,0.0242077014943449,0.0103535199918055
0.610531834016954,0.00113566040933284,0.122411294154672,0.0253722584758794,0.00403715603431013,0.136672417809463,3.60892595847197,1.57258946773625,0.0347419535874001,0.614473181918965,0.204214875431815,0.142816500821381,0.117112077839016,0,0.0110340191962467,0.00275196016719632,0.215069789663943,0.0921514770307397,0.208185204829214,0.0376390880316572,0.128062337355209,0.000490380477826505,1.087657107529,0.144554286190537,0.00419072149123743,0.334997879791799,0.0672018885587344,0.38450819754177,1.42877774035706,1.01348783079653,0.0114007068166496,0.0230763981358384,0.0182959609948351,0.216619129354694,0.0426641169886738,0.447329543591565,0.0282199934489271,0.184385796022688,0.10438945149025,0.0742728926163266,0.0709222486476771,0.0186450953633647,0.029959922820405,0.00332118601305242,0.0272705240139995,0.0115413025369258,0.0247655339173346,0.00541777246755508,0.00856608265075704,0.000147214831955361,0.000621812674220216,0.000383141476580119,0.00247795576028934,0.000146384769466376,0.00106908580239997,0.000265867815757096,0.00235287271390548,0.0166098195787588,0.000837984789947712,0.0380985813720591,0.0033059400200005,0.00664457310561213,0.00243570635889301,0.00146763736990076,0.00525916699079229,0,0,0,0.00122231998540801,0.000856082815860855,0.000450422757086789,0.00385239712496265,0.12685724602741,0.0020598213725644,0.000476315575414157,0.00533526783658836,0.0666310809584075,0.00480265244534094,0.000362583870587158,0.000839890676956093,0.00296020690634457,0.00192909583691872,0.0133703344295517,0.0030209904914859
0,0.00937251444126596,0.000266737530357242,0.0620097556037608,0.27361411355472,0.430654487322177,0.0288682064643851,0.0512273490276636,0.324976974713727,0.104365791451571,0.00129602630336511,0.220564611424087,0.00463977275418774,0.0110340191962467,0,0.0025123504473335,0.000354167636886471,0.000616023681463468,0.000312301977017212,0.0257975653861882,0.0224675216332624,0.0184107881091129,0.0118772665047017,0.350186046021444,0.00477009085143722,0.00124577583033531,0.01443379637595,0.115182026588352,0.00492705755554274,0.0167086097304038,5.12974524211049e-05,0.0145437834829464,0.000774435961279422,0.00485196259284654,0.167787808951465,0.0301860599185003,0.00179444510651964,0.0028887375697545,0.00301975255965528,0.376249703322716,0.00322636720067035,0.000868919823880221,0.00807312056090064,0.00259580055977883,0.00303603437625484,0.0116754314462603,0.0414633170002158,0.000233284969573593,0.000213098674383759,0,0.000189159711396945,0.00037616370029459,0.0217632770860313,0.00321177141451328,0.0180255910022431,0.000743751853027201,0.0101258486971474,0.0125505101885186,0.0238951397572659,0.00261269208722726,0.0260185489231491,0,0.0073112941787476,0.012197984179303,0.00148664638113577,0.000131838339388418,0.000409352419860386,0.000472257033827614,0.00730388228649077,0.000753536992626548,0.00211381479403232,0.00179466166686591,0.0189454969307217,0,0.00134527015709656,0.00290633248994801,0.018101765367845,0.00418817837443539,0.00013312884656322,0,0.000593136271533,0.000300536971441579,0.00147502240245672,0.08760465351934
0.000332040086380023,0.0207966834438973,0.00893737238886061,5.23261243264913e-05,0.00369618971338269,0.000663607651341188,0.00344975221446555,0.00244813586695255,0.0215457507909397,0.000103986396899414,0.00201224941016063,0,0.0358563438968374,0.00275196016719632,0.0025123504473335,0,0.0174745451183679,0.00219467155118441,0.010783463115808,0,0.895688421028414,0.647509774852067,0.384764017515637,0.615973969325948,0.0127876823296056,0.01048320921909,1.53084343784516,0.627214407090728,0.00103358437563109,0.00752275691496645,0.000826514561316455,0.000696683960840011,0.000165419793902278,0.0539682167950816,0.0816022306193371,0.48072270213439,0.13750345986566,0.176007319532697,0.188045990802379,0.00123530530535409,0.00401286246991675,0.00355911638212713,0.0690063131586836,0.0102442200914484,0.0449623578559571,0.0188357660156614,0.00672052312050277,0.00104701165065131,0.000678730855723357,0.000327703759412331,0.00333715064610967,0.0142083598514984,0.000124451888303697,0.000899397265575322,0.000116641622895908,0.00256831483626733,0.000575126073840457,0.00484920095592252,0.000269143888674712,0.0200010278751636,0.000177369341603744,0.000482660990563488,0.0014772669689766,0.001291446941123,0.732652878763173,0.00191295031194616,0.000126052640286136,0.000611831698133189,0,0.106972916467555,0.313191152385111,0.631685215635037,0.112802163648416,0.000297040880353534,0.00383006216913547,0.394113035739057,0.136453570340811,0.0111911167589883,0.016159895207513,0,0.000448215128747839,0.00489528621297746,0.0280872588558816,0.0270788817490262
0.0336246515591574,0.000451547983858019,1.05573876974978,8.73909161453308e-05,0.00022387286455915,0.00608696801147455,0.0702324578592974,0.190946653137907,0.000391577013045489,0.00302244534021885,0.0345155446550751,0.000447320173057395,0.00166805170381903,0.215069789663943,0.000354167636886471,0.0174745451183679,0,0.0496282925718581,0.708905724653048,0,0.10729267601448,0.0116611011173665,0.867931636041564,0.0141449728146277,0.000486478487433141,0.761029734889054,1.55007062104698,0.0536078722427144,0.145990556289507,0.061404854154787,0.000280297949563628,0.000773495792229468,0.0138411837569998,0.714925708921063,0.0255622154081312,0.380909515745471,0.161704281062039,0.15452206789521,0.194701280479734,0.00481414299510201,0.00137240778955591,0.000319360776176536,0.00596831725678943,0.00314382119894099,0.00236787467383907,0.00367144921752135,5.78731258254647e-05,0,0,0,0.00349275380548305,0.00836527518685738,0,0,0,7.23701664773464e-05,0,0.000283302698716604,0,0.000715579928415644,0,0,0,8.29941721654654e-05,0.00335669886500586,0.0019613725117551,0.000176845296552801,0.000465663463361567,0,0.000449918007105076,0.00458349351086912,0.0103562967964701,0.000333121136112928,0,0.0100976827903812,0.0947755727501365,0.000508909410706484,0,0.000126993430102742,0,0,0,0.00146956788492824,0.0149648956241705
0.00232424593663828,0.000257884577056527,0.014318465265845,0.000965162731394473,0.000542796918570507,0.00665205215609915,0.0265437322446584,0.020803841755542,0.00202298615168996,0.0473310108608759,1.42376492867517,0.0095861885047722,0.0110575651908566,0.0921514770307397,0.000616023681463468,0.00219467155118441,0.0496282925718581,0,0.635275031113596,0.00318348099786065,0.0145968652957607,0.000334590506168246,0.0445968471013894,0.00838875984356581,0.00107737125441897,0.982893143018555,0.134833432531519,0.0232436487552873,0.149151196097619,0.00547542972819032,0.00795261764373917,0.0229647491056927,0.00114518842584599,0.573140491711455,0.0386584001842053,0.591517143477622,0.420053946238978,0.459795468457298,0.259881926943512,0.00346030393675088,0.0034933460014778,0.0017045378819701,0.00134284745876434,0.00290404173018077,0.00047390390979833,0.00291234522547509,0.000226066415346926,6.14090126731515e-05,4.6336049347341e-05,0,0.000488998977034211,0.000115753372511363,0,0,0,0,0,0.000532219952629733,0,0.00146481865835691,0,0.00217937904937149,0,0,4.47340558315992e-05,4.97328434226393e-05,7.38236377239585e-05,0.000123268270989942,0,0,0.000131827442625045,0.000259241159967607,0,0.00215445177457226,0.0254336058223116,0.0286701361684297,0,0,0,0.00623893416572999,0,0,0.000361565708107275,0.0189039688704352
0.0280646898710267,0.00016102274466939,0.12580095997677,0.000627534629308891,0,0.00685204481759583,0.0416767751497939,0.16646680513994,0.000992598077896591,0.0201334344289458,0.10936043040008,0.00445936934888021,0.00297765719303856,0.208185204829214,0.000312301977017212,0.010783463115808,0.708905724653048,0.635275031113596,0,0.00152927007660637,0.0754237393404628,0.00253830447530484,0.249585208521425,0.00770637133069013,0.000548294469079769,0.435893423784308,0.595226929281208,0.0361582306458434,0.190394348058377,0.0388432149548559,0.00162141011158666,0.00478417357395671,0.0108702313286124,0.732300423416184,0.028187523495059,0.526319798178008,0.284771546717429,0.354697054223883,0.208700659514997,0.00361781963457037,0.00234950197407348,0.000653386707900882,0.00179621376305559,0.00217726979459076,0.00145808305802006,0.0016832809182153,0,9.99636032635211e-05,0,0,0.00228486295090736,0.00256685586277085,0,8.4876377695632e-05,0,0,0,0.000352192801172185,0,0.000566623261147928,0.00011575440883255,0.00055739291250484,0,0,0.00131224731817978,0.000549833093094015,5.16519768731236e-05,0,0,0.000148429803115326,0.0017023774575482,0.00226003489873147,0.000178198411379117,0.000545955876933384,0.00989117102220006,0.0471117870126814,0.00045788303579548,0,0,0.00047045745182575,0,5.12031831052065e-05,0.000860425740398086,0.0130933416699398
0.000523050564810926,0.000133269375820422,7.95054994954228e-05,1.93998606162775,0.00442920486592298,0.0632447462778983,0.0114745481487882,0.0508086034874746,0.0540193206914346,0.645793881701293,0.00726664950048809,1.33974518483097,0.00905373371765722,0.0376390880316572,0.0257975653861882,0,0,0.00318348099786065,0.00152927007660637,0,0.000112575570545912,0.000112954463936734,0.000785477471018035,0.0774655357067153,0.000406465854930305,0.00386252180339923,0.000386653056052637,0.121005796824565,0.0160390948379542,0.000963024405752321,0.000395299481314414,0.00449636756973858,0.000488648813339663,0.00859441157546328,0.0033966326015795,0.0877937075054549,0.000682611273193002,0.00814709198726041,0.00226582444812609,0.0304206478772757,0.00464233028457579,0.000612398758208847,0.0148013086386769,0.000395866869729459,0.00878312233405288,0.00292956495122619,0.036030071841784,0.00110647330551254,0.000331766192333627,5.57302598652482e-05,0,8.22858825462579e-05,0.0479953843125319,0.00261639368798911,0.0165311612230959,0.00144270693226977,0.0261806571629589,0.011106620382829,0.0473315202435211,0.00395744226760309,0.0865950589454324,0,0.0123438966607793,0.0105237673212226,0.000411831071841257,0,0,0,0.0165465877335511,0.000262509704165709,0.000302483900873208,0.000517837317732656,0.0498851931542522,8.0280875520581e-05,0,4.83768017585158e-05,0.0684062848920947,0.00544465923589777,0.000137868097260547,0,0.000697701792415356,0.000345216810232067,0.00740095928378179,0.000535961082375479
0.0286610875171595,0.000987199680751596,0.241338053046468,5.89790395714044e-05,0.0270016236402824,0.00379165082173254,0.277356234154343,0.074319333913838,0.00858131500233353,0.0019959574047795,0.00835650275109562,0.000677640717658854,0.0477093127457292,0.128062337355209,0.0224675216332624,0.895688421028414,0.10729267601448,0.0145968652957607,0.0754237393404628,0.000112575570545912,0,0.0156773103634703,4.87735267546711,0.0664239823887452,0.00225943211892184,0.0958844698031277,0.250130667787602,3.28115475558974,0.142231207210554,1.7324920856711,0.000280690974373806,0.00531414932175293,0.0381114888191374,1.81127659024443,0.500906468551749,1.80850647902451,0.150566788894217,1.45174665645895,0.68170283615158,0.0116013456757093,0.0177837435032512,0.00221470811078847,0.0705355835687596,0.00496108704710484,0.0313101693020614,0.0146154469989364,0.0182252062196596,0.00155497125246868,0.000574261774275029,0.000245961065642309,0.000233451896804398,0.00458879152081201,0,0.00115632116263088,0.000176128942097425,0.00199882515175852,0.00150402159867248,0.00723339141153154,3.90003574795723e-05,0.0173151199166765,0.000294427396316838,0,0.00210485101849339,0.00167998225144369,0.104169181811851,0.000250455695801621,0,4.6576891417265e-05,0.000103662777392101,0.0689053173333451,0.0491214093152859,0.0710229899586885,0.139034380940435,7.54451007392287e-05,0.000418024022083676,0.0426210094389453,0.162126218197013,0.027241402318976,0.0212430865009208,5.65238048581481e-05,0.000618538817593455,0.00895733503875581,0.0315622858154319,0.0712319758693142
5.0081370550561e-05,0.250046498550338,0.00121703545790116,0.000755152017111671,0.0037863514830412,0.000757830958683145,0.000766128764471549,0.00099879915710397,0.662876683215419,0.000772995197793108,0.00325024192969962,0.00231776254199228,0.043673775457939,0.000490380477826505,0.0184107881091129,0.647509774852067,0.0116611011173665,0.000334590506168246,0.00253830447530484,0.000112954463936734,0.0156773103634703,0,0.0437239778420746,1.49522743502621,0.144052426529136,0.00948646623865278,1.50605833217367,0.0661094824078372,0.000264289006080186,0.000279505207463133,0.00507472038863421,0.000561265075317108,0,0.00899994693709492,0.00175425403651739,0.0293485706952921,0.0203286989545465,0.0116740481575574,0.00731669588750313,0.00769387331769589,9.67720418256759e-05,0.0167339548273323,0.0371420447447967,0.0109838597501813,0.0166144947288864,0.0156011085250964,0.00136975397364291,0.000173996582997561,0.00695465921245878,0.000392963277324033,0.0171974459177965,0.017658875075394,0.00141463661843758,0,0,0.00188329255157211,0.000748338959461546,0.00347990819651087,0.000118330169751978,0.00446789982929631,0.000360807790502906,0.00820900585252134,0.00137127336671671,0.000196383911521959,0.15495490389185,0.0120853406886769,0.000496257529667484,0.00310082197042798,5.11394339612961e-05,0.0136480614201594,0.253868779301758,0.109077525058715,0.0339800771463164,0.00258320591752935,0.0161598890742358,0.483280157263463,0.0258617715887845,0.000755595890919101,0.00190198752157534,0.000984546139309812,0,6.37903556336522e-05,0.0101120524173953,0.00672220186848029
0.153364828510966,0.0022638961263031,3.22299727502255,7.4515813061738e-05,0.0351473921992143,0.0304886556189344,0.796699153636923,0.886552826704672,0.00422735008146687,0.0121620849539771,0.0291618766664702,0.00164581378767131,0.06833179570274,1.087657107529,0.0118772665047017,0.384764017515637,0.867931636041564,0.0445968471013894,0.249585208521425,0.000785477471018035,4.87735267546711,0.0437239778420746,0,0.0927842272439799,0.00439170610962673,1.05106536796521,1.8951488610357,1.8857453801374,0.442684266907337,0.65145473002909,0.000681502722471368,0.00707017782487431,0.0375110818387184,1.32247135054469,0.649641487898017,3.3679438268,1.09282129545727,2.07179830835202,2.02237519080431,0.0197703268826896,0.0199038828603167,0.0051617521322731,0.0913877792782558,0.0147033625732038,0.0570989649099847,0.0450829736038704,0.00985055880563225,0.00197465538413942,0.00065223995694381,0.000348476671392501,0.00069481076925205,0.0495376653529034,0,0.00202181447259106,0.000206657694517046,0.00488360065270748,0.000548350486857199,0.0021031035680645,3.93907760958731e-05,0.0350847340988669,9.15726747819182e-05,0,0.0021000526128384,0.00142448044357187,0.541367653124196,0.00472451520532601,0.000265643016144359,0.00105617162436429,6.65208054463029e-05,0.0877739918103854,0.151399791590579,0.650675772706208,0.0894087615257313,9.42120514573813e-05,0.00522814870743453,0.718081597328638,0.125539987783342,0.0107216700230078,0.0135502942842609,4.81967999507547e-05,0.000312819686144066,0.00513224158850608,0.0342496463550581,0.205670527244418
0.000966655423806796,0.356724168268594,0.00441375191645183,0.451879995876512,0.0756423453591041,0.149292662468776,0.25024826713288,0.448218609607057,3.28440661109204,0.259137911454479,0.019941871891445,0.224221792176472,0.0775203384462924,0.144554286190537,0.350186046021444,0.615973969325948,0.0141449728146277,0.00838875984356581,0.00770637133069013,0.0774655357067153,0.0664239823887452,1.49522743502621,0.0927842272439799,0,0.139979349414409,0.0338441414828166,1.23943987515672,1.31456711495357,0.054250674507258,0.0115927339415558,0.00768629658367639,0.018162464415855,0.00860077979993933,0.0531845704420374,0.0365188618949278,0.402668657319981,0.0286873894848391,0.0724181030785944,0.0462710037066272,0.169948952844492,0.0135252028192474,0.0244688868698139,0.327220694061552,0.0151721577042819,0.157915282386306,0.0573249235017555,0.107341017040072,0.0215822839036669,0.0049318450669995,0.00182685384048312,0.0138663851618393,0.015584428861202,0.236334744178476,0.0085590493415077,0.0566459754726146,0.0228423271884687,0.197619047678661,0.403417495970946,0.226126901515582,0.047252620904705,0.0918813111164671,0.00399526546682026,0.177610390458222,0.0288580503038447,0.156234354768815,0.00262286566514599,0.000815282471085489,0.00040006307529903,0.0892488208055528,0.0605584652848262,0.263828272909742,0.107238004395185,1.42135757910878,0.00293250237797927,0.00984489860143444,0.206312460684469,0.880230860028024,0.190502312157398,0.0228076567348176,0.000156890742275536,0.0130792854787818,0.0245790145778919,0.122761171872027,0.0394031120400334
0,0.463077969936882,0,0.000184859701843524,0.000751143621670884,0.000462374782724559,0.00104677948392361,0.00126547476470514,0.10781245602658,0.00178968844357425,0.0418114359868897,0.00146527016092477,0.496580630452436,0.00419072149123743,0.00477009085143722,0.0127876823296056,0.000486478487433141,0.00107737125441897,0.000548294469079769,0.000406465854930305,0.00225943211892184,0.144052426529136,0.00439170610962673,0.139979349414409,0,0.0472143940378642,0.532401411407607,0.00563545212792182,0.00269547318252213,0.000130123627987528,0.0746312555866311,0.00282926325587085,0,0.028475180163855,0.000265947715094554,0.005721495351971,0.0253681151765585,0.0205835790081833,0.00183870788503083,0.00524400745103979,0,0.0297885643879405,0.0094789035360118,0.0608315773217154,0.00626678907353406,0.00393512731226179,0.00398850260918408,0,0.0845470945647746,0,0.208172039295835,0.00223346297964328,0,0,0.000170472926792002,3.91724996632814e-05,0.000556890532723069,0.00169809843606396,0,0.0462047518290941,0,0.255884388624247,0.000864363388961798,0.000448870496727419,0.000745870701474363,0.00352665123278775,0.00106665730939061,0.00174387376895519,0,5.26998976750135e-05,0.0131387332536085,0.00290656980236954,0.00302233603911544,0.168728196229115,0.121591499600136,0.699715048095955,0.00125897369616563,0.00267065158170215,0,0.0377831859737336,0.000913775950139165,0,0.00628805398925838,0
0.0325021164654763,0.0107566587375649,3.26926178599995,0.00104671800493873,0.00142615222716319,0.0164050344601934,0.122609052438429,0.318649964275969,0.00815331940031261,0.0446140634206193,1.03546000729116,0.0120915415498464,0.0567431302119507,0.334997879791799,0.00124577583033531,0.01048320921909,0.761029734889054,0.982893143018555,0.435893423784308,0.00386252180339923,0.0958844698031277,0.00948646623865278,1.05106536796521,0.0338441414828166,0.0472143940378642,0,2.69219543043329,0.0756187107898145,0.210112371664545,0.0406562628962689,0.176840489887358,0.0360169411008368,0.0037763627755877,0.49057742061527,0.081515313771397,1.82425548588412,2.13895313574696,0.88212673653542,0.465725333047224,0.00794316272378182,0.00610147699803675,0.0122402267189192,0.028562962470809,0.17598477262097,0.0300212628766769,0.015786925451682,0.000703905182824189,0,0.00742375580783112,0,0.063942715341139,0.00910648846083545,6.12916775153875e-05,0.000138888576072192,0,0.000228449287137693,0.000161618311273146,0.00305859750486893,0,0.0354352060604914,5.8401629109633e-05,0.182807391236979,9.70374529162168e-05,0.000168766977948475,0.00181123453580994,0.00865208463743145,0.00919130182558565,0.00984760004964481,0,0.000494640532580894,0.0130985638745269,0.00751101290772061,0.00220811260619823,0.0949917394739149,0.885605204686689,1.77197909783066,0.000536765816559016,0.00110977329846745,0.000203794026128835,0.297869320276489,0.00017925191651572,0,0.0172047550500861,0.0414453915961697
