0,0,28.245314002037,0,6.35493719577789,179.298991590738,1839.54905331135,3447.0097655952,0.924677938222885,173.111397534609,160.759307086468,41.6452840566635,61.7878353595734,19363.9967106581,14.5227645933628,0,80.9796127080917,71.2136594057083,31.0965420901775,5.75720858573914,169.189189702272,0,346.424298554659,0,4.17260414361954,132.15941247344,32.6221244931221,16.9141523241997,7807.08456048369,2947.183917135,7.85220855474472,35.285345941782,9.49231034517288,213.182010143995,58.1998570859432,249.108243703842,23.515719294548,148.452786356211,30.4112647771835,47.8970351219177,21.6296390891075,24.2349371314049,1.21779537200928,0,1.49666702747345,1.43655729293823,0,3.03719609975815,0,0,1.08520662784576,0,0,0,0,0,0,1.21129882335663,0,0.576683521270752,0,0,0,0,0,0,0,0,0,0,0,0,0,0,0,0,0,0,0,0,0,0,0,4.46356987953186
0,0,15.661853402853,0,1.55185133218765,1.36130583286285,18.5530615150928,4.86730888485909,906.07240948081,1.25453490018845,133.506429880857,2.32400023937225,748.776495635509,0.783232450485229,23.6475253105164,104.970696717501,10.7899312973022,0.777777254581451,8.55693036317825,0,20.6870064735413,4815.24941575527,24.9301453828812,2568.3848272562,8352.53785386682,155.690637350082,15998.8058255166,457.841919690371,2.40863621234894,9.24293306469917,182.238433480263,0,0,21.1668168902397,3.26678028702736,43.631907582283,21.2173228859901,20.4428220689297,23.4302458763123,49.6024584174156,0,73.6985020041466,85.7121541500092,26.0700491666794,38.6189722418785,72.6129103899002,3.97264009714127,0.620575129985809,22.355031311512,0.437375336885452,1738.03759112954,63.9497306346893,0,0,0,3.03095132112503,2.64836359024048,10.2313576936722,5.75037744641304,310.366878688335,0,276.173452407122,1.8423644900322,0.826264798641205,16.0321625471115,5.08605518937111,14.4352044165134,58.0668662786484,0,1.12757784128189,78.3388625383377,5.28963616490364,25.2766803503036,708.988531827927,281.386683702469,8177.47196757793,14.5680370330811,5.02618929743767,0.967662960290909,164.878204166889,5.66320967674255,0,37.0739232897758,1.57123911380768
28.245314002037,15.661853402853,0,0,5.38612419366837,49.0515112876892,91.1745189726353,579.147404670715,1.1843583881855,46.4688036739826,1754.03953942657,4.99496880173683,478.219240933657,485.125131547451,29.0184338390827,12.9248562157154,52803.6731416881,2112.58401753008,2495.01925551891,4.0939205288887,1418.50946947932,8.63433137536049,78169.5253281146,6.17251145839691,19.690301656723,42391.2615491301,45347.6652776748,227.233629822731,641.00609357655,721.717236429453,230.182751461864,22.4943301081657,30.7438424527645,1858.21997702122,1111.10020649433,8195.36745212972,1550.78491953015,6073.19763630629,4683.27021256089,51.2734484374523,132.533280223608,137.416922003031,61.9488258361816,14.4933623969555,19.707726508379,41.6453897953033,7.70755243301392,4.14195847511292,0.579820483922958,0,118.926066398621,374.467859864235,0,0,0,2.69972014427185,0,0,0,16.5911225527525,0,6.90671953558922,0,0.78249579668045,18.416274368763,4.11751574277878,5.55264034867287,43.6565127670765,0,1.55229437351227,19.2508357465267,44.9655045568943,0.933845311403275,27.2036185264587,197.469678372145,7067.12658369541,6.83542820811272,0,1.6917137503624,10.2133829891682,0,0,5.7694835960865,270.831492304802
0,0,0,0,47.6057631969452,115.181810319424,363.414932787418,31.7377560138702,2490.74268707633,5791.84245947003,2.42013692855835,7134.89549151063,19.3797477483749,5.63675090670586,531.060005247593,0,0.482452809810638,0.544861912727356,0,16801.5316661596,0.397541433572769,1.18187284469604,0,4773.79023429751,5.24711793661118,0,0,7059.1502789855,3.05315914750099,4.48793065547943,0,5.58812591433525,0,2.04291224479675,1.46868693828583,63.169596940279,1.31096339225769,5.48149973154068,1.41977754235268,824.564109623432,0.466994732618332,0,13.1223611235619,0,0,0,118.428464204073,0,0,0,0,0,125.431496560574,13.5340175032616,89.4274881482124,91.1937918961048,35.4940639138222,153.228146225214,767.98538222909,0,481.491181790829,4.55237507820129,1.31014001369476,99.2002260088921,0,0,0,0,116.530474811792,0.608864426612854,0,3.10037112236023,313.442053347826,0,0,1.82036638259888,315.548235952854,0,0,0,2.5918447971344,0,0,0
6.35493719577789,1.55185133218765,5.38612419366837,47.6057631969452,0,6443.78946623206,89.7693822979927,166.691126585007,108.427365750074,398.844077378511,26.774804353714,1500.43965902925,365.509789228439,31.2725909054279,2584.09321987629,0,7.44408756494522,3.80772733688354,1.20231077075005,118.810080289841,88.9323042631149,2.44178426265717,98.9251093268394,68.1060543954372,36.9178954958916,6.62073582410812,18.4588559567928,116.198065072298,106.696825653315,87.1509350538254,0.963999271392822,637.195077002048,10.1286643743515,3998.92142978311,627.19390642643,2249.64717528224,31.8603550195694,208.242921113968,66.8499152064323,12580.8576170206,13968.1420765817,54.1867578625679,5.77593332529068,0,2.10903477668762,13.4443856477737,40.7235678434372,3.26937019824982,0,0,0,0,6.7659615278244,0,26.8775772452354,16.4228948354721,1.56563287973404,18.1432990729809,103.831980973482,6.26842832565308,66.2112076282501,15.2762842774391,0,40.0831618607044,0.634367942810059,0,0,0,21.8917143940926,0,0,0,67.9257249236107,0,0,3.14586111903191,54.9982620477676,0,0,0,0,0,0,90.3763160705566
179.298991590738,1.36130583286285,49.0515112876892,115.181810319424,6443.78946623206,0,2939.89577800035,25892.4078605175,541.872839540243,18288.1757960618,415.33793374896,8042.57276931405,940.370876997709,1148.91089093685,7998.47005283833,0.501257836818695,63.689424008131,119.626950412989,46.2184260189533,569.915613442659,272.201193213463,10.6396107673645,307.820649698377,228.85979834199,68.147511690855,202.853820338845,52.9573668837547,816.364177286625,731.09481908381,816.879112064838,23.2112231850624,584.26949930191,19.697268396616,411.109013900161,10113.1982597411,5734.12385603786,146.358205169439,651.092500850558,240.715614855289,12991.4321322739,907.28981167078,242.191821962595,8.82871893048286,0,4.37228631973267,34.1634611487389,81.6011952459812,4.98126763105392,2.70701414346695,0,0,0,23.7968941926956,10.0425029397011,59.0937637984753,68.207960575819,20.7310437858105,102.4475736022,232.265065938234,10.3176516890526,172.556391060352,27.6272545158863,2.34084331989288,63.0772131979465,3.85512146353722,0,0,0,30.7518324553967,2.04680109024048,6.60692337155342,4.97972112894058,221.28412309289,0.567941129207611,0.325245589017868,1.18624252080917,237.10136988759,0,0,0.253633081912994,2.52555638551712,0,0,804.549071341753
1839.54905331135,18.5530615150928,91.1745189726353,363.414932787418,89.7693822979927,2939.89577800035,0,21389.9960362762,2109.06096413732,35928.8743511438,290.449814125896,320.678940862417,432.054350346327,23153.1764846146,437.316267341375,50.067772090435,83.6011121869087,122.838725656271,60.2880007624626,480.338956475258,945.15061250329,199.734080851078,820.969498470426,3442.44190496206,29.8847107291222,175.156641155481,244.006344586611,71295.9695243388,907.931589841843,21349.680097267,7.09249567985535,165.43828997016,10.2763687670231,383.512717366219,480.467872858047,2135.82570016384,70.5326736867428,572.068622857332,184.765430897474,1010.94103580713,232.500546067953,102.319036751986,17.5101565122604,0,1.43387174606323,14.1880281567574,241.657283633947,6.58621090650558,1.49805122613907,0,0,0,163.733985722065,25.7839852869511,242.196249812841,631.848554193974,219.876946419477,502.859289586544,2127.07860541344,19.5577718019485,399.279132187366,11.9391692578793,4.53776860237122,162.161765038967,152.02968083322,0,0,0,165.41888064146,30.6812172532082,156.02286118269,98.1382932960987,1941.9634642601,0,0,48.733662545681,2481.72507664561,0,0,0,0,0,2.03209066390991,28.491806268692
3447.0097655952,4.86730888485909,579.147404670715,31.7377560138702,166.691126585007,25892.4078605175,21389.9960362762,0,150.35459241271,24367.4134393334,1547.40901368856,2370.10117793083,1396.5498842001,49036.0090975463,819.972776919603,8.38512194156647,690.30319070816,480.449160784483,131.448423624039,462.444848418236,3192.73474475741,47.4825016260147,5166.67704440653,103.463531672955,32.545278519392,666.795636236668,233.295823603868,5016.04228359461,9035.55969041586,16700.1110749245,91.6530914008617,492.431944966316,54.2910453379154,1734.09150287509,4453.15815335512,6890.64093662798,384.141024947166,2226.55879302323,825.215844914317,2561.77185335755,970.030535668135,530.342755317688,25.2430126368999,3.12066757678986,13.7660632133484,78.5535714328289,15.2169621288776,13.2764910459518,0,0,1.78355461359024,0,5.38590332865715,2.24040120840073,8.61228728294373,25.2332106232643,15.1885389983654,44.4025509357452,52.1890406906605,22.3462009429932,34.8202272951603,13.5528612881899,0.709430396556854,9.59541049599648,6.2512943148613,0,0.355497241020203,1.85545134544373,3.33729866147041,1.62897443771362,13.4812236875296,1.62380558252335,88.3839271366596,5.73800778388977,1.12949070334435,7.00337974727154,85.9504080414772,0.91249030828476,0,3.04913160204887,4.28440970182419,0,0,116.905148088932
0.924677938222885,906.07240948081,1.1843583881855,2490.74268707633,108.427365750074,541.872839540243,2109.06096413732,150.35459241271,0,8052.45683377981,31.7654568552971,1511.18491372466,150.445587068796,19.5096971094608,1234.79986149073,30.846609801054,8.3016006052494,0.609571158885956,4.28106969594955,1245.73764809966,6.93920961022377,7929.83190584183,85.8204488158226,30911.9647427499,689.902123808861,22.429144769907,1666.86090925336,6776.69670602679,6.25839152932167,47.4936791062355,36.0086213946342,4.26801574230194,0,16.0162115693092,6.87565612792969,118.879217594862,3.91425722837448,20.2747271358967,13.2203155755997,741.026796728373,7.96823644638062,9.76732504367828,59.4369435310364,2.46119844913483,11.9466342926025,16.1237489879131,112.083917379379,10.6495913565159,2.82828837633133,2.04031425714493,7.9207436144352,4.06016173958778,395.947573363781,15.2527366280556,236.173712819815,534.275988668203,551.920056313276,1183.51954819262,2985.89969773591,53.5165782868862,404.16904142499,35.2510352730751,49.5657987296581,81.6225868463516,139.19142845273,0,1.65679657459259,0,273.494135767221,51.2508001327515,154.444466769695,113.152499675751,2537.47185012698,37.9436715245247,1.86582773923874,179.274245858192,2513.15037937462,9.90000775456429,0,7.56914687156677,3.29754745960236,0,6.9176718890667,4.20554316043854
173.111397534609,1.25453490018845,46.4688036739826,5791.84245947003,398.844077378511,18288.1757960618,35928.8743511438,24367.4134393334,8052.45683377981,0,931.873915344477,10309.5007268786,1134.81177869439,3797.88865724206,2145.97819012403,10.0419538021088,128.011133253574,295.11754077673,157.464879244566,9607.26622146368,123.830362677574,28.8533782958984,152.287047356367,4028.71885022521,77.912375241518,307.168272584677,50.8892908394337,11166.0853146315,1713.60077187419,716.881012499332,12.7949142158031,496.175314962864,26.603175163269,1040.57678806782,4306.25830903649,6170.11517828703,243.572279304266,1239.32131522894,316.933037668467,4421.30029416084,773.666558414698,335.99818611145,71.5673407316208,1.18709766864777,7.12798249721527,56.4635892212391,902.57397788763,4.37188905477524,0.501366913318634,0,0,0,442.244075804949,61.7815977632999,427.425329595804,726.968525022268,98.3401463627815,1006.23952421546,1854.64637646079,17.4191058576107,1711.15481096506,19.6985672712326,8.39456480741501,675.936114788055,11.4231962263584,0,1.32725870609283,0,423.897611409426,6.39510661363602,24.2427819371223,2.73244738578796,2913.40040306747,2.13445767760277,0,0.7874376475811,2393.66092902422,0,0,0,0,0,0,91.709460824728
160.759307086468,133.506429880857,1754.03953942657,2.42013692855835,26.774804353714,415.33793374896,290.449814125896,1547.40901368856,31.7654568552971,931.873915344477,0,188.356207281351,9451.41818210483,1542.38734260201,31.0430511832237,15.6957930922508,4145.71716797352,10232.2158697546,2094.54072159529,43.339104861021,352.357955724001,133.034941315651,2051.77440652251,44.1810895800591,2977.67102253437,11297.5117152482,3237.26805968583,99.3482784628868,4087.01943834126,552.07630982995,3511.57632032037,909.170196384192,35.0051048099995,15451.0678031147,442.697827607393,3801.84999555349,8755.40518066287,12719.1419671625,3118.619756639,127.277928441763,343.030155032873,5050.20005053282,43.8902739733458,94.0276626348495,93.6990565359592,86.5209384262562,7.95691061019897,11.0522140860558,235.524824082851,0.368527799844742,29.7593196332455,9.64400368928909,0,0.652541220188141,2.02336955070496,0.469355493783951,15.3906612694263,0.798535406589508,1.65249460935593,4657.78798820078,1.20560285449028,5541.03474031389,16.4764674305916,0,0,0.745301723480225,16.6727916896343,31.7852950394154,0,0.403381288051605,4.50198316574097,2.74393393099308,1.06659972667694,1478.45426902175,400.745171055198,2435.22175082564,8.8433997631073,89.8081324696541,0.418279975652695,1440.80410817266,97.0377036929131,0,296.268644809723,112.425766140223
41.6452840566635,2.32400023937225,4.99496880173683,7134.89549151063,1500.43965902925,8042.57276931405,320.678940862417,2370.10117793083,1511.18491372466,10309.5007268786,188.356207281351,0,668.261677712202,403.35695707798,8434.15994566679,0,35.2705971598625,81.2193447053432,21.8390555679798,20196.0242233574,35.0165788829327,8.57384470105171,36.737995237112,4236.49966964126,75.9420293569565,68.1470313370228,11.8259959220886,3948.51021271944,244.963478118181,134.820392072201,1.51342236995697,178.761384725571,6.9452600479126,156.813670188189,6332.20478844643,1431.47371387482,65.7159755825996,192.266225934029,50.8098191916943,4651.54832985997,144.607653319836,86.0794651806355,31.2355364859104,1.57620888948441,9.14271849393845,10.5588461756706,299.140925675631,8.44709661602974,0.720366179943085,0,0,0,189.972251713276,23.5096363425255,232.965895235538,130.257379442453,61.9972929358482,138.207180261612,1150.38539174199,30.5723876953125,2040.65336090326,23.0807127654552,7.78523099422455,211.832652151585,8.0754043161869,0,0,0,297.632810562849,0.460499972105026,2.35895085334778,14.7310233712196,417.925839096308,0,2.03842449188232,9.03047713637352,509.805475205183,2.00241303443909,0,0,2.96024560928345,0,0.865950226783752,1036.57289814949
61.7878353595734,748.776495635509,478.219240933657,19.3797477483749,365.509789228439,940.370876997709,432.054350346327,1396.5498842001,150.445587068796,1134.81177869439,9451.41818210483,668.261677712202,0,453.467982277274,521.526513636112,187.266880095005,197.85583114624,454.225417822599,146.703411638737,124.290078431368,870.67831236124,875.685711145401,1148.51398149133,636.694446265697,13791.5879433006,1208.28797474504,7438.54943026602,929.208719819784,819.552801728249,541.183173805475,3988.76273033023,749.328496664762,66.2699872255325,1256.41790148616,772.838943094015,5362.1872676909,3316.7692848742,5760.35822369158,5911.94245581329,2877.64727288485,1854.71457892656,8414.06254836917,173.54035499692,180.072374522686,207.798911720514,130.1483309865,135.299341320992,77.4346367418766,355.149274498224,3.70102953910828,72.1376943290234,8.32976797223091,0,14.0780968666077,46.8018900752068,20.8976670503616,78.9880324006081,36.5368475914001,58.059895336628,6578.38801962137,30.868282854557,6830.97135984898,31.9470058977604,39.9723142981529,89.2629467248917,3.18415319919586,25.0044302642345,22.7331293523312,6.30069869756699,22.1101005077362,59.1350829899311,45.5295788347721,160.297474890947,2854.20205354691,414.410849094391,3775.97380180657,306.255088537931,141.298755198717,2.84733331203461,2179.71135255694,138.382219433784,0,470.124354481697,172.893244504929
19363.9967106581,0.783232450485229,485.125131547451,5.63675090670586,31.2725909054279,1148.91089093685,23153.1764846146,49036.0090975463,19.5096971094608,3797.88865724206,1542.38734260201,403.35695707798,453.467982277274,0,102.703153759241,0.706358909606934,819.363030403852,596.897005200386,266.116834580898,94.1842210590839,2495.02313321829,8.44979152083397,5246.00110897422,18.6216522455215,12.2334443628788,947.480839341879,362.673239544034,1475.58718642592,38350.1169189215,24149.7153654397,80.3319191336632,547.082697838545,129.20005980134,2558.9783590287,534.094699949026,1891.53864827752,163.619193464518,1733.61547909677,460.482395499945,302.591054737568,321.010398119688,180.768875390291,1.07889479398727,2.23774015903473,0.794971287250519,10.5802826285362,1.8174292743206,3.79593849182129,1.41376399993896,0,2.62626731395721,0,0,0,3.75710767507553,2.31126981973648,0.572325170040131,11.7493624687195,5.61143070459366,9.10495409369469,6.87856236100197,5.76236572861671,0.690105080604553,0,0.427773505449295,0,0,0,0,0,1.76339811086655,1.08983772993088,11.4191127121449,0.640212297439575,1.96834963560104,10.7120629698038,10.4983302056789,0,0,1.53345957398415,0.586487770080566,0,1.16177472472191,19.6344973742962
14.5227645933628,23.6475253105164,29.0184338390827,531.060005247593,2584.09321987629,7998.47005283833,437.316267341375,819.972776919603,1234.79986149073,2145.97819012403,31.0430511832237,8434.15994566679,521.526513636112,102.703153759241,0,0.730773031711578,19.1572949588299,10.4504755139351,4.86777561903,938.584064215422,248.415355592966,126.093487977982,229.860325247049,1735.35472816229,133.282475918531,32.2222618162632,99.5861953794956,1136.07233914733,256.409236252308,227.845610916615,3.97754749655724,120.786127328873,32.0959254801273,132.908155784011,2467.19677203894,401.30446511507,32.5655167102814,141.597880333662,76.0886206626892,8278.78317937255,86.8639589548111,37.9202959537506,23.2668560147285,2.03569847345352,4.2150866985321,25.2897266149521,215.397638231516,11.5280916690826,0,1.60985207557678,0,0,69.6510737836361,21.3786128163338,169.582368642092,94.0194113254547,60.0081863701344,97.7502483427525,971.400613725185,20.2373992800713,421.0468544662,30.3212059736252,4.51856350898743,137.354915678501,8.46555709838867,0,1.31318342685699,1.97411215305328,119.993138551712,10.3195503950119,5.54148119688034,11.113554507494,289.452914118767,0.750188529491425,2.87673205137253,19.268799751997,368.046926379204,0,0,0.665138483047485,1.17072355747223,0,0,255.735273301601
0,104.970696717501,12.9248562157154,0,0,0.501257836818695,50.067772090435,8.38512194156647,30.846609801054,10.0419538021088,15.6957930922508,0,187.266880095005,0.706358909606934,0.730773031711578,0,5.84270933270454,0.798510760068893,2.66694056987762,0,15472.8201023936,6247.08935007453,12860.1330193877,1804.05420699716,56.3656757473946,43.9568413048983,7124.1405056268,2201.65642887354,1.74178838729858,12.8021309971809,11.223352253437,2.05776339769363,0,3.0068207681179,3.5857697725296,65.4023261070251,5.90074628591537,26.3374111205339,22.7611181139946,2.70730030536652,6.98176312446594,13.4470994770527,70.5045273900032,11.7530053555965,23.2943643629551,25.2614340484142,7.86052766442299,10.0940623879433,3.40960884094238,0,50.6437525749207,10.58643206954,1.01740622520447,1.55430513620377,1.64822673797607,102.311794131994,7.41819843649864,125.995629966259,7.94191446900368,23.2643864452839,0,33.7924306988716,2.8761939406395,1.96844637393951,2278.2841501236,2.22533765435219,1.74962723255157,7.72666078805923,0,399.968789994717,1722.96559771895,1893.33932697773,1142.32921102643,6.37869548797607,19.0254840105772,2416.31063359976,1210.963113904,0.44155615568161,0,8.41388046741486,0,0,12.0669272691011,3.76983249187469
80.9796127080917,10.7899312973022,52803.6731416881,0.482452809810638,7.44408756494522,63.689424008131,83.6011121869087,690.30319070816,8.3016006052494,128.011133253574,4145.71716797352,35.2705971598625,197.85583114624,819.363030403852,19.1572949588299,5.84270933270454,0,4847.25832498074,13485.3838044256,10.9139592051506,1013.27022603154,30.7177519202232,16481.5908367783,18.6243506968021,11.2608420848846,28100.766446352,10500.9730780572,148.606201410294,1514.07069440186,991.198270469904,62.9985100775957,30.2706202864647,44.4186880886555,5898.27518749237,328.507844418287,3261.57321190834,336.223529875278,3231.44222430885,2079.53786805272,33.982518196106,81.0401710867882,25.4019723832607,9.88635158538818,2.93408465385437,0,9.21929937601089,4.90381956100464,1.6549733877182,0,0,43.1407061219215,22.0886681079865,0,0,0,0,0,0,0,8.18430498242378,0,3.83413761854172,0,0,0.429159432649612,0,0.773761183023453,3.71240597963333,0,0,2.53734424710274,1.16051322221756,0.635257005691528,11.5206958353519,23.6192811727524,677.96249204874,0.465284764766693,0,0,0.894152462482452,0.746065080165863,0,1.36628970503807,109.618302643299
71.2136594057083,0.777777254581451,2112.58401753008,0.544861912727356,3.80772733688354,119.626950412989,122.838725656271,480.449160784483,0.609571158885956,295.11754077673,10232.2158697546,81.2193447053432,454.225417822599,596.897005200386,10.4504755139351,0.798510760068893,4847.25832498074,0,15814.8622823954,20.0109712481499,122.70394936204,4.41627478599548,945.508927285671,0.898144900798798,12.0119059085846,8175.43609556556,1645.78255823255,19.339502453804,1614.2688228488,303.23026034236,137.089240342379,188.030874043703,32.9370620846748,2879.63779020309,410.679443091154,5631.78249073029,2108.57184576988,4142.24513044953,3211.61392381787,25.2268224358559,81.5189643502235,111.922578394413,9.23624032735825,1.28618311882019,2.32432210445404,19.8948459029198,1.12302267551422,2.52960646152496,0.363329142332077,0,6.24195000529289,2.27167931199074,0,0,0,0,0,0,0,105.328501671553,0,104.444521605968,0,0,0,1.12546265125275,0,3.05615594983101,0,0,0.375608921051025,0,0,18.1338660418987,40.9448257982731,373.793598800898,0,0.601708292961121,0,99.7837333381176,2.38218683004379,0,4.3455208837986,121.64174041152
31.0965420901775,8.55693036317825,2495.01925551891,0,1.20231077075005,46.2184260189533,60.2880007624626,131.448423624039,4.28106969594955,157.464879244566,2094.54072159529,21.8390555679798,146.703411638737,266.116834580898,4.86777561903,2.66694056987762,13485.3838044256,15814.8622823954,0,15.075058311224,88.972930341959,7.7902452647686,690.86664403975,7.6426642537117,1.55202394723892,24534.4055261314,1761.11321598291,13.8025906383991,862.105802536011,154.726574987173,47.7152985036373,39.9917460083961,28.9458019137383,2119.79045605659,186.388697206974,3198.54872435331,479.586581647396,1811.99206313491,1288.4672281146,12.0511262118816,22.4566374719143,31.8136958181858,1.30846917629242,1.37342917919159,2.19153785705566,13.8212361931801,1.90361231565475,3.53531056642532,0.349663376808167,0,19.7271643280983,6.83895722031593,0,0,0,0,0,0,0,2.9664511680603,0,4.8243593275547,0,0,0,0.443818032741547,0.7654769718647,3.41004121303558,0,0,0,0,0,3.41662093997002,22.152436196804,274.495724707842,0,0,0,4.53587478399277,0,0,0,76.3335460424423
5.75720858573914,0,4.0939205288887,16801.5316661596,118.810080289841,569.915613442659,480.338956475258,462.444848418236,1245.73764809966,9607.26622146368,43.339104861021,20196.0242233574,124.290078431368,94.1842210590839,938.584064215422,0,10.9139592051506,20.0109712481499,15.075058311224,0,0.795802354812622,0.310437470674515,7.14245763421059,905.465505242348,23.7639822661877,16.5174430906773,0.911857962608337,2708.75200513005,67.6101017594337,25.3749662637711,1.54369568824768,29.9317321777344,0,36.0748350918293,35.9634914398193,356.530612468719,5.3299432694912,50.1969866156578,20.0098061859608,1082.82101380825,35.0197213888168,16.107567191124,11.2473087608814,0,0.535954773426056,0,163.217993497849,0.411279171705246,1.21673107147217,0,0,0,147.642906337976,9.65909522771835,121.191322594881,92.5066766440868,39.5106340348721,136.143490463495,705.36172375083,1.53245496749878,575.075839847326,6.1641303896904,0,122.544882416725,0.773550927639008,0,0,0,91.520601183176,0.357627898454666,0,6.26575064659119,333.497814059258,0,0.402139991521835,0,376.659348130226,0,0,0,0,0,0,1.08079040050507
169.189189702272,20.6870064735413,1418.50946947932,0.397541433572769,88.9323042631149,272.201193213463,945.15061250329,3192.73474475741,6.93920961022377,123.830362677574,352.357955724001,35.0165788829327,870.67831236124,2495.02313321829,248.415355592966,15472.8201023936,1013.27022603154,122.70394936204,88.972930341959,0.795802354812622,0,355.530289769173,56648.3704940081,496.229829072952,18.6013045608997,301.524522662163,1813.83479878306,5824.47910442948,2306.49178466201,57832.1888844222,11.6395088434219,146.116297125816,48.3455299735069,7895.07475885749,4088.16950413585,5759.47608190775,117.057210743427,7120.22307097912,2841.91698394716,288.288675278425,880.793966948986,117.257375329733,19.2402551174164,4.08863663673401,7.94154638051987,40.7183483541012,0.775715470314026,0.847940325737,0,0,6.83343276381493,2.72910699248314,0,0,0,6.81172725558281,0.633550047874451,41.7489378452301,0.439198762178421,8.91218069195747,3.11159965395927,1.18616968393326,0.471190333366394,0.524200022220612,489.052888482809,0.49008446931839,0,0.591153532266617,0,80.2946201562881,286.177854537964,371.009798675776,504.152004808187,1.5336377620697,1.57361896336079,465.452960118651,315.171608954668,0,0,2.10633474588394,0,0,2.49078997969627,298.924883872271
0,4815.24941575527,8.63433137536049,1.18187284469604,2.44178426265717,10.6396107673645,199.734080851078,47.4825016260147,7929.83190584183,28.8533782958984,133.034941315651,8.57384470105171,875.685711145401,8.44979152083397,126.093487977982,6247.08935007453,30.7177519202232,4.41627478599548,7.7902452647686,0.310437470674515,355.530289769173,0,702.506423026323,17856.2283264995,3400.6952778697,110.54326698184,10935.5277640224,2926.9312145412,3.2146363556385,85.3756051063538,119.277294844389,0,0,20.5527281761169,17.1179493665695,112.101958841085,15.2372622489929,47.342455893755,47.16431671381,205.145835727453,10.3357475399971,107.358548879623,89.9088063836098,12.6848408281803,26.6248306632042,31.8168443143368,8.49296262860298,6.54517090320587,23.8751614689827,0,757.801702573895,19.9400363266468,1.14755737781525,0,8.68611815571785,61.3269229531288,20.8916637301445,397.457391873002,36.0581489503384,345.761561959982,4.83060139417648,249.824927687645,6.43517711758614,3.08506229519844,1119.47465586662,0.723277628421783,1.50571069121361,12.5270895063877,0.318136215209961,331.120994240046,1677.65485133231,653.133381515741,1351.08097702265,299.516333043575,48.4403895437717,4972.14770174026,1204.50212575495,7.17832863330841,0.62278687953949,62.3065673708916,10.0953017473221,0.38743531703949,39.4990040659904,4.83396530151367
346.424298554659,24.9301453828812,78169.5253281146,0,98.9251093268394,307.820649698377,820.969498470426,5166.67704440653,85.8204488158226,152.287047356367,2051.77440652251,36.737995237112,1148.51398149133,5246.00110897422,229.860325247049,12860.1330193877,16481.5908367783,945.508927285671,690.86664403975,7.14245763421059,56648.3704940081,702.506423026323,0,788.664259672165,38.0345408320427,2397.88429161906,28846.7677065879,9119.3652984798,5744.28234639764,15754.2059320658,80.323398321867,174.166036650538,149.128273099661,14490.5309026241,4233.64440785348,13828.541775167,580.09333640337,15315.9948312044,6969.52287766337,417.727872490883,1090.49393108487,181.582255244255,76.1834923028946,10.5874096155167,16.7962403297424,64.2645095288754,11.4112064242363,15.9794504642487,2.22362199425697,0,22.0219265818596,5.20005989074707,0,0.747272193431854,1.1847562789917,75.0594352781773,1.25746911764145,131.024789810181,0.465417563915253,32.5843552649021,5.79032707214355,25.7082463204861,1.65667510032654,4.9316331744194,2280.54789447784,1.42228914797306,2.10333652794361,3.4571541249752,0,163.881147295237,1186.53772243857,2390.91697439551,479.910641312599,2.98550564050674,16.5894473195076,4412.83491785824,640.282465085387,0,0,8.626051440835,0.745528131723404,0,11.1896206736565,486.608757257462
0,2568.3848272562,6.17251145839691,4773.79023429751,68.1060543954372,228.85979834199,3442.44190496206,103.463531672955,30911.9647427499,4028.71885022521,44.1810895800591,4236.49966964126,636.694446265697,18.6216522455215,1735.35472816229,1804.05420699716,18.6243506968021,0.898144900798798,7.6426642537117,905.465505242348,496.229829072952,17856.2283264995,788.664259672165,0,1122.64481711388,62.4745492339134,4936.60449056327,19179.9371207654,3.65662616491318,95.4176974892616,60.4928171336651,1.65144294500351,0,14.5314692556858,18.3436608910561,232.808573782444,12.6225320696831,50.9478217661381,33.5561878681183,1744.88917997479,11.4686181545258,25.9360124766827,60.3716349303722,5.32137411832809,19.7994601428509,21.7834855914116,210.093026190996,13.5177412629128,4.97978883981705,0,49.7305716276169,12.9287491440773,140.857033282518,27.205449193716,243.547769546509,754.680224686861,271.183630853891,1597.06498806179,2159.87397705019,84.8671662509441,379.124442696571,89.1062188744545,5.58338090777397,127.864278227091,1115.68266811967,1.28105616569519,0,2.70562475919724,111.657375842333,441.425575584173,951.067317128181,745.259090125561,4946.96599155664,46.3276408314705,10.1070823669434,1206.38916100562,6047.97264629602,0,0,1.61295412480831,0,0,6.25326228141785,3.05437958240509
4.17260414361954,8352.53785386682,19.690301656723,5.24711793661118,36.9178954958916,68.147511690855,29.8847107291222,32.545278519392,689.902123808861,77.912375241518,2977.67102253437,75.9420293569565,13791.5879433006,12.2334443628788,133.282475918531,56.3656757473946,11.2608420848846,12.0119059085846,1.55202394723892,23.7639822661877,18.6013045608997,3400.6952778697,38.0345408320427,1122.64481711388,0,214.976624011993,12344.7403810024,309.821169704199,32.5736522674561,14.7690643966198,1485.69534304738,17.7121000885963,0,214.444843500853,5.70231658220291,126.691922575235,197.183668345213,220.468921303749,68.7541284561157,356.836571872234,11.8731105923653,743.976813554764,64.5097472369671,102.942567259073,78.5885088741779,32.8943765163422,20.0967662334442,8.47324007749557,229.598542243242,1.05172741413116,317.860702753067,4.9205704331398,0,0,5.58933407068253,2.25584328174591,14.8851199746132,6.94588759541512,5.70383474230766,2681.09551882744,5.83816874027252,3894.15452876687,11.4959879219532,6.50412619113922,10.9999529719353,0.698582828044891,4.52646535634995,11.7231030762196,0,3.9350625872612,20.614347755909,4.89080929756165,29.8475719690323,2936.70577439666,260.75763219595,4258.23275473714,32.6734109222889,81.8675595223904,0.530381441116333,1623.90200608969,86.5030769407749,0.796463489532471,197.619980454445,0.577831387519836
132.15941247344,155.690637350082,42391.2615491301,0,6.62073582410812,202.853820338845,175.156641155481,666.795636236668,22.429144769907,307.168272584677,11297.5117152482,68.1470313370228,1208.28797474504,947.480839341879,32.2222618162632,43.9568413048983,28100.766446352,8175.43609556556,24534.4055261314,16.5174430906773,301.524522662163,110.54326698184,2397.88429161906,62.4745492339134,214.976624011993,0,37103.8361935019,158.28095588088,2750.88936181366,467.594169050455,1446.24259197712,257.773560583591,68.5761594176292,4013.16015635431,1241.44111862779,17906.5555726886,4999.20524302125,9173.07781690359,8065.56407529116,64.1492188572884,161.326873987913,242.833529084921,236.012384653091,53.8058624863625,103.154976159334,183.79943716526,5.56899321079254,5.25919950008392,19.6760740578175,0,436.213267147541,169.451558530331,0,0,0,0.890663176774979,0.385947942733765,1.73952448368073,0,1406.05768564343,0,1909.38456967473,2.47786676883698,2.16610789299011,1.06889596581459,20.8493345677853,127.50657646358,361.354832798243,0,2.68155610561371,13.4696308374405,16.1593343615532,1.54671007394791,657.121778547764,2034.78326235712,17381.8324141949,3.57907390594482,7.33721634745598,1.94478979706764,1851.8256482482,4.44048991799355,0,68.6377626359463,405.683225750923
32.6221244931221,15998.8058255166,45347.6652776748,0,18.4588559567928,52.9573668837547,244.006344586611,233.295823603868,1666.86090925336,50.8892908394337,3237.26805968583,11.8259959220886,7438.54943026602,362.673239544034,99.5861953794956,7124.1405056268,10500.9730780572,1645.78255823255,1761.11321598291,0.911857962608337,1813.83479878306,10935.5277640224,28846.7677065879,4936.60449056327,12344.7403810024,37103.8361935019,0,2988.0062995553,1062.14163164794,433.155092149973,6992.30264878273,54.8400938212872,42.0504092276096,2463.14224825799,2001.94183403254,18115.382412225,4670.25891295075,6952.70555056632,6652.9821845293,232.231204301119,350.154439806938,316.621126413345,1639.98883488774,356.724250137806,656.430165365338,984.155645996332,46.9280841052532,35.3849390149117,94.8914318680763,1.14142042398453,7279.78347189724,3644.07417729497,0,1.27060985565186,0.724820256233215,145.703427046537,10.0957458615303,140.63710168004,1.82263150811195,3148.2782754451,1.17765986919403,4982.11408525705,8.57622304558754,9.23920774459839,2715.10599258542,166.990785002708,370.327421709895,1384.39804904163,0,116.94130396843,4114.80232656002,3670.92624187469,433.507182657719,5054.98244568706,7802.09520833194,200010.626146331,697.246196210384,22.1370609402657,18.4672855138779,6205.21674112976,13.3877548873425,0.367961585521698,314.709187090397,515.273083984852
16.9141523241997,457.841919690371,227.233629822731,7059.1502789855,116.198065072298,816.364177286625,71295.9695243388,5016.04228359461,6776.69670602679,11166.0853146315,99.3482784628868,3948.51021271944,929.208719819784,1475.58718642592,1136.07233914733,2201.65642887354,148.606201410294,19.339502453804,13.8025906383991,2708.75200513005,5824.47910442948,2926.9312145412,9119.3652984798,19179.9371207654,309.821169704199,158.28095588088,2988.0062995553,0,155.463255643845,45028.6365177929,10.3611820936203,85.0219751894474,4.91437754034996,496.450897604227,1376.31320863962,3165.46902886033,50.5943206846714,1088.87021228671,442.862422436476,1735.01466661692,264.776088029146,68.3600979149342,53.1094119548798,3.64084458351135,15.6338957250118,22.7803898751736,332.485484212637,21.9527111947536,8.81141179800034,0,19.5232663750648,2.90309429168701,212.230501264334,34.1163841187954,363.179594099522,959.773061752319,242.161425352097,1743.68966785073,2589.74514903128,64.7228393256664,595.569124668837,67.6383131742477,2.97921174764633,284.787870556116,1485.75283397734,0.52429586648941,0.916947484016418,1.65178051590919,218.309459596872,429.503034323454,1117.1644281894,1042.67791779339,5523.60862699151,4.83899319171906,6.20764264464378,1150.33958731592,6845.66747687757,0,0,2.65656006336212,0.442128479480743,0,8.21637451648712,57.639251857996
7807.08456048369,2.40863621234894,641.00609357655,3.05315914750099,106.696825653315,731.09481908381,907.931589841843,9035.55969041586,6.25839152932167,1713.60077187419,4087.01943834126,244.963478118181,819.552801728249,38350.1169189215,256.409236252308,1.74178838729858,1514.07069440186,1614.2688228488,862.105802536011,67.6101017594337,2306.49178466201,3.2146363556385,5744.28234639764,3.65662616491318,32.5736522674561,2750.88936181366,1062.14163164794,155.463255643845,0,22220.3792233169,202.9412111938,1771.2443523407,9107.49392062426,16017.4645639956,2023.56455442309,3080.54695619643,307.218180447817,5630.51877701283,642.750599712133,411.195880055428,773.538612008095,250.406902253628,10.3834407329559,0.699262082576752,0.797063827514648,13.3807626664639,2.36002433300018,7.56568497419357,0,0,4.49676561355591,2.50385212898254,0,0,0,0,1.00495839118958,0.574719429016113,0,24.8345786631107,2.63321739435196,10.4914429187775,0,0,0,0,0,0,0,0,0,0,0,9.44151711463928,2.26340305805206,28.381070971489,0.404663234949112,0,0,3.42526817321777,0.562771081924438,0.754144608974457,0.87081977725029,101.656427562237
2947.183917135,9.24293306469917,721.717236429453,4.48793065547943,87.1509350538254,816.879112064838,21349.680097267,16700.1110749245,47.4936791062355,716.881012499332,552.07630982995,134.820392072201,541.183173805475,24149.7153654397,227.845610916615,12.8021309971809,991.198270469904,303.23026034236,154.726574987173,25.3749662637711,57832.1888844222,85.3756051063538,15754.2059320658,95.4176974892616,14.7690643966198,467.594169050455,433.155092149973,45028.6365177929,22220.3792233169,0,19.1391808390617,262.804664820433,382.14684394002,7220.13339149952,1748.29041057825,2883.93192198873,120.890022009611,3624.52369379997,680.409679114819,461.294088333845,495.182094395161,118.087155014277,9.4592747092247,1.906325340271,2.21997898817062,7.20321774482727,5.87334716320038,2.99957209825516,2.55434453487396,0,0.844888210296631,1.10954058170319,0,0,0,0,0,24.7594227194786,0.695333302021027,4.41651406884193,1.91254138946533,3.01633477210999,0,2.94476985931396,84.6333082914352,0,0,0,0,8.5875506401062,72.1549806296825,46.6154907047749,37.6835132539272,0,0,28.6879059076309,35.239187091589,0,0,0,0,0,0,112.314025521278
7.85220855474472,182.238433480263,230.182751461864,0,0.963999271392822,23.2112231850624,7.09249567985535,91.6530914008617,36.0086213946342,12.7949142158031,3511.57632032037,1.51342236995697,3988.76273033023,80.3319191336632,3.97754749655724,11.223352253437,62.9985100775957,137.089240342379,47.7152985036373,1.54369568824768,11.6395088434219,119.277294844389,80.323398321867,60.4928171336651,1485.69534304738,1446.24259197712,6992.30264878273,10.3611820936203,202.9412111938,19.1391808390617,0,58.594625800848,1.71953439712524,412.184522628784,54.4292622506618,1027.84195810556,1021.71631371975,701.928612545133,529.76038596034,11.4859668016434,24.7689527273178,181.597250372171,30.9461692273617,53.5544445216656,43.9098024070263,41.425172328949,0,1.2443904876709,31.6911066770554,0,128.467653393745,9.02489945292473,0,0,0,0,3.2718790769577,0.716765642166138,0,2436.03311061859,0,3746.14052978158,2.95884996652603,0.7803555727005,0.274609446525574,0.45238471031189,44.5786443948746,55.7697822749615,0,0.558022975921631,2.99049055576324,0.399062305688858,0.5477055311203,1073.98511767387,653.779775202274,6864.74237570167,0,19.7307651340961,0.278982222080231,2142.67510166764,24.1082130670547,0,68.3191033154726,25.5430254638195
35.285345941782,0,22.4943301081657,5.58812591433525,637.195077002048,584.26949930191,165.43828997016,492.431944966316,4.26801574230194,496.175314962864,909.170196384192,178.761384725571,749.328496664762,547.082697838545,120.786127328873,2.05776339769363,30.2706202864647,188.030874043703,39.9917460083961,29.9317321777344,146.116297125816,0,174.166036650538,1.65144294500351,17.7121000885963,257.773560583591,54.8400938212872,85.0219751894474,1771.2443523407,262.804664820433,58.594625800848,0,35.4860227406025,12482.246781826,494.726687759161,3009.79084175825,223.291306823492,866.938872590661,165.50112298131,1477.78303310275,5224.33235752583,380.830536276102,6.30576467514038,1.49346500635147,10.1039180159569,36.8219481408596,4.26138556003571,13.8450288772583,0.754323661327362,0,0,0,0,0,0,1.32649785280228,7.18571722507477,0.63828045129776,0,16.3740954995155,0,8.74274080991745,0,2.17370456457138,0,0,0,0,0,0,0,0,0.594092965126038,2.26134723424911,1.10188329219818,7.62277004122734,0,0,0,4.06598126888275,0.510842442512512,0,0,26.9465123713017
9.49231034517288,0,30.7438424527645,0,10.1286643743515,19.697268396616,10.2763687670231,54.2910453379154,0,26.603175163269,35.0051048099995,6.9452600479126,66.2699872255325,129.20005980134,32.0959254801273,0,44.4186880886555,32.9370620846748,28.9458019137383,0,48.3455299735069,0,149.128273099661,0,0,68.5761594176292,42.0504092276096,4.91437754034996,9107.49392062426,382.14684394002,1.71953439712524,35.4860227406025,0,1378.03089405596,311.567342400551,237.726363062859,10.7640698254108,625.897699266672,48.0328921079636,19.7112345397472,66.1489021480083,8.70032173395157,0.499404549598694,0,0,0,0,0,0,0,0,0,0,0,0,0,0,0,0,0,0,0,0,0,0,0,0,0,0,0,0,0,0,0,0,0.60775101184845,0,0,0,0,0,0,0,22.781985938549
