0,0,8.6111846268177,2.16936060786247,19.3533270955086,239.367928355932,4097.23056301475,1964.28505992889,0.562153577804565,131.066255331039,77.7781141102314,17.908391058445,5.53434234857559,8535.24674215913,11.7297394573689,0,63.9752352237701,21.4744031131268,19.2288994193077,6.59142708778381,36.5004240274429,0,88.0535317361355,7.61633855104446,0,40.5248104333878,41.4751839339733,20.2707801759243,11484.0689647794,4654.91246291995,0.437323242425919,74.8723367154598,18.7263675034046,335.198731869459,29.1225898265839,164.296083450317,15.6168737113476,136.607952833176,40.6034978628159,46.3812010586262,51.0675366520882,20.6816147267818,3.46899938583374,0,4.31232875585556,10.8919133543968,0,4.2797669172287,3.59640032052994,0,0,0.621557414531708,0,0,0,2.25097346305847,5.6246132850647,0.501589894294739,0,0,0,0,2.0221796631813,0,0,0,0,0,0,0,0,0.582271754741669,3.99229234457016,0,0,3.08632150292397,1.25938832759857,0,0,0,0,0,1.9390184879303,1.96605837345123
0,0,112.053801506758,0.772693991661072,3.98219498991966,2.77597427368164,28.049225717783,2.66659724712372,2470.45130926371,0.993557870388031,834.998560488224,2.50762403011322,750.332345366478,0,50.8895431756973,2266.6021540761,68.1891011595726,9.54798296093941,8.90859198570251,0,91.644060999155,6250.25976192951,129.193572103977,4277.30013233423,1931.7650282383,241.000278204679,13652.7695786953,632.752046406269,1.38511979579926,1.46299242973328,147.81451150775,2.10144603252411,0,66.5226454734802,6.52245438098907,110.019320517778,111.303414225578,169.999835938215,52.3156454265118,17.4262512326241,5.12243169546127,267.151388704777,480.445764183998,139.372945457697,176.910729080439,150.64107978344,1.81678032875061,0,82.9481207132339,0,3201.26494127512,1047.45309177041,3.30068853497505,2.2000777721405,0.305402129888535,19.7200386226177,1.82086676359177,36.068154245615,3.03094181418419,47.4347567260265,2.97954130172729,141.019297689199,3.60150107741356,0,97.6026021540165,316.928599834442,15.6674427092075,83.48641076684,0,26.1637246906757,321.311396211386,149.566952556372,170.999435931444,108.645071566105,795.675241947174,16185.2241849899,58.5601055920124,0.563815176486969,5.41258320212364,22.0095602869987,0,0,101.481027632952,21.9041973054409
8.6111846268177,112.053801506758,0,0,26.4672332704067,18.6076630651951,454.505505293608,85.6835930347443,3.26444724202156,73.0119631886482,181.575668603182,7.80849397182465,8.23966860771179,63.3893382251263,21.4134751558304,23.315819144249,36437.5865531266,425.63472956419,2847.19509777427,3.66558319330215,2656.42411196232,27.949979275465,42242.4195892215,53.0664610862732,16.1550215184689,44594.0056853294,28326.3609221876,745.821742534637,91.3643373847008,543.856280207634,5.44037961959839,6.13084018230438,18.7990126609802,4058.47530397773,860.224208235741,8244.15886574984,2935.1221640408,4838.22968262434,4997.29520052671,81.0726448893547,58.3789233565331,8.6744938492775,817.894728660583,149.00325730443,268.699741512537,315.226626932621,9.29457542300224,1.40143775939941,0.831040620803833,0.714740931987762,160.776431590319,2545.99712902308,0,2.18533247709274,0,28.2960385680199,0.901336550712585,3.12488484382629,0,1.14983153343201,0,6.7375793159008,7.40747430920601,4.94509845972061,132.109564989805,526.167794883251,14.8520866334438,130.562451422215,0,64.9511351287365,43.7247759401798,463.527640491724,26.2854919135571,19.4094276428223,1220.4236035049,9678.69941139221,65.1247330605984,0,12.7837042212486,0.726900398731232,0.814684629440308,0,197.225773245096,385.616782903671
2.16936060786247,0.772693991661072,0,0,20.3724157214165,118.146788626909,496.262859106064,100.647569298744,1203.2306445241,7036.53535681963,16.6236299276352,8386.3012945652,2.58345592021942,69.6397879719734,210.131965517998,0.794745922088623,0,1.82062315940857,1.8713401556015,19068.2054618597,4.79892939329147,2.12749198079109,2.66364482045174,3279.40990135074,0,2.83262175321579,2.36919328570366,2522.87579837441,74.9804679453373,6.60860329866409,1.80530798435211,22.5167171955109,1.20320263504982,89.4750603735447,30.0367151200771,478.803556501865,15.7586803138256,116.798875182867,40.3978540897369,308.351530879736,84.5100054740906,19.3970009982586,43.2694991827011,2.45810824632645,30.9465801119804,5.64835575222969,219.646362215281,7.47353315353394,5.52318274974823,0,6.0008898973465,0.391973316669464,1344.41160511971,8.54374399781227,165.022084653378,384.016538321972,91.8500578403473,334.908323198557,2045.68455803394,0,1082.77057752013,0,9.70163097977638,106.023243904114,3.05714339017868,0,0,0,612.133759886026,0,25.3897479772568,0,2416.2871299386,0,0,4.20616972446442,1687.16030994058,14.978480309248,0.383642792701721,0,0,0.729950904846191,31.9728640317917,0
19.3533270955086,3.98219498991966,26.4672332704067,20.3724157214165,0,4918.95925036073,420.274495065212,1743.35145676136,165.456334769726,965.023927569389,7.75153887271881,749.051772475243,0,162.369923979044,4871.49223929644,28.3094769120216,8.44405549764633,2.81536412239075,2.91358059644699,67.1897614896297,403.35451155901,5.53760498762131,780.224819332361,70.7552194595337,0.366403043270111,4.29344657063484,204.053491860628,220.277168214321,95.1603347957134,275.664815098047,0,2164.30296361446,12.6607141196728,585.84435749054,1554.90044438839,1589.31689971685,148.152014613152,138.595750272274,539.301049500704,13313.0881929994,7098.18206775188,113.29326736927,25.2377863824368,21.817319393158,45.4140112996101,123.407480299473,45.1755993366241,19.9230545759201,9.1637025475502,0,0,7.28088581562042,4.1300008893013,2.16535919904709,21.3178733885288,15.7420926392078,20.68495875597,6.34249472618103,15.7383654415607,0,31.0727347135544,0,9.37775042653084,15.8608940541744,9.08543562889099,0,1.23425686359406,0,6.71630346775055,9.05116856098175,0.966665089130402,16.3100289106369,22.0398189127445,0,7.07269889116287,34.8966584801674,25.5684782862663,6.23094570636749,7.13460445404053,0,4.78609466552734,0,29.1518361568451,1130.7070774734
239.367928355932,2.77597427368164,18.6076630651951,118.146788626909,4918.95925036073,0,3584.92946782708,27335.252687037,432.872563660145,27599.681494534,293.245904773474,6193.2724288702,31.4118857085705,3278.08955606818,3738.85812827945,0,71.1696458756924,71.4381189644337,13.5897117555141,395.21297582984,81.0903245806694,3.16791498661041,144.019549578428,141.404414325953,0.633553326129913,106.180066198111,53.8175131976604,547.004719346762,1441.19359624386,1442.09979873896,5.07723698019981,768.362490862608,13.7219416499138,1991.33066678047,4797.06964874268,4658.05538222194,243.072945594788,797.64111572504,322.993875056505,7210.9910761714,1732.76681390405,669.03409281373,135.230748832226,6.82125151157379,106.656493484974,143.678817123175,418.986285030842,91.203232884407,57.8542393743992,0,0,0.999589473009109,99.5909681916237,28.2810972630978,204.960870027542,198.162969350815,75.6172687709332,72.2988974452019,384.416445016861,0,400.773070007563,0,32.9105235636234,166.059727430344,0.583171427249908,2.40568968653679,0,0,102.731639057398,2.29183572530746,3.17633008956909,3.16028782725334,553.154195249081,0.561282396316528,3.35329353809357,11.5380764007568,402.19305741787,24.7528234124184,10.1305127739906,0.708334445953369,21.8118622601032,0.432455867528915,121.272099196911,512.341479003429
4097.23056301475,28.049225717783,454.505505293608,496.262859106064,420.274495065212,3584.92946782708,0,23592.3439547718,1435.69844684005,42302.5344418585,549.472745597363,382.230962753296,67.2119840085506,37794.6067771316,875.000446796417,23.0181866884232,1195.02793696523,206.78932672739,216.052351742983,200.323887646198,3207.53246852756,92.4550194442272,2796.11689090729,2219.40774875879,17.789200425148,581.67873570323,907.900299340487,41560.7020272613,9106.89955952764,30167.9087094665,7.98030570149422,493.127876311541,784.434776008129,5171.80427527428,2635.82234975696,19154.8051842749,968.740860939026,4884.84242740273,2296.45249912143,2321.78833463788,1756.39199352264,548.665693491697,1339.42765977979,16.1350662410259,356.719127833843,169.456207334995,857.969885915518,149.62432461977,27.0786038935184,0,10.9930236935616,27.7852134108543,696.971233427525,9.96825507283211,162.586654752493,3656.69967707992,501.067331939936,987.526708602905,2299.3348839581,3.36963617801666,474.123640149832,0,143.229593366385,98.6789121925831,142.548054218292,1.6073796749115,0,0,296.593261927366,72.118323892355,69.5798366963863,103.224416255951,9033.20043772459,1.35352289676666,8.88069006800652,139.799519836903,7954.36713939905,190.170699417591,251.836676388979,0,7.73011162877083,6.29711103439331,397.626557528973,152.854043185711
1964.28505992889,2.66659724712372,85.6835930347443,100.647569298744,1743.35145676136,27335.252687037,23592.3439547718,0,132.677968502045,16955.395080775,362.428845435381,1796.01764982939,28.0767431855202,25975.301915139,698.611065626144,4.27998417615891,976.069009542465,117.345372110605,150.947735339403,395.10998120904,585.999913543463,4.23844629526138,1462.24245858192,110.996640920639,1.86012321710587,298.317288130522,400.874594062567,283.002840131521,5268.53027188778,16842.4906204939,4.43947178125381,1043.96713852882,77.4533218741417,2959.79717633128,401.310907423496,5178.16472506523,275.467003136873,1600.56888997555,692.341141939163,3366.65784493089,829.551553279161,573.866548240185,159.285600453615,6.70733964443207,134.150683581829,119.90864688158,155.996270060539,98.559849768877,41.369186103344,0,0,1.21358588337898,27.0341392159462,1.44470649957657,34.6898286938667,398.720656335354,94.0237510204315,80.0593330562115,143.976554632187,1.00249493122101,59.2507394552231,0,33.8003536462784,21.9826299846172,2.27627298235893,0,0,0,10.7001493871212,2.59405153989792,1.74006402492523,1.99278703331947,720.29238280654,0,0,9.76815822720528,606.222346931696,14.1651352643967,6.05462288856506,0,24.9529688358307,0,131.289848864079,23.4000880420208
0.562153577804565,2470.45130926371,3.26444724202156,1203.2306445241,165.456334769726,432.872563660145,1435.69844684005,132.677968502045,0,1891.62495905161,219.214327454567,3624.68846073747,203.316165357828,47.2483576536179,2122.3183824122,233.54170435667,5.55041912198067,3.40418529510498,0.775932848453522,840.297972083092,217.449002534151,6986.69742903113,58.9334277808666,31277.3603585362,1042.79531231523,29.1204916834831,3003.43438836932,5634.73328927159,70.7825479507446,11.2379973828793,80.2588132023811,16.0722355246544,0.950864493846893,77.7480996251106,45.352152466774,617.404626727104,25.3012811541557,93.6383239030838,32.3655479550362,925.219975948334,69.2541078031063,83.061924725771,289.886090546846,11.789904654026,72.0637131333351,33.5291358232498,407.276260882616,25.7224374711514,20.7981241643429,0.535337269306183,49.6475291550159,3.01439729332924,1415.99498444796,46.6295964121819,409.66430208087,475.259036034346,150.687987625599,2618.90588149428,2451.19719055295,11.2602826058865,1908.41457563639,19.6679929494858,75.2958508133888,239.906226098537,393.778240740299,0.49341681599617,1.27338770031929,1.83716189861298,651.400759249926,257.71109354496,1010.45478728414,123.651843428612,6196.25872379541,26.8109840452671,10.4244568645954,168.989903926849,2867.42870491743,80.0306795537472,95.0328980088234,0.500891923904419,11.1556241512299,2.87176516652107,68.6171492338181,36.2266669869423
131.066255331039,0.993557870388031,73.0119631886482,7036.53535681963,965.023927569389,27599.681494534,42302.5344418585,16955.395080775,1891.62495905161,0,1156.81479763985,15196.0672295094,115.891906231642,7953.21328344941,1598.96856442094,2.40282446146011,211.324633091688,266.315285176039,79.2481479942799,13243.2429134846,158.02511382103,14.5575163960457,280.652756720781,1808.40546947718,8.38779416680336,288.52204978466,130.230214059353,10358.6022993922,4681.12022146583,1265.59365488589,11.6083669960499,964.678034961224,55.6730499267578,4502.25933581591,711.821018069983,11434.3212237358,639.540973991156,3586.19325089455,941.233913779259,4853.96819603443,2691.25255030394,999.632668793201,410.370515435934,6.3872646689415,197.72044980526,106.450881421566,1230.73128288984,90.1205214858055,46.4083667695522,1.86798864603043,6.16902658343315,0,2671.51388421655,66.1223342418671,813.365026369691,2341.70998701453,400.75519824028,751.696395039558,5506.47699445486,0,3364.41757383943,2.0678186416626,46.5273257493973,434.105892211199,6.96795979142189,0,0,0,1494.0595715642,3.55913934111595,38.1852647662163,2.52003818750381,8270.08177098632,0.953746199607849,1.8711878657341,6.61067017912865,6129.3015460968,42.2731662392616,9.94582784175873,0,4.16599527001381,0,173.003818839788,25.9470174014568
77.7781141102314,834.998560488224,181.575668603182,16.6236299276352,7.75153887271881,293.245904773474,549.472745597363,362.428845435381,219.214327454567,1156.81479763985,0,196.077418476343,7731.88752123713,783.965105593204,31.6758899390697,33.2232547104359,597.965585291386,17138.8204002082,1899.91243749857,68.477692514658,128.377770245075,471.847982913256,334.815137416124,210.910287231207,915.353835999966,6896.42509675026,913.372472047806,80.6685666739941,871.863327980042,243.263839095831,750.4181663692,188.93421292305,12.8528426289558,14010.545669049,57.7162308096886,826.83002436161,3469.09903937578,8301.56923311949,578.85530975461,94.7734768688679,204.339997529984,1981.20544922352,4.75329795479774,179.191793322563,64.8637383580208,8.81695765256882,3.12049230933189,3.180932700634,511.253458023071,0,116.992831796408,10.7203453183174,1.38732421398163,0,0,0.644069194793701,0,40.449489235878,0,2205.35867321491,0.994574666023254,4665.99022451043,1.94325077533722,0,3.19617062807083,3.05034449696541,25.6044339537621,1.55944508314133,0,0.836226582527161,25.6357020139694,1.39424765110016,27.4449101388454,509.491165995598,1123.9766407609,2615.12371170521,1.44138520956039,5.37531626224518,0,1577.61618202925,3.05139243602753,0,52.7560787796974,30.3183345198631
17.908391058445,2.50762403011322,7.80849397182465,8386.3012945652,749.051772475243,6193.2724288702,382.230962753296,1796.01764982939,3624.68846073747,15196.0672295094,196.077418476343,0,15.8527968525887,1027.19301021099,5502.12993273139,0.429545819759369,6.47858834266663,53.97690102458,11.3748839497566,22625.902374506,9.44681173563004,7.22541001439095,17.459903806448,2469.43942347169,4.72182831168175,58.5690920054913,22.8210828304291,2415.12898376584,457.73501688242,81.0470939278603,2.50198870897293,217.767567515373,0.419191509485245,616.242375284433,2281.50025296211,1491.74874341488,105.335999935865,307.113942414522,90.5856519639492,6229.85914370418,368.119053602219,275.862839341164,153.67667222023,6.978908598423,62.5793800652027,30.2161369025707,1559.53203067183,24.0451726913452,17.9769158065319,0.760010898113251,3.89573326706886,0.968705117702484,1237.19975334406,106.953890770674,976.3656463027,323.897323608398,171.700605630875,259.794498294592,2655.86309635639,1.56383576989174,5094.02687388659,0,48.9437686502934,727.06766936183,1.05167984962463,0,0.958372682332993,1.41265773773193,1097.18335008621,1.08457946777344,17.8510017991066,1.41582557559013,1521.75806343555,1.82866960763931,4.11788663268089,19.0038780868053,1175.0753813386,46.4648010730743,3.49028164148331,0,13.6817383170128,1.01883390545845,58.1731643974781,430.62425199151
5.53434234857559,750.332345366478,8.23966860771179,2.58345592021942,0,31.4118857085705,67.2119840085506,28.0767431855202,203.316165357828,115.891906231642,7731.88752123713,15.8527968525887,0,56.0901292562485,8.47789713740349,50.5521999299526,3.85748606920242,4.06357634067535,2.63310140371323,7.02161911129951,3.97244384884834,480.817578345537,8.12022736668587,186.193862825632,8065.38312667608,202.654164493084,3076.1668844521,30.1598556339741,46.7107365727425,24.0604600608349,944.906789124012,15.9176405072212,0,993.198962986469,2.85237956047058,92.1078491806984,2436.21980673075,3737.61337643862,80.1129773557186,16.6399623155594,84.7251996397972,4292.75917100906,19.9588534832001,495.606577843428,127.155437678099,8.46131962537766,1.61358565092087,1.54257237911224,1526.97589725256,0,373.388579696417,5.81378692388535,0,0,0.438609391450882,0,2.15609556436539,100.563852608204,0.739999115467072,4935.87789294124,0,11691.367133081,6.36411792039871,1.64769870042801,6.62409490346909,3.966472864151,23.6448344886303,7.80743086338043,0,0,99.1670190095901,1.29091757535934,56.1435460150242,2440.1443746686,1812.4672536552,6693.98605889082,0,2.66996169090271,0,3346.47871392965,1.32995748519897,0,77.9516872763634,0
8535.24674215913,0,63.3893382251263,69.6397879719734,162.369923979044,3278.08955606818,37794.6067771316,25975.301915139,47.2483576536179,7953.21328344941,783.965105593204,1027.19301021099,56.0901292562485,0,203.206158310175,1.77875751256943,581.582558125257,223.32101637125,107.199461609125,273.337158739567,412.880271315575,2.50623697042465,939.01093390584,91.6435279846191,1.56964063644409,350.890322566032,325.092788547277,247.048351049423,19071.4548468888,18572.5832396448,25.8018399477005,1183.35744932294,40.4376952648163,3856.12259343266,187.384866923094,2792.77842599154,172.568408727646,974.181330233812,345.69840657711,908.098669975996,587.100677609444,424.375888496637,40.1970772743225,5.79884457588196,98.7057145237923,104.000997006893,31.2762107551098,62.8870279788971,25.150982439518,0,0.892693817615509,1.87644955515862,0.490355551242828,2.60475569963455,9.61026415228844,30.8521021902561,44.4189367890358,26.8399900496006,5.04409396648407,0,16.2583963871002,1.38291352987289,19.4327047467232,9.42912599444389,2.72945189476013,0,1.06532430648804,0,2.02599316835403,0,0.583181440830231,0.619940876960754,108.515744447708,1.57379221916199,2.72640770673752,10.9104022681713,63.6150988042355,11.8079869747162,3.05158001184464,0,26.7787823677063,0,78.8423948287964,7.38453528285027
11.7297394573689,50.8895431756973,21.4134751558304,210.131965517998,4871.49223929644,3738.85812827945,875.000446796417,698.611065626144,2122.3183824122,1598.96856442094,31.6758899390697,5502.12993273139,8.47789713740349,203.206158310175,0,39.7019931077957,28.1234256625175,7.90326610207558,8.60477340221405,344.918470263481,692.698951125145,98.6682759821415,614.011014610529,555.813802957535,24.4026183187962,10.225675702095,217.708847939968,685.734588980675,158.53787791729,600.212824106216,2.04026475548744,197.441933304071,27.9414741694927,247.19424828887,5015.31418740749,542.993949532509,122.029828667641,115.405375808477,166.341845601797,8079.87607601285,246.624232113361,111.98703750968,78.4996110200882,21.9229280948639,16.0959946811199,100.563691973686,286.116069704294,12.1656494736671,13.2912592887878,0,0,8.98873847723007,54.3822455108166,14.770477026701,137.318468987942,73.2495301067829,20.4944296777248,37.701166421175,165.938667476177,1.93777316808701,314.836161464453,0,17.2092725038528,99.5976770818233,7.59187090396881,0,2.7430611550808,1.66950798034668,73.6231932938099,17.710392087698,3.4218864440918,28.6533516645432,142.384015709162,0,7.76148825883865,39.8277432620525,130.563478827477,16.8254418373108,10.1801685094833,0,4.98915627598763,0.441324919462204,13.3263740241528,1146.21316921711
0,2266.6021540761,23.315819144249,0.794745922088623,28.3094769120216,0,23.0181866884232,4.27998417615891,233.54170435667,2.40282446146011,33.2232547104359,0.429545819759369,50.5521999299526,1.77875751256943,39.7019931077957,0,78.4997422099113,5.64744871854782,3.61829105019569,0,18968.4644699097,16642.181116879,11167.5989946425,6939.13892892003,456.345292627811,38.2817896902561,13803.505847156,5286.80289059877,10.897528231144,18.6038066744804,7.13664707541466,1.50693464279175,7.41106271743774,123.302200049162,473.426484405994,3140.42574715614,2676.39763537049,594.551160573959,807.775126218796,23.1207641363144,15.8062529563904,15.8063266277313,230.809333860874,51.2684347629547,38.2056663930416,58.8960677981377,6.41896221041679,1.10629731416702,1.24002599716187,0,20.9795895218849,109.468730956316,0,1.31804686784744,0,64.3825222849846,10.2563411295414,63.4702806472778,2.13511204719543,1.88131326436996,0,1.31815922260284,9.10966339707375,2.68976211547852,11008.3010432124,2.83743101358414,0,0.479860097169876,0,1487.46804791689,3063.07093042135,4462.06368348002,1837.54783183336,5.3544348180294,8.98853108286858,1327.35365816951,1895.95575091243,1.59708324074745,142.827100276947,0,0,3.13649189472198,21.0179242789745,71.7406616210938
63.9752352237701,68.1891011595726,36437.5865531266,0,8.44405549764633,71.1696458756924,1195.02793696523,976.069009542465,5.55041912198067,211.324633091688,597.965585291386,6.47858834266663,3.85748606920242,581.582558125257,28.1234256625175,78.4997422099113,0,1273.6499812603,12693.5117146075,4.89031666517258,4733.86508539319,24.5024216771126,24913.7073139548,50.8624829053879,8.45769882202148,18906.0610952377,25387.4569319785,793.806723088026,613.885728627443,3966.85734575987,8.21878996491432,9.2981084883213,135.686808258295,9661.07397741079,155.657507389784,1565.20430195332,599.003005921841,1940.7143651247,957.200740009546,36.3322662115097,50.3052246272564,10.7905893921852,110.222990632057,28.8260716497898,44.7052302062511,44.5560290515423,1.02159133553505,0,0,0,85.0643493533134,443.391080200672,0,0,0,2.81380528211594,0,1.88224250078201,0,0,0,1.47418236732483,0,0.970247030258179,53.4728081822395,67.537897258997,2.40533259510994,19.8331813216209,0,5.94801053404808,23.7350807487965,69.7063254117966,8.3622225522995,12.9308848977089,196.295681983232,2572.45922532678,14.1777000129223,0,0.789937138557434,0.692506492137909,0,0,27.3812371492386,38.4094457626343
21.4744031131268,9.54798296093941,425.63472956419,1.82062315940857,2.81536412239075,71.4381189644337,206.78932672739,117.345372110605,3.40418529510498,266.315285176039,17138.8204002082,53.97690102458,4.06357634067535,223.32101637125,7.90326610207558,5.64744871854782,1273.6499812603,0,7344.42346572876,12.8153155446053,198.27823215723,0.616617143154144,463.220990240574,3.76203894615173,8.78710752725601,10163.7086954713,864.700527757406,32.8045587837696,254.483791440725,203.984146237373,26.261319309473,38.9522489905357,4.60106232762337,5522.82678994536,175.29876986146,2219.49131920934,2709.48089185357,6105.6756516397,1962.93621572852,50.2156186103821,56.8850309848785,5.29762345552444,4.57931810617447,6.45027947425842,5.07958379387856,9.69014728069305,0.781405508518219,0,0,0,5.68576735258102,2.85723131895065,0,2.50766730308533,0,0,0,2.38015127182007,0,6.37052500247955,0,6.87990671396255,0,1.26581835746765,2.46419298648834,1.5362104177475,2.21289789676666,5.09955355525017,0,0,0,1.14984095096588,0,2.32797318696976,160.251887559891,391.280960857868,0,0,0,17.2910301983356,0,0,4.57914286851883,106.89642855525
19.2288994193077,8.90859198570251,2847.19509777427,1.8713401556015,2.91358059644699,13.5897117555141,216.052351742983,150.947735339403,0.775932848453522,79.2481479942799,1899.91243749857,11.3748839497566,2.63310140371323,107.199461609125,8.60477340221405,3.61829105019569,12693.5117146075,7344.42346572876,0,1.43952259421349,631.310364723206,1.81430566310883,1623.48275002837,1.29642522335052,11.0110619664192,21801.9416913986,2720.0580317378,109.29657304287,199.068746030331,507.934425026178,12.2348790764809,5.24308285117149,30.3426715135574,4325.77810978889,98.3197326362133,998.930971354246,586.788370072842,2183.34571263194,983.507509022951,21.2206206321716,18.3571686446667,0,11.9971175789833,6.04963862895966,2.92328891158104,8.10042959451675,0,0,0,0,9.12784051895142,25.5753760933876,0,0,0,0,0,0,0,1.95301705598831,0,3.05739265680313,0,0,2.27412736415863,8.84219312667847,3.03471595048904,5.29174560308456,0,0,1.82932376861572,5.5967455804348,0,7.48134624958038,91.3296337723732,414.915052771568,1.57881033420563,0,0,2.43483656644821,0.509597361087799,0,4.19834041595459,32.5789228081703
6.59142708778381,0,3.66558319330215,19068.2054618597,67.1897614896297,395.21297582984,200.323887646198,395.10998120904,840.297972083092,13243.2429134846,68.477692514658,22625.902374506,7.02161911129951,273.337158739567,344.918470263481,0,4.89031666517258,12.8153155446053,1.43952259421349,0,2.32168889045715,1.57933235168457,3.42568290233612,1782.47437757254,0.455158948898315,24.8969265520573,5.30394983291626,2033.64563149214,188.435237824917,12.9947909414768,1.38631290197372,64.7360890209675,1.59515291452408,248.855292707682,23.6775330305099,789.831490755081,44.7704311013222,170.968504428864,51.1239168643951,854.365366071463,149.050189495087,78.7172580957413,70.3886566758156,1.91550290584564,42.4964416921139,12.9120197892189,517.108254820108,10.5333043634892,3.67354291677475,0,3.21579787135124,0,980.750170260668,28.7212801873684,375.047142148018,368.200199633837,118.79072457552,194.57823958993,2020.53220537305,1.97991126775742,1861.54149734974,0,24.9124857485294,193.39500695467,0.45617949962616,0,0,0,501.640283554792,0,15.7167362570763,0,1691.80789870024,0,0.605655431747437,3.63053730130196,1403.20139947534,14.9724517762661,0,0,1.35344809293747,0,51.1710961163044,1.69659480452538
36.5004240274429,91.644060999155,2656.42411196232,4.79892939329147,403.35451155901,81.0903245806694,3207.53246852756,585.999913543463,217.449002534151,158.02511382103,128.377770245075,9.44681173563004,3.97244384884834,412.880271315575,692.698951125145,18968.4644699097,4733.86508539319,198.27823215723,631.310364723206,2.32168889045715,0,1287.13180062175,74250.5467866957,1067.10292521119,18.5610563158989,1729.31264027953,4783.09825277328,24988.2052747607,713.603980094194,32337.6269766688,2.33522319793701,27.7179997563362,298.816706806421,12696.6728813648,5664.43760666251,26798.5785864294,4568.65189605951,10963.4252486825,7475.3825302124,407.259874463081,283.002963334322,42.209010720253,253.009124904871,22.6080722510815,37.1392557621002,103.767697036266,14.8464529514313,1.46795010566711,4.51185381412506,1.33495515584946,2.73402506113052,127.942389249802,0.385939598083496,7.64537417888641,1.46924304962158,160.634527981281,41.7503651976585,125.073926538229,9.98851096630096,0,0.487990498542786,0.548928081989288,26.5858377218246,9.7046315073967,2394.98781755567,7.41786548495293,0,0.915042847394943,0,2000.97168555856,1049.52717798948,1078.46570044756,1831.59374389052,0,7.96980312466621,751.539279162884,2936.71376267076,12.9295238852501,446.31713706255,0,0.815847098827362,3.01124972105026,18.435653924942,474.12068554759
0,6250.25976192951,27.949979275465,2.12749198079109,5.53760498762131,3.16791498661041,92.4550194442272,4.23844629526138,6986.69742903113,14.5575163960457,471.847982913256,7.22541001439095,480.817578345537,2.50623697042465,98.6682759821415,16642.181116879,24.5024216771126,0.616617143154144,1.81430566310883,1.57933235168457,1287.13180062175,0,2221.66256865859,22992.1614335179,2023.22340136766,59.3557389676571,9169.59491762519,4003.29535633326,4.20350962877274,5.15849721431732,134.277476519346,0,0,51.9685505926609,17.8812623023987,182.635503739119,104.871983379126,106.59089243412,55.7291105389595,37.1536018848419,6.74430596828461,151.260019421577,235.264774590731,33.1275237798691,54.4150790572166,70.9799079298973,11.1133065521717,0,29.8514200150967,0,120.743133872747,314.550950348377,23.5631291568279,3.24374282360077,2.05397719144821,70.5157798230648,5.27380058169365,98.6882087290287,14.0317048430443,28.5029758214951,3.13954618573189,35.5883680582047,2.98331570625305,4.26040005683899,4805.71305328608,23.8659547269344,1.28879153728485,3.86956346035004,2.35170781612396,475.963130354881,3890.30788314342,1626.41139042377,1530.25737845898,32.7291356921196,45.8232678771019,6188.64513847232,935.756749868393,3.83577692508698,41.4025909602642,4.11690565943718,0,0.790823042392731,34.5430987179279,10.8981075584888
88.0535317361355,129.193572103977,42242.4195892215,2.66364482045174,780.224819332361,144.019549578428,2796.11689090729,1462.24245858192,58.9334277808666,280.652756720781,334.815137416124,17.459903806448,8.12022736668587,939.01093390584,614.011014610529,11167.5989946425,24913.7073139548,463.220990240574,1623.48275002837,3.42568290233612,74250.5467866957,2221.66256865859,0,1988.28376200795,18.093978613615,6329.08239880204,49781.2675482929,8019.70987895131,946.167767584324,16943.2289528251,6.22257623076439,19.735510379076,291.199773341417,17650.3528385758,7980.29295936227,36654.6391251087,20705.7537944913,20104.6158568561,19215.8786741793,529.600132316351,295.57651463151,43.4079276621342,389.597788870335,79.2689936161041,101.580993562937,282.862421870232,8.79256874322891,5.90050005912781,1.43252688646317,0,32.955336779356,1130.55621370673,0.432043731212616,10.2360981702805,0.440373152494431,72.2910548150539,8.50896108150482,27.4406709074974,1.79093390703201,0.462188094854355,0.39047646522522,0.47696590423584,4.15905338525772,12.7311291694641,12188.5248485804,38.3975658118725,1.54389292001724,14.5314770638943,0,1232.06593927741,1803.22476950288,6636.70797756314,1287.35562524199,0.479662895202637,67.0223760604858,6730.44262510538,1596.10938718915,1.56084510684013,59.5817277431488,0,0,0.902418196201324,51.61903449893,1226.61274784803
7.61633855104446,4277.30013233423,53.0664610862732,3279.40990135074,70.7552194595337,141.404414325953,2219.40774875879,110.996640920639,31277.3603585362,1808.40546947718,210.910287231207,2469.43942347169,186.193862825632,91.6435279846191,555.813802957535,6939.13892892003,50.8624829053879,3.76203894615173,1.29642522335052,1782.47437757254,1067.10292521119,22992.1614335179,1988.28376200795,0,1338.96899712086,59.6759391129017,5740.90162152052,15953.4332275987,278.766430616379,30.4709592163563,56.085958302021,28.6503913104534,67.3306984305382,295.930808037519,265.736544638872,3523.88170483708,683.713066339493,565.503705829382,474.162525832653,350.044752985239,158.02675434947,119.59065464139,1692.11063948274,39.702949911356,313.230904519558,107.682225883007,666.021602779627,107.04531404376,37.4189488887787,2.26927679777145,64.8909633457661,65.9384319186211,1993.25239425898,10.208817243576,174.743994325399,3253.49902227521,461.57742112875,4713.74810644984,2618.42412695289,9.66020849347115,906.151019632816,10.4075393378735,178.793946862221,80.2205317020416,2722.69337829947,7.82269582152367,1.57066515088081,1.31951689720154,932.916297197342,1256.1109393537,1579.29826897383,1293.95750239491,17842.8942446113,30.4710716605186,5.38993537425995,646.491554141045,14001.7170364857,234.881305456161,730.51118928194,0,33.2531479001045,13.5841917097569,299.047393262386,84.5081348717213
0,1931.7650282383,16.1550215184689,0,0.366403043270111,0.633553326129913,17.789200425148,1.86012321710587,1042.79531231523,8.38779416680336,915.353835999966,4.72182831168175,8065.38312667608,1.56964063644409,24.4026183187962,456.345292627811,8.45769882202148,8.78710752725601,11.0110619664192,0.455158948898315,18.5610563158989,2023.22340136766,18.093978613615,1338.96899712086,0,490.472782313824,10403.7986918688,185.88523581624,1.54737514257431,1.6227348446846,915.595095545053,0,0,54.6065467000008,3.77870732545853,51.360233604908,214.155493408442,200.057740867138,22.9988794922829,7.70186907052994,4.70535480976105,2040.45991930366,67.3954689502716,171.369688749313,40.7461872398853,20.9679473638535,0,0,517.184108316898,0,840.173753917217,50.0265266597271,1.32856401801109,1.0705953836441,0,0,0,71.4188608825207,0.751081585884094,523.63720703125,0,2094.19315710664,0,0,9.84158509969711,26.4299045801163,16.8661269843578,17.4795618057251,0,3.73167315125465,90.1956905126572,6.15524882078171,69.3900376558304,3056.46385848522,760.038926869631,6234.03624263406,2.99806776642799,0,0.947804033756256,599.661438554525,3.42565143108368,0,23.2044950723648,2.43425440788269
40.5248104333878,241.000278204679,44594.0056853294,2.83262175321579,4.29344657063484,106.180066198111,581.67873570323,298.317288130522,29.1204916834831,288.52204978466,6896.42509675026,58.5690920054913,202.654164493084,350.890322566032,10.225675702095,38.2817896902561,18906.0610952377,10163.7086954713,21801.9416913986,24.8969265520573,1729.31264027953,59.3557389676571,6329.08239880204,59.6759391129017,490.472782313824,0,14784.1742425412,339.182176709175,440.210601061583,896.548348754644,432.199611604214,46.0007251501083,45.9516112208366,6738.98302191496,776.548535645008,10435.3370417356,11193.8192729354,11752.9653624892,7340.77073898911,138.240207254887,156.598798722029,79.6875233650208,518.080027371645,427.033043801785,270.708980739117,182.051170110703,7.99254435300827,2.13689088821411,47.4171745181084,0,413.923565894365,238.733631014824,0,4.75323975086212,0,1.9380274116993,1.5180116891861,18.8904329240322,0.837398946285248,444.813517063856,0,741.384320944548,1.7171725332737,6.0274521112442,20.8566432595253,249.039806604385,242.609345018864,252.51056176424,0,10.3415951728821,68.8080022633076,75.0427731573582,10.5441667437553,672.689889639616,7529.73356118798,22035.5079910159,3.48295548558235,2.5532124042511,6.17310893535614,1407.6505728364,0,0,125.892061233521,485.006722986698
41.4751839339733,13652.7695786953,28326.3609221876,2.36919328570366,204.053491860628,53.8175131976604,907.900299340487,400.874594062567,3003.43438836932,130.230214059353,913.372472047806,22.8210828304291,3076.1668844521,325.092788547277,217.708847939968,13803.505847156,25387.4569319785,864.700527757406,2720.0580317378,5.30394983291626,4783.09825277328,9169.59491762519,49781.2675482929,5740.90162152052,10403.7986918688,14784.1742425412,0,4561.16894516349,382.687804877758,1851.83512490988,1767.34058362246,19.3882582783699,85.2162447273731,9579.36029028893,3903.2137182951,35273.2506460547,15825.9703477323,18014.1800810397,18995.1814023554,339.485913366079,239.670974314213,134.763237804174,6473.72083058953,1670.38208922744,2211.87594816089,2226.62393888831,49.7782076001167,12.5143001079559,67.8701307475567,5.09162139892578,7869.41854530573,10762.9896684587,3.33643013238907,15.4366546273232,2.48931683599949,182.160850852728,12.7175696194172,59.8038314878941,1.64219754934311,883.479536324739,1.78221252560616,1686.11973786354,16.5762610733509,38.0693191885948,10474.1968040764,3474.95195230842,351.132333099842,1254.38590091467,0,778.109679579735,3725.25115922093,8014.36912018061,1137.1845318675,2282.16086164117,16944.8834196925,143585.096282721,1539.81637755036,6.65149056911469,121.40707975626,1493.14014285803,0,10.5651928186417,1160.99050819874,1534.7789106667
20.2707801759243,632.752046406269,745.821742534637,2522.87579837441,220.277168214321,547.004719346762,41560.7020272613,283.002840131521,5634.73328927159,10358.6022993922,80.6685666739941,2415.12898376584,30.1598556339741,247.048351049423,685.734588980675,5286.80289059877,793.806723088026,32.8045587837696,109.29657304287,2033.64563149214,24988.2052747607,4003.29535633326,8019.70987895131,15953.4332275987,185.88523581624,339.182176709175,4561.16894516349,0,1029.47138956189,15239.6183214486,2.23789981007576,70.5903141200542,435.499313384295,2166.80327990651,2161.75669121742,18292.6483701169,2272.31238949299,3309.20135593414,2612.35025495291,762.866653442383,489.484224140644,206.085998892784,2220.75851583481,44.2174957692623,391.840166032314,134.920909762383,805.84510114789,116.067178070545,26.4354305267334,5.81486314535141,18.2542142570019,113.174006193876,1158.10360428691,14.4682843089104,157.672623485327,4372.08646416664,431.416155219078,2595.49556720257,2798.00145050883,2.26048767566681,832.657520949841,0.509439468383789,131.62325835228,110.17679604888,3176.21487429738,10.0293831825256,0.903097361326218,1.03186464309692,530.896029025316,1906.94160339236,1267.94192817807,1363.02398073673,16335.0713848472,5.55799648165703,12.390233784914,948.011022925377,16868.7406364381,205.081165283918,1277.8477653265,0,4.81953272223473,17.857645124197,378.745723664761,204.091962784529
11484.0689647794,1.38511979579926,91.3643373847008,74.9804679453373,95.1603347957134,1441.19359624386,9106.89955952764,5268.53027188778,70.7825479507446,4681.12022146583,871.863327980042,457.73501688242,46.7107365727425,19071.4548468888,158.53787791729,10.897528231144,613.885728627443,254.483791440725,199.068746030331,188.435237824917,713.603980094194,4.20350962877274,946.167767584324,278.766430616379,1.54737514257431,440.210601061583,382.687804877758,1029.47138956189,0,13472.1072975099,24.2159798145294,1958.64664328098,7150.67855623364,7381.64279282093,381.809478253126,1839.56165084243,138.383129358292,1678.45648887753,500.088258564472,406.178426980972,396.091861844063,157.419611155987,27.2257734239101,1.09627556800842,22.3120038509369,25.6987149715424,14.6050015091896,18.2194636464119,7.79138788580894,0,0,4.0861956179142,3.60482159256935,0,2.07840347290039,56.6951484084129,8.24024721980095,30.9672099351883,5.63944053649902,0,5.65482965111732,1.68572473526001,3.07080292701721,3.84301230311394,5.64885932207108,0,0,0,0.606358230113983,2.61725786328316,2.56584048271179,2.12644627690315,156.292496472597,0,0.901354134082794,29.5371073782444,126.948935687542,5.96835386753082,8.93200296163559,1.54350447654724,10.3265961408615,0,19.1865907013416,21.9144519269466
4654.91246291995,1.46299242973328,543.856280207634,6.60860329866409,275.664815098047,1442.09979873896,30167.9087094665,16842.4906204939,11.2379973828793,1265.59365488589,243.263839095831,81.0470939278603,24.0604600608349,18572.5832396448,600.212824106216,18.6038066744804,3966.85734575987,203.984146237373,507.934425026178,12.9947909414768,32337.6269766688,5.15849721431732,16943.2289528251,30.4709592163563,1.6227348446846,896.548348754644,1851.83512490988,15239.6183214486,13472.1072975099,0,2.26727819442749,244.721918910742,2356.60409829021,12197.7335271835,3170.78858482838,11972.9635994434,620.965399235487,6191.71375468373,3049.58734181523,794.099710285664,666.728102147579,153.432818681002,50.6717340648174,2.00365829467773,14.8061040937901,42.2710218727589,9.22830533981323,14.5612807273865,3.09009909629822,0,2.42452454566956,43.248711168766,0.623774468898773,3.15991789102554,3.11845502257347,55.7628342211246,5.96642923355103,22.8633986711502,4.2536369562149,0,0.843503683805466,1.15717461705208,1.39448344707489,3.0280459523201,56.1386562287807,1.18741089105606,0,1.1420459151268,0,45.2819636464119,16.8879004120827,35.0562403202057,183.664302587509,0,4.33946478366852,164.515244990587,351.700145661831,2.70090109109879,42.6903723180294,0,2.85104835033417,0,12.5833123028278,201.676431208849
0.437323242425919,147.81451150775,5.44037961959839,1.80530798435211,0,5.07723698019981,7.98030570149422,4.43947178125381,80.2588132023811,11.6083669960499,750.4181663692,2.50198870897293,944.906789124012,25.8018399477005,2.04026475548744,7.13664707541466,8.21878996491432,26.261319309473,12.2348790764809,1.38631290197372,2.33522319793701,134.277476519346,6.22257623076439,56.085958302021,915.595095545053,432.199611604214,1767.34058362246,2.23789981007576,24.2159798145294,2.26727819442749,0,0.618274390697479,0,159.67907550931,6.50838279724121,130.96426576376,862.34005215764,495.945872783661,83.489546507597,3.83793234825134,11.4614999294281,100.238073587418,16.4910771250725,158.728779733181,74.5212265849113,5.52809792757034,0,0,65.6588866710663,0,119.003500699997,4.94200438261032,0,0,0,0.747777760028839,0,14.3141207396984,0,842.666499316692,0,1441.75956258178,2.02729171514511,0,0,2.95297569036484,35.1499367952347,14.0045032799244,0,0,14.8687757849693,0.420457512140274,8.82231143116951,519.546942234039,1987.67042735219,5605.53011599183,0,2.93436840176582,0,1492.6260830462,0,0,26.1617875993252,1.97440856695175
