0,0,113.821668922901,0,1.40010106563568,43.1778942346573,16030.0271243155,3027.26996287704,0.798424661159515,65.2265440225601,0,20.968813419342,3.10411447286606,21989.9503151178,3.1251822412014,0.801351428031921,430.284074068069,2.15111762285233,48.754605948925,5.50471547245979,144.455951064825,0,401.986261337996,6.99897474050522,0,80.302823394537,7.41437250375748,95.7438183426857,7104.71682986617,7034.78961199522,0,12.1726785302162,25.0735449194908,208.929147511721,4.859893232584,41.9601694643497,4.07209849357605,22.3531630337238,2.56899219751358,4.91242951154709,7.24374905228615,0,0,0,0,0,1.61901569366455,0.973155081272125,0,0,0,0,0.912030518054962,0,0,3.45953717827797,0.396735846996307,1.4336850643158,1.32678961753845,1.58700627088547,0,0,0,0,2.38637512922287,0,0,0,0,0.825082629919052,0,1.55138605833054,2.5896655023098,0,0,3.59552335739136,5.74599465727806,0,0,0,0,0,0,0
0,0,50.313195168972,2.22190684080124,7.45447731018066,3.13461947441101,1.669573366642,0,4279.41580274701,0,381.153217643499,1.20734289288521,2496.71315705776,0,77.564726382494,403.032215535641,33.9035843014717,21.8492767810822,33.3446869254112,0,19.0953688621521,3934.57556217909,32.7544777691364,3586.81029096246,3312.57922041416,498.605433881283,17946.472885102,210.295429855585,0,0.841137230396271,76.1514440178871,0,0,283.881815910339,1.5635814666748,70.2129044234753,162.817198693752,121.081021249294,3.87640273571014,204.917624920607,0,734.295892000198,72.6086279153824,167.311619192362,48.4092506170273,19.0220691561699,20.2488399147987,1.22000157833099,43.8412724733353,0,3888.55369591713,229.184703409672,0,1.35567593574524,2.07580125331879,1.39945983886719,3.48273956775665,45.8681607842445,0.647813022136688,216.535738199949,0,655.465144574642,1.77808433771133,0.815422832965851,40.4067476987839,21.8445862531662,15.855595946312,50.1129373908043,0,6.05498069524765,117.248649060726,33.7389643192291,109.353185206652,507.075083374977,979.313866645098,9047.8842485249,16.2063671648502,0.913541287183762,5.3908035159111,294.290806204081,4.60303896665573,1.16799581050873,73.5313310921192,11.2486441135406
113.821668922901,50.313195168972,0,1.54410660266876,26.5509905517101,153.949497789145,1604.2396171391,2221.08057132363,14.3422487974167,101.593735665083,56.0996350347996,14.6864213645458,49.8082474768162,1322.94743777812,175.806365638971,46.4843013286591,16593.2357753515,367.082912921906,2538.33020931482,4.36447203159332,1292.24491709471,52.0436624288559,47002.2730611265,18.0903484523296,1.59429383277893,33386.6870642304,10368.9218633771,259.888502776623,826.619032219052,1123.53569534421,0.426642656326294,20.8998548537493,81.6289901733398,12028.3153232038,1290.19885018468,14882.2556881905,7770.71350502968,6969.32305416465,2226.43704861403,120.851003617048,202.535104393959,41.4543670415878,291.981236428022,232.862581729889,115.968500971794,58.0398595035076,56.0742700994015,18.7265683710575,1.3642441034317,4.53447535634041,212.173435866833,3509.61237332225,2.2676288485527,16.7892699241638,2.87159657478333,98.7308903038502,18.9093042910099,36.5877116322517,3.2935705780983,13.619727909565,3.98220670223236,4.09016263484955,32.8339793980122,22.80968105793,305.833697080612,162.172847181559,1.06075936555862,40.8818255662918,2.32222199440002,55.0076968669891,208.441611140966,1077.13748824596,269.258157759905,1.53719884157181,555.991814315319,11746.4117739797,133.715365439653,10.3920421004295,37.103231549263,1.08904588222504,0.367756098508835,1.42324030399323,103.314595192671,991.940866202116
0,2.22190684080124,1.54410660266876,0,30.3653425574303,112.678577125072,142.46289396286,71.7865272760391,1431.61446520686,14506.148005724,0,3014.72284638882,37.0180471241474,43.5464620292187,363.389620810747,0,0,0.633814752101898,0,17719.4575546682,2.33305585384369,3.66544967889786,2.4809402525425,3722.58927825093,0.677798092365265,0.600010871887207,6.63300055265427,8723.56228202581,87.0713587999344,3.94124972820282,0,21.7724892497063,0.527601003646851,319.940543115139,41.300409257412,725.531375229359,1.22578465938568,2.99728238582611,5.8089582324028,406.289637327194,97.125359326601,3.72827702760696,142.185355216265,8.74517637491226,23.0325745940208,5.14453646540642,960.531262695789,108.194585382938,0,2.77565082907677,1.32937562465668,10.0938026309013,1832.87463179231,51.6853059530258,200.485060304403,911.807851940393,105.887637346983,606.89401242137,987.528160691261,22.8619147241116,752.580296456814,0,74.6660362184048,251.592851817608,3.13081580400467,0.812366664409637,2.03799146413803,0.719382345676422,633.082055747509,30.5599682629108,0,34.2199639976025,1139.58757323027,0,4.1521155834198,3.73814141750336,2247.61922040582,48.6438229680061,6.10957032442093,2.43730315566063,3.40714740753174,0.787081182003021,84.881597340107,2.2672905921936
1.40010106563568,7.45447731018066,26.5509905517101,30.3653425574303,0,742.775407910347,119.434146046638,13.4548841118813,91.1971035599709,62.0818239450455,0.682147026062012,507.505703777075,48.9877718091011,5.64288446307182,2172.49656426907,33.0284273028374,42.2335097193718,1.03007662296295,4.81987714767456,32.9264994859695,585.035313129425,8.55165499448776,905.985458314419,592.256269216537,0,13.4497487545013,72.1633121371269,296.548063099384,10.7027492523193,352.168582230806,0,58.6215853691101,5.80956768989563,394.100650310516,1258.72382724285,487.729368329048,53.6312394738197,7.97397124767303,10.3191159367561,10073.6136018634,320.633059412241,2.13095444440842,44.0699046552181,109.819629371166,4.96842148900032,31.0110006332397,323.319603145123,20.1805417835712,2.50015795230865,0.602607905864716,0,30.6144160628319,40.0310284495354,14.6426833868027,41.1207975745201,96.2019001245499,10.1518954634666,17.2706791758537,90.2983979582787,9.15572386980057,128.241906136274,0,9.63621920347214,62.3082125782967,3.61900329589844,3.17606854438782,6.84872967004776,16.9274994730949,43.4941803812981,19.1010704338551,4.01758217811584,41.9485195577145,72.5707610547543,0,58.8401437401772,84.2656156122684,175.953933805227,13.6111300885677,8.11489528417587,1.04276919364929,1.23023200035095,0,12.2299575209618,1554.85820966959
43.1778942346573,3.13461947441101,153.949497789145,112.678577125072,742.775407910347,0,5861.92402213812,9425.08233353496,69.1051044166088,13697.6812713146,0.32764059305191,8772.18997642398,280.672083377838,775.427719444036,3283.27289545536,4.53918445110321,99.0990694016218,2.70628929138184,22.9483627676964,290.623514950275,147.63079585135,2.63450521230698,374.106655985117,237.797413438559,0,35.9080644696951,19.972009062767,711.961215704679,249.606955587864,315.852254197001,0,312.698213711381,5.28717976808548,1742.20297792554,8613.57032701373,4846.38908517361,48.3404558598995,22.6043099164963,10.364132463932,3570.84882134199,1063.07379302382,23.9974834620953,95.3785357475281,4.80717089772224,12.4482171237469,5.67240363359451,495.603112727404,46.9443967938423,1.1776762008667,2.87529045343399,0,2.95239779353142,54.4934142231941,18.9359637498856,73.3203350305557,347.795780062675,22.3818227946758,71.2235095500946,104.34269580245,25.1140858829021,150.124661415815,0,23.2667248547077,69.8807382285595,20.6462597250938,0,0,0.761190891265869,49.673553109169,36.5428419411182,4.6986135840416,32.4088507592678,220.811465233564,0,3.77018091082573,9.69394883513451,478.444563299417,22.7436764538288,10.3451589494944,0,1.32517549395561,1.77900719642639,31.6954880952835,466.64148157835
16030.0271243155,1.669573366642,1604.2396171391,142.46289396286,119.434146046638,5861.92402213812,0,24339.0901181251,1250.38933163881,24744.0563721657,2.76851260662079,869.209761738777,291.068025916815,42518.4431962967,2537.31131729484,51.9987509250641,189.088189303875,11.2432011067867,44.4310580790043,249.094407260418,3480.32024252415,5.0657753944397,4396.98362365365,1838.0076712966,0,152.820312768221,92.0070711374283,78291.4845668375,6392.1639162302,6561.88686606288,0,538.101318717003,182.49253320694,10615.4967100024,1424.84240046144,10225.5911976397,152.316261291504,265.532259821892,230.08989495039,3186.30464360118,2105.0176230967,12.5800449848175,1149.24349889159,60.9913105368614,129.424686700106,54.3631081283092,1131.2736864984,482.077062487602,6.12445801496506,30.4758911132812,1.29350984096527,43.3887290358543,479.165170878172,38.610788166523,139.730495899916,4943.1997294426,248.316047638655,1549.51355171204,1168.42366161942,125.954883396626,299.62442356348,0,337.693928092718,161.109409809113,63.8398087024689,5.72948065400124,0,1.5971120595932,461.348690360785,188.029140412807,9.10965171456337,226.764987826347,2896.24674370885,0,3.50635319948196,72.6664035618305,7227.21505969763,434.742413178086,97.7621308267117,0,20.3438604474068,20.631908506155,506.149218738079,200.210494369268
3027.26996287704,0,2221.08057132363,71.7865272760391,13.4548841118813,9425.08233353496,24339.0901181251,0,47.2020918428898,11347.8523530662,7.53158941864967,5417.05451336503,81.2144858837128,12691.4030846357,366.828207492828,1.09153285622597,3296.95662872493,72.8012357205153,516.890166699886,361.588487297297,1718.29639026523,0.459590047597885,6369.42320370674,54.0184355378151,0,1339.02352464199,128.56311789155,1484.12416888773,3084.73407976329,12953.2298884839,0.393170237541199,304.69345676899,30.3943106532097,1200.62206041813,67.5769828557968,1424.53234642744,122.544829115272,152.677960246801,62.1542064547539,524.633627861738,98.1842029988766,1.92283189296722,51.8314928114414,1.29265961050987,5.0939257144928,1.97207587957382,80.1590310037136,13.0444202721119,0,0.480601519346237,0.587968647480011,6.87500250339508,5.62840703129768,0.906603872776031,5.13336288928986,208.041444003582,4.70589429140091,58.5293253362179,15.1887848675251,8.82464334368706,28.0758087933064,0,1.41716051101685,3.90260753035545,12.8860379755497,0,0,0,5.63605636358261,6.7740743458271,4.93690517544746,23.5670259594917,99.6112180948257,0,0,24.8901758342981,275.864925563335,13.3682582080364,10.3997790515423,0,0.507696032524109,1.88503301143646,18.1940663158894,3.64811170101166
0.798424661159515,4279.41580274701,14.3422487974167,1431.61446520686,91.1971035599709,69.1051044166088,1250.38933163881,47.2020918428898,0,918.592639803886,264.312012463808,522.004545480013,1780.81721675396,41.4672608673573,810.360151290894,580.90122872591,7.48511666059494,11.8132288455963,9.38129907846451,529.53218626976,492.961625546217,6821.48237365484,488.434526652098,43452.8143282235,2212.23231890798,166.645186275244,11817.5755807757,13437.2388006151,61.6260690689087,46.9153599441051,64.5776747763157,35.0598520040512,3.18352687358856,428.270705491304,33.2769631445408,507.076353222132,105.249430030584,57.6780892312527,6.34234145283699,604.21242210269,77.541066378355,202.576982021332,743.77881360054,102.270014375448,73.4926828145981,45.0146103203297,267.669271171093,190.867434948683,12.1136655807495,32.2696757316589,99.6116068065166,64.9385820627213,472.214529365301,11.4413137435913,71.4688924252987,1527.25530919433,93.8534139990807,5376.00797989964,672.549304902554,163.101889014244,183.099441558123,249.168298304081,97.0721279382706,112.766738414764,1480.94349041581,22.7909049987793,16.0927895009518,12.7303944528103,307.392227292061,1247.89043346047,2885.80406993628,1096.4478340745,4162.16060107946,77.8713213205338,309.532825887203,1162.70021414757,4892.32785195112,291.907939583063,154.967439293861,227.071382582188,4.82595080137253,18.9551267027855,220.565608978271,159.773072719574
65.2265440225601,0,101.593735665083,14506.148005724,62.0818239450455,13697.6812713146,24744.0563721657,11347.8523530662,918.592639803886,0,1.3848170042038,13892.3860453367,232.974121242762,6518.60969614983,2986.3383294642,4.95361113548279,39.0609945952892,2.86630707979202,11.603634506464,13746.9281654656,89.3958710432053,1.13539350032806,220.288867294788,972.959288150072,0,19.2923748493195,27.2940916121006,9437.43243947625,4688.6945900023,330.304014354944,0,1111.99291482568,4.52904698252678,11176.2877714336,7564.70536631346,8206.21162182093,59.6004094183445,27.7190446555614,62.7539430260658,2563.41645759344,2339.3588038981,11.0262533128262,328.480547428131,14.2200891971588,33.1168139576912,20.7379612624645,1376.85297590494,180.069207251072,0,4.61077436804771,0,16.8827928304672,885.470176428556,49.2422235012054,238.228451997042,2141.56726783514,103.490179300308,845.269986301661,1389.13016164303,43.6587570905685,754.333102494478,0,103.715615391731,268.337659209967,18.6326553225517,1.16950011253357,0,0,703.821201264858,75.2952947020531,2.85998919606209,72.2000692784786,1826.76985394955,0,1.83709675073624,9.91639682650566,4008.93828728795,128.137404069304,22.5896863639355,0,3.6017878651619,4.223961353302,153.410760849714,396.574546784163
0,381.153217643499,56.0996350347996,0,0.682147026062012,0.32764059305191,2.76851260662079,7.53158941864967,264.312012463808,1.3848170042038,0,2.29824286699295,11924.7698357701,3.89638444781303,7.50579014420509,12.0832364857197,265.539936482906,24277.9972653091,2962.03013291955,0,41.6043986976147,225.226932942867,159.303229957819,83.9268271028996,649.732990324497,11162.8720675707,1350.97232252359,14.2301680147648,20.3671247661114,9.3798802793026,2820.07579255104,0,5.73816412687302,19400.0871854424,124.98951151967,1300.23801136017,2399.8166411221,3923.42178836465,874.651661485434,13.0986286997795,7.68600445985794,978.260099381208,29.9045843183994,837.532033294439,151.725815176964,14.6396168470383,28.6204614341259,5.55241924524307,471.39904820919,0,98.9994600117207,1.61187154054642,0,2.0244505405426,13.6087750196457,2.75255128741264,14.638275384903,115.233930289745,0,1465.92061653733,0.602229535579681,4041.11727175117,10.7420457303524,1.74279600381851,1.52168700098991,1.51863574981689,148.872370064259,9.39853346347809,0,0,57.7709807753563,0,92.0442640781403,404.14379259944,903.700729101896,1444.6334541738,2.83823394775391,7.28975167870522,1.60939633846283,1798.76536381245,15.9500305652618,0,234.228450596333,87.0940048396587
20.968813419342,1.20734289288521,14.6864213645458,3014.72284638882,507.505703777075,8772.18997642398,869.209761738777,5417.05451336503,522.004545480013,13892.3860453367,2.29824286699295,0,179.846094995737,2937.55633199215,10440.7743321061,3.67977422475815,23.9966526329517,1.81954836845398,0.785652637481689,12646.9736847579,23.564948797226,6.89277452230453,82.3622068166733,2361.74009791017,0,12.3149361610413,21.5135679841042,1294.6463624537,2354.70927658677,178.195387661457,0,918.017235606909,0.723933219909668,5731.96816456318,10107.8353838921,3719.31861516833,29.6058463156223,14.9455697238445,12.9453939497471,5179.50822904706,801.553306281567,14.7166745364666,190.8159263134,9.2283861041069,23.8621894419193,7.53109985589981,1751.518532902,157.652239084244,0,4.6152862906456,0,6.3738434612751,501.688000112772,80.974846214056,375.435266792774,797.217604666948,133.816056668758,197.53057461977,837.565197318792,58.395278185606,1092.06668764353,1.15482139587402,90.2414575219154,384.358658790588,13.0986543297768,0,3.65597215294838,1.43975454568863,422.451409429312,37.7211727499962,5.17411142587662,42.8696073293686,764.935598671436,0,8.31065651774406,12.1989769935608,1506.06240403652,59.1294830739498,15.6944166719913,2.2942750453949,15.0306132733822,1.38491821289062,83.3975737988949,1843.48975992203
3.10411447286606,2496.71315705776,49.8082474768162,37.0180471241474,48.9877718091011,280.672083377838,291.068025916815,81.2144858837128,1780.81721675396,232.974121242762,11924.7698357701,179.846094995737,0,69.4262828230858,118.323626339436,385.532249122858,20.5129814147949,482.493860721588,18.8828864693642,55.8225026726723,721.105182260275,1532.67488881946,992.138749599457,1018.84897762537,8962.70746427774,2069.41994288564,3984.22673773766,1315.17731621861,135.594963043928,464.324650913477,4476.69012069702,136.459650486708,8.50608015060425,5453.4429269135,50.8483404517174,1463.2525562048,2470.28950762749,928.86740604043,44.6162716448307,1699.13004684448,179.434674084187,3239.05690431595,498.015850931406,1550.87747147679,261.912769347429,40.1330913305283,2150.26691100001,207.86955332756,1111.71322333813,11.580754339695,195.287136435509,18.7169113755226,7.98179477453232,10.653733253479,122.119295299053,572.551744610071,134.531586676836,239.901994675398,138.539285778999,3842.28786766529,65.6349250674248,9671.31533259153,145.936907142401,73.3532807230949,150.41555339098,6.64940983057022,179.059526860714,15.5602086484432,48.3360381126404,239.649907588959,145.872085034847,196.72021651268,461.374129414558,1549.6915833056,1370.99383747578,3081.28835266829,941.673927873373,95.9756749868393,100.57417756319,3286.29323109984,52.2268711328506,6.02120053768158,656.375580728054,59.0226176381111
21989.9503151178,0,1322.94743777812,43.5464620292187,5.64288446307182,775.427719444036,42518.4431962967,12691.4030846357,41.4672608673573,6518.60969614983,3.89638444781303,2937.55633199215,69.4262828230858,0,106.500613719225,3.56887981295586,4044.87384903431,36.9228141009808,434.348405778408,324.091451138258,1313.54244238138,0,4125.48440979421,82.3034059107304,0,998.619385629892,118.221315205097,1205.64860905707,16240.984195739,23262.9225521833,0,1130.68499284983,79.9968809783459,2506.06864517927,78.5788604319096,1419.11533665657,94.0495657920837,153.226929008961,51.4763340502977,201.498993426561,77.3213657736778,5.85750848054886,57.1204814314842,0,6.67801016569138,3.55392107367516,83.5264837741852,18.0745195150375,0,1.0403183400631,0,6.68766710162163,8.53848204016685,2.7640309035778,2.64495462179184,258.856227129698,4.46871584653854,56.2377378046513,20.747595012188,12.8585377931595,13.9362929165363,0,4.55620443820953,3.71944826841354,19.1263279914856,0,0,0,6.33359721302986,18.2430251538754,4.18274787068367,23.3774085938931,131.760307580233,0,0.509422242641449,16.6936881244183,321.914908528328,7.28199672698975,7.7155567407608,0,0.404607385396957,1.46571272611618,18.109273225069,5.75157940387726
3.1251822412014,77.564726382494,175.806365638971,363.389620810747,2172.49656426907,3283.27289545536,2537.31131729484,366.828207492828,810.360151290894,2986.3383294642,7.50579014420509,10440.7743321061,118.323626339436,106.500613719225,0,44.7571610808372,272.992622464895,7.91115865111351,44.7771119326353,391.320997208357,1337.30978651345,149.312525242567,1176.55916717649,4029.39638951421,22.914256811142,71.4191614985466,449.117431342602,2767.7323718071,166.776619076729,2873.24571561813,0,49.1330229043961,17.8489316105843,734.807501465082,2125.8703686893,1236.74218997359,87.8583300709724,50.8598483204842,41.3159306645393,3556.15303641558,172.680520564318,13.530331492424,221.469936788082,540.203102022409,51.4667242467403,181.850679755211,1179.61309310794,120.029478162527,0.590189635753632,2.66212370991707,0,108.37247979641,208.191249787807,44.9828756451607,197.679822653532,514.100222766399,78.2495646774769,130.42449837923,440.548421263695,68.6902045309544,432.9575124681,0.527297854423523,62.7113164961338,205.659814506769,36.2181988358498,30.4174832701683,35.8395110368729,67.3578627109528,215.160931199789,121.588046729565,15.3114713430405,242.86300265789,430.211116909981,0,283.786012083292,351.40582677722,802.431143432856,68.6022717654705,55.6301690936089,4.60453370213509,8.03761181235313,1.06410667300224,72.3904692530632,3651.090318501
0.801351428031921,403.032215535641,46.4843013286591,0,33.0284273028374,4.53918445110321,51.9987509250641,1.09153285622597,580.90122872591,4.95361113548279,12.0832364857197,3.67977422475815,385.532249122858,3.56887981295586,44.7571610808372,0,31.1185910105705,2.35924464464188,11.4101744890213,0.642324090003967,8740.50531715155,8790.76772010326,5202.85021606088,5377.23077240586,82.066291809082,44.2269053459167,9478.45189514756,2270.41332656145,21.0118286907673,27.5566007196903,2.17636492848396,1.44380605220795,8.63771432638168,588.440813541412,305.2067463696,3456.36721032858,867.591853141785,427.88679304719,231.568706840277,33.8650332689285,46.1538949012756,27.8723487257957,292.420993089676,80.9103067815304,84.1528863012791,33.0338224768639,188.062819451094,22.9672405123711,2.09631592035294,5.39795869588852,40.5396648943424,258.876857727766,0.857363879680634,1.21891140937805,3.5968790948391,98.8018578290939,19.5359462797642,84.8034338951111,17.2449262440205,60.0433427989483,3.78266134858131,3.80146920681,16.9863519668579,9.38086831569672,8836.89998564124,11.905051022768,0,3.47857999801636,3.84245234727859,2029.56109160185,2482.69398367405,9148.37423294783,744.471347808838,1.23990541696548,25.1423804163933,1730.51340779662,803.805252850056,37.8913491070271,53.470957249403,1.5673800110817,1.32675567269325,4.18723917007446,94.0111441910267,122.877789318562
430.284074068069,33.9035843014717,16593.2357753515,0,42.2335097193718,99.0990694016218,189.088189303875,3296.95662872493,7.48511666059494,39.0609945952892,265.539936482906,23.9966526329517,20.5129814147949,4044.87384903431,272.992622464895,31.1185910105705,0,672.725895762444,12022.2075248659,0,3339.17610114813,48.7209134101868,15554.854477644,27.6103576123714,0,19176.4214105308,17763.4062157273,125.027388930321,6971.24176444113,4090.12310442328,0.571631848812103,31.2093726992607,1032.48124799132,27925.9479059279,715.827747255564,7835.21957799792,6993.82257449627,3765.39626705647,1218.56728491187,146.623368710279,244.618494421244,8.93981629610062,65.644093811512,88.730114877224,39.1047406196594,23.1201143860817,9.327267318964,3.24134755134583,0,0.56272554397583,77.2120519280434,1060.8177293241,0,6.45434367656708,1.04464173316956,16.8604819178581,5.28834071755409,4.05057334899902,0,2.80045354366302,0.989927113056183,3.80395394563675,5.71468585729599,6.80200529098511,41.3946807980537,38.6770733892918,2.56433892250061,10.70564442873,0,7.37792837619781,35.60841101408,109.117347538471,51.6885469257832,0.718752205371857,296.376274317503,3173.7194416523,26.1786535680294,5.09930685162544,5.5810898244381,1.24263823032379,0,0,32.2743549644947,415.840475142002
2.15111762285233,21.8492767810822,367.082912921906,0.633814752101898,1.03007662296295,2.70628929138184,11.2432011067867,72.8012357205153,11.8132288455963,2.86630707979202,24277.9972653091,1.81954836845398,482.493860721588,36.9228141009808,7.91115865111351,2.35924464464188,672.725895762444,0,6928.76292523742,0,123.415732055902,12.9691107869148,524.59787735343,2.46133518218994,37.2704771459103,7467.42787396908,1329.88266646862,6.99629455804825,64.5854586958885,30.4983680844307,199.826609164476,0,11.8689761459827,9309.55991098285,246.765027374029,3373.79238730669,3888.90750157833,4396.62919893861,1851.12622845173,9.63294485211372,14.6481807529926,249.614663898945,15.5210761427879,72.3219908773899,15.7620302140713,11.0235354304314,1.63712745904922,3.09629058837891,20.1563878059387,0,3.12883675098419,10.7256800532341,0,1.68717849254608,1.67405712604523,0,0.708973795175552,2.24915653467178,0,82.877332419157,0,158.987133830786,0.560098767280579,5.86016458272934,0.338815420866013,0.551468729972839,16.7758533656597,9.90720519423485,0,0,1.76001662015915,3.52442809939384,1.22653377056122,19.1595871150494,497.649032920599,563.723943293095,1.08987659215927,0.605161905288696,0.553121566772461,151.211504966021,0.749951839447021,0,15.760400056839,241.443683415651
48.754605948925,33.3446869254112,2538.33020931482,0,4.81987714767456,22.9483627676964,44.4310580790043,516.890166699886,9.38129907846451,11.603634506464,2962.03013291955,0.785652637481689,18.8828864693642,434.348405778408,44.7771119326353,11.4101744890213,12022.2075248659,6928.76292523742,0,0,827.660208463669,20.8305534124374,2461.61358854175,15.346743285656,11.2406908273697,24434.7836848199,6515.08754596114,31.0375617742538,753.552185148001,303.764447063208,6.12317192554474,4.9969198256731,120.297001600266,24051.8036837876,562.58957991004,7993.74848031998,5192.71841964126,3558.51975277066,2475.53491714597,41.6224111616611,48.8616217374802,17.1238003373146,55.3567450344563,61.7584681510925,18.0514873564243,33.767284154892,3.18613293766975,0.436417609453201,0,0,36.1601668298244,221.02595949173,0,11.0578253269196,0.282409250736237,3.80708640813828,0,3.16182062029839,0,3.33034041523933,0,11.9542013406754,0,8.43781810998917,7.07884800434113,12.6845765113831,7.96726834774017,17.8651349246502,0,2.90886276960373,11.6973821520805,14.615391343832,8.74810618162155,11.5762552022934,743.5829654634,1658.72691059113,1.8218337893486,0,3.06491351127625,7.56049570441246,0,0,17.8671024441719,496.043534547091
5.50471547245979,0,4.36447203159332,17719.4575546682,32.9264994859695,290.623514950275,249.094407260418,361.588487297297,529.53218626976,13746.9281654656,0,12646.9736847579,55.8225026726723,324.091451138258,391.320997208357,0.642324090003967,0,0,0,0,6.34157651662827,0,25.0612809956074,970.369282394648,0,2.51969075202942,4.77403861284256,5061.18476417661,369.515075653791,26.8098574876785,0,113.397252842784,0.73518180847168,930.577009230852,73.1905352473259,1211.5661316514,13.2463853657246,6.47171807289124,4.66274958848953,477.012256085873,226.867080420256,1.71838986873627,139.96262422204,6.0090708732605,16.3148711025715,4.72634482383728,807.008076071739,100.27718603611,0.636189341545105,2.93360424041748,0,6.49917167425156,502.966619968414,57.2762352824211,179.915055900812,843.934090316296,84.1599709093571,341.088470369577,768.972653418779,21.6210465729237,627.126826643944,0,67.5705081224442,227.301256150007,5.45388996601105,0.714193284511566,0,0,385.048974126577,40.5853620767593,0,32.2449594140053,858.146504640579,0,0.698304057121277,3.55576294660568,1775.32793295383,46.3189624547958,11.6483173668385,0,6.56008458137512,2.98553562164307,75.3335854113102,9.33915710449219
144.455951064825,19.0953688621521,1292.24491709471,2.33305585384369,585.035313129425,147.63079585135,3480.32024252415,1718.29639026523,492.961625546217,89.3958710432053,41.6043986976147,23.564948797226,721.105182260275,1313.54244238138,1337.30978651345,8740.50531715155,3339.17610114813,123.415732055902,827.660208463669,6.34157651662827,0,857.424803823233,23111.1977572739,2664.4814452529,3.72006249427795,523.579048931599,1776.58854529262,13293.2568303794,1629.38355267048,25570.7113128752,1.93982005119324,23.0800233632326,459.490109652281,25429.1764751822,4577.66801014543,24589.5217762589,2364.79118356109,6295.14041206241,3683.58610093594,365.321030721068,901.988987326622,84.0522662997246,511.832092791796,74.7922124862671,48.8072888553143,41.379864603281,560.291912585497,86.305547118187,2.67486247420311,8.65608865022659,6.05513286590576,66.937251329422,8.35098686814308,19.6110758185387,16.2049434781075,306.126826882362,27.2294056713581,173.079299539328,30.4901880919933,155.967148184776,23.5455370247364,0.513572633266449,34.2157868742943,42.2338759303093,2696.79813012481,4.03429111838341,0.471053123474121,1.90094792842865,4.93491870164871,2849.90865647793,1371.57601711154,2720.08720347285,979.559836983681,0,18.3470674455166,414.664904713631,1966.16246107221,132.965135127306,166.652331978083,0,4.35777568817139,13.172512203455,108.521243661642,1060.18368250132
0,3934.57556217909,52.0436624288559,3.66544967889786,8.55165499448776,2.63450521230698,5.0657753944397,0.459590047597885,6821.48237365484,1.13539350032806,225.226932942867,6.89277452230453,1532.67488881946,0,149.312525242567,8790.76772010326,48.7209134101868,12.9691107869148,20.8305534124374,0,857.424803823233,0,2298.6171464026,16303.7433010638,1766.0561992228,114.682266891003,21189.7349874973,1447.53612443805,2.32803863286972,5.17508667707443,65.5872988700867,0,0,173.280453413725,16.3203001022339,221.242883741856,172.601657003164,92.9906455278397,12.0273542404175,285.335420042276,2.50051176548004,223.0775218606,110.139254182577,100.433709681034,55.4360334575176,13.2359346747398,16.4658413231373,8.5209613442421,23.2549912929535,2.46547722816467,288.897762417793,220.508172720671,0,3.61141550540924,0.360120385885239,26.7229117751122,3.21705508232117,21.8584044277668,1.66361048817635,104.734083920717,0,245.116993188858,0.929968118667603,2.07795602083206,4337.02315551043,14.503021478653,7.46233931183815,4.83497720956802,0.86412525177002,453.928788989782,3554.99952107668,3297.18200236559,503.767181277275,48.3812655210495,256.212599396706,4389.72589945793,189.385210096836,8.41552451252937,9.27026179432869,161.590765833855,0,0,51.9558018147945,22.1720542907715
401.986261337996,32.7544777691364,47002.2730611265,2.4809402525425,905.985458314419,374.106655985117,4396.98362365365,6369.42320370674,488.434526652098,220.288867294788,159.303229957819,82.3622068166733,992.138749599457,4125.48440979421,1176.55916717649,5202.85021606088,15554.854477644,524.59787735343,2461.61358854175,25.0612809956074,23111.1977572739,2298.6171464026,0,3226.25263896585,6.01164484024048,5889.40922474861,17802.8965650201,6149.85053350031,2994.08918339014,17632.1018775702,4.43729341030121,55.4119191169739,465.6434699893,51640.1880650967,8054.18299636245,63089.6562984288,15840.5335650742,23113.8669340611,9837.49192506075,720.515790820122,1655.69241145253,218.177017956972,731.777245610952,321.560994714499,185.723832458258,152.190633922815,518.489435553551,94.2062810659409,2.64864766597748,5.26209357380867,22.3829697370529,1218.44505086541,0.520894646644592,65.5911541581154,26.140339910984,363.65548235178,38.0714816451073,132.016081213951,31.4825350940228,152.075311094522,23.8005990087986,0,53.6647514402866,104.902130126953,11603.9860444963,41.9631259143353,5.05516996979713,12.6026687920094,12.5530598759651,2239.78658786416,2716.58315098286,16962.7060337067,857.81122520566,0,78.1260222494602,5611.42690962553,1286.02490374446,61.0222347676754,117.344127953053,2.08784991502762,6.01443028450012,6.64294549822807,165.789394199848,4070.16465243697
6.99897474050522,3586.81029096246,18.0903484523296,3722.58927825093,592.256269216537,237.797413438559,1838.0076712966,54.0184355378151,43452.8143282235,972.959288150072,83.9268271028996,2361.74009791017,1018.84897762537,82.3034059107304,4029.39638951421,5377.23077240586,27.6103576123714,2.46133518218994,15.346743285656,970.369282394648,2664.4814452529,16303.7433010638,3226.25263896585,0,1091.2343865633,85.7362549006939,13126.6701851487,14913.5727876425,346.835304915905,39.0203958153725,17.00968927145,31.4840306341648,43.7199050784111,858.724099755287,268.75118085742,1772.07531410456,146.623328536749,83.2261063456535,54.4994023442268,3793.49443629384,146.483549445868,84.6730834543705,1432.48657533526,116.988453269005,140.932388424873,70.1364510059357,1131.70915442705,385.393389493227,16.0388291180134,34.5188539028168,75.7991518676281,158.580288797617,616.054473698139,56.444137275219,185.073240876198,3443.79752346873,221.913920372725,3775.35801580548,1143.36587482691,215.291383862495,487.582201242447,81.8150201737881,247.604868263006,344.94855093956,1447.05734607577,15.9987133145332,3.00970360636711,8.24429860711098,543.826944023371,1370.82795271277,1151.12593713403,1324.77648612857,5488.76168730855,26.48251080513,155.535777837038,1383.75567060709,8732.06760326028,528.15220451355,330.232174128294,70.4873594641685,15.7282344996929,37.2843246757984,414.473055511713,133.427751421928
0,3312.57922041416,1.59429383277893,0.677798092365265,0,0,0,0,2212.23231890798,0,649.732990324497,0,8962.70746427774,0,22.914256811142,82.066291809082,0,37.2704771459103,11.2406908273697,0,3.72006249427795,1766.0561992228,6.01164484024048,1091.2343865633,0,1522.64732763171,14977.8543895483,71.4713789522648,0,0.475127160549164,628.732675611973,0,0,345.971610546112,0.714466631412506,31.8036485314369,234.749629348516,147.739491939545,4.48060321807861,76.6066408455372,0,1279.0402893424,28.9841923713684,185.550543874502,40.5038100481033,12.2337311506271,18.88381716609,1.30577802658081,81.2850434184074,0.539836287498474,140.95387506485,1.75583946704865,0,0,6.4612056016922,0,1.77992463111877,119.893768310547,0.460742503404617,434.967409700155,1.96158677339554,2533.17668449879,7.33677154779434,1.90498918294907,2.30959957838058,2.55029165744781,48.7891271710396,3.43966948986053,0,1.1279491186142,90.9405129551888,2.12166231870651,89.4361509084702,2686.52577853203,864.648831903934,3913.49843809009,4.89057475328445,5.17495834827423,0,993.198380172253,4.74698749184608,0,89.7247848808765,0.570330560207367
80.302823394537,498.605433881283,33386.6870642304,0.600010871887207,13.4497487545013,35.9080644696951,152.820312768221,1339.02352464199,166.645186275244,19.2923748493195,11162.8720675707,12.3149361610413,2069.41994288564,998.619385629892,71.4191614985466,44.2269053459167,19176.4214105308,7467.42787396908,24434.7836848199,2.51969075202942,523.579048931599,114.682266891003,5889.40922474861,85.7362549006939,1522.64732763171,0,35367.8160884976,105.435064196587,862.787014216185,515.104991525412,955.490142852068,7.53104658424854,84.5074889361858,17057.3238497972,1122.39531344175,19498.908980906,29162.241797626,7867.35896155238,3934.10205227137,71.0625023543835,80.7914871871471,522.068279802799,617.623179942369,1481.40882813931,395.815468281507,236.700470805168,52.7131258845329,15.3550410568714,113.636122584343,3.41133004426956,900.594723641872,2446.35777705908,0,11.5097090303898,7.50910806655884,38.1306254863739,11.0461439490318,149.14466676116,5.1961789727211,776.203357636929,1.40299731492996,2179.34965103865,31.1002637445927,27.2033149600029,75.5127676427364,188.750783383846,598.968788713217,414.357612758875,0,21.5277897715569,188.484897136688,109.031106710434,280.249889642,807.485267162323,21040.5489287376,41285.4196793735,38.4745208621025,15.4673860967159,20.5407604575157,2703.87015560269,22.6959225535393,0,576.718202769756,982.002244472504
7.41437250375748,17946.472885102,10368.9218633771,6.63300055265427,72.1633121371269,19.972009062767,92.0070711374283,128.56311789155,11817.5755807757,27.2940916121006,1350.97232252359,21.5135679841042,3984.22673773766,118.221315205097,449.117431342602,9478.45189514756,17763.4062157273,1329.88266646862,6515.08754596114,4.77403861284256,1776.58854529262,21189.7349874973,17802.8965650201,13126.6701851487,14977.8543895483,35367.8160884976,0,2099.76941931248,157.009559363127,495.291974723339,773.50545412302,6.63459891080856,18.2818329930305,20061.9512852132,2670.61616882682,37737.657114923,18925.72646451,11489.026129514,4564.08603346348,1335.5090354383,259.149214208126,308.347042411566,2127.396671772,2521.06191980839,1141.32166689634,570.849979519844,221.533703386784,61.4175615310669,117.470754235983,11.9113206267357,8774.46705594659,14510.6274530292,0.520356178283691,28.0429683923721,8.42317315936089,391.510117918253,74.7052201926708,368.926528424025,17.7452276945114,660.388655036688,8.81414601206779,2714.88917270303,118.493166059256,75.5394229590893,8075.88524580002,788.837527215481,582.848640650511,827.653252959251,2.30717200040817,464.218182742596,5431.75754225254,16687.8027262688,1676.19327041507,2662.73947644234,32174.6835797429,158401.182676584,511.89751175046,66.4801591336727,126.356618702412,2974.54042237997,13.6259223520756,4.20988118648529,1343.97360557318,2231.42458349466
95.7438183426857,210.295429855585,259.888502776623,8723.56228202581,296.548063099384,711.961215704679,78291.4845668375,1484.12416888773,13437.2388006151,9437.43243947625,14.2301680147648,1294.6463624537,1315.17731621861,1205.64860905707,2767.7323718071,2270.41332656145,125.027388930321,6.99629455804825,31.0375617742538,5061.18476417661,13293.2568303794,1447.53612443805,6149.85053350031,14913.5727876425,71.4713789522648,105.435064196587,2099.76941931248,0,2820.69004282355,17840.334551543,1.46430605649948,199.331277787685,336.92906498909,6303.13888302445,2023.02984115481,12776.6389446855,332.992516338825,465.004105508327,315.351801633835,3640.75158014894,1171.47527259588,68.5232632756233,3312.54275694489,169.601136684418,329.110633015633,172.261201113462,3756.17507475615,1101.95064565539,19.4262184500694,98.7457721531391,5.98888590931892,118.903144866228,1963.97313606739,114.218681484461,460.883278489113,10172.4310501218,544.354978084564,6145.61458829045,3154.54401311278,453.241119235754,1304.73166823387,7.42108130455017,653.708137124777,577.215639203787,1340.22708961368,20.4681869745255,3.31430220603943,3.25079211592674,1359.13508611917,1839.08546712995,810.052156001329,1482.33434322476,9870.69362285733,0.74183315038681,22.3187485635281,555.828963398933,19611.7452593148,1242.63657781482,616.534111261368,0,41.0050756037235,69.1579791605473,1165.18686366081,441.51079043746
7104.71682986617,0,826.619032219052,87.0713587999344,10.7027492523193,249.606955587864,6392.1639162302,3084.73407976329,61.6260690689087,4688.6945900023,20.3671247661114,2354.70927658677,135.594963043928,16240.984195739,166.776619076729,21.0118286907673,6971.24176444113,64.5854586958885,753.552185148001,369.515075653791,1629.38355267048,2.32803863286972,2994.08918339014,346.835304915905,0,862.787014216185,157.009559363127,2820.69004282355,0,20425.8235900402,0,1125.11984702945,9502.24082478881,6392.18846023083,177.019347041845,1665.95350775123,97.1681085377932,484.364636391401,105.259296089411,199.234578132629,150.336589664221,3.25651437044144,128.823194116354,5.73675808310509,6.79349172115326,3.13962277770042,123.555740058422,22.8474539518356,0,2.66913908720016,0.429459810256958,2.05412790179253,9.87425717711449,1.75837299227715,8.93312069773674,337.537703305483,3.88202682137489,110.440972417593,19.8174251019955,27.8506862819195,14.5095265805721,0,14.7701980471611,10.0038353204727,42.7931713461876,0,0,0,11.6043895483017,53.3462443351746,16.2047163248062,51.4287541210651,246.946365594864,0,0.625776827335358,20.57870221138,576.147507578135,25.2183555364609,20.8382185697556,0,0,3.32861420512199,31.4259827435017,22.7724795937538
7034.78961199522,0.841137230396271,1123.53569534421,3.94124972820282,352.168582230806,315.852254197001,6561.88686606288,12953.2298884839,46.9153599441051,330.304014354944,9.3798802793026,178.195387661457,464.324650913477,23262.9225521833,2873.24571561813,27.5566007196903,4090.12310442328,30.4983680844307,303.764447063208,26.8098574876785,25570.7113128752,5.17508667707443,17632.1018775702,39.0203958153725,0.475127160549164,515.104991525412,495.291974723339,17840.334551543,20425.8235900402,0,0,122.517627120018,3067.01364937425,25950.2904343009,4582.62912684679,16646.5750722587,633.64785066247,2782.86619180441,1472.8656090498,1572.29055935144,1226.94268199801,45.5574527382851,234.84180983901,34.7898463010788,19.8957608640194,22.5352219343185,319.414688974619,48.8206081092358,0.822910845279694,6.79426088929176,0,13.2721010744572,1.56808817386627,10.6648617982864,11.4917576909065,260.966616511345,19.4964037537575,77.2101120650768,21.6370924413204,72.332442253828,15.6210569441319,0.418949276208878,24.0110023319721,28.0232765674591,258.146275937557,3.29751229286194,0.799684107303619,1.57987755537033,11.2933695912361,329.4935503304,109.376873552799,229.843819439411,386.297768175602,0,2.89458242058754,62.3887467384338,722.859094679356,63.5733929276466,64.888621866703,0,2.66364338994026,4.84055411815643,33.1456595659256,576.762635111809
0,76.1514440178871,0.426642656326294,0,0,0,0,0.393170237541199,64.5776747763157,0,2820.07579255104,0,4476.69012069702,0,0,2.17636492848396,0.571631848812103,199.826609164476,6.12317192554474,0,1.93982005119324,65.5872988700867,4.43729341030121,17.00968927145,628.732675611973,955.490142852068,773.50545412302,1.46430605649948,0,0,0,0.549807667732239,0,823.704190701246,4.96497005224228,73.5378592610359,892.384564727545,299.829889863729,20.3701258599758,5.90975371003151,0,283.486693501472,34.0203689932823,525.718317300081,80.6552900671959,18.1011007130146,21.6848697066307,4.18400573730469,121.925464719534,0,67.9885129034519,0,0,0,3.58571466803551,0,6.54219648241997,83.4817309379578,0,737.520514398813,0,1883.30476292968,7.8276184797287,1.45606052875519,0.504867792129517,2.08750450611115,184.91418454051,7.85314449667931,0,1.11668395996094,42.929292678833,0,50.9327549934387,265.961689978838,2009.55508983135,2356.85874757171,1.2101674079895,8.36639630794525,0,1994.47622224689,9.49508252739906,0,127.90763014555,3.21443217992783
