0,0.899617195129395,392.932807177305,4.35699120163918,2.84433972835541,240.582779288292,9357.66955071688,2251.00329759717,26.0461137592793,176.193284273148,73.877025604248,10.8882332444191,5.0769659280777,21763.8218356073,4.40944755077362,11.1992402374744,1169.69348368049,87.8679420351982,753.025289535522,11.8005166947842,960.389113783836,0,1365.44245621562,157.364963710308,1.97136640548706,381.33701428771,315.554021209478,265.289724320173,15012.1967325807,6426.50763422251,1.53925836086273,33.8943481445312,11.4233527779579,370.406448960304,17.014056801796,144.542422175407,40.8602076470852,146.285164922476,46.4434488415718,21.6635906100273,6.43754962086678,15.1898359656334,15.702388972044,1.05800703167915,10.4030539393425,0.512606680393219,9.7685399055481,0,0.821219086647034,0.441052615642548,0,0,0,0,0,9.69227588176727,1.87207904458046,6.76616820693016,0,0.672400891780853,0.472383081912994,1.23029667139053,1.36369568109512,0.540333807468414,5.38895434141159,0,0,0,0,1.57084980607033,7.53245827555656,4.33778154850006,82.6584740281105,0,0,4.85688370466232,28.4992803037167,10.355495005846,4.02544739842415,0,0,0,7.1792568564415,6.79672491550446
0.899617195129395,0,14.3475443720818,10.1386314928532,11.5546917915344,6.63188743591309,3.53112238645554,8.93471077084541,1663.75685834885,14.3920539915562,1080.89090952277,17.8361404538155,3158.78503385186,11.2717830836773,47.9244075715542,133.408717006445,18.0756527781487,36.3895947337151,47.018067240715,6.4204166829586,29.5889913737774,6276.34073263407,35.6147800385952,2747.62871730328,4492.31076613069,394.951098293066,26474.843403101,42.2634285390377,21.41339802742,1.73929333686829,79.270342707634,14.2478597760201,1.5436452627182,230.132755964994,15.118416428566,208.164691001177,627.798615306616,300.408164322376,97.09306204319,34.953558921814,0,581.489461243153,105.927724540234,167.663284361362,112.412717491388,59.0617922842503,2.54637581110001,0,132.358386337757,0.428653210401535,3911.06867581606,85.3694526553154,0,0,0,3.974907964468,2.81204509735107,26.5714812278748,0,178.562814116478,1.93170469999313,238.512325286865,5.46031928062439,0,48.0775998234749,18.3263807892799,18.3047127127647,12.0347741246223,0,4.99175450205803,440.173291325569,33.3661962449551,47.5326501131058,48.563843280077,853.234571069479,10836.2872789502,8.56263935565948,10.459524512291,2.82168915867805,102.932974249125,4.3541773557663,0.934225738048553,52.9364663660526,13.4307991266251
392.932807177305,14.3475443720818,0,1.43543329834938,0.807931005954742,38.8335053324699,614.715952754021,1318.72276902199,20.3259596526623,35.7958723604679,74.4039634466171,6.90208944678307,3.92478805780411,1903.00848376751,31.0046332478523,69.1483271420002,15847.4896019995,273.087906628847,2625.17444884777,9.20888933539391,783.142340898514,28.0741506814957,55034.2635743916,163.422467976809,2.040831387043,20952.3246383071,15969.2414109111,483.984764486551,639.8419444561,488.615729421377,0,12.625570088625,23.9426629245281,4623.06625521183,731.034570932388,5829.10844027996,1867.22702130675,4485.21545660496,2461.8657002151,6.07435196638107,22.6134652197361,4.50257682800293,55.7441167831421,10.8197515904903,36.6565073132515,40.1266499459743,2.09854686260223,0,1.31204009056091,0,117.660621374846,359.633032053709,0,0,0,3.69294762611389,0.880689740180969,0,0,1.13765147328377,0,1.32997894287109,3.23640060424805,0,71.901978880167,28.2999187409878,0,6.22692611813545,0,6.19329249858856,67.2445540726185,177.151729613543,33.7746880054474,0.625376582145691,129.352833837271,3675.75884640217,9.17617759108543,2.29631751775742,2.39210510253906,0,0,0,12.8410643935204,214.356052398682
4.35699120163918,10.1386314928532,1.43543329834938,0,129.609086424112,431.238410830498,105.68985158205,440.835263162851,3028.18167254329,14327.90679726,122.248193055391,13937.465616852,22.2669116258621,453.550185352564,643.567258268595,1.04628279805183,0.477346062660217,29.1872583627701,5.64670160412788,30578.1793884039,0,22.0983818173409,1.55248811841011,7910.4587071538,6.62574601173401,37.8435480892658,53.0070331692696,10399.3288785517,368.836058229208,7.61337259411812,1.80475881695747,107.194310545921,0,211.467960447073,88.827835559845,966.483486771584,18.7093088030815,354.382438331842,76.7408158481121,1883.92432546616,175.946146160364,96.875189691782,389.616287380457,5.22423648834229,167.354907333851,22.3999683856964,696.602267444134,11.1531928181648,19.7601083517075,0,0,0,2006.05709162354,25.7442553937435,202.857582598925,259.338723212481,165.92851421237,303.256584852934,962.607983320951,4.95243576169014,725.468671709299,10.7246667146683,60.3224655389786,108.833952724934,0,0,0,0,696.135221987963,0.421665012836456,6.72456836700439,3.83742731809616,1856.25122097135,0,0,0,2588.75414976478,44.9947209060192,1.81113857030869,0,0,0.963411808013916,113.89273545146,22.1787024736404
2.84433972835541,11.5546917915344,0.807931005954742,129.609086424112,0,2736.53504538536,50.089717566967,423.527817428112,672.768768429756,611.952171087265,23.260418176651,688.108739554882,21.0320072174072,21.8256314396858,6491.05200913548,0.814825057983398,0,0.729524314403534,3.32727634906769,138.301430404186,2.04173642396927,13.663444519043,4.56570047140121,293.652780294418,8.94862592220306,4.09947550296783,39.5560083687305,85.30133202672,24.9990285933018,2.27703064680099,0,2488.50338742137,0.725943505764008,7698.3912756443,169.345663398504,934.314240992069,8.16034495830536,80.4062155783176,140.182679235935,10338.8867475092,6121.54216590524,186.304637849331,12.5760819911957,3.78154951334,2.04781138896942,14.6735441684723,39.4808134436607,2.00603747367859,1.23600804805756,0,0,1.23408246040344,22.3134080171585,0,5.82355409860611,5.6621575653553,0.512343049049377,2.37473702430725,7.03750070929527,1.13343879580498,23.0081847310066,9.48635977506638,1.33313548564911,2.19824719429016,1.6838031411171,0,1.56565690040588,0,2.77063411474228,0,2.45604300498962,2.01085805892944,38.0098645985126,0,2.5930563211441,5.79428315162659,16.9900090694427,0.840344488620758,1.66528761386871,0,0,0,2.83092978596687,786.549408167601
240.582779288292,6.63188743591309,38.8335053324699,431.238410830498,2736.53504538536,0,1450.72148868442,24726.9565437436,787.047263085842,14226.4398787767,472.148661255836,3526.25217106938,107.909547686577,2558.6261330843,7571.36397138238,1.55221521854401,77.7505100667477,122.732661068439,73.9949441850185,517.246193528175,74.7657336294651,4.52910304069519,120.478453785181,512.956561237574,9.50167888402939,169.92425981164,88.0074529349804,1817.74006573856,630.844531267881,143.155463278294,16.3020490109921,1540.30457887053,2.33469745516777,1091.01678493619,973.769447147846,3673.20976147056,87.2961051762104,484.506576746702,437.195594787598,7068.98319271207,3035.43159613013,655.727532297373,213.458140611649,12.0225610136986,80.5207489132881,13.807385623455,326.544606685638,5.75145745277405,23.1037997603416,3.79183530807495,0,0,220.035958915949,16.554801940918,88.8057809472084,133.819208800793,37.9166342318058,91.577287375927,165.766647011042,12.0794048607349,257.021930336952,47.419045239687,29.7729588150978,55.1244597136974,9.54923874139786,0,0,0,111.291566610336,3.64657509326935,12.5064316689968,6.09018117189407,664.156527251005,0,0.645168304443359,4.45491093397141,322.01665610075,14.5271549224854,9.23442566394806,0.437309622764587,1.28733357787132,2.9234681725502,40.0619213879108,178.656256139278
9357.66955071688,3.53112238645554,614.715952754021,105.68985158205,50.089717566967,1450.72148868442,0,10285.4485601187,171.783024847507,16906.4467256665,690.825592130423,73.5615294277668,104.985054910183,32587.2505404651,301.136634260416,25.494118064642,890.710801362991,292.808222979307,443.979775846004,108.989933460951,6692.92093503475,3.2448422908783,5064.27876785398,1171.62003102899,5.87604758143425,870.303716242313,640.711693435907,43840.1056765914,10619.8124562502,34948.6510471106,34.1230292916298,430.194828271866,449.776136398315,2942.49922204018,1415.55456548929,4823.43748673797,266.948319733143,2617.20421555638,699.404649108648,735.240418046713,670.010584384203,239.231434136629,427.533612459898,14.1136950552464,176.499615579844,83.9734752774239,200.991803795099,9.44973659515381,10.9278062880039,1.15004849433899,0,0.44914311170578,172.530524164438,1.21576797962189,23.4070486724377,212.655898451805,120.53968706727,104.652437657118,138.013760238886,11.9737165868282,31.9414176344872,29.0704470872879,114.912881165743,7.51621636748314,12.4628404676914,0,0,0.6120765209198,88.0329034030437,6.34206387400627,22.7985334098339,6.46636646986008,1096.92810729146,0.505996584892273,0.598806917667389,13.1541251540184,804.554227858782,103.298623681068,8.75348994135857,0,6.22006040811539,5.65510016679764,100.207101404667,226.463220864534
2251.00329759717,8.93471077084541,1318.72276902199,440.835263162851,423.527817428112,24726.9565437436,10285.4485601187,0,629.79259082675,18358.3458743095,997.256600260735,1468.42661741376,174.659859359264,21372.2368169129,772.26874768734,7.98862314224243,1575.51660606265,281.484876453876,1285.05126297474,835.61288100481,2873.15190017223,9.3383666574955,3564.73065105081,1282.76093840599,23.9406629502773,1169.92966607213,639.578073829412,4020.84145087004,5430.16015309095,1937.89026245475,39.3676725924015,1845.66705942154,71.5436353087425,1195.57087001204,432.031061887741,4304.35606709123,259.397338449955,1073.67572975159,665.070692241192,3032.95012918115,682.723749607801,1074.21241804957,1170.02453973889,25.7963662743568,498.398721605539,110.91547331214,635.177726447582,32.1318853795528,66.9953690171242,3.04298585653305,0,1.41645884513855,160.065283447504,5.25535476207733,39.9926249682903,751.806783407927,208.637981921434,462.873272836208,161.080164968967,33.2927252650261,87.5987609028816,108.616217792034,177.319341570139,25.3470216989517,21.3153151571751,0,0.688477158546448,0,97.8763616979122,11.8809680342674,41.1530572772026,8.80406811833382,3595.59564566612,0,0.947538107633591,11.7444203197956,1700.69685137272,187.550764918327,30.0543816387653,3.67439809441566,2.32181394100189,10.5495473146439,298.174447000027,119.559422254562
26.0461137592793,1663.75685834885,20.3259596526623,3028.18167254329,672.768768429756,787.047263085842,171.783024847507,629.79259082675,0,2884.12055510283,290.293249964714,2364.16677588224,445.667255043983,458.415299475193,3747.60372063518,530.731584846973,33.0439146161079,41.0140192210674,23.8116687834263,1043.5926784277,359.989671558142,6181.80722677708,231.523537009954,37653.7762981355,1579.85137924552,139.130418390036,7477.42080491781,4381.42996406555,683.164665102959,354.829941958189,31.5792483389378,94.6031754612923,43.4219662547112,247.990745186806,114.842541456223,902.054579794407,150.052575439215,374.702828288078,92.3550107181072,5039.45561933517,198.627801001072,107.085980653763,617.71332731843,25.5491966605186,229.738022506237,63.4440878033638,408.69370046258,16.7460978031158,24.2604504525661,13.9362471997738,24.3784900009632,12.8199996948242,2373.99428454041,30.3331065177917,165.269767284393,414.477590233088,283.014922201633,1404.62290883064,903.815612852573,34.9183060526848,496.035816937685,28.9015528261662,247.203400969505,111.328231602907,1021.25207582116,6.57661816477776,22.0598972141743,7.79717689752579,756.011034011841,304.916351944208,606.061602413654,390.856909275055,5062.9559160471,10.1648962497711,74.480663895607,427.130807459354,2818.79159879684,264.935328960419,148.131643980742,3.76930209994316,15.1599461436272,12.378587603569,184.232725739479,176.299421429634
176.193284273148,14.3920539915562,35.7958723604679,14327.90679726,611.952171087265,14226.4398787767,16906.4467256665,18358.3458743095,2884.12055510283,0,2801.88388431072,9679.58684504032,270.062282592058,13872.4312888384,1778.14011466503,2.13559275865555,26.4738964736462,905.824061781168,308.15760153532,7020.1255454421,62.2015377879143,20.7670677006245,73.8798615634441,3727.94618880749,47.1306390166283,1144.51259636879,299.836638659239,35576.1769354343,6392.62916496396,109.7502630651,50.50773909688,1462.73370081186,23.3547564446926,2710.73426732421,792.681751519442,7565.34676411748,351.393220216036,3607.19802549481,726.674534291029,4528.41492560506,1230.87153118849,799.118542194366,562.468614071608,23.0727001130581,213.467919945717,51.5115956962109,1291.53284034133,21.2338777184486,34.2633103728294,1.03747963905334,0,0,1653.71485301852,39.3170097768307,305.249885320663,403.712147146463,147.203933000565,433.913824290037,837.65037381649,12.8121843636036,1076.64971926808,49.6299376487732,42.3154171705246,251.470709681511,4.85899874567986,0,0,0,666.367436826229,1.16622865200043,22.3856038749218,2.98241376876831,2375.42769566178,0,0,2.221320271492,2767.50236856937,41.5191701054573,2.25017005205154,0,0,4.06059241294861,134.496136695147,83.6984053254128
73.877025604248,1080.89090952277,74.4039634466171,122.248193055391,23.260418176651,472.148661255836,690.825592130423,997.256600260735,290.293249964714,2801.88388431072,0,312.207379966974,5168.37808042765,1488.35007119179,32.3754009604454,20.5008781552315,264.917564541101,18588.9893158376,1400.05648455024,264.251825422049,185.795638024807,629.894366145134,396.833512067795,316.006628870964,3133.57785442472,10811.4878547192,1772.27738550305,602.963882386684,3170.19897085428,150.78099822998,1953.48478424549,1761.03672477603,14.2807347774506,15580.694257766,227.770149052143,1696.43696638942,5783.43890190125,7172.75830391049,1282.87248843908,140.044641137123,59.9232936501503,4360.72176173329,104.146409243345,1663.91458508372,213.721919953823,36.007504761219,40.991922467947,5.22148656845093,1075.72282415628,0,66.871758133173,0.440084725618362,3.91819804906845,2.58505761623383,10.2338282465935,44.1271093785763,19.116710960865,104.330403834581,4.86699452996254,5199.82191982865,9.37987390160561,9424.04707571864,65.200641810894,0,3.64600700139999,0,184.813128352165,9.53357419371605,4.53174781799316,0,20.2810082137585,1.24172550439835,307.905915230513,372.100172668695,1022.55200046301,3019.94151449203,42.7546680271626,237.291740804911,4.02333372831345,2645.89206150174,124.271220862865,3.23175919055939,227.70037099719,52.8616233468056
10.8882332444191,17.8361404538155,6.90208944678307,13937.465616852,688.108739554882,3526.25217106938,73.5615294277668,1468.42661741376,2364.16677588224,9679.58684504032,312.207379966974,0,41.2956011593342,834.12086763978,3534.28109967709,4.38818114995956,4.32933217287064,108.475863873959,31.3000047504902,15715.9650488496,9.69029456377029,53.7128087282181,9.78639230132103,2442.39644876122,19.9907571673393,152.969692051411,143.453936696053,634.084062427282,380.203999042511,6.1457427740097,9.24974650144577,157.264580875635,0,151.868736237288,828.765881001949,798.756800174713,53.9201479554176,256.384472757578,98.1962143778801,4310.56016263366,124.105580121279,133.671879768372,110.836640775204,8.94939565658569,38.0865159630775,5.46829453110695,691.794484972954,4.59468021988869,8.06021466851234,0,0,0,864.647581577301,40.814804404974,232.47256270051,38.2941020727158,52.4918393492699,62.9189284443855,400.847156196833,7.2121210694313,842.69536960125,12.8911899626255,25.6879535317421,162.131745427847,2.38137757778168,0,0,0,405.876202255487,0,4.18894743919373,1.04809245467186,402.289682298899,0,0,4.942438185215,599.088364869356,17.0688998997211,4.61506575345993,0,3.95669436454773,0,18.8602698743343,582.716272175312
5.0769659280777,3158.78503385186,3.92478805780411,22.2669116258621,21.0320072174072,107.909547686577,104.985054910183,174.659859359264,445.667255043983,270.062282592058,5168.37808042765,41.2956011593342,0,111.173022478819,21.9852888286114,27.3647397458553,7.30907931923866,43.7498124241829,4.76503366231918,36.510596126318,33.2721372246742,2239.15258032084,40.3522955179214,605.812056422234,10956.5978182256,425.27349293232,5862.91737189889,214.848343789577,193.932704418898,16.5391143262386,1864.12448257208,271.797474503517,1.44766753911972,1205.58525893092,98.6494798064232,1431.20497387648,2387.84319972992,2773.6019975543,353.298024356365,410.128067940474,93.9269874691963,4698.82545742393,71.3218500316143,1102.70196685195,249.035218626261,25.3949434757233,37.6781685054302,0.602581918239594,671.154736638069,0.416465729475021,103.983927071095,0,0.592372536659241,3.77548784017563,5.7835436463356,17.5865881443024,20.1051743030548,5.02613008022308,7.22200626134872,5240.72243380547,8.54445722699165,13378.4621710181,46.4444410502911,2.93149203062057,5.98168379068375,0,215.664224237204,12.640582382679,1.26273417472839,5.40800616145134,18.2190707921982,1.54586464166641,52.4553322196007,1233.13524848223,1412.13572919369,6159.47082802653,19.5010087192059,189.847753465176,0,3498.37205702066,129.747377693653,0,227.318989276886,50.8405915498734
21763.8218356073,11.2717830836773,1903.00848376751,453.550185352564,21.8256314396858,2558.6261330843,32587.2505404651,21372.2368169129,458.415299475193,13872.4312888384,1488.35007119179,834.12086763978,111.173022478819,0,73.264403283596,33.7500556111336,3718.4792111516,668.18120187521,2708.10685056448,776.4346319139,4789.10353466868,13.0296112000942,5979.63162598014,1579.64036217332,24.0027283132076,2066.0540227294,1301.6503097415,4438.67903384566,27800.9733660072,10541.4201579094,57.9159437119961,660.081819653511,94.9669753611088,2330.53081846237,268.340828984976,2061.33500227332,330.747556716204,1376.64637646079,416.229242384434,429.838080972433,217.395498991013,447.995405107737,782.938108444214,29.0657611191273,298.022174477577,73.8045949041843,412.762677609921,29.0895908176899,34.9141868948936,7.71727675199509,1.30881404876709,2.00221836566925,132.380886554718,4.18845844268799,37.9927340447903,504.790637046099,122.182342618704,270.909444659948,145.680815398693,30.6237316727638,73.668415337801,63.3057973384857,123.555940777063,14.6390506923199,59.7410611212254,0,0,0,56.2010395228863,48.4095960259438,76.0496532320976,22.3227583169937,2568.32680821419,0.483372718095779,1.36714899539948,35.8756665587425,1121.3715967834,147.732128232718,39.9898607730865,6.2903513610363,1.5639169216156,10.8588717877865,239.193656861782,67.5973081290722
4.40944755077362,47.9244075715542,31.0046332478523,643.567258268595,6491.05200913548,7571.36397138238,301.136634260416,772.26874768734,3747.60372063518,1778.14011466503,32.3754009604454,3534.28109967709,21.9852888286114,73.264403283596,0,44.9117623269558,15.4088645577431,22.1178652048111,25.9252328872681,506.660480588675,371.180653661489,114.361113935709,417.00691062212,2033.32564541698,28.8573745787144,44.852726817131,405.232466876507,767.835771292448,86.5098296701908,97.4873567819595,0.982619673013687,70.4971175193787,3.32428839802742,79.4168475866318,2205.42440104485,399.153778672218,232.138474196196,214.509522914886,237.901234179735,5036.81668099761,556.253596127033,27.5593923330307,88.6959557533264,72.4471347332001,53.8735468685627,322.422949314117,71.1636690497398,1.30825698375702,2.34598207473755,0.889398336410522,2.24823826551437,17.5750008225441,83.7988896965981,1.13291227817535,25.4946043491364,33.0188285410404,20.9686481058598,23.0812765359879,45.5532277822495,3.25076591968536,80.4811334311962,2.41462635993958,7.71001476049423,20.415186882019,10.2814946770668,1.01601564884186,16.0345850586891,12.156275331974,18.5665766298771,12.9030838012695,19.4032233953476,41.8165752291679,161.309379965067,0,60.2970750629902,103.126911401749,94.7547076940536,7.96327257156372,9.50044703483582,1.33295452594757,0,1.20877265930176,21.3922299742699,1590.42347383499
11.1992402374744,133.408717006445,69.1483271420002,1.04628279805183,0.814825057983398,1.55221521854401,25.494118064642,7.98862314224243,530.731584846973,2.13559275865555,20.5008781552315,4.38818114995956,27.3647397458553,33.7500556111336,44.9117623269558,0,121.017154425383,17.5157143175602,89.8661051690578,1.37496334314346,12945.5107252598,9024.61059531569,16725.1418369114,5512.29278188944,60.4773320257664,127.72239613533,13700.4393496513,1887.49845036864,128.826008886099,151.705140203238,1.86194574832916,3.71558472514153,43.6779333949089,374.908553391695,796.637485742569,4527.7940056622,1770.84181770682,1275.89405766129,987.379887968302,12.6506974697113,13.7130203843117,16.8050050139427,247.539869338274,25.6678752303123,107.675791203976,86.8826533257961,31.6233774125576,2.23702174425125,11.3255398273468,3.71707051992416,27.2109703421593,81.0564518272877,0.916571736335754,0,0,27.628310084343,20.0147992372513,58.2822233438492,1.06893014907837,1.79217654466629,1.1412250995636,5.13177731633186,22.308550298214,3.29003244638443,13126.1526998281,26.0697804093361,1.0723180770874,11.3054687678814,0,1319.02601018548,1657.41859608889,5864.00489836931,1774.36419382691,7.99445164203644,22.1303684711456,4417.80753463507,858.771412134171,44.6331606507301,159.641191273928,0,0,3.78195858001709,104.984278231859,150.12662935257
1169.69348368049,18.0756527781487,15847.4896019995,0.477346062660217,0,77.7505100667477,890.710801362991,1575.51660606265,33.0439146161079,26.4738964736462,264.917564541101,4.32933217287064,7.30907931923866,3718.4792111516,15.4088645577431,121.017154425383,0,755.513481587172,9507.1579657495,3.68322628736496,2822.23406800628,23.3319187164307,15817.6204244494,262.0450694561,2.67349380254745,13857.5544964671,14644.2404162884,826.982156127691,3069.54821157455,1876.19176477194,0,17.6675180494785,101.374005377293,3296.20593267679,105.698275119066,1193.89374709129,433.732008755207,1031.62408193946,379.079906702042,10.8701804876328,10.289669752121,9.7265750169754,7.67775943875313,0,5.14914530515671,5.15875822305679,1.99918192625046,0,0,0,17.0462382733822,39.3354480266571,0,0,0,9.69049724936485,1.60443067550659,0.860817581415176,0,0,0,1.78374570608139,0,0,59.1564152538776,1.04773342609406,0,0.47538948059082,0,14.9763085246086,23.2503828406334,45.4324499070644,55.8307955563068,0,13.0602437257767,550.01591438055,12.9315195381641,5.00764006376266,3.98243534564972,0,0,0,3.97626128792763,17.7700192332268
87.8679420351982,36.3895947337151,273.087906628847,29.1872583627701,0.729524314403534,122.732661068439,292.808222979307,281.484876453876,41.0140192210674,905.824061781168,18588.9893158376,108.475863873959,43.7498124241829,668.18120187521,22.1178652048111,17.5157143175602,755.513481587172,0,1816.52195098996,104.765065610409,285.479639053345,9.96553128957748,808.51020821929,106.284153103828,29.7798146903515,12671.9432408512,2260.91096547246,250.19601264596,1100.65712484717,193.456212818623,120.724677234888,260.998168468475,19.1496016979218,5666.74732068181,390.081931591034,3198.67902603745,5836.87895062566,5263.05926242471,2648.5394320488,46.3270507454872,19.037420630455,47.4583157598972,24.7767251729965,69.946657538414,37.5133740305901,36.2579427957535,4.33164116740227,0,0.57508373260498,0,31.9453607797623,6.08432024717331,1.19780790805817,0,0,0,1.42521727085114,19.2216672301292,0,44.8327089548111,0,261.237185299397,0,1.04102325439453,3.30718451738358,0,85.5937406420708,9.8078892827034,0,0,5.71154218912125,0.828275740146637,7.71404176950455,114.546354681253,591.640300929546,1612.28518199921,0,1.00054705142975,0,407.683853983879,0,0,15.6833238601685,145.354550004005
753.025289535522,47.018067240715,2625.17444884777,5.64670160412788,3.32727634906769,73.9949441850185,443.979775846004,1285.05126297474,23.8116687834263,308.15760153532,1400.05648455024,31.3000047504902,4.76503366231918,2708.10685056448,25.9252328872681,89.8661051690578,9507.1579657495,1816.52195098996,0,30.8079952597618,1498.65198394656,11.4458256065845,5914.44990050793,130.135205060244,3.95432412624359,15970.0292308629,5001.09794473648,387.808234065771,3172.03413593769,1303.97363454103,9.95543366670609,44.2797015309334,105.364177495241,10044.6321587861,365.178967148066,4606.99730148911,5371.68392780423,6089.40984857082,1911.91924792528,41.3019394874573,11.0189099907875,4.79427248239517,11.4547479152679,4.88519158959389,6.91195619106293,21.711695432663,4.7691470682621,0,1.13772690296173,0,33.7968799173832,20.687702268362,0,0,0,0,0,7.47305947542191,0,1.6019289791584,0,5.22534435987473,0,0,14.21274086833,1.66160544753075,10.2458277344704,2.46802365779877,0,6.83299952745438,9.06853437423706,13.278883844614,11.3582327365875,10.5990760922432,221.914177298546,1306.21310099959,5.48114934563637,1.1239321231842,1.15739846229553,14.8662427663803,0,0,4.426185131073,128.03605017066
11.8005166947842,6.4204166829586,9.20888933539391,30578.1793884039,138.301430404186,517.246193528175,108.989933460951,835.61288100481,1043.5926784277,7020.1255454421,264.251825422049,15715.9650488496,36.510596126318,776.4346319139,506.660480588675,1.37496334314346,3.68322628736496,104.765065610409,30.8079952597618,0,2.79095163941383,13.7917168438435,0.903874933719635,1235.09363141656,7.3078498840332,141.338581353426,59.2548853456974,885.802427411079,503.093176096678,8.16950654983521,4.32461428642273,112.279574021697,0.564079523086548,232.651441663504,65.7236306667328,925.652086555958,29.9198570251465,338.471633076668,63.5462093651295,1350.22572380304,131.840616166592,97.2400608658791,70.1950526833534,0.949165433645248,38.5133141875267,7.10389626026154,385.066141664982,3.48506850004196,6.18990463018417,0,0,0,688.454919159412,25.7791880369186,102.123995780945,55.1401657164097,45.7483316063881,94.3414311408997,325.354755491018,2.22719490528107,475.489325523376,5.41294947266579,18.4955148696899,104.261741220951,2.04717320203781,0,0,0,346.275963515043,0,4.82871496677399,0,445.75929287076,0,0,0.570860624313354,582.222784519196,13.7387561500072,1.67544710636139,0.415534317493439,0,0,16.5319403707981,7.25088936090469
960.389113783836,29.5889913737774,783.142340898514,0,2.04173642396927,74.7657336294651,6692.92093503475,2873.15190017223,359.989671558142,62.2015377879143,185.795638024807,9.69029456377029,33.2721372246742,4789.10353466868,371.180653661489,12945.5107252598,2822.23406800628,285.479639053345,1498.65198394656,2.79095163941383,0,1521.53588435054,44617.7695566118,2716.21163108945,8.02031388878822,1053.32551229,4563.96879202127,29128.4342285991,3737.60885220766,31312.3823464811,0.522202849388123,24.0130349695683,798.297208994627,17156.4279545546,4388.04589384794,14272.4445812702,3607.39564478397,12830.495566994,6694.00598779321,86.4543984234333,103.140484511852,83.1267711520195,201.892240941525,25.3728322386742,104.67303699255,93.4430330693722,65.6241387426853,3.4728809595108,19.0721669793129,16.2035196721554,11.7346119880676,34.9681135714054,1.42438852787018,0,1.4698805809021,80.6759016215801,43.4088043272495,65.888315975666,2.3208332657814,6.59932139515877,4.28710404038429,11.5410853028297,52.9434397220612,4.10651642084122,3695.65498584509,10.8696624040604,1.3859498500824,9.57155448198318,1.56922721862793,1261.99339032173,1049.44916990399,1868.5358749032,1745.67721915245,3.84203380346298,19.2038883566856,1159.86714801192,897.328466564417,116.424127042294,402.386938422918,0,1.75911605358124,11.1080363690853,94.1807003319263,530.044741809368
0,6276.34073263407,28.0741506814957,22.0983818173409,13.663444519043,4.52910304069519,3.2448422908783,9.3383666574955,6181.80722677708,20.7670677006245,629.894366145134,53.7128087282181,2239.15258032084,13.0296112000942,114.361113935709,9024.61059531569,23.3319187164307,9.96553128957748,11.4458256065845,13.7917168438435,1521.53588435054,0,1430.02625715733,16342.6353231072,5476.13653787971,80.7618352472782,16969.4536835253,726.037850916386,71.3629642128944,46.9209018945694,56.5915890336037,3.0002429485321,16.8880414366722,131.079101651907,18.9692559838295,223.039455443621,152.151222169399,173.944046884775,43.3311657905579,80.0744987428188,8.53951269388199,294.421453088522,105.119971185923,55.1647527515888,61.7488519251347,30.5072462558746,9.20914921164513,0,44.0811111927032,0.384606420993805,86.8813259899616,67.8102451562881,2.52648627758026,0,0,10.6030997335911,5.17044165730476,69.7717189788818,1.69532844424248,88.3368390202522,1.52304768562317,102.719853639603,14.9771038889885,0.560401618480682,2518.81426054239,8.12402069568634,3.65333381295204,5.15304958820343,1.30130279064178,288.214043915272,854.282950997353,722.669864594936,616.021628469229,9.1458979845047,68.687922924757,4525.30072507262,236.958356946707,26.7830717861652,40.6545257568359,26.171600997448,2.26972278952599,0,46.9298969805241,14.0684658288956
1365.44245621562,35.6147800385952,55034.2635743916,1.55248811841011,4.56570047140121,120.478453785181,5064.27876785398,3564.73065105081,231.523537009954,73.8798615634441,396.833512067795,9.78639230132103,40.3522955179214,5979.63162598014,417.00691062212,16725.1418369114,15817.6204244494,808.51020821929,5914.44990050793,0.903874933719635,44617.7695566118,1430.02625715733,0,2263.26071929932,8.04808843135834,9847.98098254204,35657.2066658437,8963.34179180861,2295.57669275999,5429.97071316838,12.5520858764648,31.8706185817719,164.436536759138,17328.8428632319,8281.0224429965,36010.9589363933,10772.9391953647,25751.467364639,16199.2936564386,106.881595999002,131.215055793524,72.8284857273102,273.616308629513,32.1627272367477,73.5855153501034,229.694106459618,43.4265221059322,7.86412101984024,11.9871580004692,2.99168169498444,37.1843041777611,258.779887676239,0.669196844100952,0,0,27.9909759163857,15.4249222576618,52.4376415610313,0.436238080263138,3.74568837881088,2.48900777101517,15.9260249137878,16.0061714947224,8.27579939365387,8455.0582215488,25.6827038824558,0.801726520061493,9.30627530813217,1.26287138462067,1220.01991891861,1038.74900218844,4880.57893902063,1255.2587031126,1.15638506412506,45.1483033597469,6211.87552848458,689.030315041542,28.3948710560799,156.582214236259,2.58376896381378,0,2.56192663311958,71.0289199352264,1425.09276813269
157.364963710308,2747.62871730328,163.422467976809,7910.4587071538,293.652780294418,512.956561237574,1171.62003102899,1282.76093840599,37653.7762981355,3727.94618880749,316.006628870964,2442.39644876122,605.812056422234,1579.64036217332,2033.32564541698,5512.29278188944,262.0450694561,106.284153103828,130.135205060244,1235.09363141656,2716.21163108945,16342.6353231072,2263.26071929932,0,1850.97638687491,321.952796161175,13449.9333843887,16922.8145161569,4681.62350720167,3610.38290369511,18.550901889801,157.331916868687,883.202812314034,2117.57532054186,2127.01590946317,7816.93906649947,1088.52959445119,2695.56864738464,1352.6886729002,2565.26517269015,362.730603098869,366.12680080533,4934.40151301026,92.3205341100693,2310.45504647493,577.570616871119,2199.36858138442,163.297868609428,115.35167735815,69.8541692793369,46.3333259820938,53.8909467756748,3558.33960339427,22.6715245246887,275.048767715693,3258.8609700799,1688.3167963624,3902.84855216742,2088.8796145618,102.367000848055,656.258199453354,183.623805016279,1480.79227420688,154.878897845745,2072.28296333551,15.5902126729488,9.67170664668083,12.0279603600502,1147.7876367569,765.487286448479,1474.32584893703,944.507024407387,22010.2602685988,11.4270602464676,40.423714697361,1886.19008138776,13295.7592753172,1678.76102989912,521.269636839628,0,45.6018165051937,68.2574658095837,1567.8263733387,828.81302011013
1.97136640548706,4492.31076613069,2.040831387043,6.62574601173401,8.94862592220306,9.50167888402939,5.87604758143425,23.9406629502773,1579.85137924552,47.1306390166283,3133.57785442472,19.9907571673393,10956.5978182256,24.0027283132076,28.8573745787144,60.4773320257664,2.67349380254745,29.7798146903515,3.95432412624359,7.3078498840332,8.02031388878822,5476.13653787971,8.04808843135834,1850.97638687491,0,268.710292190313,8688.53109398484,30.443877696991,24.330849647522,2.55145239830017,494.38537812233,29.5132724642754,0.863203346729279,287.408375948668,2.46494543552399,76.3878663778305,254.154967665672,297.978027582169,15.3809387683868,59.4906846284866,4.89897084236145,1011.77829265594,34.2557800114155,244.721146821976,147.135897904634,16.9312642514706,11.0145281255245,0.786710739135742,1001.19188719988,0,419.332117199898,0.540616691112518,3.3732014298439,0,4.4250827729702,3.10546183586121,6.49096968770027,18.1163588166237,3.08342471718788,1987.74824666977,2.44933065772057,5110.01541313529,27.2442346513271,0,2.73090916872025,0,43.534161657095,4.27389109134674,3.07175463438034,1.9264749288559,18.7054149508476,4.87481087446213,17.2323380410671,2263.37392374873,335.324090301991,3144.14041256905,3.29925835132599,90.4668779373169,0,560.179713666439,63.5305906534195,0,123.013331145048,0
381.33701428771,394.951098293066,20952.3246383071,37.8435480892658,4.09947550296783,169.92425981164,870.303716242313,1169.92966607213,139.130418390036,1144.51259636879,10811.4878547192,152.969692051411,425.27349293232,2066.0540227294,44.852726817131,127.72239613533,13857.5544964671,12671.9432408512,15970.0292308629,141.338581353426,1053.32551229,80.7618352472782,9847.98098254204,321.952796161175,268.710292190313,0,42014.8146843016,635.650705009699,2225.16961169243,651.535080164671,766.204923719168,360.744991987944,78.1011674702168,11607.9326266646,1324.88255733252,12293.2456717789,15260.9793390036,13613.5687563121,6562.73475590348,104.58506539464,50.2479963600636,211.460031509399,169.237756341696,472.739447951317,307.94916960597,217.562548875809,5.05878472328186,0.833445072174072,15.6181463897228,0,940.237303823233,485.520006299019,0,0.882122039794922,0.780176043510437,0.96395868062973,1.11403021216393,42.7800450921059,0,556.292501270771,0,2690.75961083174,2.84084072709084,2.38465517759323,36.8010022342205,26.1320569515228,435.796322256327,66.9096749424934,0,2.34036356210709,97.1146306097507,25.7319969832897,49.5775227248669,1045.86285293102,5126.64794322848,22520.6449976265,4.34753701090813,11.0516923069954,1.22900307178497,2421.00915747881,12.7812938094139,0,116.014936208725,534.112949490547
315.554021209478,26474.843403101,15969.2414109111,53.0070331692696,39.5560083687305,88.0074529349804,640.711693435907,639.578073829412,7477.42080491781,299.836638659239,1772.27738550305,143.453936696053,5862.91737189889,1301.6503097415,405.232466876507,13700.4393496513,14644.2404162884,2260.91096547246,5001.09794473648,59.2548853456974,4563.96879202127,16969.4536835253,35657.2066658437,13449.9333843887,8688.53109398484,42014.8146843016,0,2459.96463340521,1399.25939753652,759.945059329271,1340.89542534947,92.9018125534058,103.698691338301,16158.1413055062,4515.74912312627,39379.7609181702,22734.5232176185,25458.9894450605,13986.990619868,309.141846835613,128.018721044064,170.392795592546,1460.56585484743,1488.57811126113,1640.80522531271,910.295527428389,33.2740744948387,4.44509166479111,28.1630721092224,7.67381879687309,11436.4011819363,6439.42234271765,8.28712293505669,3.70854783058167,2.13044726848602,106.532124370337,33.2809248864651,133.603412091732,1.10724246501923,768.624348461628,3.70093432068825,3917.73740082979,47.1701425611973,7.51326498389244,8916.36042821407,498.66966560483,801.355075746775,329.588942706585,2.56276324391365,270.230978012085,4104.61106109619,6911.97171121836,1451.61832776666,2339.27979847789,15490.1359134614,161529.506502509,387.445325314999,36.1136091053486,89.0620495378971,3242.73570242524,13.0550366044044,2.02103155851364,656.678999274969,1341.19943532348
265.289724320173,42.2634285390377,483.984764486551,10399.3288785517,85.30133202672,1817.74006573856,43840.1056765914,4020.84145087004,4381.42996406555,35576.1769354343,602.963882386684,634.084062427282,214.848343789577,4438.67903384566,767.835771292448,1887.49845036864,826.982156127691,250.19601264596,387.808234065771,885.802427411079,29128.4342285991,726.037850916386,8963.34179180861,16922.8145161569,30.443877696991,635.650705009699,2459.96463340521,0,8686.63051009178,47416.5476836264,13.8228700757027,484.42786487937,1461.30698317289,5353.73467364907,3602.35800474882,13257.04102391,1100.33379468322,6302.68646287918,2894.94455352426,1750.19577795267,1025.72391751409,638.3458943367,3713.15739616752,78.9599613547325,1662.92701104283,416.486971378326,2199.40240392089,115.095268815756,114.829462856054,51.6007893383503,14.2907726466656,18.9477734565735,2981.18318247795,26.4406626224518,279.093016505241,2366.61908397079,1155.40484181046,1506.67865100503,2008.58824893832,63.8289902210236,831.396423041821,135.531975805759,992.044812470675,181.114451020956,1303.53293243051,15.0875483751297,0,8.53454655408859,1054.5641977489,549.468779474497,650.814781963825,650.911689668894,12717.917591542,3.78578501939774,7.58825391530991,901.732469171286,9568.96505835652,1117.89492416382,375.290791273117,0,14.2288303375244,67.6462138295174,1133.22596260905,743.966517686844
15012.1967325807,21.41339802742,639.8419444561,368.836058229208,24.9990285933018,630.844531267881,10619.8124562502,5430.16015309095,683.164665102959,6392.62916496396,3170.19897085428,380.203999042511,193.932704418898,27800.9733660072,86.5098296701908,128.826008886099,3069.54821157455,1100.65712484717,3172.03413593769,503.093176096678,3737.60885220766,71.3629642128944,2295.57669275999,4681.62350720167,24.330849647522,2225.16961169243,1399.25939753652,8686.63051009178,0,36197.6328503788,114.462740898132,536.171435415745,6792.98745006323,10786.1313974559,392.306894272566,2376.77203121781,589.935116618872,3254.72668835521,748.255093216896,235.006778389215,319.177170664072,657.063638776541,599.686449408531,43.4403812587261,248.89573520422,123.564480781555,293.705570846796,17.7353186309338,37.2246757149696,12.9895370900631,8.94763934612274,1.34560531377792,4.67253124713898,0,7.42705047130585,399.131724506617,92.0382531285286,136.602816134691,3.80940997600555,31.1886556148529,11.2137996554375,80.4815468490124,116.122260808945,3.59838604927063,395.017842203379,6.30586326122284,0,4.45377805829048,5.06127685308456,253.566924244165,388.972728520632,134.41879555583,2831.81558099389,0,7.28152936697006,58.9911389350891,936.080688267946,217.921762615442,165.300839275122,7.9284505546093,1.64320206642151,15.7370441555977,224.059570282698,82.3941374123096
6426.50763422251,1.73929333686829,488.615729421377,7.61337259411812,2.27703064680099,143.155463278294,34948.6510471106,1937.89026245475,354.829941958189,109.7502630651,150.78099822998,6.1457427740097,16.5391143262386,10541.4201579094,97.4873567819595,151.705140203238,1876.19176477194,193.456212818623,1303.97363454103,8.16950654983521,31312.3823464811,46.9209018945694,5429.97071316838,3610.38290369511,2.55145239830017,651.535080164671,759.945059329271,47416.5476836264,36197.6328503788,0,4.12312135100365,39.8470522761345,2263.85446348786,6612.26190972328,644.460081905127,2232.39376011491,582.511056959629,2737.90972968936,966.210990637541,63.0469961166382,59.2732253372669,49.0361509621143,207.494079560041,13.0644052028656,77.2979435324669,32.1986643970013,68.9624753892422,4.62552666664124,11.1714844107628,8.54870912432671,4.703055113554,1.46384966373444,1.45161527395248,0,2.4390783905983,123.791257083416,38.0902774631977,49.973060965538,6.40029928088188,1.95874238014221,4.96720463037491,11.1974457800388,45.7809458374977,6.40253627300262,230.391902774572,0,0,0.439690202474594,0,122.237812936306,152.577244460583,105.268191367388,975.988034546375,0,3.0355629324913,45.8985983431339,319.764629483223,84.8745789527893,71.1324979364872,0,0,9.8093484044075,80.5263257026672,109.53543651104
