0,0,291.522394031286,0,1.7607644200325,56.8628128170967,18183.7951757908,1835.68524464965,6.9981701374054,52.9175928533077,60.9813193678856,9.43720772862434,4.43459862470627,11554.0218861103,2.52229404449463,0.492808789014816,220.595562338829,80.5807219445705,66.7493767142296,21.0911794900894,177.3911909163,0,286.726854592562,35.6106358766556,0,79.4871048629284,63.5987268090248,315.489961802959,7963.40828180313,5985.16006213427,0,2.35623568296432,9.87462669610977,114.489364802837,14.1472108364105,182.875618517399,28.1924708485603,134.622264415026,46.1058860123158,21.0093333423138,3.99773049354553,0,2.84396326541901,0,0.890369653701782,0.514415442943573,5.95650219917297,0,0,0,0,0.952828586101532,1.25530755519867,0,0,13.9122704863548,0.346412241458893,3.78683212399483,2.38897460699081,0,0,0,2.55239382386208,0.698104619979858,1.01920834183693,0,0,0,0.918300122022629,4.45883679389954,0,1.58522969484329,22.9829647243023,0,0,8.53241974115372,25.5003525614738,2.77445596456528,2.31728321313858,0,0,0,0.541736781597137,2.64394357800484
0,0,205.032607585192,0,18.6646503806114,0.680204808712006,8.77289611101151,0,5030.87945127487,0.38889268040657,141.572623193264,1.56066083908081,3375.98622894287,0.494966715574265,112.219322353601,163.09604126215,129.815589845181,26.1651611924171,56.677346765995,0,39.6083070337772,5693.31294152141,24.326448559761,7166.2407848537,3493.32291394472,1068.45609509945,32797.986936748,561.615760982037,4.58656322956085,2.26554238796234,692.47084581852,0,0.729153573513031,44.6590260863304,22.0515524446964,199.999133557081,230.074071526527,92.4937840402126,55.0990363359451,93.4716207683086,4.2369709610939,1288.24768286943,504.112343490124,230.952059954405,97.080858707428,174.126795172691,19.8918260037899,3.08249074220657,9.16389071941376,2.27346527576447,2510.44862797856,476.209930449724,0.306296080350876,2.58520257472992,0,8.32330518960953,0.540765583515167,36.4117656052113,3.7584547996521,2.37471437454224,0,37.4363933801651,6.96525809168816,1.4253990650177,44.558117389679,714.27734336257,0.575587272644043,140.543009519577,0,38.150505900383,152.436451584101,115.150615274906,48.7551109492779,243.230314314365,1047.14178468287,9892.50121369958,20.302031993866,4.24349592626095,47.5636113137007,12.6368877887726,0,2.3138120174408,53.3547353446484,29.974633783102
291.522394031286,205.032607585192,0,0,31.1901537775993,85.0383120179176,586.935211151838,1811.88513728976,15.8898372352123,40.5100710093975,27.4105512797832,7.01506823301315,60.7052094638348,2943.58576455712,76.8834695518017,71.9668578803539,20587.8199433088,597.265777409077,1884.23098167777,4.25077787041664,4618.3786585331,165.639506191015,45960.7067804635,152.064945846796,0,25709.7519589663,44984.3639735281,8142.7972048223,1712.38128131628,3099.23768818378,0.828387796878815,19.9195445477962,339.077420860529,1341.37548103929,397.898722648621,4782.75441020727,7820.43864181638,2437.48101583123,2689.04635220766,154.30230602622,90.3628556132317,0.414269983768463,2012.19764235616,245.900450468063,884.326300665736,512.181021779776,151.983616143465,16.5539242625237,3.0560328066349,4.53817409276962,488.805154621601,6644.53249439597,0,14.5014474987984,7.902991771698,114.589025825262,11.9761008918285,17.1891244649887,6.83560433983803,0.277442961931229,2.2526330947876,0,28.3893390595913,9.14483362436295,98.2061531543732,1998.84893494844,4.06836837530136,97.2645962387323,1.39001771807671,185.826552927494,583.696907877922,2117.78714835644,197.548177629709,3.09122008085251,509.961703166366,27409.7097376585,275.826219171286,14.0037607550621,203.144406542182,0,2.11961311101913,0.882258892059326,371.966376960278,356.395088106394
0,0,0,0,64.4122422337532,101.67973485589,35.03883934021,71.9037754535675,3507.16187939048,5843.48931711912,6.48249039053917,7980.09925711155,24.4667403697968,36.5327488780022,281.547166705132,0,0,7.31258314847946,0.541571140289307,26671.9286265671,0,0,0,1574.46615839005,0,8.75577867031097,1.20847415924072,3321.89031744003,81.7003205120564,0.732421338558197,0,7.80064496397972,5.07709413766861,44.4064567387104,19.5392527580261,383.067726254463,22.2182965874672,71.3261550366879,39.7795396149158,367.414886832237,18.9444325566292,0,34.7894615232944,0,16.8749198317528,3.66175413131714,382.578184723854,8.49920165538788,3.66912889480591,0,0,0,486.457027852535,3.57802104949951,22.8399322330952,267.426250398159,8.26936289668083,665.768349885941,857.167383998632,0,240.752473920584,0,7.75682616233826,44.0250705480576,0,0,0,0,575.14531058073,0,1.01310229301453,0.549659311771393,875.167152166367,0,0,0,780.989463806152,1.59687256813049,1.70018500089645,0,0,0,4.56397688388824,0
1.7607644200325,18.6646503806114,31.1901537775993,64.4122422337532,0,1707.23692527413,159.406740814447,30.9097004234791,936.406185805798,229.385964721441,3.21521759033203,812.164846152067,107.348847299814,27.8049395382404,3126.04904562235,98.091138958931,45.4884541630745,8.85646051168442,1.42577341198921,423.209199905396,758.735045313835,6.07475981116295,863.314083278179,869.010424911976,0.744986951351166,19.0408161282539,127.633024841547,491.626498013735,27.4398796856403,465.597209781408,0,31.8738797307014,8.63457435369492,163.32677167654,1280.62639272213,746.183871924877,111.009212315083,45.8186008930206,118.309274792671,7023.4370932579,8823.86685657501,1.784752368927,53.9550554156303,15.1496075987816,13.632265329361,52.7397643923759,329.895273685455,7.3359642624855,6.46923315525055,0.786927998065948,1.91700780391693,18.2250805795193,114.581269592047,5.68189245462418,19.7001100182533,128.606654107571,13.4835000634193,34.3198811411858,169.425869256258,0,78.7549308538437,0,15.1952003240585,42.0651620030403,10.4028320908546,4.51240783929825,2.04352825880051,2.12576830387115,160.817473590374,50.1575123071671,0,176.753586620092,140.206320762634,0,17.4206224679947,58.3449899852276,197.799015015364,20.5576412379742,51.0975132882595,0,0.718221068382263,5.73767870664597,3.75101715326309,1366.29594102502
56.8628128170967,0.680204808712006,85.0383120179176,101.67973485589,1707.23692527413,0,11310.9403556585,8587.65954196453,127.337357997894,34630.9861185253,211.201654046774,6065.76153790951,312.033780962229,921.007308393717,2044.482349962,0,51.5920545756817,151.04575163126,79.6065162718296,1833.73432168365,18.7641740441322,0,56.3430780470371,154.322772562504,0,116.743384033442,26.2924575209618,1443.48749855161,769.119659334421,207.873075425625,4.6696557700634,115.852472454309,15.1508303880692,182.969168156385,3103.00771206617,3453.46589386463,71.1125431060791,409.215049505234,257.206863611937,4896.52219253778,2615.51540079713,5.69424593448639,36.1309855878353,2.34833121299744,15.839602380991,7.81433954834938,98.3282994329929,6.33560627698898,12.686081558466,0,0,1.3941296339035,122.489262014627,1.3811377286911,3.56580004096031,101.748184800148,2.07524219155312,36.1790879666805,26.1332508027554,0,25.4240393340588,0,2.63638207316399,7.46885550022125,1.67801761627197,0,0,0,14.557108014822,3.617182970047,0,2.30029627680779,198.594036579132,0,2.15426993370056,0.666264414787292,126.830833375454,3.06962531805038,5.72935116291046,0,0,0,1.8445805311203,100.387838095427
18183.7951757908,8.77289611101151,586.935211151838,35.03883934021,159.406740814447,11310.9403556585,0,35064.7884643972,976.896534234285,25421.8149838597,573.720510751009,179.484104096889,771.73107033968,58467.386729002,674.611038386822,6.0265576839447,212.401093900204,663.470851719379,753.826520949602,270.046291619539,52.6274419724941,8.92854964733124,390.310998141766,5550.79835665226,0,677.464831471443,308.131715476513,73504.8467307985,11220.5937470794,3445.99353533983,8.60153442621231,500.419649630785,1196.83997488022,3546.42102429271,2076.62098610401,10675.575869441,428.486661463976,4443.62409836054,2666.40807592869,1902.58220359683,808.517254710197,15.8030885457993,415.069617092609,6.55325555801392,201.915614336729,77.9319486618042,667.506304770708,112.259471058846,21.8515487015247,7.14140728116035,0,23.1745291352272,255.267814964056,15.3182542920113,88.6985246837139,2323.80908003449,178.674409508705,583.298666924238,612.335457801819,0.865559279918671,105.652798444033,0,132.144856512547,29.5264555811882,4.719820946455,0.361205101013184,0,1.10676658153534,231.783657431602,22.6887126266956,1.20944955945015,23.8244165182114,2779.17153090239,0,0,15.0828192532063,3204.04057979584,81.6289640367031,74.1335434019566,0,21.6368495821953,4.55389994382858,46.6341514289379,141.738176673651
1835.68524464965,0,1811.88513728976,71.9037754535675,30.9097004234791,8587.65954196453,35064.7884643972,0,285.769483417273,17565.0550850928,775.30227085948,1975.61605727673,701.956874579191,13281.3800491989,228.391617447138,3.37546616792679,1197.38856014609,600.047743231058,357.714481502771,1740.83841127157,586.120918035507,0.649961590766907,960.055776000023,1059.15313702822,0,669.137696564198,256.003642231226,7089.83149442077,7075.66269299388,4342.13080462813,19.9507119655609,311.85261207819,117.796135365963,596.236913442612,541.043669134378,7634.18014362454,293.159358084202,1348.73467093706,1073.78532138467,1479.03849872947,531.754773437977,16.0200531482697,141.94057276845,1.3217758834362,42.7006544172764,39.450190782547,244.895250231028,22.7097396254539,51.7449967861176,0.820294320583344,0,3.8886736035347,91.9456489980221,1.10946789383888,3.65451565384865,612.191030859947,8.91238728165627,175.907233536243,53.5348489880562,0,24.8646310269833,0,9.99113786220551,13.0927446484566,4.47375950217247,0,0,0,25.3065012991428,14.0910300910473,1.84318971633911,8.42562139034271,1000.02476653457,0,2.39865612983704,13.1873211711645,734.337852776051,16.2973404228687,27.012079924345,0,0,2.725909948349,4.83666056394577,28.4168925583363
6.9981701374054,5030.87945127487,15.8898372352123,3507.16187939048,936.406185805798,127.337357997894,976.896534234285,285.769483417273,0,3246.03567245603,67.4568172693253,1364.22225010395,400.439703077078,317.727822422981,4284.85474169254,971.597317606211,12.904157936573,50.9050396978855,48.2380574345589,2985.17207142711,206.140118777752,6927.52304759622,135.178589075804,42551.1821932495,607.522371202707,160.641552388668,5196.23752266169,10106.4233802855,524.94126316905,48.5804779231548,78.9028539955616,33.4612718224525,84.7080455720425,195.597778856754,91.2890901565552,1782.5883179009,53.1827954649925,334.362577944994,182.976865440607,2212.15378239751,104.016985535622,39.8901472687721,250.435152381659,9.03854441642761,69.9094651639462,40.5556874275208,1017.21314388514,31.6693052649498,4.0989049077034,1.71330237388611,16.5320207476616,11.5027124285698,1076.3874309361,42.248155772686,76.6906128823757,908.609050482512,75.1600514352322,4095.05129447579,1325.009003371,1.49877732992172,456.031791210175,0,39.0794297754765,194.889985591173,2620.36839869618,2.67193457484245,7.40469312667847,3.53062120079994,816.271844953299,471.953206479549,748.451440215111,1086.48562410474,5546.77674597502,2.06185239553452,34.4266425669193,109.299516767263,3997.15999090672,50.2779857516289,34.6402421593666,0.594985485076904,5.8010288476944,1.18289136886597,24.3330980539322,27.1294328570366
52.9175928533077,0.38889268040657,40.5100710093975,5843.48931711912,229.385964721441,34630.9861185253,25421.8149838597,17565.0550850928,3246.03567245603,0,1139.18906268477,5584.05439442396,932.160908728838,9640.20168069005,673.779146760702,5.64089447259903,193.525361478329,1285.37409821153,1246.44645741582,5564.80140638351,13.4879859983921,1.56134927272797,47.3973228037357,2103.56848809123,0,975.365954369307,340.721196532249,12361.8429048359,5773.19104854763,151.72233478725,17.0509592294693,420.973197877407,59.5979641973972,2587.10766941309,836.73120906949,10559.8876125216,354.403259158134,3864.69665777683,1536.0107858479,2777.6249973774,753.976222574711,14.6469478905201,329.355763405561,0,138.446603536606,68.0331935882568,1978.68546754122,102.731409281492,43.1756897568703,2.55557477474213,0.984942376613617,4.08783054351807,1795.00784379244,25.0695869922638,77.425369977951,1952.31077235937,54.7560023367405,1198.53346896172,3019.31417873502,0,876.654877156019,0,39.1193053424358,187.634955853224,1.65515238046646,0,0,0,2027.18231147528,4.40327906608582,0.710982441902161,5.43324866890907,3100.25952076912,0,0,0.370164185762405,4092.75581279397,31.8360440135002,23.8538807332516,0,6.43256357312202,1.06014728546143,31.3099317848682,69.4057139158249
60.9813193678856,141.572623193264,27.4105512797832,6.48249039053917,3.21521759033203,211.201654046774,573.720510751009,775.30227085948,67.4568172693253,1139.18906268477,0,346.612458854914,3368.9959525466,678.393804728985,20.9765730500221,2.7696904540062,26.8498288094997,10290.7101637423,3683.46651738882,405.40935498476,26.2821871340275,21.0641931295395,31.164315700531,105.03277656436,208.777118980885,3857.00867372751,49.3060894012451,210.601023733616,3772.32337081432,138.869896173477,208.01513004303,1646.45137348771,3.3057470023632,14178.8465919495,161.267968118191,2115.24973246455,12092.968755573,13721.8140003383,2313.94125202298,251.599529713392,181.79014313221,2980.99817174673,8.2406692802906,2052.56954342127,1.98942911624908,12.4891563057899,24.539522588253,2.40772277116776,131.717803090811,0,10.5375768244267,0,11.2710712850094,0,0,4.34893250465393,0,51.8474360108376,0,1221.97288399935,1.61563098430634,3691.05202424526,0,1.16554576158524,1.09278345108032,1.92251351475716,0,1.35883235931396,0,1.78336584568024,6.59893095493317,0.894922375679016,45.4728815555573,197.199436455965,425.423578023911,671.155672758818,12.6897138059139,1.16637253761292,0.772856056690216,1265.79210916162,0,0,0.485910773277283,42.1007354855537
9.43720772862434,1.56066083908081,7.01506823301315,7980.09925711155,812.164846152067,6065.76153790951,179.484104096889,1975.61605727673,1364.22225010395,5584.05439442396,346.612458854914,0,133.559722453356,1109.26501536369,3192.72432023287,0,29.1595576107502,325.739307194948,203.071397602558,22508.9578638077,3.28160151839256,0.746587574481964,16.9975141882896,96.8680222034454,0,238.374571621418,51.711249679327,1150.90898683667,890.753120779991,35.0412824749947,6.16356778144836,47.1903066337109,0,269.910388618708,6297.68290543556,1104.18406099081,46.2355794906616,625.301348984241,223.690364688635,4910.54741901159,81.2898390889168,3.54678118228912,113.340470969677,1.4637622833252,28.8404359519482,15.8387624025345,833.238222151995,17.4253660142422,20.865075558424,0.622780919075012,0,0,574.803675502539,25.6766479611397,44.2389620542526,159.615830868483,34.8098838925362,91.6507176160812,606.774460375309,0.660721361637115,480.495721429586,0,10.0791408121586,126.329010725021,0,0,2.93739622831345,0,462.062081962824,1.2051819562912,0,6.75619924068451,476.252256900072,0,1.04183647036552,9.145827293396,421.577326834202,12.4418817162514,5.08775061368942,0,2.70629960298538,0,4.40703976154327,906.874086499214
4.43459862470627,3375.98622894287,60.7052094638348,24.4667403697968,107.348847299814,312.033780962229,771.73107033968,701.956874579191,400.439703077078,932.160908728838,3368.9959525466,133.559722453356,0,178.733421564102,156.004300683737,37.7368057370186,59.5322159528732,66.7532577514648,68.8239609897137,250.068891257048,137.569981336594,595.264394819736,426.549367547035,599.654680073261,7164.69256225228,524.030302226543,837.275777250528,1424.35541853309,503.668527156115,386.979713410139,9876.46589624882,346.316133052111,27.447863638401,390.60584411025,499.104063630104,4254.94996023178,5327.78807321191,2631.96471765637,991.804303735495,4281.06559848785,1080.91082906723,6301.00491771102,256.561207473278,4658.04403531551,170.39727601409,248.018457829952,1760.96932840347,196.714278995991,708.535969376564,4.98208725452423,24.2594494521618,17.3132165372372,12.9495560526848,5.28611361980438,179.397455215454,228.956328302622,236.602391630411,56.1548693478107,162.078557878733,4092.24559751153,50.2958700954914,15403.5041902959,87.5738211274147,5.09495359659195,149.683903872967,6.49865373969078,8.91771301627159,22.3224778473377,65.1913937628269,435.26711589098,21.9606674015522,192.439751625061,396.019410789013,1887.42193549871,1258.03877016902,3515.10460230708,900.446668833494,48.5525294840336,169.521501868963,4186.26341292262,49.3371656537056,4.81491419672966,21.240893393755,143.188920050859
11554.0218861103,0.494966715574265,2943.58576455712,36.5327488780022,27.8049395382404,921.007308393717,58467.386729002,13281.3800491989,317.727822422981,9640.20168069005,678.393804728985,1109.26501536369,178.733421564102,0,82.1435188055038,5.40670311450958,3541.1566093564,773.683754980564,844.841980427504,1644.42760640383,1695.10229247808,3.52649158239365,2522.12881720066,1468.26237660646,0,886.149645239115,684.631660073996,6431.16023921967,25040.3149408996,15694.6356773973,6.37669205665588,420.883187025785,127.475872755051,1203.79689636827,213.591953545809,2125.35386165977,279.435240060091,1280.71696689725,607.886956393719,394.412907272577,86.8927173316479,9.41560637950897,136.828543573618,2.52005052566528,62.7381053566933,18.848101824522,267.678086698055,35.4327320158482,14.0256162583828,2.73911356925964,0.999712526798248,10.7892213463783,105.177035301924,1.1876472234726,15.9956809580326,743.488898694515,34.0273659527302,227.238844007254,88.1197471320629,0,29.7306799888611,0,41.8247838318348,5.61338746547699,6.50308486819267,0.931608855724335,0,0,43.4639988541603,23.6732566356659,2.04713559150696,16.8823218643665,1042.86206069589,0,0.38235729932785,50.6674008369446,988.531008005142,37.4716238677502,39.7237893044949,0,0,1.79108148813248,23.6787970066071,13.7673201560974
2.52229404449463,112.219322353601,76.8834695518017,281.547166705132,3126.04904562235,2044.482349962,674.611038386822,228.391617447138,4284.85474169254,673.779146760702,20.9765730500221,3192.72432023287,156.004300683737,82.1435188055038,0,65.4483660459518,45.8808389008045,33.8270416259766,58.5049230754375,1079.11467188597,566.078212916851,48.950813472271,374.466586112976,3430.18957728148,8.6925151348114,61.4586776793003,300.247523277998,1276.65313878655,125.634356588125,869.769850730896,5.61383247375488,67.2200084626675,18.4952398538589,43.8414135575294,2842.93974858522,472.073786377907,184.585343062878,105.341536253691,365.224874138832,5288.81362822652,447.056515336037,1.55667614936829,115.749677240849,37.6691712737083,30.2313007712364,68.3780712485313,574.490592390299,11.45059633255,9.23921525478363,3.13318115472794,0.757614433765411,25.273454785347,164.260196954012,6.52299445867538,32.4350979626179,229.239949375391,29.0289944410324,70.0477842986584,369.99182331562,0,178.089462250471,0,22.2194365262985,64.6249325871468,15.3856571912766,3.40538880228996,0,3.87134754657745,229.55406704545,71.5941714048386,0,162.867829918861,357.646711409092,0,25.4943526983261,79.2470992207527,404.42165774107,20.9587555527687,29.1371485888958,0,0.382126182317734,2.28374481201172,3.1753933429718,1119.42908686399
0.492808789014816,163.09604126215,71.9668578803539,0,98.091138958931,0,6.0265576839447,3.37546616792679,971.597317606211,5.64089447259903,2.7696904540062,0,37.7368057370186,5.40670311450958,65.4483660459518,0,39.511705160141,4.58590796589851,11.7700601220131,0,3543.69726267457,11555.3081625402,11717.9460298419,3257.19578564167,4.35398083925247,44.7371025085449,6694.76947849989,2517.29335135221,10.3366529941559,17.0376297235489,0.388966053724289,3.68972754478455,5.07588028907776,194.975124269724,519.937121987343,5133.16298228502,1381.14529639482,1468.26327759027,1961.24823442101,121.71254208684,70.1961742043495,0,161.649099141359,35.6296864449978,55.2503368258476,68.8873050808907,224.509808540344,4.12435632944107,0,2.04528546333313,41.0673896074295,113.045983552933,1.41733431816101,8.37283462285995,4.20985999703407,64.7630990147591,28.7568718791008,553.65410593152,13.4723082780838,0,2.09308111667633,0,21.0197958946228,7.39276003837585,15981.5253506303,34.7118329107761,0,2.00000029802322,5.70697137713432,3329.05283656716,3053.15737065673,14824.2195237577,2866.01404845715,1.92265084385872,21.4831217229366,6373.45224109292,3588.24369862676,17.4449444413185,256.864907622337,0,1.65140506625175,1.17860007286072,21.5457728207111,236.120835721493
220.595562338829,129.815589845181,20587.8199433088,0,45.4884541630745,51.5920545756817,212.401093900204,1197.38856014609,12.904157936573,193.525361478329,26.8498288094997,29.1595576107502,59.5322159528732,3541.1566093564,45.8808389008045,39.511705160141,0,868.744559377432,5339.25290206075,41.3707621097565,1396.87655711174,32.4606987535954,19060.5106817484,99.6734429001808,5.9806989133358,7539.43565185368,23717.589887768,477.664533674717,6747.33794462681,3267.62638944387,1.86702325940132,23.2831965684891,727.70523032546,17631.8927179873,425.386285990477,8514.5434949398,7219.43029081821,5205.50584968925,3421.94695773721,128.687848329544,64.5333854854107,0,490.662075340748,100.868439048529,143.95867331326,212.34087228775,20.1733523607254,2.52230152487755,0,0,132.519508361816,1380.29168537259,1.99850523471832,3.37412881851196,0.366491138935089,6.744783192873,0,8.1081255376339,0.629722997546196,0,0.636699378490448,0,0,3.39838922023773,16.7433258593082,1056.31876665354,0.385209262371063,79.7781480252743,1.16517889499664,21.6180329918861,24.5261591970921,142.804186046124,12.6761046350002,2.28989708423615,660.377312585711,4092.63479721546,17.4231624007225,1.51858496665955,32.0174505114555,0,0,0.270739525556564,87.9030798375607,356.257314831018
80.5807219445705,26.1651611924171,597.265777409077,7.31258314847946,8.85646051168442,151.04575163126,663.470851719379,600.047743231058,50.9050396978855,1285.37409821153,10290.7101637423,325.739307194948,66.7532577514648,773.683754980564,33.8270416259766,4.58590796589851,868.744559377432,0,3557.93127983809,429.82045546174,63.0190460979939,7.11903804540634,347.072302490473,104.394564002752,16.620799779892,1544.19626751542,1165.59246468544,212.886507213116,2735.69133758545,159.564898908138,6.79053071141243,889.310815364122,14.75593277812,6591.34838822484,435.649539023638,4024.08660578728,4601.36647796631,10740.761851877,4632.30539613962,175.211301743984,39.3879097104073,0,47.0690768957138,33.3223434984684,9.67187210917473,20.6236760318279,15.7187188565731,0.534690320491791,0,0,33.8468933105469,100.124401032925,15.2140328586102,1.80389001965523,0,0,0.778036773204803,40.2778415679932,0,0.571756720542908,2.51161456108093,4.74251586198807,0,2.21666955947876,0,76.8387135863304,0,11.7001031637192,0,0.798494279384613,1.38483858108521,5.35426080226898,9.13309609889984,15.19217684865,355.905732542276,842.789480209351,0,0,0,26.1097610294819,0,0,5.74397873878479,127.13655513525
66.7493767142296,56.677346765995,1884.23098167777,0.541571140289307,1.42577341198921,79.6065162718296,753.826520949602,357.714481502771,48.2380574345589,1246.44645741582,3683.46651738882,203.071397602558,68.8239609897137,844.841980427504,58.5049230754375,11.7700601220131,5339.25290206075,3557.93127983809,0,349.76868674159,319.721534013748,6.98450449109077,1591.49652528763,111.81181588769,7.37765380740166,4527.58532585204,4666.49680247903,317.354022353888,2069.77164873481,387.112135350704,11.2304029166698,334.084176957607,89.376531869173,26043.8856847286,705.591552853584,9035.4036462307,7035.34201198816,6311.47003030777,8234.82274478674,155.696969717741,42.3789910078049,0,223.059507340193,56.2691058814526,48.1274326443672,115.534683138132,21.0490505695343,1.59610110521317,0.921083927154541,0.399260610342026,58.6336188614368,445.483166530728,15.4520993828773,19.0284854769707,0,0.348001688718796,0,38.2854136824608,0,0,1.72309178113937,3.29973945021629,0,10.5464434623718,0,498.799437701702,0,55.2812561243773,0,11.3284059464931,3.3632307946682,47.8800273388624,6.83835047483444,6.28433990478516,613.137401461601,1995.65445362031,1.26242405176163,0,13.4940823018551,18.3163951635361,0,1.92680516839027,40.2015736997128,475.903890550137
21.0911794900894,0,4.25077787041664,26671.9286265671,423.209199905396,1833.73432168365,270.046291619539,1740.83841127157,2985.17207142711,5564.80140638351,405.40935498476,22508.9578638077,250.068891257048,1644.42760640383,1079.11467188597,0,41.3707621097565,429.82045546174,349.76868674159,0,2.99362224340439,0.818770706653595,7.91976580023766,859.025208324194,0,287.35842692852,93.4833664298058,3240.06822100282,1140.21320658922,32.0093855857849,1.92726728320122,109.781838864088,4.18277606368065,389.332214176655,104.453278571367,2513.95578551292,97.2475883066654,817.816199302673,302.990554243326,2098.88901743293,170.774417102337,2.81282490491867,95.9985115528107,2.47201293706894,68.8605265319347,29.0508724451065,932.094727486372,38.7933894395828,18.2755557000637,0,0,1.68342798948288,790.683617889881,25.4951772093773,52.2227483093739,496.404814183712,37.9004200994968,519.502226918936,1309.25371477008,0,410.734569638968,0,16.1195902526379,115.708954691887,0,0,0,0,850.960230648518,3.50531268119812,1.40488636493683,1.27441561222076,1214.91676068306,0,0,0.563788414001465,1347.02664685249,14.4847798347473,15.9729698002338,0,3.96975317597389,0.495608448982239,12.1996974050999,4.0553594827652
177.3911909163,39.6083070337772,4618.3786585331,0,758.735045313835,18.7641740441322,52.6274419724941,586.120918035507,206.140118777752,13.4879859983921,26.2821871340275,3.28160151839256,137.569981336594,1695.10229247808,566.078212916851,3543.69726267457,1396.87655711174,63.0190460979939,319.721534013748,2.99362224340439,0,796.169558823109,30219.6757685244,50.8621681034565,0,327.567148268223,2628.99453240633,12209.5966570079,1994.84552258253,27922.0112763047,0.446179807186127,56.1011579036713,210.396695643663,15259.4544569254,5093.42641404271,28406.6948641241,2542.74552792311,13429.0316084027,13604.6253215969,672.653161466122,165.142819285393,3.39951011538506,148.484327852726,16.1867155432701,30.1685072481632,47.823384642601,317.026672780514,7.83651226758957,2.99554985761642,2.32853850722313,12.6863304078579,50.8500416576862,0,18.6944286227226,26.6102371811867,56.9084321260452,26.1595892012119,404.009540349245,25.3199515342712,1.60182589292526,9.76300704479218,0,26.5864285230637,19.2269021570683,3520.43250069022,11.2423309385777,0,2.85793560743332,6.90541654825211,3747.78809994459,692.478917360306,2232.12517136335,2072.59697261453,0,9.25498068332672,590.618867903948,3601.24535942078,13.35147356987,423.849384427071,0,3.06934732198715,2.31038826704025,14.8149274885654,868.522899985313
0,5693.31294152141,165.639506191015,0,6.07475981116295,0,8.92854964733124,0.649961590766907,6927.52304759622,1.56134927272797,21.0641931295395,0.746587574481964,595.264394819736,3.52649158239365,48.950813472271,11555.3081625402,32.4606987535954,7.11903804540634,6.98450449109077,0.818770706653595,796.169558823109,0,919.808411926031,17700.1064524055,1113.0628016293,152.48934289813,18287.4680010676,1721.09830307961,6.00910413265228,15.5851490497589,207.490813553333,0,5.53254044055939,18.4240181744099,16.7803466320038,85.4072278738022,62.9910465180874,38.9973020553589,20.8083064556122,25.4657115936279,0,90.8905274868011,156.107557594776,24.6855241060257,62.059242784977,34.9022955000401,15.368937432766,0,0,0,404.907226711512,182.126495718956,0,0.616657435894012,0,14.181181281805,3.08009189367294,270.319846630096,0,0,0,5.07983684539795,3.83385932445526,0.57836377620697,3118.02733495831,144.611831337214,0.418918788433075,9.29709774255753,0,634.173958182335,1715.75605398417,1467.04785063863,1243.52640220523,25.3194708824158,105.370719268918,5291.66648994386,1099.90307068825,4.76367002725601,44.6010897159576,4.49015545845032,0,1.53185558319092,21.9508083760738,12.8753606081009
286.726854592562,24.326448559761,45960.7067804635,0,863.314083278179,56.3430780470371,390.310998141766,960.055776000023,135.178589075804,47.3973228037357,31.164315700531,16.9975141882896,426.549367547035,2522.12881720066,374.466586112976,11717.9460298419,19060.5106817484,347.072302490473,1591.49652528763,7.91976580023766,30219.6757685244,919.808411926031,0,1142.47065350413,0,3774.87527066469,22189.2377136648,24689.1413876116,3130.01803350449,12197.5523127615,0,58.8610032200813,391.095927268267,18138.7287609577,5088.69148412347,44566.0587595701,12803.280601114,36432.7865959704,29461.8225749731,1476.91019758582,932.688012599945,1.41083538532257,568.648155242205,68.0917700529099,165.153136461973,265.142538368702,257.597037047148,11.0115812718868,1.20478069782257,1.63292369246483,22.3200389146805,637.659426093102,0,33.7363588213921,13.2694456875324,73.4709382653236,23.194344162941,112.563055068254,15.1069037914276,0,7.27568897604942,0,32.562831401825,49.2010676264763,11224.5030987263,84.8662469983101,1.14665198326111,15.7438346594572,3.96202871203423,1830.24259904027,1511.22238561511,16691.4112638831,1487.91638338566,0,39.0495957136154,15526.6161146611,1753.80489689112,6.57391205430031,103.437294155359,0,3.05039808154106,0,27.2273907363415,3297.52809694409
35.6106358766556,7166.2407848537,152.064945846796,1574.46615839005,869.010424911976,154.322772562504,5550.79835665226,1059.15313702822,42551.1821932495,2103.56848809123,105.03277656436,96.8680222034454,599.654680073261,1468.26237660646,3430.18957728148,3257.19578564167,99.6734429001808,104.394564002752,111.81181588769,859.025208324194,50.8621681034565,17700.1064524055,1142.47065350413,0,656.754263728857,249.114788293839,7579.89627194405,20808.1401226819,2731.73811814189,408.930696457624,80.7977802157402,62.3789570629597,828.930988132954,883.840184390545,877.034040987492,5287.91157948971,661.20357182622,1229.28750014305,1001.88390320539,2461.31887236238,168.070576995611,65.0348314344883,1078.04439982772,33.0159908235073,503.134339123964,233.745289564133,1865.70191976428,210.994307667017,40.3086982965469,30.0073426663876,133.469855934381,241.201930135489,1560.02036589384,31.960577070713,223.637722253799,5298.16816297174,511.989479213953,5708.53271231055,2621.37416747212,1.81333509087563,540.094990551472,2.92089408636093,398.352505713701,180.402616590261,1382.40146517754,64.514811784029,6.08694976568222,13.3230244517326,1246.3653562963,1649.08292171359,879.313567638397,859.220525741577,15892.943405658,21.3765854239464,59.3784834742546,856.014391601086,15652.0790594518,327.636281222105,549.200320154428,0,65.986405223608,24.0962342321873,154.788868993521,114.166241765022
0,3493.32291394472,0,0,0.744986951351166,0,0,0,607.522371202707,0,208.777118980885,0,7164.69256225228,0,8.6925151348114,4.35398083925247,5.9806989133358,16.620799779892,7.37765380740166,0,0,1113.0628016293,0,656.754263728857,0,656.6900216043,8250.72527891397,20.9610720872879,0,1.18816542625427,750.026072829962,0,0,8.1058634519577,0,24.6347291469574,338.393122822046,22.9052282571793,12.6115937232971,1.60721445083618,0,2623.31759893894,61.2606810033321,292.477299511433,19.4943864643574,30.8807277083397,2.2631987631321,0,132.571052968502,0,381.995473086834,1.76315167546272,0,0,0,0.83774471282959,1.40859770774841,216.46003729105,0,360.110415041447,0,3158.95928171277,0.335872054100037,2.42595356702805,16.9545171558857,14.7575784921646,0.767939567565918,33.2976254224777,0,0.438535869121552,230.684708684683,10.6693402528763,247.092027783394,4868.0881536305,531.298543095589,3555.55103969574,2.04875609278679,0,3.19012609124184,243.134615302086,0,0,12.2201830297709,1.10665547847748
79.4871048629284,1068.45609509945,25709.7519589663,8.75577867031097,19.0408161282539,116.743384033442,677.464831471443,669.137696564198,160.641552388668,975.365954369307,3857.00867372751,238.374571621418,524.030302226543,886.149645239115,61.4586776793003,44.7371025085449,7539.43565185368,1544.19626751542,4527.58532585204,287.35842692852,327.567148268223,152.48934289813,3774.87527066469,249.114788293839,656.6900216043,0,54333.9630424231,720.69706812501,1888.48831868172,365.678897857666,459.37961229682,576.812027722597,55.0824158489704,6354.92083641887,1184.81258440018,17381.5712755322,32158.6151246727,14635.3881931007,11594.5249585509,223.62684366107,161.115146130323,92.1690016388893,1706.20961225033,1912.62411774695,475.839657992125,798.274279266596,57.0056140720844,6.22596845030785,5.26611840724945,1.20624530315399,1208.71166011691,2404.84839504957,9.69481286406517,12.6587247848511,0,30.2278693318367,0,55.0279707610607,0.258946180343628,784.165655106306,3.31313180923462,3891.57969263196,3.70815661549568,13.1511351466179,24.500869512558,3002.43156035244,5.9161351621151,753.529926881194,0,84.7893787771463,143.203016251326,334.984907612205,15.9466682672501,763.513041049242,14469.661493659,35806.8759554327,36.142035022378,5.07062774896622,128.750358790159,4240.94901105762,0,3.83814103901386,273.562411114573,635.942861050367
63.5987268090248,32797.986936748,44984.3639735281,1.20847415924072,127.633024841547,26.2924575209618,308.131715476513,256.003642231226,5196.23752266169,340.721196532249,49.3060894012451,51.711249679327,837.275777250528,684.631660073996,300.247523277998,6694.76947849989,23717.589887768,1165.59246468544,4666.49680247903,93.4833664298058,2628.99453240633,18287.4680010676,22189.2377136648,7579.89627194405,8250.72527891397,54333.9630424231,0,4958.2684725225,960.040040820837,773.613944768906,1519.67667981982,27.7412738800049,97.6275600194931,8055.93593242764,2446.88528943062,47556.1467124522,15702.5093731582,14763.6143431664,16769.9932956398,557.683890938759,362.170611083508,1.04106652736664,6488.3351739645,3060.10346674919,2129.37503987551,2690.56430250406,228.515481650829,28.1736653447151,16.8109222352505,14.2976686954498,7893.8755055666,10849.231692493,1.14722186326981,52.2044393122196,4.33621829748154,145.861737787724,6.6187599003315,80.2017596960068,4.73846158385277,94.1548975408077,0,2260.575663656,29.5690729022026,44.8889943957329,3277.69792422652,8099.52255631983,17.6598289608955,1881.27051138878,0,655.295280516148,6196.95014390349,9178.92515209317,1639.31981995702,2884.5158418119,24847.5821565241,155084.700244084,1371.73471948504,19.3191449791193,569.893963992596,1931.22731432319,0.605899393558502,5.59486296772957,982.307741180062,2698.4678555727
315.489961802959,561.615760982037,8142.7972048223,3321.89031744003,491.626498013735,1443.48749855161,73504.8467307985,7089.83149442077,10106.4233802855,12361.8429048359,210.601023733616,1150.90898683667,1424.35541853309,6431.16023921967,1276.65313878655,2517.29335135221,477.664533674717,212.886507213116,317.354022353888,3240.06822100282,12209.5966570079,1721.09830307961,24689.1413876116,20808.1401226819,20.9610720872879,720.69706812501,4958.2684725225,0,6346.96679344773,2863.73463767767,3.91084980964661,283.459123522043,1943.4737855196,3728.16159775853,4120.08843716979,25147.1792286038,2654.99545890093,6491.69079145789,6207.71414253116,1818.2235224247,628.926942676306,20.8953146338463,2406.21815821528,73.7837220132351,983.840213298798,514.763303279877,3727.80687910318,426.873003482819,102.777846574783,87.4333791434765,63.1287908554077,471.735889852047,1725.64245143533,42.278234899044,302.924537599087,7089.88381096721,789.96896058321,5244.9530133605,3761.74871772528,2.08243972063065,634.597319364548,0,850.961889445782,197.094344258308,2251.38020607829,108.711312323809,0,6.05197939276695,1922.93961086869,4038.95778477192,853.748049944639,1459.11977958679,19382.1622912288,0,51.9610208272934,1452.4900213182,24887.9610003233,974.918432056904,1969.57877096534,0,56.0139212608337,95.6804820597172,294.931575208902,436.578038901091
7963.40828180313,4.58656322956085,1712.38128131628,81.7003205120564,27.4398796856403,769.119659334421,11220.5937470794,7075.66269299388,524.94126316905,5773.19104854763,3772.32337081432,890.753120779991,503.668527156115,25040.3149408996,125.634356588125,10.3366529941559,6747.33794462681,2735.69133758545,2069.77164873481,1140.21320658922,1994.84552258253,6.00910413265228,3130.01803350449,2731.73811814189,0,1888.48831868172,960.040040820837,6346.96679344773,0,34859.8463891447,50.9573666751385,806.123732477427,3480.33426362276,3708.98086322844,425.806596040726,3503.50808975101,368.204498767853,3681.25687637925,1524.27612191439,577.484719991684,491.377519547939,36.8305397629738,297.993804752827,8.79933780431747,128.855762004852,70.3685096800327,470.024729818106,62.3294031023979,57.506150752306,14.344864577055,0,32.4826880395412,68.0523822903633,1.34246814250946,22.7182039618492,1253.77206152678,106.127708137035,451.158808380365,108.379504233599,0,26.4150348603725,0,117.349297076464,16.7118802070618,7.66212522983551,1.57481640577316,0,0,33.4658382534981,17.4301908910275,9.70565450191498,20.9003039896488,2013.82882079482,0,1.17264369130135,50.9271111488342,2075.40904179215,68.5385997891426,111.837473541498,0,3.57945930957794,10.8329558968544,33.7612507045269,52.0856207311153
5985.16006213427,2.26554238796234,3099.23768818378,0.732421338558197,465.597209781408,207.873075425625,3445.99353533983,4342.13080462813,48.5804779231548,151.72233478725,138.869896173477,35.0412824749947,386.979713410139,15694.6356773973,869.769850730896,17.0376297235489,3267.62638944387,159.564898908138,387.112135350704,32.0093855857849,27922.0112763047,15.5851490497589,12197.5523127615,408.930696457624,1.18816542625427,365.678897857666,773.613944768906,2863.73463767767,34859.8463891447,0,2.42886087298393,139.095793813467,7989.97153291106,18348.4934855402,4448.80965444446,11145.2319256961,1249.18989026546,11551.3990211785,7516.43510916829,749.585035800934,264.483617275953,5.69382643699646,224.287863343954,5.21822440624237,79.6468423306942,52.9735512435436,289.560872018337,40.1837659478188,13.1379757225513,11.014182716608,0.508468389511108,43.5896002948284,9.12114968895912,15.4803464114666,21.6938225626945,303.855171442032,75.0782855153084,90.9560779929161,34.556270390749,0.638026595115662,11.6995422840118,0,74.4945939183235,23.3981058597565,77.8074624538422,1.58932852745056,0,1.0195986032486,19.4868241548538,318.482898831367,9.56861704587936,63.8745122253895,794.84658613801,0,0.315285921096802,82.4659994840622,1644.80841574073,92.2946721017361,206.654872983694,0,4.38293790817261,6.90874451398849,23.553035646677,400.588125288486
0,692.47084581852,0.828387796878815,0,0,4.6696557700634,8.60153442621231,19.9507119655609,78.9028539955616,17.0509592294693,208.01513004303,6.16356778144836,9876.46589624882,6.37669205665588,5.61383247375488,0.388966053724289,1.86702325940132,6.79053071141243,11.2304029166698,1.92726728320122,0.446179807186127,207.490813553333,0,80.7977802157402,750.026072829962,459.37961229682,1519.67667981982,3.91084980964661,50.9573666751385,2.42886087298393,0,27.4470444917679,0,132.019200056791,12.0458018779755,218.061905264854,5076.39554730058,643.034825831652,181.506386101246,9.28974664211273,5.73450887203217,122.179651796818,15.7080628871918,1066.85287386179,18.1124150454998,14.5258145332336,0,0,12.4050098061562,0,59.9983144700527,1.17146819829941,1.20371544361115,0,0,0,0,5.40431392192841,0,1266.60716325045,0,5428.09696662426,0,0,0.695243656635284,4.14507648348808,0,17.7015214860439,0,0,7.96000796556473,0,0.650524735450745,751.192749559879,2317.86235618591,6179.08842012286,1.46279859542847,0,0,3878.73470911384,0,0,6.95190858840942,4.4546993970871
2.35623568296432,0,19.9195445477962,7.80064496397972,31.8738797307014,115.852472454309,500.419649630785,311.85261207819,33.4612718224525,420.973197877407,1646.45137348771,47.1903066337109,346.316133052111,420.883187025785,67.2200084626675,3.68972754478455,23.2831965684891,889.310815364122,334.084176957607,109.781838864088,56.1011579036713,0,58.8610032200813,62.3789570629597,0,576.812027722597,27.7412738800049,283.459123522043,806.123732477427,139.095793813467,27.4470444917679,0,5.55654421448708,9342.96239998937,196.314233541489,2435.56450846791,104.682368904352,1707.50541263819,743.644718676805,502.230968356133,10916.3122366667,24.0758700966835,17.0078239142895,0.715360820293427,10.3885871171951,26.5970723330975,48.3687945306301,14.4417012929916,30.2319058179855,0,0,0,3.92509520053864,0,4.11840671300888,50.4901829063892,4.00310036540031,23.3009549379349,7.10759592056274,0,4.37284678220749,0,1.06042408943176,1.06313329935074,2.26513695716858,0.350340247154236,0,0,3.71656358242035,7.04697725176811,0,1.41756522655487,118.931087046862,0,0,0,81.758925139904,2.50058972835541,5.26310157775879,0,0,0,0,8.1549768447876
