0,3.96532530809283e-05,0.0335538649895362,2.55715046622455e-05,0,0.00370187179165441,0.228969563772841,0.0937215925256045,0.000164534723803955,0.0008916590943312,0.000315318994707522,0.000188779312027621,9.51081232275128e-05,0.619333956385727,0.000105391268769276,0.000186352672558022,0.0421296440869495,0.00117648272522566,0.0209302634187122,0,0.0219076340560219,6.00956343317628e-05,0.0251413469550816,0.00198205831230643,0,0.0339918936889536,0.00962925507401251,0.00661932033149655,0.356908243134418,0.338547686285246,0,0,0.000482576775834119,0.00793089294933412,0.000274240907570499,0.00139414461890764,0.00159946343799207,0.00420448409199663,0.00121139707442053,6.50420021613837e-05,0,3.98975151821554e-05,0.000432889704928681,0,0.000441033753979212,0.000179848662699062,0.000100307649183834,0.000185919791873908,0,0,0,0,0,0,0.000105824580929661,0,0,3.69681762455464e-05,0,0,0,0,0,0,6.72258643157482e-05,0.000123277307514355,0,0,9.52985480885148e-05,0,0.000157204254988879,0.00011382775297766,0.00122846944621188,0,2.96992266403854e-05,0.00140670162959282,0.000619258318842858,0.000350086950771835,3.94815339853286e-05,0,0,4.75458974058807e-05,0.000179822285539368,0.000216841953401685
3.96532530809283e-05,0,0.00540684038488546,6.33144557748794e-05,0,3.16199538368195e-05,0.000122706568046528,0.000544769422915119,0.190929897033546,3.15207862071663e-05,0.0216577637214009,2.78329246763498e-05,0.109230502271289,0.000351302586518973,0.000145135669097406,0.0325398504409742,0.00363601395669763,0.000581446911058694,0.000143333270038175,0,0.00114303882389701,0.343806861249311,0.00557860980246278,0.0641253646074892,0.219626279111164,0.0185465578981798,1.25534278937882,0.000500777711884108,0.00109964042446504,8.0266210912728e-05,0.00273837891812605,0,0,0.00508497222125101,0.00126596344397638,0.0134689020656579,0.0122529761338072,0.0137661408298023,0.00414050279598992,0.000285688501814115,0,0.00450118513941349,0.0394100635556836,0.00927616522182997,0.0209886356162574,0.0114424312662378,0.00054419313559308,0.000298300274029374,0.000456404290293631,0.000124731242952875,0.107833844404625,0.00818022452237812,0.000412857809897455,9.44084463824033e-05,0.000151865053395331,0.00333039201258498,0.00117488290216066,0.00981445624427188,0.000452190611474022,0.00347509615464932,9.24581461407569e-05,0.00274892828875727,0.00328304899785989,0.000381960253092534,0.0032162595316059,0.00942215288524142,0.00262155437843329,0.00489641618338815,0.000496630930922246,0.00170353384579612,0.0125185011487878,0.0062017717971149,0.00649851286818607,0.00577892804633839,0.0426297452461556,0.647820541003054,0.00168617175249424,0.00170791152155512,0.00106969332316719,0.00113097291992668,0.000115593256585547,0,0.0141366974675046,0.00394635233620405
0.0335538649895362,0.00540684038488546,0,2.26427812138468e-05,9.68973368795158e-05,0.163604736647077,0.312359792547333,0.45395457313483,0.000911449045388619,0.00378613703251725,0.00942641441562553,0.0010469276304383,0.0132463943444627,0.285913334156023,0.00718015998660692,0.0541176502746181,1.49579548762619,0.00709643423490844,0.0918729068747674,0.000196057760455987,0.484480520606759,0.00514943577659392,3.31567739496021,0.0166794362053719,0.000278573948801315,2.14745839221664,0.666971164735407,0.121597118298805,0.144718223628746,0.118972476620933,0.00161408169754281,0.00156853960132112,0.00763178441872511,0.278774012129432,0.106251619410257,0.827447434704256,0.23502261591724,0.527540588745692,0.391250358557601,0.00583975285653268,0.00358618074224105,0.0039326475774868,0.128192044211942,0.0189815950435893,0.0712376913402105,0.0371353243111405,0.00197396344520558,0.00165409201838892,0.000524365899909646,0.00106292670289008,0.00790873656878268,0.0321665758686723,0,0.000156531729422656,0.000259963753277978,0.0223913639035438,0.00873790754150539,0.00623463401132288,0.000172023337132728,0.00100514244041113,0.000245896992314479,0.000165807329224443,0.013260096586235,0.00131495526489865,0.0238282168411552,0.029574618057253,0.0011179253101458,0.00481394724592468,0.000108715784978187,0.0111416389460123,0.0233800938030211,0.101755842918966,0.018434674404776,0.000748439270826143,0.0295370752328723,0.483507378606113,0.0125156043736191,0.00327465812746162,0.00394556069357587,0.000229357529674354,2.26389169631243e-05,0.000183801053025371,0.0437889813127874,0.0871643132026606
2.55715046622455e-05,6.33144557748794e-05,2.26427812138468e-05,0,0.00184632730729289,0.0164397124371323,0.00363238213843522,0.00993749341197545,0.374678964067632,0.527388666811458,0.00171889195707448,0.343146670883244,0.0179873973583596,0.00480548633466013,0.0228313634765836,3.16940133546353e-05,0,0.000423294960741824,0.000271417515094176,1.10575821135396,7.50112233349261e-05,0.0002978659889323,3.07162881242037e-05,0.510117073017838,0.00272404893971651,0.00084111785692478,0.000138017308941036,0.275929997238384,0.00942938217710111,0,0,0.00167755442473617,2.30107014532745e-05,0.00594404912524404,0.00340915294661308,0.0462675290444896,0.000199136660912624,0.00479295215308836,0.00105482299052566,0.071641387390244,0.00240733023810044,7.41284524952649e-05,0.00539415670207342,0.000228139711164903,0.00434169083892103,0.000516629636121869,0.0202905631458646,0.00143994766520987,0.00452152695919711,0,7.78141058828113e-05,0,0.123339973814512,0.00119089586645631,0.00109428847317069,0.00261966773363212,0.00252990422448726,0.093535943026118,0.0376176480219114,0.000213077951114568,0.0438065147148594,0.000344034516786992,0.00210735692963524,0.00411862467110159,0,0,0,0,0.0688202170505585,0,0.00044644556203078,4.78075454627395e-05,0.0835882140430903,8.87777994883297e-05,8.43965471294519e-05,0.000568123029559493,0.0392635197785808,0.00212823543610254,0,0,1.74317344180703e-05,0,0.000873860693916,0.000361391830008608
0,0,9.68973368795158e-05,0.00184632730729289,0,0.160730877358774,0.00312702775351285,0.00413334054369836,0.0238109778877969,0.00998531534209563,9.98595060841683e-05,0.0254107603644201,0.00291800643654566,0.000155226691369119,0.085661137787255,0.000119399196674156,0,3.17972229017109e-05,0.000130838977813136,0.00522454347717705,0.000669988174832162,0,0.00475432596476097,0.00291670512949283,0.000399841116237438,0.000114232775946248,0.000801792388329743,0.00225131569855624,0.0004438380261345,0.000120740990583771,0,0.153627984120788,0,0.061659875519939,0.0354314858875136,0.0218582835916,0.00192138590841445,0.00188689780701357,0.00154273942692564,0.517018280908993,0.0499665414555856,0.000441382035703063,0.000216080896941924,0.000335019048529876,0.000565474406123784,0.00105830375402173,0.000547580575424868,0,0.000260342350440038,0,0,0,0.00112656385638403,0,0,0,0.000243490456678003,0.00202928981368131,0.000306246053388071,0,0.000562254869783709,0,0,0.00012374488608194,0.000190685967598409,0,0,0,0.00128517476420338,7.53671870284678e-05,7.50412532373664e-05,0.000381806592547929,0.00121984803211971,0,0,0.000261323722067976,0.000635134399406564,2.8678897358337e-05,0,0,0,0,0,0.016175564660568
0.00370187179165441,3.16199538368195e-05,0.163604736647077,0.0164397124371323,0.160730877358774,0,1.83146007474914,1.86874505608991,0.0395754278518411,3.16354792010333,0.0200150855532731,0.879412869120603,0.0659706237910426,0.0982921610693201,0.367714082294623,0.00259543499831543,0.0223820461713532,0.00697833101105597,0.00955735548622362,0.12113255737262,0.115906483248177,0.000307496109943232,0.117084442861687,0.109174536099646,0.0018369854314668,0.0503203734977164,0.0185774690359119,0.368389570663518,0.0775215622361718,0.0586506191173435,0.000432505399166349,0.0253587962219104,0.000888249871292954,0.109267174121687,0.322469611435585,0.450450193314893,0.0205147719728342,0.074512583082462,0.0264592902333445,0.556458079808419,0.143671134638873,0.0238812720242935,0.0246888890736688,0.000384686176348251,0.0222216560732448,0.00827108467922802,0.0191164218837315,0.00932656101789175,0.00370232114034954,0,7.27514255869986e-05,0.000478594237160903,0.0572332591037935,0.000567267340201086,0.00159250430950039,0.00592222236083753,0.00422341219881353,0.0243978198702811,0.0294731200961721,0.000206990573897001,0.0256466421082529,0.000292058155461445,0.00453778562384822,0.00212911258929035,0.00155707997227367,8.71736764661728e-05,0,0,0.0411533671256578,0.00034934527901808,0.00133750842595288,0.0043210135389338,0.101160800080619,0,5.6928461021319e-05,0.00571985936148832,0.0429530495975942,0.00651339776315175,6.11455768455386e-05,5.18732258062631e-05,0.000141171167824387,0.000111580233267742,0.00368437764334768,0.0233592478518614
0.228969563772841,0.000122706568046528,0.312359792547333,0.00363238213843522,0.00312702775351285,1.83146007474914,0,2.04783440363525,0.0935031448924814,2.76150422838895,0.0247716775954539,0.0635073516729903,0.0178263007178572,1.96950643916268,0.0733049937163368,0.0124818127806739,0.0861544767699666,0.00895282706718654,0.0247361141663519,0.0053747626706813,0.620689265492151,0.00119732602196019,0.628160664034467,0.476535164754713,0.000245757124204993,0.0913202468020476,0.0429508622878599,5.69165240037103,0.351969795633401,1.19209404157281,0.000479593318351677,0.0134605534164818,0.00624545139217088,0.12294316834535,0.057497776092911,0.263138409892901,0.0203581169300313,0.158782327170077,0.0521394123885816,0.057018346115824,0.0291556271336533,0.00220072083118741,0.0161011180641204,0.000884707910079104,0.0166237762718972,0.00554303486944202,0.0121937966082024,0.00585232004498167,0.00100046000280943,5.72481828231633e-05,5.19009989185989e-05,0.000480796424366313,0.0511037907308763,0.000498305183644024,0.00201402726699422,0.00389085895045502,0.0064260625855403,0.0431265216924502,0.0289005556613853,3.16548674584269e-05,0.0178645371086176,7.79650971967581e-05,0.00576896583876934,0.00201618303454413,0.00814756898107388,0.000382959958231837,0,0,0.0292773465834002,0.00177402260558703,0.00255993679404315,0.0126133098169077,0.0816398645310469,0,0.000100126953689731,0.015481262417142,0.0394968118853797,0.00788237314653189,0.000405236325143045,0,0.000287452387385985,0.000209306059579945,0.00424691700404967,0.0124565403504049
0.0937215925256045,0.000544769422915119,0.45395457313483,0.00993749341197545,0.00413334054369836,1.86874505608991,2.04783440363525,0,0.0182235463055061,0.941588242950109,0.0290703643682984,0.292542997975229,0.0261146979806001,1.70005726967574,0.0281548014557616,0.00379214620889083,0.216958611047836,0.0135698303934578,0.0994765256540791,0.0887281230848289,0.262144539066809,0.000849392725773578,0.302376624781083,0.0818135655060862,0.00146751683520992,0.283444549030755,0.0727902191870613,0.352625817849856,0.162160070702123,0.697643884141266,0.000707037631477827,0.0379657909563436,0.0018323300288146,0.128685313781966,0.00750424272758398,0.226883958871269,0.0273981306107118,0.0770284923614037,0.0269570334487565,0.12034835294696,0.00836839070027921,0.012299584196387,0.0127017790304891,0.000548312170938643,0.0135368815096265,0.00380102365761817,0.0114874650114993,0.0045339741464808,0.00212175173312436,0,0.000133010968024806,0.000850953364870942,0.00861775308157493,6.57464104399174e-05,0.000945379438328072,0.00328548956935987,0.0012264636060908,0.00750202879111056,0.00351139959939756,4.19014221203327e-05,0.0119675535535686,0.000141745109522971,0.000918014785965467,0.000454611254692501,0.0016940704057608,0.00108909500691788,0,0,0.0144888111871118,0.000156985583237675,0.0027428413303255,0.00430682449674903,0.0648205008564759,0,0.00016524883818351,0.0148484762607162,0.0202389305696033,0.00202257967872428,0.000162976189210958,0,0,0.0002616061698192,0.00239640162732292,0.00132478205660111
0.000164534723803955,0.190929897033546,0.000911449045388619,0.374678964067632,0.0238109778877969,0.0395754278518411,0.0935031448924814,0.0182235463055061,0,0.434503397758234,0.048334507646321,0.195082779953985,0.265993680487581,0.0110070331634314,0.272815174605507,0.048423607970092,0.00129413661730365,0.00116912108965278,0.00148973096801426,0.139251688689988,0.00935237229434089,0.682370878380535,0.0176977843302799,2.73368016678513,0.286759612388777,0.0109902015257882,0.487655784943319,0.551670770340201,0.0252414715250765,0.00677063749674579,0.0101441614954312,0.00231401854517708,0.00100957258495375,0.0165648931578001,0.0119089959386138,0.0582506921923202,0.0126301004135432,0.0221602814332612,0.00617188962453555,0.307527822180114,0.00447134224598037,0.00714772688824106,0.0467571720881807,0.00420778638717757,0.0249630494538075,0.0109137984107645,0.0180094081262449,0.00942011452788413,0.00229856932366541,0.000252321489980001,0.00276299805736419,0.000744002738742644,0.205064495271698,0.00614467664454257,0.00585314456017948,0.00942215068344343,0.0129228044678317,0.293530269312531,0.0579340606679466,0.00862600808770975,0.0494069691858788,0.00533759297809649,0.0132950994240219,0.0198444004101843,0.0713155158755517,0.00082595270331543,0.00149144735523995,0.00153264656664962,0.0621218177975974,0.00986246648840342,0.0287112438907184,0.0163586379125327,0.51623674819498,0.00321109890619654,0.0172020851173731,0.0853446500142774,0.122264099743931,0.0162956744457837,0.00218510396422376,0.00191168332265584,0.000403667511262411,0.000598528250788232,0.00892788795868224,0.0178091403101009
0.0008916590943312,3.15207862071663e-05,0.00378613703251725,0.527388666811458,0.00998531534209563,3.16354792010333,2.76150422838895,0.941588242950109,0.434503397758234,0,0.0635581362154243,1.16663839693053,0.0770449649906959,0.381778472339372,0.198461944578511,0.000847042592969083,0.00168583679788796,0.021232527622943,0.018450324508103,1.68836345676262,0.00673858826843585,0.000255774074268413,0.00693892643424773,0.364377648302893,0.00944917747931028,0.0520818492703821,0.00855099098868325,0.515335414163212,0.365666465150898,0.00311373992566324,0.000725192670297015,0.0477208211994784,0.000936065595769131,0.255560136886364,0.0824215764769198,0.713269757057428,0.0118058432935289,0.179715147235867,0.0319287724680656,0.199110050324268,0.0633716741393081,0.00629689992688187,0.0347524628956747,0.000718662329810112,0.0226249821746775,0.00497578839238769,0.066566965222795,0.0134752822502874,0.0106122916102507,6.36419843361199e-05,0.000199575372871637,0,0.420165493624522,0.00537347123893587,0.0044520360326999,0.00896681647122289,0.00671299015607022,0.23714562197092,0.150018633758462,0.000335506172549528,0.152655031627059,0.000906377634043552,0.00764662457975385,0.0124607881877626,0.000424145901746169,0,0,0,0.233711126081509,0.00010524946113165,0.00134234425548405,0.000399071709442782,0.295029005372221,0.000119136343021834,0.000136725921612274,0.00101267297885092,0.155871484102586,0.00948984525366428,0.000189885075726438,5.34980448838771e-05,0.000189753490269294,0.00021648557938267,0.00594980942652744,0.0090234465515971
0.000315318994707522,0.0216577637214009,0.00942641441562553,0.00171889195707448,9.98595060841683e-05,0.0200150855532731,0.0247716775954539,0.0290703643682984,0.048334507646321,0.0635581362154243,0,0.0313809470161088,0.50738056688228,0.0134491263786984,0.00370360547811746,0.00107178607826087,0.0451055131560245,1.61913211873058,0.370604988926979,0.0124858378155297,0.00648474452594107,0.028572266253078,0.0142346954855463,0.00922617207561726,0.146337571978531,1.88458165371522,0.128962303449308,0.0130915254759423,0.0893893206994681,0.00406742865153306,0.17430087796116,0.0158950153541751,0.00141036060124919,1.15806900582345,0.0142985931682199,0.211091839575508,0.407973413242799,0.656378857610674,0.12060244238981,0.00893177877903671,0.0014629468035221,0.19186499791394,0.0129727053331145,0.015114064807405,0.00933338935408117,0.00370518640717496,0.00168906377507864,0.000285680735241234,0.00688063169515349,4.15087617929458e-05,0.00738663078599801,0.000166713651477238,0.000523595767642632,0.000195452206775302,0.000353962123766246,0.000178900040966135,0.00112841046907057,0.0204259849473679,0.000151120509363261,0.224240262348886,0.00248604265219884,0.227132190302496,0.000626980671751049,0.000200838936326149,0.0008174304166664,0.000322116949891284,0.0192600704762056,0.000488144456803721,0.00167926029367021,8.40005851625594e-05,0.0131341302001544,0.000367196793316228,0.0110089232494673,0.0300295133015899,0.128407535837087,0.221337977427105,0.00209709313284312,0.00051361188050603,0.000164305561257139,0.150411610476399,0.00147402880622911,8.95758952248576e-05,0.00897334023169666,0.0133984271659847
0.000188779312027621,2.78329246763498e-05,0.0010469276304383,0.343146670883244,0.0254107603644201,0.879412869120603,0.0635073516729903,0.292542997975229,0.195082779953985,1.16663839693053,0.0313809470161088,0,0.0553178678707658,0.0614663678307772,0.422760834070311,0.000755426422009567,0.000645522856884685,0.0100186578073716,0.00690024099196085,1.04781720557627,0.00250760277061501,0,0.00147801296293834,0.119761721869654,0.008738302435357,0.0247116024012529,0.0031514242118661,0.0271294047863075,0.130344099020633,0.000917674545774863,0.000403998880808496,0.0357357588168343,3.18423861998379e-05,0.154035254517079,0.31327274711707,0.208181096536483,0.00555188459581894,0.0454093710326684,0.0063709274541162,0.369807008859933,0.0102943317650255,0.00399763612735248,0.00853406059585094,2.22781118520111e-05,0.0052400142492364,0.00157144631524953,0.0119137243072875,0.00160103407084129,0.00924662730174751,0,0,0,0.0447124930662609,0.00169464807422992,0.00347263241033548,0.00114585821252735,0.00424485259525494,0.0295545160727087,0.0123949514295756,0.000404683172563428,0.172984441920461,0.000829833003263181,0.00472153884645989,0.00589984127632738,0.000189789194930732,0,0.000303446366725704,4.57227494141996e-05,0.0792239474265665,0,0.000299516804455251,0.000148595351593494,0.0249310459429466,0.000247084224655512,4.59600952046096e-05,0.000177325381005042,0.0106483129752715,0.00192458637096524,0,8.97125293773889e-05,0.000179944818455135,0,0.000848860903773348,0.0390035945366751
9.51081232275128e-05,0.109230502271289,0.0132463943444627,0.0179873973583596,0.00291800643654566,0.0659706237910426,0.0178263007178572,0.0261146979806001,0.265993680487581,0.0770449649906959,0.50738056688228,0.0553178678707658,0,0.00419940439376906,0.0159298677717195,0.0137939080326053,0.00786031095682742,0.0577762845546127,0.0173008499343161,0.0243685319632018,0.00922332904251034,0.165986462224525,0.0340158427857291,0.0637059975529103,0.929615855108905,0.287471018243723,0.583905243105509,0.0539004991515476,0.0155766295001601,0.00248918054646015,0.301813149195131,0.0239507214444656,0.000522239005313551,0.330811223295028,0.0500864301726648,0.392465943728952,0.433145516027421,0.327947090294067,0.202397153320885,0.440889008170076,0.0935015500758103,0.840491333890722,0.0774137273523033,0.0157341517425854,0.117457892577398,0.1218415918509,0.142444082989846,0.0622023732139412,0.0473776766712407,9.31253924678979e-05,0.00691752464435719,0.000770665616101014,0.00637073646029874,0.00302936460124411,0.024611097988314,0.00431899704409843,0.0261272667172875,0.0175802731912802,0.0109279162805153,0.429719713399246,0.0173789649758624,0.325305352885463,0.00647305633079929,0.00309401254501038,0.00503832243660792,0.00083973317342778,0.012291466708508,0.000663459735801968,0.0120404655591837,0.00122922246959871,0.0108837152844571,0.00376239649741164,0.0375673921235703,0.0611353997437508,0.103389902714487,0.2683624384666,0.0147275448907457,0.00624185004163243,0.00061308350422799,0.137736254084049,0.00899484470236434,0.000123221761289683,0.0343343039027424,0.0222684247951681
0.619333956385727,0.000351302586518973,0.285913334156023,0.00480548633466013,0.000155226691369119,0.0982921610693201,1.96950643916268,1.70005726967574,0.0110070331634314,0.381778472339372,0.0134491263786984,0.0614663678307772,0.00419940439376906,0,0.00434884522734603,0.00349563718956543,0.224977418381972,0.0116312586540284,0.129873876118994,0.026754036373876,0.202623388819396,0.000762468129560329,0.226308625676516,0.0769890952867833,2.9156461217472e-05,0.227391618654001,0.0695643358923744,0.275890451001994,0.957670307549812,1.00792279882109,8.97684372807e-05,0.0593167015224374,0.00508868814989025,0.0989936111602871,0.00493626150263198,0.0455916984546325,0.0148479038471628,0.0424579040237354,0.0128633709867151,0.00632157146722108,0.00181450464421182,0.000782153747963315,0.0148208645596348,0.000610834550493994,0.0106117098004553,0.00323663865293618,0.00683173253587553,0.00391792054995937,0.000397475018810904,0.000131029550729722,0.000466455405240423,0.00133716153383643,0.00343399125464617,0,0.000325465233251465,0.00286067258030172,0.00132083245818009,0.00455102201084297,0.00268208385792554,0.000104880307800722,0.00429537399532829,0,0.000883986395035466,0.00150102728752324,0.00149455172337198,0.000582876567496642,0,0,0.00489559019609482,0.000694582163656873,0.0032993862800257,0.00251249383333906,0.0426375020938995,0,0.000346902048862838,0.0131668288510143,0.0170539132872358,0.00313989094314416,0.000537326207658326,9.52815111210438e-05,0,0,0.00267134161105587,0.000978486257280201
0.000105391268769276,0.000145135669097406,0.00718015998660692,0.0228313634765836,0.085661137787255,0.367714082294623,0.0733049937163368,0.0281548014557616,0.272815174605507,0.198461944578511,0.00370360547811746,0.422760834070311,0.0159298677717195,0.00434884522734603,0,0.0220610087602867,0.000629924403805429,0.00121306863887593,0.00166112159595725,0.052627622442469,0.0543320027135742,0.000589849623788542,0.0683584353984023,0.075825115635594,0.00221655215454831,0.00464777844745408,0.00773814140753208,0.0996527811304474,0.01721817024396,0.00338349320293831,0,0.00989398357110596,0.000265749031538266,0.0135923245014851,0.363145123504272,0.070428398329129,0.0215060198345799,0.0165507332254581,0.0117164005594956,0.730300957192633,0.00760625218474874,0.0014631388273834,0.0180382951897533,0.00153495538560115,0.0115561102973821,0.00679236415231216,0.0117576763579435,0.00511449744027949,0.00284362840463866,0.000150190290939331,7.57373936691164e-05,7.34449602404831e-05,0.0263478987624851,0.000455603802401895,0.00102043315784554,0.00264593353014641,0.00256065194692687,0.0216619505598584,0.00977024892412516,3.95790560829282e-05,0.015275597577354,0.000253947360252255,0.00286680118465398,0.00296509823690235,0.00423787957703448,0.000168648202834987,0,0,0.0164146047884972,0.0023114620482705,0.00251164561867252,0.00404330621974096,0.0535728483048556,0,0.000124091742242032,0.00164548461670016,0.0246193183875138,0.00549095023506845,0.00091980781522136,0,3.28241639230907e-05,0.000205026813287759,0.00334837980570226,0.054565527299365
0.000186352672558022,0.0325398504409742,0.0541176502746181,3.16940133546353e-05,0.000119399196674156,0.00259543499831543,0.0124818127806739,0.00379214620889083,0.048423607970092,0.000847042592969083,0.00107178607826087,0.000755426422009567,0.0137939080326053,0.00349563718956543,0.0220610087602867,0,0.0127576456960897,0.000718051981243611,0.00610896265348788,3.01585077500701e-05,0.499867001297667,0.510309494084772,0.585486147302365,0.362108710872303,0.00676049538895262,0.0342067763762905,1.15484400177588,0.114937868567298,0.0116798304687571,0.0379792034491094,0.000674135577627474,0.000316128801640683,0.00322804641848438,0.0653926218732511,0.125664429958931,0.467919992400398,0.0647961727247167,0.16062374122746,0.0948019054083241,0.00877883787763067,0.00672032560589813,0.00188911366609455,0.16376137592196,0.0238704739350881,0.108240850213957,0.0701736767397002,0.00807896838471139,0.00963006029545271,0.00160979182085975,0.000655313662620107,0.00341721181717149,0.00717302262457399,0,5.04021814875602e-05,0.00144401348091851,0.0115782199452463,0.00615927638868509,0.00142574237075222,0.000479770693170556,0.000943868165192318,0.000974700141834185,4.92610198138714e-05,0.0110435530654423,0.0121178026934297,0.561502734542136,0.00408697684474368,0.000594698822738883,0.00156268925897724,0.000103884610737565,0.101849215807492,0.128903446695451,0.392189033108485,0.16531271241841,0.000158263533464718,0.00944505440416238,0.231432108891448,0.0779851546736786,0.0157291984478695,0.0190192798088578,0,3.9767353173691e-05,0.00161709666336844,0.0424093289232303,0.0631565656608616
0.0421296440869495,0.00363601395669763,1.49579548762619,0,0,0.0223820461713532,0.0861544767699666,0.216958611047836,0.00129413661730365,0.00168583679788796,0.0451055131560245,0.000645522856884685,0.00786031095682742,0.224977418381972,0.000629924403805429,0.0127576456960897,0,0.0784385358360536,1.06373592700879,0.000321823505840385,0.378822528172961,0.00369115409451552,2.10898098316396,0.00756564926720054,0.000191884172973239,1.14303311277133,0.437977405888359,0.0163024090268327,0.193238020290934,0.536201846716735,0.000510974532560525,0.000262294907471788,0.00386762739448823,0.450554305364388,0.00677640527272106,0.118640757572722,0.152276645042341,0.121506452534705,0.0418369226170942,0.000738471616926697,0.0006234921945591,0.00376602863505108,0.0251019055928062,0.00365746311591449,0.0150572401227721,0.006181810501331,0.00018721868773582,0.000306060645496261,0.000211014756375623,0.000235483295589575,0.00162937856562917,0.00626158947189469,0,7.9428224771917e-05,0,0.00351949319745056,0.00121303771006459,0.00140263980715478,0,0.000174410982991863,0.000112922204844057,0.000134267636319298,0.00238311692133104,0.000400335160798067,0.00579272868373626,0.00673859434082984,0.000171263877558187,0.00117119287055801,0,0.00223974684890503,0.00605311443772806,0.0192526711192427,0.00241819870870006,3.82775163713157e-05,0.00851228738103381,0.114762494133749,0.00259216284302107,0.000587620532768577,0.00066609808629528,0.000405985659830773,0,4.34311366365135e-05,0.00991447811445382,0.00601184750146446
0.00117648272522566,0.000581446911058694,0.00709643423490844,0.000423294960741824,3.17972229017109e-05,0.00697833101105597,0.00895282706718654,0.0135698303934578,0.00116912108965278,0.021232527622943,1.61913211873058,0.0100186578073716,0.0577762845546127,0.0116312586540284,0.00121306863887593,0.000718051981243611,0.0784385358360536,0,0.448226061014825,0.00433668140681573,0.00441894821139419,0.000769381417928357,0.0107763868712423,0.00215226101204716,0.00742588544383773,0.456395528127326,0.0196967016409013,0.00535631479906927,0.0390071897090656,0.00882489904403674,0.00431976081209045,0.00372978819852891,0.00116581150907959,0.275266548285259,0.0115615609382981,0.161608793534119,0.253415122947652,0.371510038117496,0.109925642911181,0.0029990944151676,0.000572687519738347,0.0328148899074837,0.0030178969835404,0.00337927441408599,0.00228785919216683,0.00130797693782798,8.09772816925082e-05,0,0.000279760358376321,0,0.000428502562072671,0.00015361331698809,0,0,5.6752797301966e-05,5.64846136486471e-05,6.25928222867757e-05,0.00171428280381387,0,0.0144603333471204,0.000107765124308372,0.0144197008099953,0,0.000138167771485043,0.000359464582021272,0.000146712173408049,0.00496862665829068,0.000836643060933334,5.85771128176749e-05,6.42823416542649e-05,0.00069332487775909,0.000369275148946896,0.000612106333148455,0.00146607449463865,0.0407789394499419,0.0657974462633449,7.40796956766248e-05,2.11881499140859e-05,4.16765553005099e-05,0.0126834286598238,0.000149527008271661,0,0.00145082141927873,0.0107268290105594
0.0209302634187122,0.000143333270038175,0.0918729068747674,0.000271417515094176,0.000130838977813136,0.00955735548622362,0.0247361141663519,0.0994765256540791,0.00148973096801426,0.018450324508103,0.370604988926979,0.00690024099196085,0.0173008499343161,0.129873876118994,0.00166112159595725,0.00610896265348788,1.06373592700879,0.448226061014825,0,0.00301775191444978,0.0635907957637472,0.000936905589120638,0.145090925725099,0.00548161535592621,0.000338436234843415,0.362890672467386,0.063905839988443,0.0142934320648025,0.200612293486542,0.17836329026322,0.000344840728084562,0.00261417025850501,0.0073141906134335,0.873693136449221,0.015101419999759,0.241479771380856,0.266939322286748,0.42304142781453,0.119680441725461,0.00168418449123378,0.000612260598605871,0.0163696125114894,0.0040914391236931,0.000837501309538252,0.00289397356569095,0.00157951003145568,0.000155303394736635,0,0.000246354109697568,2.84387342816859e-05,0.000202762216423854,0.000487246508151698,0,0,0,0.000273129877323079,0,0.000153451710088825,0,0.000766402163109399,0.000247027952958483,0.000611121799476275,2.88879031950355e-05,0.000218775868120426,0.0019230593172194,0.000708315638812023,0.000792254689959109,0.000742198271135402,0,0.000553661032101459,0.000917016571957394,0.00224914570286478,0.00102195952207539,3.32224905491561e-05,0.0148487116088138,0.0351917041893545,0.000657081084605336,7.02050070354789e-05,0.000179634957155135,0.000278242202771032,3.93042183886826e-05,0,0.00135014855292741,0.0136441442665353
0,0,0.000196057760455987,1.10575821135396,0.00522454347717705,0.12113255737262,0.0053747626706813,0.0887281230848289,0.139251688689988,1.68836345676262,0.0124858378155297,1.04781720557627,0.0243685319632018,0.026754036373876,0.052627622442469,3.01585077500701e-05,0.000321823505840385,0.00433668140681573,0.00301775191444978,0,0.000535146057468942,0,0.000159779442855302,0.112153595631174,0.00330437366348204,0.0117419790100798,0.00155123787239561,0.0107605152640722,0.0483542298365682,0.000401432180757153,0.000178912784321693,0.0096716270685958,3.19865584966361e-05,0.0430663444689167,0.00535930458910051,0.106088471040864,0.0022867008750812,0.0174089970949062,0.00246732351737736,0.0846084291489028,0.00630029512482621,0.00205482792546429,0.00941405777279129,0.00023798550474394,0.00564738200370654,0.00108005487894584,0.0172125259273055,0.0023282894917105,0.00435151726894486,0,7.4690886044872e-05,0,0.104851718269714,0.00168236854931885,0.00139946764648626,0.00189408124394401,0.00221509515435921,0.0500942256311898,0.0300915731237771,0.000464827337400296,0.0460050780462466,0.000248300173434455,0.00266714996925229,0.00461735207754281,0,0,0,0,0.0821601318124756,0,0.000279286629156792,2.11707153116196e-05,0.0640599907493134,2.71964717954427e-05,0,0.000166893065233007,0.0328384152374538,0.0025789081923126,0,0,0.000137780694968224,5.0959191972661e-05,0.00114349528772046,0.000578215373756057
0.0219076340560219,0.00114303882389701,0.484480520606759,7.50112233349261e-05,0.000669988174832162,0.115906483248177,0.620689265492151,0.262144539066809,0.00935237229434089,0.00673858826843585,0.00648474452594107,0.00250760277061501,0.00922332904251034,0.202623388819396,0.0543320027135742,0.499867001297667,0.378822528172961,0.00441894821139419,0.0635907957637472,0.000535146057468942,0,0.0187025030038856,3.55899587054768,0.0327023839291856,0.00082063501631321,0.132417978499544,0.129894846157653,0.571832810330233,0.21790825940558,1.33946615638935,0.000324810554728261,0.00115882835116676,0.0260523468442474,1.00012434056092,0.3291566329152,0.753606140784303,0.157641634566087,1.00295466363753,0.400995709739952,0.0237788986084338,0.0190273242905286,0.00209476738902334,0.068569969802379,0.00698397346432527,0.0453829270026129,0.0267350896924287,0.00440964084732455,0.00607025752509613,0.000741506506803676,0.000467229268508133,0.000366195281898809,0.00133632469829901,0,0.000260647076326379,0.000583933128094989,0.0021328027985597,0.00350773177190224,0.000663097511472336,0.000242867415517858,0.000282053849344835,0.000836422394661916,0.000107509032566044,0.00639693983446405,0.00709719067837924,0.162917842159595,0.00138096464743535,2.71921802986085e-05,0.000546634891537729,0,0.0426371044864006,0.0297748079517436,0.122434618077025,0.0624350664211004,4.59077723614931e-05,0.000705334364091894,0.0341647549487747,0.0394246571301385,0.00902269535352412,0.00880948183002705,0,6.5618678658098e-05,0.000917279575780376,0.0208485684058537,0.0980272979643206
6.00956343317628e-05,0.343806861249311,0.00514943577659392,0.0002978659889323,0,0.000307496109943232,0.00119732602196019,0.000849392725773578,0.682370878380535,0.000255774074268413,0.028572266253078,0,0.165986462224525,0.000762468129560329,0.000589849623788542,0.510309494084772,0.00369115409451552,0.000769381417928357,0.000936905589120638,0,0.0187025030038856,0,0.112697207475167,0.882709688094608,0.222214925555825,0.011961499360895,1.56958845944196,0.00907645482226638,0.000954726238059839,0.00281134851419035,0.00694692145054818,3.35669164826036e-05,6.0941890434438e-05,0.00672437196287296,0.00655412147078997,0.0360292972891242,0.0131141561039078,0.0196172933444109,0.00787072653174311,0.00138687499670712,0.000378915071237439,0.00409032739969952,0.0530967531909478,0.00774370052242863,0.0289695799293746,0.0199247557442129,0.00133821691422027,0.000583447084881094,0.000473436585553682,0,0.0182274165101782,0.00376515268957381,0.00160324855723551,0.000156034417063797,0.000113382848065108,0.00452045473854821,0.00183959376051799,0.00821145010690307,0.000506850674833107,0.00481932316953302,0.000720744488354188,0.00456395925576194,0.00360321684887483,0.00123857459298623,0.0725447383091937,0.00605925740981713,0.00096328495272758,0.00185259330722639,0.00119706510360585,0.00864690091326704,0.0860302653417066,0.0604164209874331,0.0655048097752793,0.00244673811020296,0.0160477594452943,0.235568666437621,0.0153170959287244,0.00194824091750319,0.00173514295773408,0.00142263907073546,0,0.000282392226150167,0.0123369999552361,0.0129951920447078
0.0251413469550816,0.00557860980246278,3.31567739496021,3.07162881242037e-05,0.00475432596476097,0.117084442861687,0.628160664034467,0.302376624781083,0.0176977843302799,0.00693892643424773,0.0142346954855463,0.00147801296293834,0.0340158427857291,0.226308625676516,0.0683584353984023,0.585486147302365,2.10898098316396,0.0107763868712423,0.145090925725099,0.000159779442855302,3.55899587054768,0.112697207475167,0,0.169179006083788,0.000539221120306284,0.668149647283352,1.72237580064381,0.70905990239615,0.191730686698517,0.386808434579526,0.000458274498809984,0.00111499633077275,0.0273828397621425,1.27137853877729,0.592593650547045,1.91247737685777,0.811781046227562,1.41748723868137,1.02194363740548,0.0269888184570726,0.0161225009832693,0.00900883271044802,0.252863256818767,0.0463766247633603,0.189937557137084,0.147532427318716,0.00947995559756111,0.00444522214885047,0.000557423242916017,0.000201914722999519,0.00146951287405139,0.0243373413663261,0.000143551871991748,0.000230371682923502,0.00052343519713245,0.0334258978723097,0.00975345704892396,0.00224906544827835,0.000797245660590719,0.000982947628860406,0.000454295756704938,0.000173052179610812,0.00939249834389118,0.0086727291970725,0.672919380519132,0.0106044751510986,0.00103519647168135,0.0030811806606746,0.000615963756393516,0.0929402257269068,0.101862177215083,0.929957207728883,0.10218233823016,0.000273426631473804,0.0109222619383827,0.677789510372812,0.100337253868524,0.00565424181334036,0.00579088717685225,2.45572181630731e-05,0.000169177423287115,0.000429502100120673,0.0799945068772966,0.277480734202785
0.00198205831230643,0.0641253646074892,0.0166794362053719,0.510117073017838,0.00291670512949283,0.109174536099646,0.476535164754713,0.0818135655060862,2.73368016678513,0.364377648302893,0.00922617207561726,0.119761721869654,0.0637059975529103,0.0769890952867833,0.075825115635594,0.362108710872303,0.00756564926720054,0.00215226101204716,0.00548161535592621,0.112153595631174,0.0327023839291856,0.882709688094608,0.169179006083788,0,0.0322543086093661,0.0216743048951406,0.548191969536633,1.52216452675682,0.25038439831628,0.140024593877329,0.00138652314049847,0.00645122715731694,0.0227908539482672,0.0974852634008731,0.122595774223181,0.433936284112419,0.0258686288779002,0.151902550910473,0.0483119852152606,0.108085426092582,0.0264071678934441,0.00530539171785336,0.295413475884461,0.0169218506173368,0.200931042474371,0.0589254793287282,0.0819759846245327,0.0779689789328449,0.00649497800306481,0.00143038170091332,0.00255873889112473,0.00183579652821276,0.0997637107017285,0.0021318073045442,0.021193127320711,0.0427626279430532,0.0666764199426137,0.181800978076604,0.0783808448908937,0.0054404476676653,0.0492954200738947,0.000822390765173238,0.0642729198897612,0.0375817770284861,0.195735811016183,0.00170059496361963,0.000956142732356437,0.00160070129265209,0.0732143179690605,0.0465031253847472,0.138671731501518,0.0861486069815795,1.41165817781107,0.00109248059182472,0.00908615382296481,0.0805399920400303,0.436829810252023,0.116161250861741,0.0154882029752334,0.000205671963376641,0.00411373152502398,0.00373045580441961,0.0602708560502079,0.0610229246350419
0,0.219626279111164,0.000278573948801315,0.00272404893971651,0.000399841116237438,0.0018369854314668,0.000245757124204993,0.00146751683520992,0.286759612388777,0.00944917747931028,0.146337571978531,0.008738302435357,0.929615855108905,2.9156461217472e-05,0.00221655215454831,0.00676049538895262,0.000191884172973239,0.00742588544383773,0.000338436234843415,0.00330437366348204,0.00082063501631321,0.222214925555825,0.000539221120306284,0.0322543086093661,0,0.101547232737548,0.95408673660449,0.00256220501192361,0.00196528532794011,0.000113663311871516,0.115229067291825,0.000512700067506176,0.00032794507966752,0.0071051990915949,0.000439166861907924,0.00547525759748746,0.0151668552269741,0.0185355091085702,0.00141305403476471,0.0430297243121251,0,0.0294139312726765,0.0179399800197317,0.0112057627983949,0.014504922944668,0.0047311175435366,0.0397272282007164,0.00290328625976158,0.0173205935397459,0,0.0219418846318505,0.000295551279483628,0.00196162777338718,0.000298966938709581,0.00287989264849861,0.000729304791446835,0.00416884789569061,0.0267318426812025,0.00224060881582017,0.212383325640423,0.00351923679902167,0.314962354484568,0.00196020090462436,0.00102573507904323,0.00590211372859752,0.0001352394393264,0.0066109316755868,0.00125599820972818,0.00246240361554078,0.000355026706862125,0.0202164004333073,0.00421605435663619,0.00897905434175315,0.274180020799043,0.0559003194700917,0.28235506873139,0.00359869484218805,0.00239519315112077,0.000126630485169101,0.087057690600022,0.00322135673846373,7.00560229322254e-05,0.0186447022184036,0.000990031348240461
0.0339918936889536,0.0185465578981798,2.14745839221664,0.00084111785692478,0.000114232775946248,0.0503203734977164,0.0913202468020476,0.283444549030755,0.0109902015257882,0.0520818492703821,1.88458165371522,0.0247116024012529,0.287471018243723,0.227391618654001,0.00464777844745408,0.0342067763762905,1.14303311277133,0.456395528127326,0.362890672467386,0.0117419790100798,0.132417978499544,0.011961499360895,0.668149647283352,0.0216743048951406,0.101547232737548,0,1.81716214943216,0.0394008280387583,0.227602349100298,0.133049771066584,0.283764515988321,0.00740297958477313,0.0096208568875533,0.813407681008091,0.105362484733418,1.60721670699362,1.40768604103032,1.47696260524286,0.687361116974581,0.00762964066059808,0.00530688376491408,0.160150337893075,0.0998783354188749,0.0433204085752265,0.0679579407436696,0.038452777739046,0.00110822828493189,0.000695006412700483,0.00256885712178248,0.00058078261315274,0.0173398031425281,0.0131786191135601,0,6.64911363688469e-05,0.000480894925745842,0.0055884242674804,0.00253048658843345,0.018413908926056,6.51761151388407e-05,0.184431151231626,0.000472899970782712,0.18548092319383,0.0046738343667188,0.00084953336588718,0.00885481166107414,0.0185755665280125,0.0707861860420748,0.0332221768574466,0.000193629263946358,0.00336761519553694,0.0192920371487223,0.0190739711986632,0.00766119564129973,0.044635775102579,0.650854242353264,1.5516283153326,0.0023497538202794,0.00525770189984517,0.00262243870808674,0.182817678118672,0.00248101921086274,0.000397962386064729,0.0337039883107051,0.106704652493957
