0,0.000224232674933571,0.0114267581955088,0.000179126729136121,0.00439599325010549,0.0225966040845311,0.383983061592451,0.187180701450702,0.000931088260226741,0.00532002849262319,8.7148362684345e-05,0.00352799218326255,7.06172648290515e-05,1.30415024618978,0.000198154068359238,0.000236663077922487,0.011843373192181,0.000291567856367701,0.00259495990240502,0.00134844073871273,0.00850797733192311,0.000408254949013889,0.0457349237777548,0.00104550830313141,8.64251743155956e-05,0.000924472708422144,0.00333754072587025,0.022729089609563,1.1027457113826,0.676101782085211,0,0.00577470143507631,0.00403888662628772,0.0325418011466357,0.000532320939389491,0.00407247301641752,0.000123515664143515,0.00193127922924725,0.00174241432136648,0.000547897911467994,0.000544716310053134,4.37419914656281e-05,0.000712494409968424,0,3.26587187808574e-05,3.3260313337183e-05,4.98904471252799e-05,0.000124318522394442,0,0,0,0,0,0,0,0,0,0.000207452978216457,0,0,0,0,0,3.62887504331767e-05,0,0,0,0,0,0,0,0,0.000344454792554372,0,0,0,0.000292219314385897,3.1357187014389e-05,2.60975950967967e-05,0,0,0,0.000113774961680317,0
0.000224232674933571,0,0.0489712985317701,0.00196519852828535,0.00195216827423379,0.000851492479962256,0.00371706835361406,0.00417583104719299,0.225944654428709,0.000544942804069125,0.0195161977683964,0.00106992036312096,0.105887782561034,0.00322939851180582,0.0201547988019499,0.0352770330214597,0.0426983978526215,0.0118316589761295,0.0237713831734592,0.00101991093971184,0.0103891642394412,0.376466694275291,0.0306696649276411,0.143465087216423,0.507892256285891,0.041676343559698,1.92007901182631,0.0105965674194053,0.00208316059301988,0.0019804514805277,0.0200434256515482,0.000103141519519275,0.000301720419173848,0.207047660246626,0.025991825230798,0.179978982929077,0.0810409919134744,0.038272305783215,0.0666111326672623,0.00851377047638221,0.00152473447822573,0.000243358560446906,0.111644499284417,0.0397216535231927,0.0538777693605937,0.0867722328192006,0.00191107555574799,0.00126836557204562,0.000239030277876895,0.000157736043033886,0.108214234381781,0.0172207191702196,0.000102815650939161,0.000851607148992988,0.000181429346606487,0.00063944714509145,0.000406560488225699,0.00118227516224643,0.000960498669510749,0.00430773252243179,0.000556524180545121,0.00249206236446376,0.000993413709320354,0.000811288129855796,0.00450821616834818,0.0273926068100688,0.00816076281995349,0.0373537036788784,7.15669472137928e-05,0.000764199280315053,0.0124888474050442,0.0057527199311307,0.00660622078197076,0.00354065573620334,0.0329794169572225,0.226698794143988,0.00195838247013052,0.00138691062034217,0.00105747764584985,0.00162659753638124,0,0,0.0838620928293118,0.0258067348837898
0.0114267581955088,0.0489712985317701,0,0.00032290464313311,0.00241060506491187,0.00776694046364069,0.0093500136340926,0.102905158626333,0.000511426393932044,0.00102195141077954,0.0379218500432616,0.000130632479535645,0.00428242748478725,0.12012659471109,0.00225716990505572,0.00878858601483265,1.78991459938999,0.0870047468969568,0.373738695807996,0.000414784737860602,0.556422122995898,0.00128213346121021,3.17827853873892,0.00489385800880342,0.00137758347824267,1.71136623085012,3.41233311510072,0.0759491185218533,0.0649859961122383,0.187303763140663,0.00120958650580414,0.00228190198079487,0.00680112564620581,0.598276488497762,0.0232666372295666,0.0731130694082326,0.00787243257187527,0.0957416731320335,0.0710181372103046,0.00310409562934903,0.00530474320795393,0.000232738876327265,0.0403599095921054,0.00994881615688048,0.0162992437837088,0.020627573066537,0.000387345467169571,0.000831694837999943,0.000201121281827796,0,0.00630730556634739,0.000416189506418681,0,0.000532691086302746,0.000128975215567517,0,0,0.000220739596769696,0,0.000405498034747248,0,0.000337731210494542,4.323357314744e-05,0.000403497206424487,0.000197919149745136,0.00842217783159634,0.00061301470310846,0.00242532874555326,0,0.000197594992626018,0.000341788604024899,0.000286738342242855,0.000720476890569145,5.05012373523831e-05,0.00338032235433626,0.0133272973269689,3.87253652320862e-05,3.43754949154258e-05,0,0,0,0,0.0190736187506667,0.00978941291974377
0.000179126729136121,0.00196519852828535,0.00032290464313311,0,0.0102917889866641,0.0348392461242626,0.0302896863001802,0.037951347671847,0.0814031036615009,0.557381514244894,0.000108709362036145,0.474091271965012,0.00614841132640543,0.0128376743420767,0.0461883377759061,3.72703579720258e-05,0.000109282156913924,0,0,2.594386943378,0.000441570674332881,0.00495250110770577,0.000702701821407634,0.102045468200152,0.0037226769279874,0,0.000880965573793281,0.809795587714084,0.0110558017566274,0.000427096786915129,0,0.00358256484446458,9.49241042881069e-05,0.0244548030414999,0.00638476256606709,0.0412503206321879,0.000386706712401974,0.00074074869760521,0.000591373720411706,0.0251803040196318,0.00598810955165359,0.000192644651185316,0.0204412642576859,0.000111547344183182,0.00178874167372638,4.44534467167497e-05,0.00764422187584713,0.00466207267708839,0.00060262984836899,0.000301560992463612,0.000245177761115527,0,0.057186816020396,0.00199559159761096,0.00177009209375707,0.002992139575467,0.00659573493272815,0.0227212438055967,0.0827178627517207,0.000139772072509003,0.0333018758425599,0.00118638750557261,0.0015929655911867,0.00615912841507861,8.94599332922455e-05,0,0,0,0.0327505593746989,0,0.000168889149276209,0,0.0661582739489702,0,0,7.40309659810782e-05,0.059814894804937,0.00388069250659985,4.97402824392557e-05,0,0,0.000158969384062314,0.0124538418430849,0.000381738048261202
0.00439599325010549,0.00195216827423379,0.00241060506491187,0.0102917889866641,0,0.547225506812318,0.0225129858423874,0.158532766207379,0.044809589609559,0.0636920216930529,9.50814282808901e-05,0.130243220456022,0.0186684406378591,0.0328474811498015,0.27431261958495,0.00709968062903423,0.00133197047551646,0,0.000378942191392762,0.0232185795283628,0.0121366451900742,0.00645594904726457,0.0281649385960995,0.01559651424487,0.0106055679550287,0.000174550758347976,0.00746590623965194,0.0258891508577608,0.0167908228518286,0.0116967784261738,0,0.0286372568547174,0.000162148335915899,0.405735074557091,0.271613832606207,0.249933331606952,0.00599244228219174,0.00331685659630525,0.00369553128497155,0.966509469802195,0.528557409988211,0.0008195259247435,0.0132016536875942,0.00109075998623919,0.00102084865330986,0.00314053821678762,0.00325435462877193,0.000266491783832574,5.18056177404285e-05,0,0.000124686147877192,0,0.00184554118821702,0.000569415332629788,0.000122647916809916,3.04771276866496e-05,0.000386577398710674,0.0061976677550255,0.0014921598772952,0.000130406468298089,0.00225218752177039,0.0010225767804578,0.000322386754578209,0.00198786608784503,0.00235662059258439,0,0.000133896709280634,0,0.000110883507817412,0.000626319534535396,0.000969103710064996,0.000300772320119334,0.0106971294182766,0,0.000136922650114667,0.000333326568849921,0.00566384293106339,0.00042114980545063,0,0,0,7.73945725782394e-05,0.0034558180380593,0.0268158927872834
0.0225966040845311,0.000851492479962256,0.00776694046364069,0.0348392461242626,0.547225506812318,0,0.318844483236554,1.89178965481959,0.0337780498443331,1.36679120774209,0.000495978987230283,1.06883057636343,0.0205697383126281,0.256172456402003,0.419442012509415,0.00153022546973736,0.00569945500459723,0.000172436696745515,0.00071922397756564,0.111625868134686,0.00503314540379543,0.00319802810901775,0.0209395489489653,0.0329575171252024,0.00948295081779973,0.000530012066391903,0.00441534562277068,0.130034602576912,0.11976780095053,0.0467822717069724,0.000204263949793053,0.0333513333884394,0.000382689737265318,0.127938489754616,0.331273462980913,0.315913277163852,0.0182973541096377,0.00344738648199117,0.00218195925738214,0.186979001818612,0.0213752188764491,0.0012901958702427,0.0137776930286594,4.10772146626711e-05,0.00148865285575792,0.000940079088800348,0.00147087578912923,0.000970992526926466,0.000523987739703476,9.54928607585908e-05,9.52382008537532e-05,0,0.00233493429278004,0.000450579498415482,0.000128284803507274,0.000533128689490164,0.00113070664134319,0.0133332460793837,0.00392823590462231,7.23019236133575e-05,0.00714724348234125,0.00130076928085007,0.000336875793459481,0.00149128861551763,0.000358642332870322,4.93796446595549e-05,0,0,0.000257153768922043,0,0.00021713859131282,8.44528939859394e-05,0.0285274129793731,0,0,0.000209529872743499,0.0118108171450436,0.000825145770048487,0,0,0,0.00015380867935431,0.00571811092246354,0.0249120684217842
0.383983061592451,0.00371706835361406,0.0093500136340926,0.0302896863001802,0.0225129858423874,0.318844483236554,0,1.76244319954237,0.180167228062704,2.32344042757425,0.000264734468037682,0.0148918249321799,0.0147814025372581,2.93059073253326,0.0210305360957824,0.00433040496240096,0.00264580626913787,0.000147282210467362,0.000680152988734406,0.0470142996154031,0.0293334012362006,0.0112058806842698,0.0414260975791217,1.0915100653325,0.00554494306807301,0.000621902757076443,0.0144134239032263,6.64287118584536,0.248383931351509,1.11142265167857,4.67499802636027e-05,0.0149855969440759,0.00508658304831844,0.252985348951707,0.0662904157998211,0.126482783451973,0.00210079560152178,0.00844809216765979,0.00998668609592534,0.0247774304554082,0.0302093850055851,0.000258732619147146,0.0425865297925455,0.000183547236115694,0.00256130554805408,0.00117506557788897,0.00671159803698666,0.00938555976832906,0.000509106023485923,0.000525349213789684,0.000827754025165649,0,0.0138365003843443,0.000173790865089798,0.00111326936149949,0.00374982050489459,0.012145515561996,0.0428477298579581,0.0133236890432267,0.000114002926912111,0.00206013256957226,0.000779829948338271,0.00487914867194409,0.0027280015973473,9.04520246737181e-05,0.000309551071676588,0,0,0.000803741259551419,6.52809065640449e-05,0.000591255920185286,2.63543783115327e-05,0.0774741370133703,9.67893427999017e-05,0,0.000648744025448799,0.0569575963906543,0.00887774521148003,0.000400940967823738,0.000127927252306295,0,0.00036195918317678,0.0202678173733758,0.00437935439884896
0.187180701450702,0.00417583104719299,0.102905158626333,0.037951347671847,0.158532766207379,1.89178965481959,1.76244319954237,0,0.0940832201938765,1.36777466994065,0.00159893697469869,0.302780464985901,0.0181979335259758,1.84652592934715,0.0633914803469504,0.00567050272916844,0.0645884350853968,0.00165826174988845,0.00935576344060684,0.183078225550609,0.0702394039263604,0.0124135639996858,0.250908321752117,0.108035371129548,0.0179992533183553,0.00594404924674716,0.0425029106706468,0.677306003263757,0.325129091535308,0.69093196035249,0,0.0479387353878428,0.00404895944370605,0.269755140869738,0.0344553125575501,0.195797580782409,0.00669833680205412,0.0273239741055308,0.023758691893935,0.0714853002120602,0.0144568698988856,0.000386193317576212,0.0598649189610966,0.00119590286719674,0.00527971160594809,0.00120505084815942,0.00615809671527295,0.00787211744339938,0.00170577416772122,0.000695477934452998,0.000415423618470919,0,0.00481141111642007,0.000342250753406918,0.00131585500642158,0.00383151091550151,0.00704119840975353,0.0446209628990672,0.0116192732698771,0.000466923330862767,0.00409567735924453,0.00211230161880078,0.0019741760038023,0.0025413815359761,0.00154895875113199,3.15991413805783e-05,0,0,0.000739335623427594,0.000128926251309085,0.00243115387007965,0,0.116972743073538,7.68288294688941e-05,0,0.000214898835713303,0.0538091079044262,0.00627726627065311,0.000290164476655644,0,0,0.00115514645537268,0.0340949563177593,0.00597016367044773
0.000931088260226741,0.225944654428709,0.000511426393932044,0.0814031036615009,0.044809589609559,0.0337780498443331,0.180167228062704,0.0940832201938765,0,0.043107641248154,0.00459456368626512,0.0450919208550802,0.067664608116487,0.0358540128835596,0.226701919159651,0.00247971248708752,0.00142180549104464,0.00188877383928053,0.00101007870611807,0.0686394581506549,0.000902210302932448,0.680287050032237,0.00218779716295281,1.82033452220673,0.187828082496527,0.00601381153384664,0.189693490593972,0.311904273557192,0.0376688086268179,0.00166880476375875,0.012633201262275,0.00722749249958238,0.00770850718116186,0.108373211703087,0.115740176343927,0.429565212648718,0.00921971374085027,0.00490026724947632,0.00847875108316399,0.293755913565187,0.035195381846325,0.000690228222332972,0.158823288724879,0.00550023337125705,0.0106084229625518,0.00721653075206856,0.0341711514055769,0.0292854062847531,0.00169656357199704,0.00061843295295167,0.00194878473643779,0.000243874392045343,0.0346986878596549,0.00792531009273842,0.0051709897328575,0.00694084541390417,0.0181375905481841,0.298181735894155,0.0286664252707383,0.000979506027197938,0.0159837933769096,0.0028962469627232,0.0114565775021117,0.0253960450131335,0.00725750894223867,0.00077794559546129,0.000164181121425462,0.000206802529228074,0.00351555373320368,0.000713299819394499,0.0108477826371811,0.000766555984986591,0.330587771633468,0.000849316914446303,0.000391024485960817,0.00518275054732431,0.1573474372084,0.0275992983368654,0.000728428608344883,0,0.00160922796449713,0.0034117049455638,0.0623950780217468,0.0397996316856661
0.00532002849262319,0.000544942804069125,0.00102195141077954,0.557381514244894,0.0636920216930529,1.36679120774209,2.32344042757425,1.36777466994065,0.043107641248154,0,0.000142492840170282,0.802660720591002,0.0332368930345197,0.259767028694362,0.023791482971801,0.00212611323487859,0.000407288886483067,3.91509744642377e-05,0,1.18165771558123,0.00188494203141053,0.00169156906891372,0.00403681147067826,0.0954379483906858,0.00541645434902181,0,0.001963257720076,1.00167784235495,0.179607348022897,0.007535708615666,0,0.0538901607454751,0.000315377559880453,0.371632721085256,0.156595337064985,0.387793153051917,0.00539556401128732,0.00118129488635237,0.00190315590498542,0.0637463317845631,0.0963419392445547,0.000349739877919042,0.0490624214697466,0.000383703722992069,0.000969382252630089,0.000797206704697677,0.00326898721758825,0.00184437879502623,0.000547530276833045,3.76052597714066e-05,0,0,0.0224684166352403,0.000677790808760512,0.000487858878166527,0.0023546691929941,0.00298515774812883,0.0196450096675696,0.0642805583877222,0.000118770684293998,0.0114041188864958,0.000828660278083597,0.000733755400275099,0.00311168626317542,5.48397497915268e-05,0,0,0,0.000629485410186321,0,0.000188432423059988,0,0.0462895653237481,0,0,0.000116514303727108,0.0290152184933621,0.00162578922113235,2.97430550666213e-05,0,0,6.00803005615175e-05,0.00821394041621521,0.018539876614524
8.7148362684345e-05,0.0195161977683964,0.0379218500432616,0.000108709362036145,9.50814282808901e-05,0.000495978987230283,0.000264734468037682,0.00159893697469869,0.00459456368626512,0.000142492840170282,0,0.000135896148757374,1.76057011485136,0.00165343337063613,0.000448591233772302,0.00159986629115519,0.0585254734600287,1.74899289611588,0.187066236326358,0.00013621037345379,0.00592870396026887,0.00761617518980194,0.0247989139585248,0.0023577200575509,0.33169346489483,0.633808299354705,0.306494332491028,0.0014075557066312,0.00406688205773696,0.00355804714751953,0.318055771093942,0.000132963107307494,0.000854392938443807,0.969332510286122,0.00512538738100153,0.0652614030428325,0.28416471834789,0.103039829435371,0.0709923325633323,0.00321255423260466,0.0021016060972818,0.149888704376755,0.00802822423047853,0.00818882729787122,0.00380222040000917,0.00559495450267761,0.000260697294000399,0.000256500480464279,0.00305605021954687,3.52300882526815e-05,0.00458955840646884,0.000345649751553118,6.12548684634805e-05,0.000224495029548741,3.92591259860873e-05,4.06976043768525e-05,6.78071145156384e-05,0.000867044559206661,0.0001293803742136,0.12182985027176,4.25053739503741e-05,0.300269250832916,0,0.000328039902443075,9.29151899985552e-05,0.000605940450012374,0.00208320181909504,0.00160925278754572,0,0,0.000875008627873383,9.0053682126975e-05,0.000624198874198294,0.0351714260028051,0.0435238830021821,0.0653315421099006,0.000404652085660851,0.000251771592466611,0,0.0568005335352443,0,0,0.00672517918241851,0.00369809188001847
0.00352799218326255,0.00106992036312096,0.000130632479535645,0.474091271965012,0.130243220456022,1.06883057636343,0.0148918249321799,0.302780464985901,0.0450919208550802,0.802660720591002,0.000135896148757374,0,0.0138252410233732,0.139300896588822,0.252140365900383,0.000352231810889733,4.49945200768232e-05,0,0,0.859770425384,0.000363915360214341,0.002547666288454,0.000645686893924534,0.204837599861351,0.00275016660972371,0,0.000760637487449813,0.196647717850472,0.195647467474535,0.00335801748493665,5.78064896338463e-05,0.0522091874551403,8.14763384114385e-05,0.275649570457725,0.524071966643426,0.203625301211543,0.00271820005793702,0.000303160181160361,0.000853171062831219,0.203056817931877,0.0430645938284226,0.000351927321843767,0.0161396779898102,0.000187211657151389,0.000506637854196918,0.000526747287515044,0.00416911324474609,0.00276953339252438,0.000149272570963848,0.000496352801886821,3.49092785499215e-05,0,0.0170773715902768,0.0012134246355548,0.0124680023752651,0.000556504709244222,0.0170124253887399,0.00811551919764394,0.0396581011647777,0.000160075504964697,0.192664477339806,0.000289096705750251,0.0096080726217342,0.00481986652311577,0,4.97124414534331e-05,6.12022479020119e-05,0,0.0241346904479209,0,0.000207324453902221,0.000137194355987978,0.0155286398685644,0,0.000201357257520747,0.000394579986690044,0.0182397831861359,0.00529741478230754,0.000220007555937588,0,0.000607664971194363,0,0.00623160435858165,0.0264139179437189
7.06172648290515e-05,0.105887782561034,0.00428242748478725,0.00614841132640543,0.0186684406378591,0.0205697383126281,0.0147814025372581,0.0181979335259758,0.067664608116487,0.0332368930345197,1.76057011485136,0.0138252410233732,0,0.00798539495109448,0.0174746097275786,0.0183685410827658,0.00408318304645811,0.0212015841936155,0.00328055550184523,0.0176472940827976,0.00904776006965004,0.0870385127525338,0.0332923887772435,0.0465015356643659,1.40445236839199,0.0382982667611666,0.366333148134617,0.0307129802573717,0.0121897415857486,0.00943180204185784,0.170686823261644,0.00853126699611446,0.000814618866334423,0.297804458011634,0.0413497988930006,0.567847042288344,0.465317953626021,0.0964827080394578,0.129522200732583,0.158943188639375,0.0912202431325615,0.172680495634216,0.0401303063914642,0.0216467191891082,0.0132800451473055,0.0218535388992997,0.018474477189286,0.00772414135218879,0.00468132925141075,4.72198769810915e-05,0.0436908983922504,0.001167060880328,0.0014704674592466,0.00129360414642946,0.00294337708638814,0.000437041436954945,0.0074543352005834,0.00930730298092079,0.00222541506648553,0.285011332479888,0.00204946840805917,0.598781264483744,0.00312762280451453,0.00211234047674475,0.00373169756298131,0.00144421455364054,0.0104058185052871,0.0021798776952342,0.000184844134582007,9.91049586792472e-05,0.00527142117677062,0.00229409425732434,0.0226446443645263,0.151211534085529,0.199913723298021,0.323730067084212,0.0089386978057294,0.00389033664879976,3.58646032646298e-05,0.193558441036573,0.00168277560291039,9.91877265803934e-05,0.0403032747073495,0.0155974292953382
1.30415024618978,0.00322939851180582,0.12012659471109,0.0128376743420767,0.0328474811498015,0.256172456402003,2.93059073253326,1.84652592934715,0.0358540128835596,0.259767028694362,0.00165343337063613,0.139300896588822,0.00798539495109448,0,0.00870930152026506,0.00360224130560739,0.113679244105645,0.00240333546730513,0.0208090157845045,0.068856630289349,0.0789414253789043,0.00449790284032286,0.367511117572172,0.0531343288677534,0.00650256292061802,0.0103119969822888,0.0430020889665067,0.519914695824438,1.4923414629499,1.62441076926841,0,0.0323844878367558,0.00805694797552733,0.21918885632589,0.0135015438616847,0.0781523928155587,0.00278291232243306,0.0256968375275774,0.0179856649564154,0.00648828301403344,0.00703804331996775,0.000154542115896588,0.0156834358572769,8.07166922626018e-05,0.00128328642992527,0.000172543624160904,0.00187336694478249,0.00219385757446926,0.000593129603887635,0.000157159594141119,0.00022986748179397,0,0.000913166277697488,0,0.000257541060189897,0.00145550771367833,0.00100512767597447,0.0139126953463193,0.00326538248718684,3.79335399556517e-05,0.00205811523297265,0.000355846686502433,0.000374604772641259,0.0002387815783409,8.52339608538152e-05,0,0,0,0.000247801572680962,2.70858928922653e-05,0.000481595990289259,4.22847007322073e-05,0.0348228662596124,4.61658641170979e-05,0,0.000269298909344602,0.0132464476075107,0.0013768193246364,0.000172504413857317,0,0,9.68649353779436e-05,0.00881067159986007,0.000551702759251213
0.000198154068359238,0.0201547988019499,0.00225716990505572,0.0461883377759061,0.27431261958495,0.419442012509415,0.0210305360957824,0.0633914803469504,0.226701919159651,0.023791482971801,0.000448591233772302,0.252140365900383,0.0174746097275786,0.00870930152026506,0,0.00655823161242431,0.00486151296101101,0.000240571967890727,0.000721459989916241,0.0351909420716809,0.0143346457791727,0.0489053025662771,0.0251766001938083,0.109356929569442,0.0215276466378729,0.000362270856698048,0.0207530538219588,0.0628388743458542,0.0108688779544025,0.0116231903236058,0.000469502623849869,0.00344184566820257,0.000653879575341046,0.0381481865499285,0.461124450281983,0.0227394693139031,0.00414204393792436,0.00317644102590211,0.00531319381889795,0.451862381908458,0.00195395657479447,0.000621528956148202,0.0187098902371474,0.00418012507537454,0.00187668194863304,0.0122127986216634,0.014449798631694,0.00463568610592096,0.00140179198191206,3.50265616771638e-05,0.000900778652081266,0.000286137436389416,0.0138426072386887,0.0048739800803296,0.00168310259492279,0.00162539794637038,0.00531588675243755,0.0267291826661522,0.00816732875998164,0.000344353653904116,0.0126103028225085,0.00188649144587933,0.00244427925436358,0.0151154790738077,0.00327612558640629,0.000122365965051126,5.3713059324503e-05,0,0.00108553672397091,0.000610257107003081,0.00150479285960716,0.00304409944892589,0.0607087847738855,0,0.000613946252701235,0.00482128397662005,0.0418037194630141,0.0032786572307634,0.000116693288684124,5.81194444628119e-05,0.000195587043893337,0.0001095582421139,0.0103870020784631,0.0746933992943284
0.000236663077922487,0.0352770330214597,0.00878858601483265,3.72703579720258e-05,0.00709968062903423,0.00153022546973736,0.00433040496240096,0.00567050272916844,0.00247971248708752,0.00212611323487859,0.00159986629115519,0.000352231810889733,0.0183685410827658,0.00360224130560739,0.00655823161242431,0,0.0131803308375823,0.00152644829591235,0.00290045832367779,0.0002404463677037,1.07331409903255,0.277684187878071,0.822601703955523,0.237136686707354,0.00700554443516994,0.00306827741628719,2.02134418991363,0.256361181548959,0.00180933132057701,0.00586133717858366,0.00158803307365129,7.81701023664232e-05,0.000483240690577805,0.331789696269313,0.225194280138121,0.813993917414734,0.112828499169194,0.153498516153897,0.30625979048758,0.00452846476769857,0.0144912920608578,0.00047378298780005,0.389007878363507,0.113719177153718,0.0425023222529673,0.0797485102955496,0.0122423360405729,0.00335260191211131,0.000401610549481702,0,0.00223613517309594,0.00170602743420394,0,0.0108036832317974,0.000230540962288213,0,0,0.00256605174514591,3.5194843138808e-05,0.000290326459117126,0,5.77306041854739e-05,0.000223407059742719,0.00416834158862565,0.163631673410822,0.00155909228423079,0,0.000186800352804458,0,0.0189302794580392,0.0567796443895835,0.0248410115105396,0.0197318390990398,0.000174337214691925,0.000601267735916984,0.0176004373055375,0.00821317006657099,0.000193949935352898,0,0,0,0,0.0563297964217651,0.117576438725089
0.011843373192181,0.0426983978526215,1.78991459938999,0.000109282156913924,0.00133197047551646,0.00569945500459723,0.00264580626913787,0.0645884350853968,0.00142180549104464,0.000407288886483067,0.0585254734600287,4.49945200768232e-05,0.00408318304645811,0.113679244105645,0.00486151296101101,0.0131803308375823,0,0.0854068928537792,1.08899271847707,0.00018363728916632,0.217593154117724,0.00203727320282639,1.00094901816802,0.00660718242856613,0.00233425779892466,0.85981657558413,1.96015698779928,0.0279320094238428,0.242365528395676,0.275044211057873,0.000729886821162236,0.00247193008725983,0.03280050717636,0.657018862990081,0.0320375918578797,0.0700335960076561,0.00788349035340103,0.0234532885823022,0.0263928519890362,0.00356155617796424,0.00700638518123186,0,0.0611509710090286,0.0172332017727688,0.023097125385342,0.0346815355884041,0.000570955340927267,5.41285462258458e-05,0.000252169532316649,0,0.0103127969667496,0.00353200108616071,0,0.000385025986774689,7.3140331288737e-05,0.000133521519506371,0,0.000656792534580821,4.64696987809182e-05,0.000395007790161627,0,0,0,0.000387353392972898,0.000674363910139203,0.0106449173651585,0.00107714629101571,0.00508248647880525,0,0.000133821402708775,0.00245613828106538,0.0014822771670423,0.000748843473385352,0.000238376355629432,0.00669453566548712,0.037925993716849,0.000245964095073259,0.000202805714095205,5.79414937041521e-05,0,0,0,0.0303506330896482,0.00270711273311666
0.000291567856367701,0.0118316589761295,0.0870047468969568,0,0,0.000172436696745515,0.000147282210467362,0.00165826174988845,0.00188877383928053,3.91509744642377e-05,1.74899289611588,0,0.0212015841936155,0.00240333546730513,0.000240571967890727,0.00152644829591235,0.0854068928537792,0,0.414979389707752,0,0.00812413748600458,0.00321039084294391,0.0435457451248592,0.00099687469301446,0.0155254969214571,1.17418202279232,0.431944325280012,0.00115361893982526,0.00513627253834775,0.0050996164621663,0.0896647401321101,0,0.000971798565566144,0.306369441329343,0.00658629741512273,0.0615055268352273,0.0431747283272331,0.0379149198091507,0.0609406654051485,0.000269051049522758,0.000870905489370187,0.000437862643074489,0.00604729124138235,0.00570995205612999,0.00248174526573293,0.00562877439969499,0,0,0.000165158086511957,0,0.00276372418138198,0.000184237952486515,0,0,0,0,0,0,0,0.00140637358587797,9.96521045225858e-05,0.0052249601611374,0,0.00023117239072144,0.000100162648438722,0.000843327581186305,0.00132353308263416,0.0013561089282636,0,0,0.000274542844139743,0,7.98101762189623e-05,0.00414674645157591,0.0135105642335529,0.0343675615889916,0,0,0,0.0020962517252034,0,0,0.00249315768577269,0.00448950786558948
0.00259495990240502,0.0237713831734592,0.373738695807996,0,0.000378942191392762,0.00071922397756564,0.000680152988734406,0.00935576344060684,0.00101007870611807,0,0.187066236326358,0,0.00328055550184523,0.0208090157845045,0.000721459989916241,0.00290045832367779,1.08899271847707,0.414979389707752,0,0,0.0356898435821977,0.00165481216068064,0.195332394774365,0.00160863093459948,0.00466348575813015,1.38069464748675,0.850759773776804,0.00589765288223946,0.035361892057953,0.0277203804819409,0.00634191485415659,0.000422562943693632,0.00592280090706594,0.204546238691354,0.00673056350277629,0.0507781972828197,0.0155597015722955,0.0160883114281687,0.0250306279946188,0.000697178314425141,0.000953728484459528,0,0.0149220884384168,0.00727301630498847,0.00728491923249525,0.0115286339866595,0.000197273761922157,0,0.000115737238657737,8.8453493552613e-05,0.00434470693951064,0.0002343599181844,0,0.000149449624807119,0,0,0,0.000124943828007316,0,0.000633073266222954,0,0.000669603035210091,0,0.00022017076708163,0,0.00243070049994341,0.000449718164484519,0.00278988654429483,0,5.09797279836416e-05,0.000299237979320365,0.000246946299793017,0,0.00196215078005192,0.00493878546386254,0.0254654372242493,3.7970093833816e-05,4.54993964944482e-05,4.12569317955137e-05,0.00108206085880312,0,0,0.0101509685436211,0.00259305968190504
0.00134844073871273,0.00101991093971184,0.000414784737860602,2.594386943378,0.0232185795283628,0.111625868134686,0.0470142996154031,0.183078225550609,0.0686394581506549,1.18165771558123,0.00013621037345379,0.859770425384,0.0176472940827976,0.068856630289349,0.0351909420716809,0.0002404463677037,0.00018363728916632,0,0,0,0.000754702156733161,0.00296290201230331,0.00100677989250549,0.229311087970467,0.00460627841255166,0,0.00107491925697119,0.599606588937871,0.061783381511981,0.0026658153577589,0,0.0189893897835053,0.000106810230647707,0.141344465065722,0.0248839247613388,0.176165270553548,0.00259694328435066,0.000653119489886713,0.00100204523175904,0.0431528554507236,0.0468369707966354,0.000156875841687405,0.036713289217405,0.000145783204016197,0.00181802720127089,0.000592494235433239,0.00484474712072142,0.00293040073420576,0.000281440720655197,0.000309058090828103,3.44951415977597e-05,0,0.0145891223105744,0.00113641066169974,0.00125016944687038,0.00159534584903938,0.00559130531547521,0.0247772792061868,0.0475565893689228,0.000267033346835232,0.0269789919381685,0.000669455243231356,0.00106641761337202,0.00678802762241732,3.74866930484176e-05,0,0,0,0.000897710263353663,0,0.000326033138920015,0,0.0678480993182714,4.75561882189393e-05,0,0,0.0475058409856199,0.00310111670564334,2.88464050922513e-05,0,3.93423881059169e-05,6.50668366566181e-05,0.011928621917818,0.00130114358514919
0.00850797733192311,0.0103891642394412,0.556422122995898,0.000441570674332881,0.0121366451900742,0.00503314540379543,0.0293334012362006,0.0702394039263604,0.000902210302932448,0.00188494203141053,0.00592870396026887,0.000363915360214341,0.00904776006965004,0.0789414253789043,0.0143346457791727,1.07331409903255,0.217593154117724,0.00812413748600458,0.0356898435821977,0.000754702156733161,0,0.0208671681288305,6.08289844773162,0.283793935600564,0.000647104551065218,0.0274552259795035,0.254011674229866,1.90108978904524,0.0304173459262054,3.12638053031637,0.000805876618318251,0.0011006622844835,0.00193316146339043,1.96218511614777,0.214642916919077,0.313002807628487,0.0279295517120838,0.31597098760117,0.290418560395307,0.00346573590876825,0.0132880878997051,0.000455783483867061,0.0346539975906669,0.00811902173689232,0.0040918715070076,0.00914091165176655,0.000457266043818712,0.000496963129927933,0,0,0.0011051800472934,0,0.00019007155423615,0.000746743952337206,0,0,0,0.000732894791655815,4.43649495397567e-05,0,0.000316811327177382,0,0,0.00114376797397056,0.0128367645907311,0.00109930241203192,0.000113595990451598,0.000179199042939287,0,0.00138526129132957,0.00744979915168222,0.00183131588593279,0.00410175069595238,5.64376365881324e-05,0.000132453368784768,0.0022897136058783,0.000908588256817035,7.3622096118772e-05,0,0,0,0,0.00667763232257722,0.0308535160601979
0.000408254949013889,0.376466694275291,0.00128213346121021,0.00495250110770577,0.00645594904726457,0.00319802810901775,0.0112058806842698,0.0124135639996858,0.680287050032237,0.00169156906891372,0.00761617518980194,0.002547666288454,0.0870385127525338,0.00449790284032286,0.0489053025662771,0.277684187878071,0.00203727320282639,0.00321039084294391,0.00165481216068064,0.00296290201230331,0.0208671681288305,0,0.0482451653655725,1.10264393037161,0.229675236851296,0.00658216618394827,0.548542792936475,0.0330441178844334,0.00694639664289392,0.000207505079390698,0.0189015663569965,0.000668045470709109,0.0015804206415777,0.0661846310798052,0.0835777685188204,0.305623502676606,0.0399445574591637,0.0201638197824393,0.0360839099086483,0.024187313764201,0.00464679793346298,0.00100301610376983,0.363412025939763,0.0793023714252209,0.0407373515872613,0.0699407354128058,0.0115098568822536,0.00660047089079865,0.000419159705791783,3.9821244825089e-05,0.00659884980089248,0.00784598076841781,0.000407712079534989,0.0100173191313021,0.000113866234261304,0.000510065256189108,0.000938192614901522,0.0336906563194373,0.000466315206213284,0.000622133845495749,0.000401809621224922,0.00148874263195457,0.00051310059861837,0.00503968430365509,0.144397592797447,0.00514493602712544,0.00131894114126079,0.00118792711574948,0,0.0123107489871124,0.161813766885855,0.0270815931325199,0.0891983520240653,0.00128780952389041,0.00327437642979577,0.0655978165267465,0.0169431682594881,0.00251176096934924,0.000109051944817561,0.000564806519179701,8.14938785985944e-05,0.000433829557781589,0.0703089145760683,0.0950912334308422
0.0457349237777548,0.0306696649276411,3.17827853873892,0.000702701821407634,0.0281649385960995,0.0209395489489653,0.0414260975791217,0.250908321752117,0.00218779716295281,0.00403681147067826,0.0247989139585248,0.000645686893924534,0.0332923887772435,0.367511117572172,0.0251766001938083,0.822601703955523,1.00094901816802,0.0435457451248592,0.195332394774365,0.00100677989250549,6.08289844773162,0.0482451653655725,0,0.252974569376403,0.00284104414295539,0.162568755347362,2.27692948861693,0.699787659770411,0.398440045502554,1.26590433152179,0.00155166413166065,0.0052545107363313,0.0249338868587329,3.48733965150606,0.500880806328713,1.00026017920356,0.102931376158694,0.751457495846926,0.909076519474151,0.0125029985035964,0.0408825503799725,0.000985412972372995,0.128499292194106,0.0323514216895837,0.0168860526944376,0.0403105586510263,0.00354605855315294,0.00102374507224009,0.000386162330522382,0,0.00423491110862891,0.00113651577240386,0,0.00501614878626126,8.0990072988117e-05,5.35972840218544e-05,0,0.00101583300636148,0.000137698632936645,0.00017710545022729,0.000440421689111924,0,0,0.00409800200605509,0.0416557323983184,0.00437473989273182,0.000241826569474733,0.00137478211632723,0,0.00269211136792873,0.0146988750323162,0.00574420323903023,0.00435684772806312,0.000154829028146607,0.00100268886693614,0.0147715649747972,0.0016992912129589,0.000103656888931722,3.46384375593066e-05,0,0,0,0.0216950848068561,0.116115015103946
0.00104550830313141,0.143465087216423,0.00489385800880342,0.102045468200152,0.01559651424487,0.0329575171252024,1.0915100653325,0.108035371129548,1.82033452220673,0.0954379483906858,0.0023577200575509,0.204837599861351,0.0465015356643659,0.0531343288677534,0.109356929569442,0.237136686707354,0.00660718242856613,0.00099687469301446,0.00160863093459948,0.229311087970467,0.283793935600564,1.10264393037161,0.252974569376403,0,0.0954650121512753,0.00212723279578349,0.280395558270823,2.4523738257065,0.0491713671209384,0.00894183821767788,0.00385012780610819,0.00312105377333154,0.0143506945813704,0.240362569926323,0.257623580158004,0.640029803862564,0.0387783057726956,0.0332824980199206,0.0584928581524102,0.0602261524161696,0.0204035042434013,0.0017493995190015,0.5112848796769,0.0530096184379513,0.038502501259187,0.0422386364117252,0.0563519100468387,0.0762909999932296,0.00369683428795382,0.00144075550106018,0.00551710115787835,0.000611324532413006,0.0716295766188168,0.0191917530391721,0.00887787446110591,0.0124037905689631,0.0469039526689122,0.232449839238931,0.0412138733839926,0.00109812182427183,0.0249106092937471,0.00788358418630935,0.0286193348584598,0.0338173307388218,0.0979053715810823,0.00156134818888339,8.45575836889561e-05,0.000539353195337748,0.00562309264205968,0.0100868253376181,0.0654369925481784,0.00994329523310582,0.718105088477814,0.00202417202839379,0.000219667041552884,0.0136977195154536,0.279861960204002,0.0600342648279253,0.00217069889653335,0,0.00337965139069642,0.0059828516528926,0.189763348631365,0.0777564372603975
8.64251743155956e-05,0.507892256285891,0.00137758347824267,0.0037226769279874,0.0106055679550287,0.00948295081779973,0.00554494306807301,0.0179992533183553,0.187828082496527,0.00541645434902181,0.33169346489483,0.00275016660972371,1.40445236839199,0.00650256292061802,0.0215276466378729,0.00700554443516994,0.00233425779892466,0.0155254969214571,0.00466348575813015,0.00460627841255166,0.000647104551065218,0.229675236851296,0.00284104414295539,0.0954650121512753,0,0.0322119134657862,0.962382504142241,0.0175785936908925,0.00783783257583497,0,0.0612479157744521,0.00371417076091445,0.000728667469268203,0.244183658588917,0.00782806776419458,0.114610589295521,0.0641803510399493,0.106611234735022,0.0227894661988011,0.0918452557080769,0.0464169225359882,0.107132257212963,0.0346303156701404,0.0134820867627076,0.0181059960767125,0.010084699732806,0.0336967124797578,0.0157103400378572,0.0131297058648032,0.00020430124957534,0.105380914137805,0.000383522726839578,0.00222937976884423,0.000963021129637327,0.00666325146267439,0.000462449924179691,0.0146315524557465,0.00755724717611675,0.00298476362474529,0.0976487779953095,0.00244498969600879,0.336264497262272,0.0059970861645759,0.00482666033685376,0.000982324247461794,0.000693335981527627,0.00612136396655411,0.00208247625573095,0.000314952556981409,0,0.00394606074343566,0.000170588909186947,0.018525199443064,0.16838564181688,0.0811016373164908,0.235174114891881,0.0137483298492923,0.00604915553492972,6.23314872561336e-05,0.0549691655069524,0.00409720395957218,0.000332609972351665,0.0368495548220847,0.00409371922592469
0.000924472708422144,0.041676343559698,1.71136623085012,0,0.000174550758347976,0.000530012066391903,0.000621902757076443,0.00594404924674716,0.00601381153384664,0,0.633808299354705,0,0.0382982667611666,0.0103119969822888,0.000362270856698048,0.00306827741628719,0.85981657558413,1.17418202279232,1.38069464748675,0,0.0274552259795035,0.00658216618394827,0.162568755347362,0.00212723279578349,0.0322119134657862,0,3.59901472343621,0.00509521862746883,0.00981182394777417,0.015436679839685,0.207712337003812,0.000127512204710447,0.0017180574033689,0.818765078428066,0.0176879204853634,0.191557465853068,0.185131536055897,0.0999484875515844,0.182095385620272,0.000571788373974466,0.00176208605082301,0.00165037131751748,0.0211186733374269,0.0190775269313396,0.00957253482286195,0.0187245603682792,0.00016578873243227,0.000354721542756844,0.000195233091794157,0,0.00976632727405863,0.000463638035046404,0,0,7.46384110798716e-05,0,0,0.000131101543403131,0,0.0063371642319771,0,0.0140703886577415,0,0.000357518591699052,5.89446844135523e-05,0.00276794404244031,0.00466016615758824,0.00815806241135626,0,0,0.000687491607641137,0.000165493265165323,0.000100357940324235,0.0194130672795636,0.0455951716181403,0.0933414072478181,0,7.80376929442049e-05,5.58490175602913e-05,0.00789625104090556,0,0,0.017135145662826,0.0129342128917754
0.00333754072587025,1.92007901182631,3.41233311510072,0.000880965573793281,0.00746590623965194,0.00441534562277068,0.0144134239032263,0.0425029106706468,0.189693490593972,0.001963257720076,0.306494332491028,0.000760637487449813,0.366333148134617,0.0430020889665067,0.0207530538219588,2.02134418991363,1.96015698779928,0.431944325280012,0.850759773776804,0.00107491925697119,0.254011674229866,0.548542792936475,2.27692948861693,0.280395558270823,0.962382504142241,3.59901472343621,0,0.153614733342962,0.0342017625420324,0.0704580100497159,0.157777960042782,0.00062383748822642,0.0062631689595676,3.7987340845061,0.387188417065461,2.30079053694799,0.755412442770416,1.13226112920246,1.37869342176183,0.0116131869553527,0.0358625552224065,0.00478283565070457,0.854947187973709,0.349453834622159,0.372129351141535,0.603981613941014,0.0163622398921317,0.00804635699270007,0.00292444482019617,0.000306315650762343,0.246059468760961,0.0430373540619162,0.000128303874399519,0.0113410408819186,0.000677073043068981,0.000546776643678188,0.0010192791177341,0.0200655480535796,0.000123032569956744,0.0573808791981808,0.000673069006852019,0.112427348968399,0.00187999090059276,0.0105932027522972,0.0559708012853965,0.0983430598839398,0.0559790957804378,0.111143684747187,2.8765042053473e-05,0.00485271751355685,0.181162317709908,0.0514350000358294,0.0193022036137111,0.169431473718846,0.400555874639239,1.34457653149037,0.00636782408558164,0.00465601275521452,0.00172556882721107,0.0654313487607239,0,0.000159748972850239,0.534871977006709,0.308031302721011
