0,0.650043666362762,306.629442662001,19.5964561402798,0.381433457136154,23.481697499752,20918.8715465665,1531.09192752838,54.7442624568939,49.9134918451309,28.4959656596184,18.6157554388046,1.17121648788452,10774.6776197851,17.6287553310394,10.8378872275352,1730.24912935495,34.2711029648781,182.239365816116,7.09176295995712,221.124153733253,8.49705937504768,924.685481160879,273.550457656384,0,171.878347367048,203.997285544872,587.133890837431,5573.68844595551,10327.2864638269,0,1.44628238677979,50.9398690760136,398.707144916058,124.747202515602,293.030138015747,31.2436785697937,353.45845285058,103.26250872016,20.0359396338463,17.2049790322781,0,44.2278552055359,0,3.10885366797447,1.79566234350204,23.6076835989952,1.67381155490875,0.659295976161957,0,0,4.62289297580719,2.49594813585281,0.581731736660004,0.962738156318665,10.1388753652573,1.13118958473206,20.7169751226902,1.1014184653759,0,0.435972929000854,0,1.36013704538345,1.02173215150833,11.8005591630936,0,0,0,4.6031269133091,5.68650698661804,0,4.99336066842079,161.700492113829,0,0,19.3546330928802,109.304826050997,6.28015580773354,0,0,0.516423523426056,0,1.04420745372772,7.7305301129818
0.650043666362762,0,44.872299104929,0,1.22013700008392,0,4.68383079767227,3.17867907881737,3433.17765462399,0,221.395815312862,0,2341.19837421179,13.7293300628662,27.0945112705231,1347.57393524051,24.8523230552673,0,8.27901196479797,0,14.647267639637,4584.96522572637,28.9112196862698,3864.68347883224,4412.86514079571,255.818726867437,29422.6365736127,92.12269115448,7.56528559327126,9.99829137325287,71.7396863102913,0,0.408534526824951,31.5371950268745,8.64226454496384,99.5256367921829,196.41885393858,72.5358029007912,27.8779536485672,25.8093406558037,0,138.559500396252,219.457675874233,216.682367354631,101.396068304777,68.4371047616005,4.73680180311203,2.33779209852219,460.259138613939,1.55490985512733,916.307522594929,374.512453347445,3.50314378738403,0,0,32.8160479962826,2.69866773486137,57.9694148004055,0.326615959405899,202.134892702103,60.6047945618629,1374.73578232527,11.8552749752998,0.471147656440735,33.3469457030296,195.102631032467,1.28367602825165,24.2279659509659,0.39397269487381,8.39746603369713,182.890649139881,97.2112724781036,215.031663447618,385.83250784874,464.699916690588,8441.62291145325,22.8193737566471,3.47489929199219,9.11260998249054,183.31993418932,1.23967707157135,0,28.989184230566,1.29973840713501
306.629442662001,44.872299104929,0,5.24002361297607,0,12.4276885986328,774.476112186909,665.99536588788,12.3808955848217,57.8907589316368,43.809305280447,32.6138521134853,5.96116212010384,1047.0451772511,8.43985292315483,48.494186103344,39758.3995068669,512.200890898705,3734.09252476692,12.8820313811302,2212.18461343646,35.7829649746418,41303.9005636573,66.5283319950104,1.12601244449615,39390.2871897817,27817.8818641007,1665.78866416216,529.775233089924,2939.81398245692,5.32889428734779,0.819218158721924,56.483265042305,3927.06932687759,515.328130185604,11172.5932053626,5279.15341416001,7445.11649367213,3880.42926409841,52.0947961807251,22.6975098252296,0,904.442554801702,186.703789234161,236.988251835108,212.166441529989,17.6943468153477,3.14131927490234,1.52475756406784,7.59893643856049,130.737176328897,2053.531463027,2.1958709359169,4.96347796916962,0,163.195411264896,2.15744000673294,19.5266932845116,0.553975403308868,5.4251711666584,1.18231856822968,6.59846502542496,16.4730900526047,5.25236964225769,113.297822207212,865.213478639722,1.78141695261002,121.936788707972,2.31582117080688,80.4021621644497,66.4472469687462,818.461422920227,68.5641591846943,9.64039894938469,943.651063799858,7924.39018842578,99.2473440766335,8.61118912696838,55.628381550312,1.8090660572052,0,0.817012697458267,90.9137406349182,279.139172136784
19.5964561402798,0,5.24002361297607,0,79.3955241441727,682.430868625641,638.515309631824,734.970082581043,2230.69203683734,6639.96192604303,56.2412870526314,5687.7169111371,4.54708313941956,469.355467498302,1185.99375703931,3.25832414627075,7.65750283002853,30.8333711028099,33.8386072218418,25480.3232212365,2.24425733089447,0,13.0638733506203,4248.51489844918,0.609924077987671,36.2114225029945,18.9444316625595,11032.9137095213,132.283497333527,15.1527526974678,0,19.198985427618,1.48292285203934,493.172241538763,448.00162768364,2602.76306521893,25.4091939628124,360.506396740675,49.6618164479733,1050.7837305963,126.273220211267,10.2358365952969,444.402111947536,3.44946455955505,75.3074508309364,23.0184326171875,2376.21581214666,12.1779161989689,8.645656645298,0.483458697795868,0,0.499109774827957,1805.12115046382,72.5609818100929,50.1911923885345,379.849362313747,162.996256202459,337.671512722969,444.333253800869,8.5236043035984,617.820365548134,0,80.4410462677479,601.041418552399,10.3956699967384,0,8.412567704916,6.98076692223549,806.410440027714,5.04668036103249,0,5.36578473448753,1658.51467674971,0.667945683002472,8.51763558387756,1.5553662776947,1719.97588273883,30.3024088442326,0,0,9.27741515636444,0,44.7820895016193,29.7749745249748
0.381433457136154,1.22013700008392,0,79.3955241441727,0,2522.79128852487,38.32126095891,224.058470219374,156.23857870698,70.3797607421875,0,425.537919640541,0.87789523601532,107.618712693453,1685.96722653508,2.94047331809998,1.17704486846924,0,0,67.3431682288647,3.99271422624588,0,0,235.032646685839,1.43071007728577,1.24147152900696,5.0901999771595,109.030537635088,9.30598711967468,3.28795945644379,0,773.090117573738,0,1001.86727112532,97.090063393116,305.772079706192,5.31061315536499,25.0341014266014,23.2813925743103,10024.1784545779,6220.64665082097,3.90720283985138,25.1928349137306,2.5985826253891,3.52119779586792,4.25374096632004,205.247794181108,2.03135919570923,5.21464848518372,0,0,0,55.054794549942,3.60414165258408,0,10.2521089613438,8.43875813484192,9.23210206627846,10.5296660363674,0,9.08174210786819,0,2.52671533823013,41.6097869575024,4.56461510062218,0,0,0,31.7233136594296,0,0,0,35.6328803598881,0,1.74221253395081,0.760789811611176,65.504004150629,0,0,0,0,0,0,17.287186563015
23.481697499752,0,12.4276885986328,682.430868625641,2522.79128852487,0,9244.26075327396,10584.311642766,94.3091455996037,39036.7385704517,123.089767634869,17431.1696737409,14.8771787285805,1141.31129023433,3872.40493458509,5.20839956402779,18.6029768884182,51.3838793635368,33.9655369520187,941.819825530052,15.8019256293774,0,23.9322956204414,149.067937761545,0,53.3136426210403,22.2980026006699,3094.26841711998,105.543498069048,41.399069994688,0,232.584346264601,3.909448325634,563.953534305096,491.990871250629,2041.52474081516,30.1199664771557,431.720008254051,218.450809836388,4732.51637339592,3252.8437268436,8.91465526819229,86.0878793597221,4.0125145316124,14.5243474543095,39.9369814693928,191.339457690716,2.14325505495071,32.9634544253349,1.57381069660187,0,0,28.8771589100361,5.27107334136963,1.2599151134491,31.9252569377422,9.70892286300659,16.5569699704647,7.09965792298317,0,17.9604769945145,0,4.40582898259163,19.101829379797,8.78552782535553,0,0,0,12.9854478538036,1.38789558410645,0,1.3184814453125,145.423128187656,0,0,2.15732064843178,127.242057234049,1.40721678733826,0,0,5.26412230730057,0,12.6484265327454,40.0654482543468
20918.8715465665,4.68383079767227,774.476112186909,638.515309631824,38.32126095891,9244.26075327396,0,25842.366086632,2378.72810307145,30867.3442933857,637.776307195425,518.350514501333,46.1482594907284,30145.6158480644,788.021393299103,55.6768227815628,321.749903142452,429.724878489971,465.413154006004,211.03367164731,1480.9463557899,27.8454755544662,2388.24592813849,14827.5938352346,2.73229277133942,652.139838337898,385.029757082462,88201.5784760714,4381.06564491987,7678.74183773994,2.42879205942154,109.229234367609,56.9899639189243,2087.46215879917,2032.49223616719,4927.67231929302,122.501523584127,1977.85239589214,413.959695100784,1098.16967472434,319.46015843749,20.5836268663406,1856.31207412481,7.36172902584076,260.87140083313,81.2236693501472,1269.07444524765,75.0103877484798,23.0478135943413,21.4392431080341,6.69374078512192,16.5674521327019,1147.10753560066,11.5450030565262,10.8738527595997,1182.75127840042,270.208309054375,626.871590226889,336.705875307322,0.72864180803299,93.7874698936939,3.09274062514305,197.879230976105,118.228795081377,116.959440171719,1.01995685696602,0,0,452.386968851089,29.7508536279202,22.6815053522587,70.1171977519989,5210.88838601112,1.8922463953495,0,66.1227423250675,3952.70027217269,271.354646682739,1.03139835596085,0,2.65793246030807,3.51760110259056,180.40233501792,243.491490036249
1531.09192752838,3.17867907881737,665.99536588788,734.970082581043,224.058470219374,10584.311642766,25842.366086632,0,333.846231430769,10931.1729996502,2783.03686749935,4202.97937163711,237.304122656584,22005.5906565785,437.405216634274,58.6563056111336,2527.04510381818,1331.46704620123,907.331305742264,873.117011964321,579.116427093744,13.1964127719402,1464.12762326002,1392.2948231101,13.917949706316,1179.79252719879,609.498256653547,4349.28803578019,1971.40180778503,5363.59924265742,7.97569787502289,1017.07822647691,71.5557074844837,2347.60888877511,944.621720910072,7522.20279088616,297.163770765066,2524.55153757334,1066.07410949469,4329.74674907327,1318.0300629735,138.014156579971,592.311169743538,14.1314381062984,104.342841178179,247.868089944124,858.834595441818,45.4011254012585,228.282506287098,3.72645911574364,1.4881237745285,5.1896655857563,110.792313665152,11.0109167695045,6.1957793533802,183.075683057308,79.2423828840256,138.133364289999,20.964046806097,6.07964205741882,27.2113679051399,26.5073548257351,40.4516541659832,67.125612527132,73.2121148109436,1.06568557024002,0,0.652865767478943,61.8533775806427,24.561545342207,8.88444653153419,27.7133950591087,1464.26596730947,1.93759053945541,11.0307570695877,34.0599466264248,1000.59506693482,37.6855402588844,3.54162681102753,0.757072806358337,21.8595080375671,1.23374804854393,44.3126835525036,92.3384450376034
54.7442624568939,3433.17765462399,12.3808955848217,2230.69203683734,156.23857870698,94.3091455996037,2378.72810307145,333.846231430769,0,751.10029950738,76.5615264475346,427.974299907684,1063.60978987813,615.728648751974,2379.3717315197,860.321299135685,18.3159888088703,15.1155054867268,24.7788306772709,647.156462967396,165.306540936232,8789.50151753426,207.797545194626,38647.1827525198,2104.29783955216,156.675694227219,8071.80637341738,6288.72884646058,673.302928745747,526.484937936068,74.9653673171997,21.2385028004646,50.989924788475,350.316252976656,501.34407889843,1289.6447250843,99.605341643095,271.618021070957,95.442726790905,1211.38319715858,43.4585994780064,38.0063107907772,577.30146124959,18.5823865234852,74.151297211647,50.4857266843319,675.420932948589,17.8754081130028,61.5603567659855,12.5607967078686,47.9276895523071,12.9033918380737,1621.84855407476,73.9885989427567,35.6140734553337,627.455478698015,115.047346174717,2035.77165547013,260.73171427846,34.4812440574169,369.38927000761,143.602691709995,110.84294962883,493.563807606697,1666.6568890512,9.39728111028671,10.6042871177197,23.2331815361977,601.087704509497,63.5103681385517,843.764168858528,257.151194632053,8256.76712742448,36.9777087569237,92.194868594408,570.09214246273,2574.05380734801,195.626942753792,11.4280005395412,23.4421668052673,17.3471005558968,0.943314105272293,53.9369988143444,101.171400308609
49.9134918451309,0,57.8907589316368,6639.96192604303,70.3797607421875,39036.7385704517,30867.3442933857,10931.1729996502,751.10029950738,0,1002.87973317504,15967.4423614442,57.8398451507092,4396.24438589811,904.351330965757,8.62274450063705,101.738170385361,611.549528449774,507.590647161007,5178.1323056221,16.4605832397938,2.32022997736931,82.4705601930618,1184.01632785797,1.62642511725426,697.082157880068,160.721744030714,5508.0810791254,961.943921208382,76.0030377209187,1.9620726108551,125.684124588966,3.41669845581055,2263.99550968409,1491.46240580082,10489.7967659235,186.082460701466,2106.00358349085,278.124314159155,2305.79255464673,597.736117720604,41.5443812906742,322.647730648518,1.30572766065598,51.3821767866611,30.3891857862473,1309.40728500485,7.79858291149139,33.7461963891983,0,0,0,439.765196114779,28.5808469057083,46.2454810738564,204.59333589673,72.523934006691,127.610323250294,323.572525262833,2.73457124829292,208.268369227648,2.45291209220886,19.1729346215725,285.409033685923,29.0464307963848,0.292768180370331,2.17908671498299,2.21067774295807,276.989553362131,2.61759567260742,3.49378949403763,6.54024434089661,854.64172577858,1.00233769416809,3.39519020915031,3.69873768091202,788.937647491693,10.988592416048,0.44853088259697,1.08378684520721,0.763995945453644,1.4501511156559,14.551789700985,55.4965617656708
28.4959656596184,221.395815312862,43.809305280447,56.2412870526314,0,123.089767634869,637.776307195425,2783.03686749935,76.5615264475346,1002.87973317504,0,752.191786497831,6059.90871366858,5923.79054448009,25.5317848026752,6.03671485185623,788.055835127831,13566.3938646913,452.723560094833,158.698868900537,70.5255509614944,114.561641663313,179.818625092506,100.56285622716,1499.88808947802,3334.72952541709,238.638231605291,206.903747409582,8609.80189245939,123.04065862298,30.951424986124,1859.07384583354,22.5497743487358,12944.7397928536,79.1520972549915,1434.08362743258,8015.55575689673,11919.4024513364,601.8226608634,152.562587320805,66.8437251746655,3398.04458007216,58.5204712450504,416.737848848104,93.5521486103535,83.5205250680447,44.8482065796852,10.203210234642,1524.71383434534,0,360.868823826313,0.922211050987244,0,0.670923352241516,0.81731379032135,1.13551652431488,16.7995313405991,359.725958198309,0.420314937829971,815.266879528761,0.939431577920914,5956.23645949364,4.50097858905792,1.52091231942177,2.97746795415878,0,9.58388113975525,5.7132294178009,0,0,104.609601318836,0.949865102767944,134.295063644648,739.801234722137,1337.01181328297,1449.50230711699,10.8875765502453,6.79295480251312,0,1062.85341650248,6.10647743940353,0,15.5812408924103,43.2253003716469
18.6157554388046,0,32.6138521134853,5687.7169111371,425.537919640541,17431.1696737409,518.350514501333,4202.97937163711,427.974299907684,15967.4423614442,752.191786497831,0,47.5339154303074,1909.84566095471,4629.41803556681,1.81016302108765,54.1312890946865,459.894909113646,351.756473362446,20825.9843362868,11.5851644277573,0,28.4224241375923,1326.36867395043,2.94316592812538,488.669001847506,143.872321158648,2064.99881485105,374.314340263605,38.8730703294277,7.23045191168785,46.2290089130402,4.47074913978577,991.054277509451,736.842341065407,4100.93521088362,67.4182598292828,1243.38855066895,235.674687236547,3245.47822234035,272.88499251008,37.652840256691,196.746087968349,3.74770173430443,43.2082230746746,44.4147333800793,675.489741832018,14.5838375389576,37.442385584116,0.704293131828308,1.88556078076363,1.21008440852165,349.612421780825,30.9477775096893,250.624846696854,37.3711731135845,127.679868996143,50.9019998908043,251.930510908365,23.2864719629288,1746.60390278697,2.67585891485214,69.7664688825607,162.717902064323,12.057169765234,0,16.312411993742,24.3607813715935,361.876008033752,1.271564245224,0,4.51055732369423,215.917412638664,1.07294622063637,37.2376289069653,7.49546626210213,219.110443025827,30.6377218067646,0,0.520469307899475,10.9166340231895,0,36.3327823877335,85.5758965015411
1.17121648788452,2341.19837421179,5.96116212010384,4.54708313941956,0.87789523601532,14.8771787285805,46.1482594907284,237.304122656584,1063.60978987813,57.8398451507092,6059.90871366858,47.5339154303074,0,333.137221872807,3.24144440889359,95.51510861516,1.49529731273651,91.9720699489117,2.33577024936676,10.3508676588535,2.3278397321701,1523.90317758918,4.93019881844521,524.42134013772,7547.60858634114,1128.74161741138,7343.11606144905,20.5300834774971,341.591574877501,2.08437716960907,2646.00760048628,177.74846431613,0,2459.17876312137,15.274564743042,242.462268233299,4118.65069022775,2340.17281919718,99.5700763761997,15.7556228041649,12.7012609541416,3196.19952458143,269.066943883896,1777.80399602652,548.213952630758,129.528756380081,13.3905316591263,7.02443981170654,4388.54932883382,0,740.492247760296,3.47071135044098,0,0,0.469674199819565,1.12217634916306,20.2640595436096,900.918539881706,0.378928601741791,3525.18506127596,10.4760754704475,23769.0404473841,31.970803886652,2.74615913629532,4.70858100056648,2.01246917247772,81.4083387851715,24.8093926906586,0,0,278.340994387865,2.80991411209106,231.312698364258,2368.6918644309,10257.2402567863,13723.620754838,0,14.8170856535435,0,5809.65090143681,10.3016332685947,0,91.4509939849377,2.70371562242508
10774.6776197851,13.7293300628662,1047.0451772511,469.355467498302,107.618712693453,1141.31129023433,30145.6158480644,22005.5906565785,615.728648751974,4396.24438589811,5923.79054448009,1909.84566095471,333.137221872807,0,239.721484214067,49.4554430246353,5493.77722537518,3299.73867958784,2930.36450713873,544.396506249905,627.816715478897,23.1604217290878,2299.28896185756,2412.57404217124,18.9967778623104,3473.45883640647,1686.91361287236,4103.89381080866,30586.5220725238,12266.4011358023,7.29097434878349,68.0815133452415,236.762054473162,3984.98598733544,654.674672961235,3134.99538615346,427.067725807428,2913.00114348531,810.539004057646,613.939908325672,762.014210134745,148.895141661167,587.540974080563,18.3840455710888,95.4497148692608,146.903119891882,424.544172108173,28.6026149690151,160.465685755014,6.0940962433815,5.79825732111931,9.76320222020149,61.1368745267391,5.33370167016983,1.71458780765533,208.700040876865,50.4069958627224,249.935723930597,10.0078465640545,5.9517177939415,15.3727400898933,32.0706101059914,22.9225089251995,29.1947392225266,75.6641751527786,1.56416273117065,1.0611025094986,0,23.8336440622807,32.1330381035805,9.87886667251587,26.9045181572437,2045.87660852075,4.03951686620712,29.0121408700943,114.186047852039,1312.59516364336,34.9147428870201,1.09506928920746,4.90212628245354,28.3653655052185,1.86180785298347,46.7815155088902,71.0124050974846
17.6287553310394,27.0945112705231,8.43985292315483,1185.99375703931,1685.96722653508,3872.40493458509,788.021393299103,437.405216634274,2379.3717315197,904.351330965757,25.5317848026752,4629.41803556681,3.24144440889359,239.721484214067,0,32.9523304700851,7.71426427364349,14.7996175885201,14.9263757169247,712.680522590876,132.370451658964,27.2735415101051,108.425684273243,3714.36026585102,6.05608344078064,14.4296620488167,58.3587112426758,1919.99096855521,96.3600563406944,266.520433276892,0,29.9121682345867,3.63070636987686,135.451598405838,1126.59659203887,497.273998737335,16.6263816356659,68.0260844826698,36.5831359922886,5378.11003991961,57.7027355134487,3.55150943994522,234.220444053411,26.072833776474,43.246453255415,35.9420512318611,1303.18904078007,11.6071949601173,3.15072524547577,4.05804347991943,0,6.47530233860016,505.316904455423,53.198483645916,10.3582936525345,124.448818206787,53.6999844312668,94.1915723979473,173.774520874023,1.71137022972107,86.0298879444599,0,25.9755285978317,320.429723083973,22.4254337847233,0,3.59927931427956,4.21270075440407,264.964552909136,30.0461768507957,1.5898106098175,24.0223886966705,764.587318748236,0,7.98027557134628,16.9245445728302,748.837895065546,20.448875784874,3.86304759979248,1.08249247074127,6.00155946612358,0,18.0413472652435,700.138861566782
10.8378872275352,1347.57393524051,48.494186103344,3.25832414627075,2.94047331809998,5.20839956402779,55.6768227815628,58.6563056111336,860.321299135685,8.62274450063705,6.03671485185623,1.81016302108765,95.51510861516,49.4554430246353,32.9523304700851,0,110.657691925764,4.24818232655525,32.2230858802795,5.48522028326988,23985.3297160566,18335.5823413432,11717.9430022836,7938.7884208262,244.60159984231,51.4411206543446,23508.1710402668,5454.56236809492,40.3872745037079,640.493370592594,6.07752895355225,9.39265507459641,8.14081859588623,1111.79766738415,1650.02267771959,8556.58585444093,1026.28647881746,2226.74421656132,1693.69186383486,70.5226861536503,130.013704806566,61.8144747018814,1794.15762239695,108.976791083813,338.537460416555,410.865404784679,92.8738677203655,12.7466941475868,84.5631594061852,2.77701127529144,42.4202049672604,298.591783106327,1.07396978139877,5.51209163665771,0,109.249404221773,20.6163313686848,289.491675913334,4.25759479403496,10.4155099093914,4.0426372885704,20.075354039669,9.60487321019173,16.8157036304474,11834.0852155685,47.4008769989014,0,20.8768889904022,4.88361403346062,605.263305038214,2456.40988764167,6103.68994930387,5149.69516968727,3.38639026880264,61.2758904397488,5250.56508734822,1918.90496975183,44.7697747349739,15.6722346842289,2.89981311559677,4.64340972900391,2.057821393013,83.987838357687,359.897309988737
1730.24912935495,24.8523230552673,39758.3995068669,7.65750283002853,1.17704486846924,18.6029768884182,321.749903142452,2527.04510381818,18.3159888088703,101.738170385361,788.055835127831,54.1312890946865,1.49529731273651,5493.77722537518,7.71426427364349,110.657691925764,0,681.949235349894,6195.13964563608,16.3081588745117,3132.26482385397,35.0909889340401,28095.4292542636,106.465123921633,1.07812142372131,17516.4548740387,23685.9500378966,979.307781934738,4807.11570850015,18300.2595762908,1.10865467786789,0,770.220347702503,9386.16398525238,201.189728051424,3527.63018468022,2773.26637455821,3469.21212133765,1455.78869363666,44.1848148107529,21.4186595678329,2.04462558031082,242.528099030256,35.5196434557438,91.7266873419285,50.9591643810272,5.13650956749916,0.951280415058136,0.487633436918259,0.48420712351799,29.1164788603783,657.494165182114,0,3.34770727157593,0,41.661411434412,0,7.54446852207184,0,0,0,0,1.82559877634048,1.77376532554626,79.5929615199566,263.100363403559,0.547486901283264,38.2028390467167,0,18.0824349522591,25.3443889915943,279.137067675591,57.7569596469402,3.86343604326248,280.708327323198,2677.88695970178,48.7141559422016,3.48396265506744,8.34947434067726,0,0,0,30.2744195759296,103.840047895908
34.2711029648781,0,512.200890898705,30.8333711028099,0,51.3838793635368,429.724878489971,1331.46704620123,15.1155054867268,611.549528449774,13566.3938646913,459.894909113646,91.9720699489117,3299.73867958784,14.7996175885201,4.24818232655525,681.949235349894,0,8855.845895648,94.8577281236649,87.9286657571793,12.6386115550995,328.602050274611,47.3089218139648,3.97534710168839,10583.3765861988,1351.49813330173,140.484232723713,3663.80703869462,168.628146439791,28.6877438127995,364.859811574221,17.9740286767483,3606.883371979,179.884364902973,3528.79284957051,5574.05691692233,11668.8853219151,2268.7080899775,77.5072282254696,29.8047721982002,136.859945118427,18.5501574277878,21.3990693390369,16.1385776996613,13.8841706514359,4.06488543748856,1.42365539073944,25.1056424081326,0,4.88439011573792,6.76484322547913,0,0,0,0,3.29817694425583,13.3412612080574,0.797764301300049,26.6959270238876,0.890136510133743,57.6042845249176,0,0,2.11951565742493,5.02089676260948,0.529539048671722,5.27752801775932,0,0,2.20425748825073,1.47791129350662,3.72796946763992,10.3144589662552,334.376793861389,372.370253354311,0,0,0.919661819934845,36.5072392523289,4.21072661876678,0,3.26508772373199,99.3544784784317
182.239365816116,8.27901196479797,3734.09252476692,33.8386072218418,0,33.9655369520187,465.413154006004,907.331305742264,24.7788306772709,507.590647161007,452.723560094833,351.756473362446,2.33577024936676,2930.36450713873,14.9263757169247,32.2230858802795,6195.13964563608,8855.845895648,0,78.2912332415581,682.282879531384,12.8326757252216,2520.31920430064,66.0834800302982,1.66204589605331,21041.1276309192,5066.78772476315,247.86161416769,2922.47837212682,1161.46070489287,3.82776260375977,47.8351227045059,159.970472604036,5876.07915186882,164.64590471983,3374.06519040465,3844.26912075281,6151.24980026484,1827.27174413204,60.7329771220684,14.8393997550011,0.569382429122925,59.3349024951458,15.9143848419189,19.4436471760273,14.6246998906136,6.42557954788208,1.26441192626953,1.87463653087616,0,12.5792350769043,110.929360449314,0,0,0,7.01152670383453,0,6.50844991207123,0,1.62068796157837,0.46523705124855,0.852012276649475,0.845432460308075,1.62581264972687,11.3649316430092,56.858635276556,0,10.8773750662804,0,3.43308871984482,2.77684247493744,21.0728398859501,9.78962501883507,3.4301609992981,270.132945358753,875.182906210423,3.42379012703896,0,6.36746963858604,0,0,0,2.31801968812943,123.573277175426
7.09176295995712,0,12.8820313811302,25480.3232212365,67.3431682288647,941.819825530052,211.03367164731,873.117011964321,647.156462967396,5178.1323056221,158.698868900537,20825.9843362868,10.3508676588535,544.396506249905,712.680522590876,5.48522028326988,16.3081588745117,94.8577281236649,78.2912332415581,0,6.45589429140091,1.63060879707336,17.8154489398003,1561.50753557682,0.497614055871964,101.191760987043,32.0704817175865,2854.71629464626,143.715357095003,9.46721115708351,0,21.8035633265972,1.83052110671997,406.6445068717,342.234910935163,2566.2777056694,37.9619519710541,338.248514086008,66.4743178784847,803.326108038425,122.821334213018,8.1350225508213,177.678607910872,1.06270223855972,28.6247953772545,12.9947718679905,911.45859181881,5.1549060344696,12.2248836755753,0.718826174736023,0,0,577.431002646685,29.0717316567898,1.94953480362892,122.575380206108,47.4043163359165,87.1437830924988,122.837427139282,0,399.932195544243,0,12.23995038867,179.577372163534,7.54357680678368,0,0,0,247.134568572044,2.10950407385826,0,3.8011120557785,558.107722312212,0.594794034957886,0.715962111949921,1.54830497503281,708.037967771292,4.57888522744179,0,0,0.530437588691711,0,14.7915516197681,19.2901155650616
221.124153733253,14.647267639637,2212.18461343646,2.24425733089447,3.99271422624588,15.8019256293774,1480.9463557899,579.116427093744,165.306540936232,16.4605832397938,70.5255509614944,11.5851644277573,2.3278397321701,627.816715478897,132.370451658964,23985.3297160566,3132.26482385397,87.9286657571793,682.282879531384,6.45589429140091,0,520.133646577597,74729.5546191335,647.153694361448,2.7973535656929,617.342083752155,2499.93093240261,28658.9568826854,1037.21134266257,35334.6989965439,0,24.3695532083511,805.670918822289,17728.9714944959,4367.25587642193,11075.8280304968,810.192824333906,15044.2229451239,6205.44129341841,163.063857406378,231.77567255497,51.1827099919319,764.964684844017,30.8142867982388,71.1711409389973,114.307815819979,106.980565041304,11.8669123649597,85.3855580985546,3.48015895485878,7.40312141180038,67.8421327769756,4.44646117091179,17.1506394147873,0.76174521446228,28.0734199881554,16.4227412939072,81.389102190733,5.65632262825966,1.40915343165398,7.21155834197998,0,16.3471938967705,20.7568853497505,3729.20199248195,5.18537694215775,0.356028884649277,2.97586193680763,5.03202059864998,318.43142080307,380.071594357491,1558.01835739613,2628.94531688094,1.19359278678894,23.3227957934141,978.913733720779,1396.30553498864,47.9093897342682,3.21104779839516,0,4.57605054974556,0,29.5220573842525,565.083305388689
8.49705937504768,4584.96522572637,35.7829649746418,0,0,0,27.8454755544662,13.1964127719402,8789.50151753426,2.32022997736931,114.561641663313,0,1523.90317758918,23.1604217290878,27.2735415101051,18335.5823413432,35.0909889340401,12.6386115550995,12.8326757252216,1.63060879707336,520.133646577597,0,843.813362658024,18672.9204826057,1890.20982176065,303.511815667152,22511.1492094696,967.540972650051,24.6365095674992,126.161383152008,131.364732891321,0,1.95410150289536,77.8486545681953,102.491945266724,741.80508852005,157.642278045416,202.584596097469,144.54835036397,22.5847096443176,7.91338175535202,44.7640305757523,886.046231538057,134.727239876986,208.351589024067,189.006963342428,24.5834971666336,4.18566551804543,125.571371883154,1.46012634038925,408.780550420284,235.072095990181,11.0565820336342,0,0,58.2067439854145,3.5917187333107,111.367273211479,1.88832956552505,74.2978873848915,98.5163469314575,429.21995061636,6.82717531919479,4.95291763544083,3618.94962388277,123.868176043034,0,27.0207233726978,2.74606555700302,119.03142786026,2379.39791458845,1733.84925928712,1590.73450824618,99.1027839183807,192.941451817751,7722.45681101084,325.872625559568,8.89081725478172,20.8788210451603,81.2657009363174,0,0.537104070186615,47.6709232628345,72.1011821627617
924.685481160879,28.9112196862698,41303.9005636573,13.0638733506203,0,23.9322956204414,2388.24592813849,1464.12762326002,207.797545194626,82.4705601930618,179.818625092506,28.4224241375923,4.93019881844521,2299.28896185756,108.425684273243,11717.9430022836,28095.4292542636,328.602050274611,2520.31920430064,17.8154489398003,74729.5546191335,843.813362658024,0,2124.52497962117,0,7233.37108424306,44985.8369353414,17176.8714365661,1301.62661504745,26887.4598027468,2.01004028320312,18.2402891218662,233.149922579527,19141.1002004147,7172.53928792477,35619.637313664,8272.25535306334,25262.8052189648,16180.4511380196,230.166785925627,342.630386352539,102.080291867256,3025.86318281293,249.826772153378,764.073928654194,798.336418837309,113.956334859133,28.3131013810635,97.2870831787586,2.98265016078949,23.8133540451527,2227.07548299432,2.04210460186005,12.6995997428894,1.27186048030853,202.526469230652,19.5611878633499,53.3422107994556,5.03482148051262,11.8037201464176,3.78789255023003,0,10.4154999256134,24.982160538435,7892.19814965129,357.339525550604,0.329680472612381,66.1788862943649,2.98506841063499,477.532809346914,1115.00407868624,9809.2411967814,1701.94769254327,0,126.358092263341,12523.644838348,1087.23064059019,19.4206608235836,33.672553062439,1.5427058339119,10.1064905524254,3.16097512841225,211.849325060844,1490.17541629076
273.550457656384,3864.68347883224,66.5283319950104,4248.51489844918,235.032646685839,149.067937761545,14827.5938352346,1392.2948231101,38647.1827525198,1184.01632785797,100.56285622716,1326.36867395043,524.42134013772,2412.57404217124,3714.36026585102,7938.7884208262,106.465123921633,47.3089218139648,66.0834800302982,1561.50753557682,647.153694361448,18672.9204826057,2124.52497962117,0,1210.01588314772,280.26485183835,10309.8073148429,13223.8921021819,2213.1575705409,2835.15208092332,42.5624571442604,22.6379978358746,181.383824020624,1524.47051560879,1977.45621073246,4576.43637597561,260.270131438971,1161.45550593734,513.441561460495,2146.66791290045,179.568552732468,57.20897975564,4646.24182060361,42.9610876441002,672.214601695538,265.168167084455,3051.94266933203,171.922340959311,93.7377758622169,70.3214957714081,68.5724051892757,72.0926267802715,3435.81841108203,104.868590652943,56.5283629000187,2596.99660903215,722.038554370403,3813.74953877926,872.597265392542,35.047150015831,813.749024838209,52.7283055186272,626.366255313158,666.975651681423,2416.26256623864,18.6017962098122,4.18455603718758,18.3434033989906,1282.82753756642,373.190585911274,712.333012908697,732.718221694231,25518.7869222462,26.4747815430164,61.8067586421967,997.363593637943,12700.746345371,962.514926761389,27.3257316946983,5.2681627869606,64.8473990261555,23.0040939748287,422.521235227585,348.213179737329
0,4412.86514079571,1.12601244449615,0.609924077987671,1.43071007728577,0,2.73229277133942,13.917949706316,2104.29783955216,1.62642511725426,1499.88808947802,2.94316592812538,7547.60858634114,18.9967778623104,6.05608344078064,244.60159984231,1.07812142372131,3.97534710168839,1.66204589605331,0.497614055871964,2.7973535656929,1890.20982176065,0,1210.01588314772,0,188.692557305098,3759.65360942483,22.6408750116825,20.7491141557693,1.42335677146912,112.465587198734,7.87030100822449,0,223.576811850071,0.526099741458893,23.6456007361412,41.2492825984955,41.9868876636028,1.86654743552208,10.2871617078781,0,1087.53775966167,89.7483225762844,147.026275396347,80.0314024090767,18.1111410558224,0.713484644889832,0,560.960443049669,0,211.952070683241,3.6854031085968,0.992426216602325,1.4678510427475,0,2.63083565235138,3.40920343995094,170.832769870758,0.381131321191788,207.962548136711,26.5837587714195,3187.90461429954,8.25676456093788,3.12469375133514,4.67685475945473,8.16677993535995,2.4050704240799,12.5695647001266,0,1.98700356483459,45.8706564903259,1.36078205704689,106.699734896421,1172.79008585215,869.485337466002,3055.30424535275,2.55601912736893,4.26356941461563,1.73792231082916,307.394307911396,2.21122449636459,0,7.66049867868423,1.55156111717224
171.878347367048,255.818726867437,39390.2871897817,36.2114225029945,1.24147152900696,53.3136426210403,652.139838337898,1179.79252719879,156.675694227219,697.082157880068,3334.72952541709,488.669001847506,1128.74161741138,3473.45883640647,14.4296620488167,51.4411206543446,17516.4548740387,10583.3765861988,21041.1276309192,101.191760987043,617.342083752155,303.511815667152,7233.37108424306,280.26485183835,188.692557305098,0,28339.6434203088,361.52054554224,2618.08792427182,1324.32189247012,1299.74351361394,119.459054082632,66.9041001796722,4877.38538572192,603.083972066641,15204.0480904281,27430.0737353861,17230.5039087832,7084.22151872516,124.633466780186,50.0126765370369,178.29115408659,742.857137620449,1177.75499737263,735.563488632441,278.923232108355,9.34455364942551,4.8771516084671,524.767566233873,2.06021246314049,264.891975134611,683.386497735977,0,1.22322833538055,0.610980689525604,35.4356671869755,30.0719884932041,85.550468236208,0,696.744349300861,1.17466676235199,2633.28429609537,35.9223910868168,1.35176652669907,21.7349564135075,399.836472541094,29.3787026405334,274.614846289158,0.563204646110535,21.8791262507439,40.7607578635216,132.29923415184,39.0056009888649,426.671564221382,13786.324859947,21338.8545295596,14.1244287788868,17.454233199358,35.9996022284031,1275.90312021971,2.85364162921906,0,82.7889546453953,430.053877562284
203.997285544872,29422.6365736127,27817.8818641007,18.9444316625595,5.0901999771595,22.2980026006699,385.029757082462,609.498256653547,8071.80637341738,160.721744030714,238.638231605291,143.872321158648,7343.11606144905,1686.91361287236,58.3587112426758,23508.1710402668,23685.9500378966,1351.49813330173,5066.78772476315,32.0704817175865,2499.93093240261,22511.1492094696,44985.8369353414,10309.8073148429,3759.65360942483,28339.6434203088,0,3607.75841996074,1208.89003363252,2058.02981850505,490.860796779394,10.4661211967468,90.1748167574406,8024.13489431143,2480.21340426803,44068.8295157254,25541.9138275385,21760.1936270595,12759.0073965192,195.393239319324,85.7631859183311,43.160207927227,12334.5317086279,4036.36573931575,4229.86554262042,3009.4480741322,85.1124716997147,30.8730512559414,175.828923046589,63.4153986871243,5592.95276534557,18448.2416241467,7.38200774788857,17.3552477359772,0.471028357744217,1483.62250259519,61.1838552951813,374.151974260807,3.85528090596199,265.506358921528,114.487823694944,1809.87806844711,193.460498839617,17.9417994618416,3693.71229586005,8050.95350167155,76.0563944578171,1810.003908813,2.62883925437927,850.429262921214,4560.48966547847,12453.6163885295,1462.49100577831,1681.86075562239,28671.054887414,184936.284591883,804.303896635771,102.400211542845,704.358281344175,527.814482927322,2.01817387342453,9.74723690748215,1235.1032858789,1426.97512117028
587.133890837431,92.12269115448,1665.78866416216,11032.9137095213,109.030537635088,3094.26841711998,88201.5784760714,4349.28803578019,6288.72884646058,5508.0810791254,206.903747409582,2064.99881485105,20.5300834774971,4103.89381080866,1919.99096855521,5454.56236809492,979.307781934738,140.484232723713,247.86161416769,2854.71629464626,28658.9568826854,967.540972650051,17176.8714365661,13223.8921021819,22.6408750116825,361.52054554224,3607.75841996074,0,2349.55109190941,15599.4108589888,0.885662138462067,35.1364536881447,350.637443453074,4534.86694064736,3787.34486651421,10446.1728278399,471.467526614666,4585.86359679699,1863.36361393332,1773.42142957449,403.503384947777,56.6687752604485,3498.11493998766,48.7732846736908,451.819154053926,180.194836944342,3636.10500875115,95.4456716775894,91.9894747436047,19.8636749386787,17.6845310032368,81.436817586422,3236.48129355907,111.082627892494,30.627423286438,1454.76680204272,424.902346163988,1689.36866870522,719.471768558025,1.69617539644241,301.441021859646,0.546311795711517,236.624679118395,894.323224663734,1586.29759144783,8.8094602227211,0,3.16397905349731,1274.89396125078,362.29636824131,303.33198338747,685.65002605319,13324.2924104929,0,9.68277168273926,746.155799180269,9390.06539666653,524.504157274961,25.0767756998539,0,14.9375249743462,10.8925008773804,259.315792679787,403.905415445566
5573.68844595551,7.56528559327126,529.775233089924,132.283497333527,9.30598711967468,105.543498069048,4381.06564491987,1971.40180778503,673.302928745747,961.943921208382,8609.80189245939,374.314340263605,341.591574877501,30586.5220725238,96.3600563406944,40.3872745037079,4807.11570850015,3663.80703869462,2922.47837212682,143.715357095003,1037.21134266257,24.6365095674992,1301.62661504745,2213.1575705409,20.7491141557693,2618.08792427182,1208.89003363252,2349.55109190941,0,25059.4733372033,10.3260312378407,718.322965562344,3397.3677905798,10835.7804127634,398.736635416746,1202.43943452835,283.396796792746,2848.62298110127,478.233034849167,195.143505841494,699.393130660057,124.873419284821,630.736630469561,10.0924941897392,88.6342211067677,84.5538908541203,272.049669533968,18.0268902480602,103.843704640865,7.7715747654438,1.99235594272614,8.83175364136696,39.0812084674835,2.06339824199677,0,183.341452211142,39.9301600754261,282.311826944351,7.07023179531097,8.89378011226654,10.3070673644543,29.2638404071331,19.5879181921482,14.0396300554276,91.796730607748,3.41381931304932,0,0.358446270227432,19.1115489602089,39.9589005410671,15.6054183244705,24.3533068299294,2233.40649104118,4.94184279441833,30.057830452919,88.158391803503,1628.77617016435,54.2052063643932,4.05793383717537,7.61576735973358,11.807477414608,2.97143226861954,41.5808276832104,65.191786646843
10327.2864638269,9.99829137325287,2939.81398245692,15.1527526974678,3.28795945644379,41.399069994688,7678.74183773994,5363.59924265742,526.484937936068,76.0030377209187,123.04065862298,38.8730703294277,2.08437716960907,12266.4011358023,266.520433276892,640.493370592594,18300.2595762908,168.628146439791,1161.46070489287,9.46721115708351,35334.6989965439,126.161383152008,26887.4598027468,2835.15208092332,1.42335677146912,1324.32189247012,2058.02981850505,15599.4108589888,25059.4733372033,0,0.868273258209229,17.3745521903038,2881.99667242169,12599.9615832567,2645.11466765404,4542.14186906815,339.124889075756,5548.24828076363,1452.26289719343,175.897382646799,175.04624375701,15.9774361848831,854.962511986494,10.8975015878677,86.0739908218384,41.3249717056751,235.703727096319,24.6621843278408,27.7760933041573,6.83411610126495,1.12646317481995,34.756529301405,70.4784086048603,9.17552781105042,0.777644157409668,123.775556474924,53.1524470448494,255.612065404654,26.5072377324104,0.762495756149292,8.42603141069412,0,59.9896920025349,28.2403488755226,641.585214972496,13.7523635029793,0,0,24.7907762825489,112.407857686281,67.6490907669067,216.113867163658,2405.16299933195,0,5.27041959762573,265.037784725428,1657.40578818321,114.588172733784,2.27498781681061,0,3.35198053717613,2.94550931453705,55.8301828205585,322.825308382511
0,71.7396863102913,5.32889428734779,0,0,0,2.42879205942154,7.97569787502289,74.9653673171997,1.9620726108551,30.951424986124,7.23045191168785,2646.00760048628,7.29097434878349,0,6.07752895355225,1.10865467786789,28.6877438127995,3.82776260375977,0,0,131.364732891321,2.01004028320312,42.5624571442604,112.465587198734,1299.74351361394,490.860796779394,0.885662138462067,10.3260312378407,0.868273258209229,0,1.60502594709396,0,12.7448643445969,5.16203913092613,73.9228448569775,360.896726608276,122.046801507473,58.8319291770458,0.902492046356201,0,6.22585248947144,35.9995381236076,82.4367314875126,55.6371103823185,16.8010653853416,0,0,66.8276123702526,0,13.4506965875626,0.856021821498871,0,0.520043730735779,0,0,2.05833822488785,5.78310495615005,0,78.8140803277493,0,447.64544403553,2.96574810147285,0,0,0,8.90408092737198,4.06750476360321,0,0,1.89680027961731,0,0.780590057373047,75.7076841592789,1199.54846259952,1643.52026566863,0,1.17915797233582,0,157.143168061972,0.672625422477722,0,9.56497311592102,3.33884012699127
