0,0,170.435703128576,1.96021521091461,4.65821063518524,20.1041143834591,17341.2144887149,2070.78250870109,1.59872782230377,67.677478402853,16.1324022114277,18.6328665614128,11.7242360711098,15436.2131329477,0.491624295711517,0.445409953594208,512.070171266794,20.9398006498814,88.1124405264854,6.68886098265648,48.0478942394257,0.952076375484467,603.402542203665,9.43554782867432,0,142.730469197035,86.2543891966343,110.617578983307,4932.17991349101,4533.43524816632,2.95112735033035,15.7734654247761,14.2224398255348,216.985225319862,10.3436381220818,75.5102141201496,5.36382609605789,172.649675786495,59.9169790148735,23.1799090206623,8.00814524292946,1.17309296131134,2.22307801246643,0,0,0,0,0,0,0,0,0,0,0,0,0,0,0,0.413881570100784,0,0.606420755386353,0,0,1.34315645694733,0,0,0,0,0,0.549285650253296,0,0,3.45756241679192,0,0,6.01842999458313,0.773720979690552,0,0,0,0,0,0,2.60374197363853
0,0,9.24834012985229,5.17586597800255,1.10794067382812,0.538464903831482,48.9899839758873,10.1013570129871,1508.32897081971,9.19612009823322,556.682996094227,8.98128521442413,915.967875182629,7.846489995718,2.5770371556282,159.926387250423,14.0899749994278,7.13462519645691,3.98271888494492,6.04101663827896,99.3776009976864,3421.93304353952,62.0063555836678,2989.42542484403,1582.46718880534,174.975806891918,14047.6381395459,501.541775405407,10.906146645546,0,69.9847119748592,2.42918699979782,0,43.1597879230976,2.01615470647812,115.369287520647,309.874154955149,59.3155245780945,25.918455183506,9.87944370508194,4.1976113319397,738.057369887829,159.732516974211,446.04593411088,57.3042070865631,66.4058505296707,5.89093327522278,0,298.549432516098,0.617871582508087,1382.79598110914,143.998512476683,1.41787466406822,0,0,1.44056129455566,0,48.9263719916344,1.52337765693665,203.218584120274,3.03283905982971,633.816089510918,4.19080990552902,0,18.4485718905926,59.4821980595589,11.2309650480747,57.5118664801121,0,5.2838286459446,99.7408848106861,26.0522017776966,113.557804495096,131.680376201868,320.576780974865,7337.65822449327,27.2976103723049,22.9940341711044,9.18139290809631,77.4121016860008,6.35740482807159,0,47.6628160476685,12.453412592411
170.435703128576,9.24834012985229,0,12.8921485543251,9.50863820314407,64.3098744452,2759.38126349449,842.770258784294,8.56442579627037,100.269493967295,317.335272192955,11.5219032466412,71.0043392181396,1095.03075870872,8.02181535959244,32.6665889918804,13921.6115374267,487.224165856838,1778.26596730947,6.7075060904026,2893.76336425543,7.71338817477226,28544.2629554272,39.3740294575691,1.27410107851028,29727.6209331751,23596.2114731371,736.502378493547,281.94347050786,528.99193751812,28.751365929842,7.98184540867805,21.1006625294685,2012.41470429301,533.569392800331,4324.53130981326,2284.10349044204,3286.21896010637,2531.36860379577,48.1921343207359,57.3302632272243,6.78663375973701,242.071381628513,253.678628325462,94.8915771842003,143.515062183142,46.0301229655743,3.12459349632263,4.46567338705063,0.935384750366211,40.9646725952625,1568.27692309022,0.383614331483841,8.69796645641327,0,3.43721279501915,2.67804619669914,4.00416201353073,0,9.84653681516647,6.88438007235527,4.33810532093048,3.90038335323334,6.78962939977646,54.3088369369507,183.074306637049,6.23509708046913,68.474284440279,0,14.7742055356503,28.1229069232941,114.61660143733,37.2870090901852,3.4692610502243,594.853807806969,5063.05432868004,24.3363973200321,0,8.20997124910355,2.52473539113998,0,0,46.8585380017757,314.41736716032
1.96021521091461,5.17586597800255,12.8921485543251,0,16.4896948635578,125.198917806149,73.5104835033417,404.05005928874,2458.17399740219,5694.14782309532,39.7921057343483,6354.53123444319,139.87538164854,379.818504601717,110.18089106679,0,7.81067085266113,18.3916348814964,18.2544166445732,29698.3010435402,6.4320173561573,15.5167465806007,31.150479465723,4030.95283955336,4.95461368560791,16.7340516448021,19.5520108044147,14347.8181667328,290.039698064327,14.9161938726902,0.653070628643036,72.7714311480522,9.41053396463394,215.284266740084,38.1750118136406,1418.77169907093,32.0094754695892,265.299142628908,108.74563023448,679.50248721242,117.720507144928,15.8538080155849,148.345697999001,1.75492548942566,34.8185980618,17.5745776295662,372.867284968495,2.74171775579453,38.7034051120281,0,0,0,251.469636589289,4.98962563276291,31.724553912878,163.018679708242,14.5386947095394,399.372935384512,307.525173932314,0.480061292648315,263.616996645927,0,4.09152901172638,127.160584151745,13.2255161106586,0,0,0,431.464897185564,4.68191447854042,3.69932252168655,0.479470252990723,1190.54514375329,0,0.419318914413452,0,688.501444935799,5.26355254650116,0,0,0,1.17419612407684,17.4138472378254,1.92271575331688
4.65821063518524,1.10794067382812,9.50863820314407,16.4896948635578,0,2276.89268663526,80.0196376144886,535.308761626482,49.4884335398674,132.988250315189,5.11805272102356,372.036435842514,17.6103998422623,65.1413071453571,6148.14455598593,9.98655849695206,7.55040237307549,0.950254738330841,1.70853945612907,32.9729998409748,63.8898991644382,0,176.139110445976,51.3406113088131,0,15.8396356701851,68.7810780704021,70.9126850664616,95.0806106030941,28.8032952547073,1.39274889230728,504.756167382002,0,2061.53029620647,2293.56924307346,508.934517204762,36.9815592765808,86.7587183713913,231.283292651176,14126.1867700815,13824.5468438566,2.63894176483154,25.8558089137077,11.2744562625885,7.02710926532745,65.1670955717564,16.9609152078629,0,2.22121027112007,0,0,5.2828928232193,5.59141263365746,3.01997756958008,0,1.82845377922058,2.88107341527939,4.04615926742554,6.09261506795883,0.923856914043427,8.64721396565437,0,4.2823851108551,2.69100093841553,10.4119874835014,2.67949324846268,3.95991992950439,0,1.61659952998161,21.8889747858047,2.48680073022842,57.1293498873711,23.4998708665371,0,9.67439699172974,33.0222753882408,24.6416226923466,0.483920812606812,4.0370414853096,0,0,0,2.61346662044525,1497.22518536448
20.1041143834591,0.538464903831482,64.3098744452,125.198917806149,2276.89268663526,0,4105.80650636554,17943.5732445121,138.022601097822,34807.4444394708,89.4809977412224,9997.09515064955,100.649129033089,1814.12656193972,6249.22791978717,3.31667232513428,82.6210850477219,28.5569282770157,54.8797706663609,458.331669151783,34.1877614557743,2.38445806503296,162.592056035995,112.908776313066,10.0678770542145,75.6699333488941,77.0468073487282,957.558784216642,491.846566140652,158.98293581605,11.9751597046852,441.680477946997,12.7764264643192,233.933487862349,22582.7535985708,1164.54092690349,64.7509347498417,326.588687121868,163.128769218922,7345.78255704045,1115.48403856158,23.4476767778397,55.954794883728,1.75978803634644,12.1819958984852,53.8350278735161,109.285678952932,3.23105543851852,20.6883406341076,0,0,1.55304408073425,24.2896740138531,4.18220841884613,6.20991998910904,21.1060832440853,3.14143338799477,49.2134578824043,11.2823540866375,1.2117862701416,90.6667435765266,1.54643541574478,2.47515118122101,30.9096223711967,8.38690468668938,0,0,0.488563776016235,17.4475222229958,4.23796832561493,1.36155027151108,29.7775523364544,159.930520176888,0.820195853710175,1.97986030578613,10.0719543397427,109.371482700109,0.272021561861038,2.82997244596481,0,0.332713216543198,0,2.63184198737144,2685.79205864668
17341.2144887149,48.9899839758873,2759.38126349449,73.5104835033417,80.0196376144886,4105.80650636554,0,21812.5593656003,1178.85720866919,13327.2379834056,412.986579805613,353.237293809652,542.45013487339,30125.4571833313,243.566427797079,68.7766637802124,2595.01009042561,242.310401886702,671.718060746789,144.472702682018,2567.36544948816,148.066014766693,10037.174295485,4975.52027657628,17.8216348588467,1364.91994220018,1330.39091318846,84159.8405328095,6388.13309192657,25343.8775157332,51.7775936424732,407.09860932827,712.845864832401,4246.02226880193,1182.16431564093,9275.64508852363,690.005688339472,5824.82286718488,2833.94568634033,1402.25057512522,907.461320370436,76.703264862299,462.513080358505,18.8370970189571,94.7349243909121,88.9982056319714,325.372890710831,21.5890091955662,28.0768519043922,0,0.438696444034576,36.1942302882671,202.945127695799,17.2512993812561,11.5962974727154,222.094255924225,14.3026091754436,528.985537350178,143.507292538881,0,127.159664332867,1.49931275844574,19.5423881113529,117.058234333992,95.4199998676777,1.17998871207237,0,0.871461480855942,101.258693307638,18.8631649911404,68.6903032362461,30.5275384783745,1717.18743944168,0,0.555274069309235,211.782226920128,1243.02499434352,22.0534848868847,2.13920018076897,0,0,2.04657649993896,22.792869746685,321.530953884125
2070.78250870109,10.1013570129871,842.770258784294,404.05005928874,535.308761626482,17943.5732445121,21812.5593656003,0,145.606253683567,29918.6907188445,279.666653424501,5174.37530204654,250.262350291014,27786.7585591674,791.722412526608,1.4955005645752,2475.29955066741,92.6620434820652,563.937395855784,1232.41471844912,261.507831066847,16.2265237271786,2361.99778851867,284.528400242329,20.5572246015072,724.491159796715,411.969833955169,1557.12181964517,2845.62007859349,6024.11981484294,33.24674898386,1112.15906715393,86.3939564228058,1977.97317056358,411.381972193718,3338.64392623305,103.523361176252,1813.50031617284,708.202099561691,2839.61994096637,355.051784187555,72.5525186955929,62.9539937376976,5.85718676447868,3.15011093020439,12.2434937059879,67.2012817561626,0,13.9514607191086,0,0,5.43584591150284,16.1413326561451,2.39070847630501,2.96268278360367,9.71717590093613,1.85146123170853,53.0610671937466,4.57423973083496,0,26.6142340302467,3.91683492064476,0.505760610103607,10.6339017450809,9.51105555891991,0,0,0,1.82526206970215,4.4436057806015,8.41093567013741,4.33462589979172,212.929878741503,0,0,19.1224443614483,97.6053237020969,0,0,0,0,0,2.57946681976318,34.1411285400391
1.59872782230377,1508.32897081971,8.56442579627037,2458.17399740219,49.4884335398674,138.022601097822,1178.85720866919,145.606253683567,0,1742.06378570199,184.763555943966,2740.31791508198,655.771508485079,111.480189681053,563.833791971207,45.4843447506428,1.06031441688538,2.68555024266243,2.82691776752472,1920.34183692932,36.328314691782,6129.96627280116,34.8862286508083,33014.8647893667,312.508078694344,34.0059752166271,4022.50779783726,9571.69724646211,69.2887619435787,5.20557624101639,58.2146156430244,34.2696530520916,3.66038089990616,82.9504539370537,43.8820967972279,1205.90097555518,160.391764134169,100.372383475304,55.2947751283646,715.940912932158,53.1867070496082,169.062914341688,848.537993907928,112.571799308062,142.636629223824,96.9476243257523,388.797372639179,36.4677456617355,173.481971025467,0,12.2224095761776,4.34673923254013,350.386415779591,10.7872640490532,47.8742235302925,242.816801309586,85.8996243178844,6154.58631289005,258.233335107565,64.7788658440113,189.355432659388,138.459807485342,111.281014293432,139.507377922535,330.898687660694,3.02317616343498,0,6.62013590335846,185.73415723443,148.676492005587,630.931768119335,79.3696084916592,5585.78783392906,9.4323103427887,12.7743917405605,91.370757997036,2475.57691016793,90.7367354631424,10.6168189048767,13.8839834928513,11.3587937057018,12.6491020619869,93.803120881319,111.969038546085
67.677478402853,9.19612009823322,100.269493967295,5694.14782309532,132.988250315189,34807.4444394708,13327.2379834056,29918.6907188445,1742.06378570199,0,541.008577942848,12995.2645971775,773.233958631754,8097.86589474976,380.769436627626,6.2698295712471,98.7647163569927,261.653755009174,369.775698900223,8432.40944504738,53.8971471488476,24.1934244334698,215.4282374084,2338.61822283268,45.0860956907272,396.425561755896,111.070322364569,15385.9523879439,2896.69812622666,123.17522200942,36.736734598875,1136.33426207304,36.309293448925,1967.89174512029,688.66718634963,7886.27692368627,228.986904919147,2403.92151534557,710.3848747015,2656.11224234104,1013.34808146954,112.202286094427,166.45991191268,3.71149456501007,40.2433449923992,14.3792448341846,410.553548872471,4.65302008390427,44.0762208104134,0,0,0.329940795898438,167.938472211361,14.3357689082623,27.7805893719196,168.843933463097,1.85867440700531,434.549312353134,80.0841668844223,0,369.994951844215,0,0.402409762144089,151.342566847801,14.6409437954426,0,0,0,76.9346871376038,0.40481036901474,11.6610983014107,4.65514951944351,1553.20952954888,0,0,6.40993076562881,771.24644690752,3.71890741586685,0,0,0,2.46497082710266,23.1608907282352,73.6517122983932
16.1324022114277,556.682996094227,317.335272192955,39.7921057343483,5.11805272102356,89.4809977412224,412.986579805613,279.666653424501,184.763555943966,541.008577942848,0,452.147406131029,15743.5885286927,1174.16177590191,14.0960042476654,32.958368241787,797.2437056005,11865.1363088489,3626.27101221681,128.436066955328,310.816607892513,352.755535691977,682.185630083084,237.050875544548,3485.06787884235,16948.4171943963,2161.65200290084,177.832856446505,1828.62335193157,253.254041284323,2123.39413550496,729.344718411565,35.9518567919731,8913.05157423019,243.838807761669,2043.37046790123,3667.62961515784,4602.05005630851,1321.2964182198,96.3461177647114,51.8479361534119,7910.08329364657,29.174808204174,755.263109028339,24.1858621835709,13.9247171282768,2.88920372724533,10.9036458134651,414.34988206625,0,132.299594432116,9.12056675553322,1.40167045593262,5.01919168233871,0.787087798118591,0,1.85937172174454,23.7129912078381,0,979.065777301788,0,4537.09033471346,13.6961699724197,2.28860437870026,8.05701577663422,0,4.417117446661,1.17373263835907,0,0,39.3347479104996,5.1736327111721,21.7934192121029,544.258718311787,142.939885914326,653.099606841803,0,168.560838848352,0,410.624647885561,33.3569148778915,0,270.085371047258,118.807476222515
18.6328665614128,8.98128521442413,11.5219032466412,6354.53123444319,372.036435842514,9997.09515064955,353.237293809652,5174.37530204654,2740.31791508198,12995.2645971775,452.147406131029,0,669.767463237047,4747.44151172042,3634.7358571887,0,2.55287536978722,206.259227931499,223.408658415079,23483.388020277,5.11595502495766,22.0452745556831,23.9667509794235,3339.71045607328,39.0551863014698,366.067156165838,79.582721889019,2330.82040610909,1471.53568252921,39.9620446562767,55.897924810648,920.374981343746,0.368861198425293,871.209261327982,4204.09119752049,4373.12473469973,137.898293018341,1106.86192983389,234.333361551166,9890.64027139544,318.381649494171,108.921315342188,265.753126382828,8.40333563089371,49.6789572238922,21.768118083477,1352.00340130925,19.014974296093,136.903338164091,0,0,1.4859356880188,543.594409018755,21.4084171950817,193.043115466833,180.632287621498,86.4905160963535,293.014860972762,594.050622940063,4.15692296624184,1722.27469807863,4.75346153974533,85.4333019554615,438.900958478451,14.8415471017361,0,0.434452772140503,1.76599901914597,516.307341873646,4.4419256746769,4.76895105838776,13.3272631466389,1590.09208917618,0,2.88558858633041,2.94110444188118,945.987554520369,28.5244897902012,0,0,2.78968557715416,0.782882750034332,19.8539250791073,323.914306819439
11.7242360711098,915.967875182629,71.0043392181396,139.87538164854,17.6103998422623,100.649129033089,542.45013487339,250.262350291014,655.771508485079,773.233958631754,15743.5885286927,669.767463237047,0,507.946204721928,53.534588098526,496.15186226368,35.7932359874249,75.038373708725,103.204839169979,236.793738812208,291.366423517466,575.837818831205,603.207780003548,903.202306061983,12800.5197418928,400.560590833426,2435.15757703781,889.754891514778,450.74590164423,166.040593773127,1855.78287097812,397.860213875771,0.798628389835358,2577.61685070395,274.667143940926,9174.03191387653,3666.78555506468,5379.2999971509,6294.96431842446,3605.91885101795,697.746063530445,10599.3702558577,1163.30196627975,1612.86745885015,433.919984281063,273.126460790634,2228.85936179757,697.86863926053,613.415025413036,0,117.322444975376,9.74969667196274,65.973296225071,6.35759252309799,99.8544251024723,20.6145603954792,152.266342818737,37.7651952207088,69.8097443580627,3027.5528126061,211.089530736208,8498.04204803705,249.032127350569,149.289017498493,321.742673039436,2.37534290552139,12.1183434724808,3.17331904172897,62.8072690069675,200.491823524237,81.2408166527748,142.191258043051,427.794669926167,845.382975131273,457.753026366234,2046.75992968678,343.182384133339,280.098916471004,22.2729241847992,1767.99596625566,121.538168311119,1.83899068832397,953.538143754005,157.5509737432
15436.2131329477,7.846489995718,1095.03075870872,379.818504601717,65.1413071453571,1814.12656193972,30125.4571833313,27786.7585591674,111.480189681053,8097.86589474976,1174.16177590191,4747.44151172042,507.946204721928,0,90.589655071497,1.25745648145676,4877.80678281188,391.004237636924,1126.77469833195,1044.15569415689,403.163581579924,22.1149584949017,3646.83331879973,384.785264462233,96.5268298089504,1501.45498457551,585.072356060147,1708.39763507247,20567.2186393738,19564.4903366566,172.937766999006,456.163792937994,103.110502690077,4344.37232574821,140.051323592663,2910.8193154037,148.047937214375,2162.60876081884,637.374128907919,930.709145396948,245.219532907009,247.271060377359,27.7014513015747,10.2415674626827,5.57396137714386,3.33732518553734,37.8882691264153,1.39491385221481,19.6048820614815,0,0.75133091211319,2.1387876868248,13.1082404255867,2.88386437296867,2.44679600000381,3.16435474157333,0.632408976554871,39.1525570750237,0.41459533572197,1.2054398059845,27.1632524728775,17.8549326360226,0.655159115791321,5.6468223631382,11.1803134083748,0,0,0,2.40368950366974,1.34701773524284,9.56467437744141,3.26426336169243,148.957860201597,1.50652712583542,0.924357354640961,22.1590216159821,48.9480593502522,0,0.600831806659698,0.610747516155243,0,0,3.4122776389122,28.2841921150684
0.491624295711517,2.5770371556282,8.02181535959244,110.18089106679,6148.14455598593,6249.22791978717,243.566427797079,791.722412526608,563.833791971207,380.769436627626,14.0960042476654,3634.7358571887,53.534588098526,90.589655071497,0,7.93151140213013,11.4103558063507,3.16682752966881,4.04380515217781,196.529123991728,108.518885612488,6.31698054075241,104.958028018475,717.286126106977,0,13.8499637246132,57.6833561956882,275.3306632936,48.8008500933647,106.196686774492,1.76361247897148,44.1783858835697,0,32.8555626124144,4146.28778770566,172.308621823788,38.908991843462,45.3789919614792,73.8295437097549,12609.0860115886,118.983867496252,6.81282293796539,26.7518371939659,4.62112268805504,5.09037625789642,34.1995598077774,94.3273893594742,2.19126069545746,17.017448425293,0,0,3.90592348575592,37.2010527551174,5.94358855485916,4.43032628297806,11.6187606453896,5.52612474560738,29.7641496360302,29.9059551954269,0.495218425989151,50.9920772612095,0,6.59969800710678,31.1850893497467,9.50986897945404,0,0,0,15.807105332613,11.8991429805756,3.7255973815918,46.9257217645645,152.452199816704,0,2.70093351602554,14.0195264518261,82.6729648411274,4.59355905652046,0.772239744663239,0,0,0,0.426964342594147,669.035416096449
0.445409953594208,159.926387250423,32.6665889918804,0,9.98655849695206,3.31667232513428,68.7766637802124,1.4955005645752,45.4843447506428,6.2698295712471,32.958368241787,0,496.15186226368,1.25745648145676,7.93151140213013,0,21.8245967030525,10.7967830598354,34.2427640855312,1.95399871468544,21179.9297599196,3763.72722294927,17698.4138329923,2365.06030443311,9.40007507801056,34.4895276129246,9226.5700609684,2433.89925572276,3.10267359018326,5.79514497518539,3.80331802368164,0,1.31197571754456,209.467886954546,692.972444474697,2621.25992190838,2105.42730519176,1061.74617445469,1214.95092982054,42.0387365221977,17.4821289181709,80.0241218209267,526.209946006536,101.687864243984,143.336355447769,142.280612945557,751.698687434196,11.1062740683556,126.449706107378,0,33.7655276656151,237.110082685947,20.0406123399734,12.4258262515068,22.1893406510353,22.6657417416573,29.8797077536583,122.275484830141,27.5563043355942,7.24881845712662,79.2590033113956,10.6776098012924,48.8870327472687,55.9218035936356,8641.25484651327,18.3935347497463,0.7368323802948,10.585481107235,22.011542737484,1096.55935278535,3421.5707731545,4283.08514076471,1255.66279128194,3.7631756067276,21.7054917812347,3605.684969455,1123.76724344492,20.702746629715,38.9042761027813,0,3.20268398523331,0.860408961772919,62.647207736969,303.295283794403
512.070171266794,14.0899749994278,13921.6115374267,7.81067085266113,7.55040237307549,82.6210850477219,2595.01009042561,2475.29955066741,1.06031441688538,98.7647163569927,797.2437056005,2.55287536978722,35.7932359874249,4877.80678281188,11.4103558063507,21.8245967030525,0,935.784150987864,5907.34584841132,9.43401408195496,3530.01326069236,10.4421825408936,8397.45210307837,20.470006197691,0.669933617115021,7991.15000340343,17619.1818906367,554.043006807566,3277.32057002187,5740.60526120663,10.1738517582417,19.8793100118637,499.086574584246,4594.70794022083,218.196105182171,2804.79419662058,2275.31978315115,1983.27120983601,1098.35592755675,45.2250806391239,69.1806061565876,6.8820695579052,18.6030033826828,38.1232361197472,12.6230454444885,13.5438492596149,7.30165547132492,0,0.798040091991425,0,9.69793847203255,199.511395871639,0.387133240699768,2.55560350418091,0,2.24602571129799,0,1.31374704837799,0,1.26149809360504,0,0.937491834163666,1.3339661359787,4.29169595241547,25.8798334002495,20.4978884756565,0,8.4664498269558,0,0.944430619478226,13.7949180901051,12.1253342330456,1.3927238881588,4.39345526695251,94.297191798687,698.918299555779,2.54364642500877,0,0,3.89177602529526,0,0,5.80442127585411,124.781691789627
20.9398006498814,7.13462519645691,487.224165856838,18.3916348814964,0.950254738330841,28.5569282770157,242.310401886702,92.6620434820652,2.68555024266243,261.653755009174,11865.1363088489,206.259227931499,75.038373708725,391.004237636924,3.16682752966881,10.7967830598354,935.784150987864,0,11269.3750938177,75.2141333520412,140.381612122059,4.68588727712631,383.32685354352,25.0625371336937,4.6819352209568,23462.7710722089,1902.02669751644,58.1087296307087,481.201596289873,173.194941580296,107.529483705759,139.403699070215,21.4872306585312,2249.0284280479,219.002705484629,1837.15206336975,2724.07601439953,2447.54111117125,1692.11291083694,39.4860456883907,28.9581891596317,8.0783588886261,14.6402622759342,47.3724498152733,6.65885245800018,10.7731070816517,0.515035331249237,1.16834282875061,0.440352886915207,0,2.27203059196472,28.9251324236393,0,0,0,0,0,0,0,24.7060885429382,0,38.1650815308094,0,3.42099303007126,0.364932149648666,0.844127744436264,2.74877738952637,1.44512090086937,0,0,0.612445831298828,0,0,10.6998677253723,192.516096293926,519.231050372124,0,0,0,57.5870848596096,0,0,0.415140002965927,124.013997912407
88.1124405264854,3.98271888494492,1778.26596730947,18.2544166445732,1.70853945612907,54.8797706663609,671.718060746789,563.937395855784,2.82691776752472,369.775698900223,3626.27101221681,223.408658415079,103.204839169979,1126.77469833195,4.04380515217781,34.2427640855312,5907.34584841132,11269.3750938177,0,80.7818755507469,780.36923520267,0.448123961687088,1787.00175523758,44.0489597022533,1.46132937073708,25537.2796473801,5860.14390558004,183.919847875834,959.443855598569,649.016363307834,97.0729819238186,55.8326034545898,98.8512205332518,7371.4961938262,432.315657913685,4036.35285237432,3672.92012313008,4812.78327196836,3103.50541189313,62.8338429331779,44.9088320434093,11.9233450889587,26.6844082176685,55.4409344494343,6.90302491188049,24.3448680639267,5.2643860578537,0.851229846477509,0,0,13.6844277977943,82.0426351726055,0,0.732834815979004,0,0,0,0.652780175209045,0,23.1531843841076,0,29.1166315078735,0,4.38672053813934,4.94904682040215,9.52488785982132,2.17834183573723,4.81871011853218,0,0.429402410984039,4.38616847991943,1.43454930186272,4.14182138442993,6.11079001426697,322.062529861927,845.620965391397,0,0,0,40.2260668873787,0,0,1.10329073667526,260.147697299719
6.68886098265648,6.04101663827896,6.7075060904026,29698.3010435402,32.9729998409748,458.331669151783,144.472702682018,1232.41471844912,1920.34183692932,8432.40944504738,128.436066955328,23483.388020277,236.793738812208,1044.15569415689,196.529123991728,1.95399871468544,9.43401408195496,75.2141333520412,80.7818755507469,0,4.67813819646835,12.1091579496861,23.9664963185787,3315.29064452648,12.2583214640617,134.110754907131,37.0824644863605,5834.75690326095,531.448770880699,22.4275788664818,17.8771693408489,217.799651771784,4.84051457047462,364.136144757271,74.9600543677807,2223.41874426603,64.7385226786137,461.612924724817,180.930396944284,1111.89723962545,240.32657456398,35.6482365727425,155.44965711236,0.707567989826202,28.2617446482182,9.97508329153061,389.775382190943,9.89355114102364,31.699775993824,0,0,0,267.939472347498,7.7152493596077,21.0939769744873,121.92242193222,14.7703040540218,296.49000197649,113.98805770278,0,403.848812162876,0,14.7239606827497,118.468796402216,13.7509645521641,0,0,0,129.29802697897,2.17023107409477,5.15321961045265,5.17485666275024,986.471861004829,0,0,0.728960067033768,704.094427883625,11.4491612017155,1.1641241312027,0,1.2884019613266,1.77392566204071,11.3374311327934,15.2036164999008
48.0478942394257,99.3776009976864,2893.76336425543,6.4320173561573,63.8898991644382,34.1877614557743,2567.36544948816,261.507831066847,36.328314691782,53.8971471488476,310.816607892513,5.11595502495766,291.366423517466,403.163581579924,108.518885612488,21179.9297599196,3530.01326069236,140.381612122059,780.36923520267,4.67813819646835,0,767.653822541237,59928.1790329218,2080.2039373219,9.40194466710091,811.053690522909,3865.53221985698,16800.9041150212,272.973736852407,28340.5226484239,4.57655918598175,5.64698073267937,168.010017305613,16374.0743585527,2976.60070365667,9407.56817901134,1766.99275362492,15264.1025044918,6349.58831161261,105.604923397303,178.840534865856,28.4065622985363,367.728593409061,27.373458892107,65.9573847651482,148.13453322649,572.893062472343,22.759346306324,53.8225286006927,0,7.86273086071014,67.4163011610508,31.5092025995255,36.0711300075054,19.5738616287708,22.346589744091,16.4798873662949,44.1765743494034,24.4923321306705,0.608774363994598,92.8344473540783,2.70590144395828,37.8933226764202,97.8900153636932,1604.07235577703,13.9533815979958,0,2.09747233986855,20.4166652560234,571.136167526245,810.603006482124,641.822378635406,888.734278470278,0,2.71393626928329,665.223214417696,843.396697074175,21.9954978227615,41.1600922346115,0,1.40371292829514,0,27.579116910696,989.418501585722
0.952076375484467,3421.93304353952,7.71338817477226,15.5167465806007,0,2.38445806503296,148.066014766693,16.2265237271786,6129.96627280116,24.1934244334698,352.755535691977,22.0452745556831,575.837818831205,22.1149584949017,6.31698054075241,3763.72722294927,10.4421825408936,4.68588727712631,0.448123961687088,12.1091579496861,767.653822541237,0,781.881199985743,14243.3306236565,747.168153494596,47.6912990510464,9734.5426376462,2075.33508241177,12.1289849579334,4.34069639444351,52.7971873581409,6.88198864459991,2.0402190387249,40.9752970337868,21.7515510320663,414.013957232237,201.172440677881,78.6727793216705,59.3204034566879,48.3993628025055,11.224927842617,277.903740823269,292.030720770359,168.238476008177,74.9345055520535,60.2719131112099,216.882506459951,6.30457890033722,126.684447675943,0,73.1190542578697,81.4696510434151,12.5937587022781,4.3521962761879,6.63052803277969,20.2717373073101,13.5938660204411,213.209042280912,13.2851016819477,101.408977419138,26.7003041505814,245.65458765626,19.8039297163486,33.6782215237617,2521.48003730178,21.0446811020374,1.76350778341293,12.1568688154221,9.7722016274929,481.020676851273,1529.19608908892,670.486717730761,1320.61545142531,26.2583035230637,36.7622185945511,2235.24946814775,599.256764322519,12.9262336790562,49.8866898417473,31.7899512052536,5.67870247364044,0.925630509853363,41.0482406020164,45.326078414917
603.402542203665,62.0063555836678,28544.2629554272,31.150479465723,176.139110445976,162.592056035995,10037.174295485,2361.99778851867,34.8862286508083,215.4282374084,682.185630083084,23.9667509794235,603.207780003548,3646.83331879973,104.958028018475,17698.4138329923,8397.45210307837,383.32685354352,1787.00175523758,23.9664963185787,59928.1790329218,781.881199985743,0,1187.4497859776,8.82209369540215,4656.72053274512,33177.923530668,9242.33407211304,1684.41498294473,10451.0450307429,26.8625836074352,35.187352925539,244.074097186327,17035.671072349,6899.5917480588,22366.5176348984,11791.0031128228,22942.1158032119,19796.4937137663,294.85585179925,340.139507710934,74.5728832781315,586.740609109402,159.700107991695,195.093114763498,408.31684038043,566.881829589605,23.6797671616077,100.555414229631,0,44.1894205212593,1056.42198467255,14.1650867462158,89.5850509405136,15.5058976411819,25.6671196520329,14.3069959580898,81.0435453653336,9.48499143123627,16.0967301428318,44.2360807061195,2.83974429965019,50.7134272754192,116.028970003128,4957.80861887336,97.8615902662277,0.933985948562622,28.7826806604862,14.3485528826714,688.559787124395,1634.72431358695,2799.03120598197,746.809738427401,0,97.5968568623066,8594.8532551527,792.923020392656,21.8620481789112,22.3105194270611,0,1.26740860939026,1.99332070350647,72.259791880846,2968.00206291676
9.43554782867432,2989.42542484403,39.3740294575691,4030.95283955336,51.3406113088131,112.908776313066,4975.52027657628,284.528400242329,33014.8647893667,2338.61822283268,237.050875544548,3339.71045607328,903.202306061983,384.785264462233,717.286126106977,2365.06030443311,20.470006197691,25.0625371336937,44.0489597022533,3315.29064452648,2080.2039373219,14243.3306236565,1187.4497859776,0,391.616742640734,175.071308404207,8267.5320148468,25630.4842249453,395.215589076281,27.7297073304653,57.1302664875984,136.267096757889,56.3515501916409,410.121910214424,499.44195497036,5040.58058494329,966.128430634737,831.112601488829,542.839221358299,1765.76783826947,211.844366252422,188.688887357712,3524.2999805212,143.510491609573,669.812863260508,432.929362565279,2414.93139722943,176.041088670492,246.916656166315,0.646921038627625,56.6570924818516,49.0207335948944,1605.62733969092,50.1868525743484,200.084843307734,1008.13653984666,252.109357327223,4556.31477439404,841.090481370687,48.8115259408951,992.756772875786,118.451573580503,428.074410617352,781.370580613613,1592.44973108172,4.44314843416214,0.629105031490326,8.19655594229698,740.199045747519,675.49101421237,1402.25518321991,466.34741923213,15460.2336520851,16.8584082126617,12.3036434054375,671.097868055105,9047.40782605112,337.664681792259,50.0156373381615,10.8664262294769,34.5506254136562,18.0655315816402,323.960036844015,439.867088973522
0,1582.46718880534,1.27410107851028,4.95461368560791,0,10.0678770542145,17.8216348588467,20.5572246015072,312.508078694344,45.0860956907272,3485.06787884235,39.0551863014698,12800.5197418928,96.5268298089504,0,9.40007507801056,0.669933617115021,4.6819352209568,1.46132937073708,12.2583214640617,9.40194466710091,747.168153494596,8.82209369540215,391.616742640734,0,104.197137922049,9160.19026508927,69.4039205908775,100.406730085611,3.43602705001831,632.392263799906,45.8860129714012,0,679.389982789755,3.95614063739777,47.1853878200054,454.44630792737,218.314735949039,8.99126264452934,6.45588576793671,1.11854219436646,1292.93711596727,0.974912106990814,791.637630283833,32.038032412529,2.42518758773804,4.87259358167648,4.35392343997955,825.612665623426,0,178.869437992573,5.75003606081009,0,2.34242296218872,0,0,0,26.9846487045288,0.793730139732361,828.416065126657,0,4487.59102296829,13.3114726543427,0,8.37434583902359,0.912457942962646,2.02651059627533,4.01998472213745,0,0,60.2393712997437,0.778722643852234,23.6221264004707,1796.18998849392,265.564553588629,2218.14673319459,2.12741285562515,95.459399998188,0,721.427473664284,18.4831340312958,0,174.016150534153,3.38659524917603
142.730469197035,174.975806891918,29727.6209331751,16.7340516448021,15.8396356701851,75.6699333488941,1364.91994220018,724.491159796715,34.0059752166271,396.425561755896,16948.4171943963,366.067156165838,400.560590833426,1501.45498457551,13.8499637246132,34.4895276129246,7991.15000340343,23462.7710722089,25537.2796473801,134.110754907131,811.053690522909,47.6912990510464,4656.72053274512,175.071308404207,104.197137922049,0,67194.3916684091,326.458679720759,1347.96259832382,639.934557080269,527.185283869505,321.636498838663,34.3506309092045,4421.71193471551,978.531137287617,10591.1503470838,15408.3998513222,8763.90422782302,6588.80647912621,124.298562079668,88.7118546962738,51.8000504672527,235.445486932993,1035.48322707415,80.9820835292339,132.896142780781,8.74532175064087,4.56265377998352,39.6986370682716,0.981675505638123,335.702611356974,1107.05507421494,0,6.84075367450714,0,0.380813151597977,0.882997363805771,19.3448721766472,0,740.107758969069,0.982056230306625,1653.54870116711,4.94620132446289,7.47385415434837,27.2948017120361,120.403757661581,47.3602557480335,130.18783852458,0,3.13232770562172,90.9009674191475,29.9509415924549,22.8773038983345,181.384474754333,5113.86935243011,15744.0453918576,2.35518822073936,26.6380654573441,6.93330600857735,1101.17801770568,3.15475797653198,0,67.4515604674816,566.837886124849
86.2543891966343,14047.6381395459,23596.2114731371,19.5520108044147,68.7810780704021,77.0468073487282,1330.39091318846,411.969833955169,4022.50779783726,111.070322364569,2161.65200290084,79.582721889019,2435.15757703781,585.072356060147,57.6833561956882,9226.5700609684,17619.1818906367,1902.02669751644,5860.14390558004,37.0824644863605,3865.53221985698,9734.5426376462,33177.923530668,8267.5320148468,9160.19026508927,67194.3916684091,0,4241.01342022419,364.146038204432,348.081268012524,629.71720713377,49.4796104133129,28.8478852510452,7565.0407769382,4690.35096225142,34133.5885346234,19093.0913199186,19139.881065309,19009.4892374873,344.661417156458,297.302902340889,154.655380487442,3836.74322381616,5040.01041075587,1699.14947685599,1751.5090739429,316.281299173832,32.0087053477764,125.298857629299,2.96184664964676,6605.05418455601,14636.7709386051,5.00630384683609,79.9004147648811,7.84706836938858,85.3818024992943,11.8476358354092,262.741672307253,12.645899027586,2631.82650899887,34.3170966804028,6141.99057844281,90.3710645437241,80.9268474280834,6220.96880221367,2138.40446943045,228.271428704262,1312.57709899545,5.18254655599594,411.692630976439,3994.48542287946,3738.37166419625,840.683376163244,2341.10726892948,24600.4455560744,164207.541143775,546.452418625355,64.2062475979328,133.970706313848,5208.5586206913,10.7070158720016,1.94872349500656,738.351566791534,2825.99586462975
110.617578983307,501.541775405407,736.502378493547,14347.8181667328,70.9126850664616,957.558784216642,84159.8405328095,1557.12181964517,9571.69724646211,15385.9523879439,177.832856446505,2330.82040610909,889.754891514778,1708.39763507247,275.3306632936,2433.89925572276,554.043006807566,58.1087296307087,183.919847875834,5834.75690326095,16800.9041150212,2075.33508241177,9242.33407211304,25630.4842249453,69.4039205908775,326.458679720759,4241.01342022419,0,1605.32101467252,15752.7729312181,10.2213196158409,215.340282142162,414.362999290228,2946.99770823121,2029.81564992666,12018.7847801447,2202.57309025526,5456.59677398205,2661.14063200355,1640.87548965216,651.28603965044,118.098687589169,2618.96485471725,61.9344382882118,410.673721939325,318.475933730602,2010.01348641515,121.702638030052,204.084714472294,1.56956422328949,6.55255627632141,57.3455316126347,812.328358083963,39.1030396819115,112.233412504196,870.048119395971,111.423962473869,2463.94784417748,587.814564466476,1.47338408231735,703.422371089458,6.19310256838799,133.737726092339,571.092508226633,1350.1164457798,11.1249459981918,0.800337255001068,0.387710750102997,436.371405094862,614.187726676464,719.279516667128,403.304177999496,9590.55421748757,3.96795409917831,5.16716635227203,538.354661524296,6753.91782037914,154.637532532215,56.862543284893,0,8.53536581993103,16.4957980215549,207.331653445959,713.506619602442
4932.17991349101,10.906146645546,281.94347050786,290.039698064327,95.0806106030941,491.846566140652,6388.13309192657,2845.62007859349,69.2887619435787,2896.69812622666,1828.62335193157,1471.53568252921,450.74590164423,20567.2186393738,48.8008500933647,3.10267359018326,3277.32057002187,481.201596289873,959.443855598569,531.448770880699,272.973736852407,12.1289849579334,1684.41498294473,395.215589076281,100.406730085611,1347.96259832382,364.146038204432,1605.32101467252,0,24344.8644657135,241.092232823372,728.683112412691,4019.28872770071,7928.31159132719,84.7314702272415,1089.74781143665,110.40169724822,1765.94597533345,234.56544855237,281.599403619766,130.703870505095,197.236288130283,20.0976525247097,9.17138689756393,0.742665648460388,1.31352770328522,17.0773993134499,0,11.8144500851631,0,0,1.01174187660217,2.77381336688995,0.69187730550766,0.768272161483765,8.67429292201996,0,19.5138524472713,0,2.69182407855988,7.61725506186485,14.2033064365387,0,8.69979363679886,11.4389342963696,0,0,0,0.749125421047211,3.73840600252151,4.9332303404808,1.99128031730652,64.9821927845478,3.77515834569931,0.327287524938583,7.74392539262772,41.3450623452663,2.67116031050682,1.25557208061218,0.810863971710205,0,0,1.34879696369171,15.9373534917831
4533.43524816632,0,528.99193751812,14.9161938726902,28.8032952547073,158.98293581605,25343.8775157332,6024.11981484294,5.20557624101639,123.17522200942,253.254041284323,39.9620446562767,166.040593773127,19564.4903366566,106.196686774492,5.79514497518539,5740.60526120663,173.194941580296,649.016363307834,22.4275788664818,28340.5226484239,4.34069639444351,10451.0450307429,27.7297073304653,3.43602705001831,639.934557080269,348.081268012524,15752.7729312181,24344.8644657135,0,12.9034530520439,91.4126026332378,3632.99165257812,15969.8283950984,992.708860605955,1930.60197335482,128.760711282492,7877.56417307258,2031.93790408969,223.492886424065,411.288057565689,12.6817766129971,15.526965379715,3.6468865275383,0.684540510177612,20.8273645043373,8.62602347135544,0,0.948377817869186,0,0.331264048814774,5.35616451501846,0,13.6353505849838,0,0,0,3.67074576020241,0,0,1.85151207447052,0,0,5.39296442270279,0,0.377570688724518,0,0,0,0,0.780625939369202,0.424406737089157,5.21010622382164,0,1.58516108989716,27.907697558403,1.76566028594971,0,0,0,0,0,0,297.669263660908
2.95112735033035,69.9847119748592,28.751365929842,0.653070628643036,1.39274889230728,11.9751597046852,51.7775936424732,33.24674898386,58.2146156430244,36.736734598875,2123.39413550496,55.897924810648,1855.78287097812,172.937766999006,1.76361247897148,3.80331802368164,10.1738517582417,107.529483705759,97.0729819238186,17.8771693408489,4.57655918598175,52.7971873581409,26.8625836074352,57.1302664875984,632.392263799906,527.185283869505,629.71720713377,10.2213196158409,241.092232823372,12.9034530520439,0,100.478197962046,0,641.071895778179,57.4790197312832,549.17196816206,2067.90331733227,920.466679692268,289.467882573605,20.7372111082077,4.01562303304672,106.640525311232,21.1229785978794,780.883666038513,18.2603169679642,8.68663972616196,0,2.1865394115448,97.3827444911003,0,59.813266903162,7.08854964375496,0,0,0,0,0.65689218044281,6.64602208137512,0,1470.95818766952,0,3884.37870401144,8.79121604561806,0.92441987991333,1.69888889789581,0.81358277797699,3.22223019599915,1.78952503204346,0,0,31.2250319421291,0,3.3160651922226,316.721951752901,586.176550775766,2197.54031199217,0,61.6339151859283,0,1528.77481925488,9.03362441062927,0,104.56401064992,33.7830677628517
