0,13.2510553896427,616.543850719929,0,43.9658442735672,71.4368669986725,11292.239500016,3623.86184614897,177.296098858118,81.1593005359173,65.7556772828102,8.21429580450058,42.632778942585,15412.5027763844,40.8619530797005,70.5609052181244,756.979007899761,22.2800335884094,137.258475333452,0.982494533061981,407.454390197992,290.424100011587,887.12461078167,1759.88385689259,4.34578517079353,42.9368641674519,501.967393666506,1039.04962983727,10397.6317782104,7131.5893753171,7.61840122938156,61.238420188427,65.4201603531837,1208.48395264149,86.2937074899673,718.244197785854,106.374473243952,805.003940522671,303.220915973186,65.9592394828796,62.1777530908585,102.938814073801,303.707156062126,7.42563104629517,22.0574798583984,23.8584914505482,21.4726530909538,24.6880406141281,25.6246561408043,1.13281333446503,0.608593463897705,66.7037018239498,0.444738686084747,9.35200542211533,10.3387342691422,40.9133590459824,8.3167579472065,118.238478541374,0.420187920331955,9.80468547344208,0.668663948774338,5.46629047393799,30.9390037357807,2.70535451173782,45.9878455996513,34.9939331412315,0,1.23686254024506,0.881117075681686,197.887051165104,43.4144012629986,83.2405895292759,275.508014261723,0,11.3809625208378,125.077350646257,489.344044625759,44.4917434453964,211.76048079133,0,0.974511802196503,11.6072140932083,29.4883719086647,15.5788336098194
13.2510553896427,0,3925.65128347278,0.808968603610992,7.31087231636047,17.2934266626835,90.3173857629299,82.519559904933,280.318308472633,21.4420804381371,2401.57618820667,3.14599370956421,2208.53045025468,116.972601205111,42.2972548604012,416.389792174101,1807.73926258087,1043.60593271255,2012.99998816848,0,52.8680176734924,4689.47115588188,277.935544133186,603.516384929419,2748.8104865551,3549.8323327601,16539.4879599214,61.6836864650249,39.7966874241829,56.7413095235825,107.228055268526,55.6066480278969,0,2013.62431910634,93.2413720488548,731.926633298397,266.037146687508,1337.9538192749,946.271065860987,15.5881600379944,108.090539962053,62.884955406189,20.5744174718857,11.3067165613174,6.16319352388382,15.557582706213,1.45270466804504,4.3716516494751,0,0,716.134770900011,391.10587900877,0,12.8048149943352,0,2.77058666944504,0,7.40995633602142,0,10.8236458301544,0,20.3079172968864,1.30377292633057,5.53819477558136,15.4127409160137,102.94311851263,13.5599453151226,36.7793930470943,0,3.05131849646568,48.3094457685947,36.742458075285,7.65152651071548,2.40635699033737,613.042558819056,3830.11491420865,17.3186832070351,3.0329475402832,6.73592281341553,5.38598188757896,0,0,2.22421014308929,20.2459587156773
616.543850719929,3925.65128347278,0,0,5.14928326010704,28.455756187439,1248.52976647019,1683.16530062258,3.77654442191124,33.2351709008217,170.881519138813,0.928372323513031,26.4553815126419,2288.23669064045,8.66851139068604,74.641888231039,20158.9859354347,601.293301820755,3589.88051405549,1.4634997844696,7319.69412437081,349.336074411869,34788.7358541191,26.804133951664,34.7366680800915,14176.4081737995,46716.2349279076,378.974321365356,473.547048062086,3855.12179112434,4.06866210699081,17.6646994054317,0.719345808029175,2695.58505886793,72.6368866562843,562.944778114557,314.782844871283,1201.77565059066,831.038494989276,22.6480120122433,126.154357016087,30.2835086286068,143.805350571871,73.0330533832312,38.2485474348068,62.4628119468689,0,2.30250334739685,6.84448772668839,0,964.301726102829,4822.81726104021,0,3.96010363101959,0,4.55710345506668,0,62.2861202061176,0,14.7897039055824,0,13.6156617701054,0.268804877996445,0,35.5039774775505,1992.81030341983,47.3733641803265,572.724161848426,0,15.2661382853985,208.174854546785,321.606389269233,20.0216090381145,24.2746301591396,2592.52075947821,19272.4394901693,6.55030128359795,0.801835715770721,13.1514724195004,23.8725908100605,0,0.344730973243713,7.04335898160934,13.6544026434422
0,0.808968603610992,0,0,0.599402129650116,268.23404365778,147.07604894042,158.581609785557,548.465374231339,6724.31095835567,0,3591.86687904596,0.884915947914124,12.974960744381,162.747418195009,0.963095545768738,0,0,0,47666.3023151159,0,2.55233311653137,0,2299.55360993743,0,0.558368802070618,0.49664717912674,6378.5869500339,1.07537406682968,0,0,1.20739936828613,0,7.17409247159958,1.6092723608017,14.7685752511024,0.997079610824585,17.1954501867294,7.83432030677795,47.9705047607422,1.61284229159355,8.47528427839279,15.6677350997925,0,2.87607842683792,1.88016214966774,39.6760816574097,14.6653828918934,13.9029766321182,3.35502332448959,0,0,766.151431292295,3.92544308304787,34.3551978468895,437.288080275059,23.873271137476,138.801378875971,874.719677954912,0.42656534910202,1157.34529951215,0,24.5418900549412,74.2326485216618,0,0,0,0,482.311064362526,0,0,0.919393241405487,394.162674665451,0,0.408074676990509,0,533.053383350372,15.0594938397408,0,0,2.04763099551201,0.472597390413284,10.3636513650417,0
43.9658442735672,7.31087231636047,5.14928326010704,0.599402129650116,0,11056.6434151232,81.7998933494091,385.51521012187,155.60266160965,79.5186805725098,13.2809081077576,54.8972105681896,0.53311812877655,55.4055541157722,4037.13343441486,506.06407648325,4.58843231201172,0.66695648431778,0.771417289972305,1.1053658425808,504.374932527542,102.460803031921,987.74117064476,319.835806459188,1.41251474618912,1.54380655288696,191.239474952221,240.665151298046,122.624243110418,114.271620601416,0.559747457504272,2678.40594467521,6.69241398572922,2550.44167566299,264.8619967103,580.586683630943,418.506801426411,94.8076638877392,268.58160597086,16082.229083389,7670.58626073599,32.5109063386917,47.5720283091068,8.21846103668213,16.3089238405228,77.5605896115303,8.74365299940109,0,14.9470317959785,0,0,9.14447590708733,0,0.995006382465363,4.31014257669449,4.16069376468658,0.60875678062439,11.6557129323483,0,0.922938406467438,8.69948562979698,0,2.31986755132675,3.8171933889389,43.0580883622169,4.60748705267906,0,0.588363528251648,0.673342764377594,77.2845968604088,13.6568349301815,173.797448307276,27.5277566313744,0,15.3626420497894,34.6648501753807,56.9657992422581,6.14007651805878,20.1799815893173,0,0,1.67220413684845,5.17127352952957,581.354944735765
71.4368669986725,17.2934266626835,28.455756187439,268.23404365778,11056.6434151232,0,3776.98649612069,21062.9975903481,2087.94566506147,28651.9165739119,56.6448151469231,11524.5226300061,53.2039151489735,1021.44676247239,8429.5296626091,60.1414346694946,14.934219032526,1.81736600399017,11.2725261747837,813.435956597328,106.450127542019,308.902743637562,96.8799706697464,1630.41099606454,7.7671023607254,12.9484322071075,71.7245972454548,3155.02403020859,157.821619898081,88.6545169353485,3.35905918478966,625.656296730042,9.59863367676735,1257.25303938985,785.372638076544,4822.13215318322,114.144669026136,755.379359394312,987.840907335281,28298.1180239916,3057.18861401081,423.054498136044,923.014374881983,6.41103881597519,115.51125267148,120.836274445057,734.275401890278,191.219352781773,369.758950352669,11.9865888953209,0,6.59022510051727,113.745343387127,48.6597790420055,165.898539245129,1334.49750870466,179.060076743364,524.052440941334,129.718350082636,6.92010870575905,1243.19952818751,2.26541766524315,405.472737759352,478.456685125828,14.8618004620075,0,0,0,370.997209340334,130.288108348846,30.9341194927692,39.3710908889771,1531.24140352011,0,0,8.28541192412376,3005.89411687851,295.261767655611,401.725212752819,0,2.68161350488663,53.5236756503582,171.58514419198,48.2125510573387
11292.239500016,90.3173857629299,1248.52976647019,147.07604894042,81.7998933494091,3776.98649612069,0,18790.4552598,2964.5794890523,13122.1791062057,155.907974362373,77.8596259057522,78.9417430460453,27045.3825480044,251.775418937206,1955.13782066107,194.325318008661,39.2061105370522,81.248662084341,3.13861504197121,5721.02957376838,1853.18319061399,5118.73993211985,17257.8647490889,26.2558624148369,64.7042225003242,1107.00692045689,71944.0852459669,3885.43687981367,10131.2590045631,5.64565017819405,117.228902548552,91.4962010383606,1611.86585512757,357.813992142677,2606.26407971978,196.306252464652,1488.11893859506,894.494204878807,284.057989507914,238.448881536722,238.788412183523,1759.22951218486,16.547709941864,210.044949769974,129.138778805733,360.30571398139,389.414264172316,149.329120665789,23.8889601528645,4.11457943916321,124.861439421773,72.0127173662186,75.2060604095459,280.57991656661,1841.71625939012,459.362670898438,1521.12933552265,92.0949893295765,21.17535841465,196.759171634912,7.72692367434502,1032.65252031386,34.2063117325306,150.335649758577,45.977869540453,0.56247341632843,6.86339235305786,160.078260779381,721.986290037632,232.404303848743,327.290914982557,4893.05830773711,0.377707213163376,8.34871786832809,247.805579930544,7672.72836214304,625.158198088408,1191.56980329752,0,25.4160116016865,112.807006031275,431.265766948462,80.9724518954754
3623.86184614897,82.519559904933,1683.16530062258,158.581609785557,385.51521012187,21062.9975903481,18790.4552598,0,869.740516200662,17617.4349910766,1061.34467464685,4200.76358537376,409.08321133256,26372.4228202254,1123.43996495008,127.100746065378,693.382046952844,100.792151510715,216.047840237617,367.779316604137,3088.91420283914,793.568851828575,1891.8229687959,3747.56520198286,74.1438722908497,249.436163067818,1580.05148985982,4386.72806484997,3979.83992254734,2203.59884285927,38.9472145438194,1954.46809718013,40.9292502701283,3951.62596695125,304.836094886065,5794.87358000875,616.949230134487,2614.39026197791,2178.55216947198,2448.72704264522,929.018498748541,1289.45360252261,1970.91801270843,49.9107517004013,359.436017602682,269.528794288635,320.86058858037,243.475473999977,842.967368811369,6.38755637407303,6.828030616045,109.65472650528,13.4402284622192,25.9430818259716,71.6654176712036,1253.99106264114,131.48089915514,586.657323271036,24.2144913077354,72.7372673153877,139.377843111753,70.595936357975,373.179040282965,51.2157376408577,75.390030503273,39.0659903883934,3.36246711015701,2.75333172082901,51.4852713942528,420.800027906895,94.1114052832127,163.418546080589,2442.07720255852,2.76153856515884,57.844495460391,222.685271471739,5267.75970825553,333.744598507881,832.436068639159,7.45116090774536,6.88996973633766,83.2559730410576,237.634725928307,30.7821805477142
177.296098858118,280.318308472633,3.77654442191124,548.465374231339,155.60266160965,2087.94566506147,2964.5794890523,869.740516200662,0,1675.02000805736,89.4951568543911,4313.66091570258,96.3582924604416,392.382369548082,5119.56303149462,189.850997358561,16.53236079216,25.9094330072403,28.139802634716,390.898412674665,55.70505002141,8756.97587016225,46.2147370278835,32685.6592191607,46.5874318480492,33.2952885627747,215.751664489508,4258.97606724501,79.1044896841049,107.768485575914,3.64706325531006,15.5732540786266,1.18683135509491,119.378912866116,73.2538847327232,490.029755651951,38.6389752626419,182.278471201658,142.408830136061,3014.9264549017,45.227009922266,38.4715709388256,494.504479050636,11.5872023105621,59.5320574343204,48.1991055011749,626.276836067438,93.3262493610382,15.4244273304939,9.50084233283997,1.537373483181,32.9961299300194,453.299698591232,41.0918947160244,184.618659228086,1531.21334758401,206.603525966406,5020.488684237,390.951292932034,15.1561361849308,1717.10273709893,3.62179952859879,281.823203206062,341.363337486982,579.191695809364,7.96621629595757,2.46474856138229,20.0653230547905,923.478717982769,736.706538319588,692.311876147985,376.356393963099,5935.17769816518,11.0129703879356,17.3916276097298,30.7634458243847,4729.66009560227,215.5314193964,310.828333079815,0.426912844181061,10.9039172828197,36.4645630419254,109.738858282566,76.2061620056629
81.1593005359173,21.4420804381371,33.2351709008217,6724.31095835567,79.5186805725098,28651.9165739119,13122.1791062057,17617.4349910766,1675.02000805736,0,144.926324337721,18122.7229660451,70.0074748694897,2347.6917925477,403.818385541439,81.6795191168785,4.54648795723915,12.421188890934,4.26297628879547,37458.3294708431,253.547371536493,189.464409440756,203.546959668398,5294.67267146707,9.87583643198013,30.391738563776,148.056950569153,14682.1776496768,145.240842044353,54.1938158869743,6.12348315119743,140.053159922361,4.62102642655373,947.106610000134,304.356470227242,3056.54048731923,132.658013015985,1220.77503275871,935.842872262001,654.508313059807,302.16023349762,439.366010129452,457.55830386281,9.01677060127258,111.441513895988,73.2736220508814,374.57524433732,178.207658678293,300.83438745141,27.6389043927193,0,9.59310427308083,536.100098669529,37.37720733881,261.580133348703,3521.31122756004,342.685734331608,634.770050466061,530.331086963415,7.88697817921638,2134.7882309556,3.40720850229263,488.738193720579,253.337260752916,6.2906613945961,2.30713275074959,0,0,1213.44460186362,66.584335654974,21.4842118322849,20.2576549053192,3123.16230368614,1.4412032365799,2.462626516819,6.57129815220833,4886.62902219594,220.460160061717,148.536026418209,0,2.486109405756,24.9795730412006,187.341939970851,16.3567065894604
65.7556772828102,2401.57618820667,170.881519138813,0,13.2809081077576,56.6448151469231,155.907974362373,1061.34467464685,89.4951568543911,144.926324337721,0,17.8139181435108,18191.0413794219,1306.6147454977,56.807480931282,240.647441774607,633.31553170085,9794.94282579422,601.369518145919,2.33527678251266,106.534766644239,1552.09990993142,215.50812998414,411.542835980654,3415.98128533363,3005.10760492086,7802.9886611402,103.124470382929,283.890750825405,81.1495512872934,2358.67011386156,1053.44774979353,3.84036350250244,8906.10006025434,272.63410487771,4414.24229845405,12875.9966623187,9787.52040162683,4138.0703727603,57.557905703783,197.64763623476,2437.84756886959,102.73566827178,503.188047304749,64.232051461935,86.6424016356468,2.36330330371857,9.06226348876953,239.365110993385,0,270.223597824574,70.3653133362532,0,63.2478476464748,1.46437275409698,2.35187584161758,3.72044324874878,20.9335600733757,0,4911.89152669907,1.0698356628418,7212.85676646233,4.51130712032318,14.9551812410355,1.47629725933075,20.6692589223385,501.35403367877,49.6645427942276,0.939132779836655,2.05202552676201,29.8146661520004,20.1102328300476,11.939282566309,398.115646064281,8988.15287023783,3401.57722845674,12.2768384516239,8.91223675012589,7.61494493484497,1321.64299416542,0,0,32.9963222146034,126.312007725239
8.21429580450058,3.14599370956421,0.928372323513031,3591.86687904596,54.8972105681896,11524.5226300061,77.8596259057522,4200.76358537376,4313.66091570258,18122.7229660451,17.8139181435108,0,21.2003024220467,233.365439325571,3630.47362980247,6.06529057025909,1.56751298904419,1.25916785001755,0.333425045013428,39152.5866404176,10.1256862282753,47.5779136419296,14.7757849693298,1640.64029249549,3.89877676963806,3.51360037922859,15.3286229968071,7047.0154069066,10.658017873764,9.51998221874237,0.413920313119888,18.3760606646538,0.664999008178711,144.987841427326,4575.81373557448,285.820062100887,25.2863598465919,158.557914048433,179.764190137386,2006.2861301899,48.0934385955334,128.391289263964,165.54930639267,1.40506565570831,20.66964879632,50.887447565794,849.862405121326,35.0487426966429,104.526566714048,5.68496972322464,0,2.58139157295227,402.129212021828,46.4269348084927,159.424033880234,1291.88581591845,139.301718592644,773.074600726366,391.718380302191,4.69052702188492,3357.5807851553,0.369444072246552,155.354772955179,730.946772962809,1.08556523919106,0,0,5.74911376833916,1061.02401161194,9.88314628601074,2.58853685855865,9.41069102287292,744.778510570526,0,2.13889795541763,1.22616684436798,1527.7729396522,77.3473024368286,16.1338893771172,0,2.30553278326988,5.72731965780258,51.7029420435429,163.883479624987
42.632778942585,2208.53045025468,26.4553815126419,0.884915947914124,0.53311812877655,53.2039151489735,78.9417430460453,409.08321133256,96.3582924604416,70.0074748694897,18191.0413794219,21.2003024220467,0,346.432499438524,27.2316324710846,205.573332101107,15.8519954681396,760.191034674644,26.9493338763714,0.75477010011673,20.8420071601868,1507.8165383637,31.7141946256161,320.122570514679,10739.2709458172,456.178466141224,2004.3126989603,71.9359580278397,80.0217210650444,27.3010532557964,2774.79301005602,319.4908208251,2.93037307262421,6219.30366063118,39.1311564445496,1021.66920340061,2542.33195000887,633.274808317423,449.203020006418,162.685961663723,15.2721403837204,2860.84381920099,136.570940285921,481.74166098237,199.462423205376,108.258345156908,10.8169825077057,17.6669949293137,499.990437269211,0.891172111034393,160.086037844419,18.7257223427296,0,12.6662530303001,10.3730879426003,20.4504006206989,3.08431997895241,33.101571470499,1.00988885760307,11384.3322909474,10.32848700881,17073.6383041143,15.2845542430878,7.11080703139305,0,3.56332930922508,753.067138582468,4.24318093061447,3.23808619379997,2.96684846282005,69.3750591278076,9.19401505589485,9.93850073218346,943.373550921679,10637.017942369,2939.17081937194,8.18514710664749,17.1778608560562,7.24599370360374,2862.71664220095,2.16534876823425,0.654777348041534,137.125259697437,15.9429096877575
15412.5027763844,116.972601205111,2288.23669064045,12.974960744381,55.4055541157722,1021.44676247239,27045.3825480044,26372.4228202254,392.382369548082,2347.6917925477,1306.6147454977,233.365439325571,346.432499438524,0,68.8513677418232,82.2971027493477,1259.11708772182,210.895023018122,353.944664731622,23.0402577519417,2708.85842128098,678.863899052143,2080.26613751054,3434.53284502029,75.2922213077545,500.495688587427,3076.81099545956,2921.44797998667,25868.9946263433,5292.78036671877,56.0914485454559,1153.81016531587,1569.43942385912,6444.50755268335,108.186995655298,1508.08708000183,814.116080850363,3957.70303025842,933.734447300434,213.978712648153,124.398147493601,588.111757665873,807.023599714041,26.6834113299847,106.062475264072,119.935894757509,90.0575464069843,84.7499703466892,248.468172311783,1.5598828792572,6.78678259253502,169.273290663958,0.39367687702179,11.5978427529335,19.7663106918335,348.4564884305,34.5242571532726,353.651612311602,2.4871541261673,89.2071614861488,7.8032223880291,63.8858499825001,125.817098096013,13.226208537817,82.1849130392075,74.4874154776335,4.43085724115372,4.1512842476368,1.15962725877762,450.090865552425,93.3951363265514,133.558953806758,1017.62077856064,3.01417636871338,104.821033447981,331.845930561423,1981.17322134972,172.600313544273,528.342555135489,9.42723429203033,0.403950691223145,37.5922995209694,91.3755241930485,15.9047946929932
40.8619530797005,42.2972548604012,8.66851139068604,162.747418195009,4037.13343441486,8429.5296626091,251.775418937206,1123.43996495008,5119.56303149462,403.818385541439,56.807480931282,3630.47362980247,27.2316324710846,68.8513677418232,0,265.303406059742,7.55256947875023,11.4890087246895,10.0169792771339,35.9874266088009,281.050445497036,996.309282451868,469.148094385862,3164.00584748387,8.74968236684799,11.3785253167152,237.455359399319,874.602778434753,129.643301993608,102.660479933023,1.22365918755531,33.170246720314,6.23158347606659,178.067665815353,1725.54581934214,560.480388581753,464.698905646801,139.262540966272,203.059240370989,14709.7520361543,145.084563106298,195.174343883991,217.282649070024,20.7208762168884,53.8098438978195,242.696904957294,694.650067180395,36.6239276230335,222.647438973188,0.484658688306808,0,48.0419844686985,47.6631020605564,48.6413362026215,111.222113281488,241.189710497856,50.2235623300076,376.462578356266,46.2908889353275,12.2095480263233,999.773415148258,3.4458594918251,80.2299486845732,445.476586043835,31.635925412178,8.28382012248039,1.67183399200439,7.72926956415176,185.520312190056,91.3792509734631,40.7810170054436,134.180299729109,132.912535846233,0,61.1279349923134,73.2986367344856,270.278555810452,37.7831403017044,47.3449036478996,0,0.90050083398819,4.32092812657356,25.0948976278305,2078.19861331582
70.5609052181244,416.389792174101,74.641888231039,0.963095545768738,506.06407648325,60.1414346694946,1955.13782066107,127.100746065378,189.850997358561,81.6795191168785,240.647441774607,6.06529057025909,205.573332101107,82.2971027493477,265.303406059742,0,124.060047864914,131.31856623292,159.65122500062,0,5719.57428786159,11269.7493221462,6520.87103149295,4283.20839008689,120.171678572893,147.328414231539,2783.85191312432,3680.32346096635,278.4223780334,2769.81201055646,10.9181501865387,27.429106771946,28.0411356389523,2905.06948086619,1044.80541568995,7061.99567973614,959.010893166065,5837.72511234879,5594.82176235318,232.562558680773,590.853013575077,57.5907853245735,796.808793157339,147.178736925125,139.970090419054,263.066804200411,11.7980109751225,6.94669741392136,9.63564652204514,0.374126970767975,8.35973903536797,224.628571301699,0,24.4877711236477,2.03335893154144,40.2696715593338,0.668775707483292,210.749014049768,0.369484752416611,16.9543917179108,3.57544043660164,2.29695254564285,1.34840306639671,8.41356664896011,4479.62530514598,150.468908041716,1.20509815216064,20.2923417389393,2.0345176756382,2819.04838246107,1874.31682622433,9618.90907239914,773.284685730934,2.97520884871483,42.432894513011,1679.97758616507,694.499946892262,17.7231682538986,475.858210176229,2.04839932918549,0,4.69716492295265,45.4102810323238,94.5377273261547
756.979007899761,1807.73926258087,20158.9859354347,0,4.58843231201172,14.934219032526,194.325318008661,693.382046952844,16.53236079216,4.54648795723915,633.31553170085,1.56751298904419,15.8519954681396,1259.11708772182,7.55256947875023,124.060047864914,0,1443.77799376845,14212.8892475665,0.99478805065155,1934.21550559998,690.168110489845,7140.80225461721,93.6915775537491,18.9485473632812,5405.11523276567,21252.2270216346,185.161932647228,1237.24840867519,3888.31945952773,4.78725752234459,15.1683925390244,1.21904528141022,1172.50055369735,16.9242332577705,219.638209402561,233.699585407972,300.76622954011,188.972378581762,4.9798738360405,16.4680234491825,8.25973179936409,27.417561173439,15.5323766767979,9.18897697329521,9.07662361860275,0.41109162569046,0,4.75621145963669,0,93.9752361178398,551.244544893503,0,1.91742920875549,0,1.59548220038414,0,5.62472581863403,0,4.88149642944336,0,14.3923414945602,0,0,19.1300379931927,190.343755096197,55.134143859148,371.561870083213,0,14.3043939173222,34.5725086331367,95.8804306685925,4.72279685735703,1.13832169771194,2153.10292866826,3004.16538003087,3.73205244541168,0,7.87781849503517,15.6782810986042,0,0,0.9505475461483,0
22.2800335884094,1043.60593271255,601.293301820755,0,0.66695648431778,1.81736600399017,39.2061105370522,100.792151510715,25.9094330072403,12.421188890934,9794.94282579422,1.25916785001755,760.191034674644,210.895023018122,11.4890087246895,131.31856623292,1443.77799376845,0,3910.1568211019,0,68.6616120934486,942.327838182449,185.596690565348,168.210161089897,706.361644744873,14442.0752248168,6670.51411187649,18.4485720694065,68.7517889738083,96.3807432055473,620.820248156786,87.191394329071,0.587138116359711,1203.05105784535,65.3904360532761,899.141278296709,1172.17837208509,1310.364828825,747.466550081968,7.17201715707779,73.0081968009472,1.16463959217072,22.038806438446,28.1849070191383,10.8416959345341,18.1791012585163,2.89379113912582,2.09175443649292,1.4107751250267,0,568.094899475574,230.364711374044,0,5.8331543803215,0.389086872339249,0,0.501252949237823,11.5622730851173,0,311.827181100845,0,651.12926107645,0.608488857746124,7.53791534900665,3.00135314464569,9.0986692160368,291.632167547941,185.131865203381,0,0.795094639062881,16.9311989843845,13.9905921518803,2.1269762814045,104.831976234913,10063.1310739368,7922.6465305239,0.508557796478271,0.663435220718384,0.453848540782928,579.234212577343,0,0,4.53008726239204,21.1394039988518
137.258475333452,2012.99998816848,3589.88051405549,0,0.771417289972305,11.2725261747837,81.248662084341,216.047840237617,28.139802634716,4.26297628879547,601.369518145919,0.333425045013428,26.9493338763714,353.944664731622,10.0169792771339,159.65122500062,14212.8892475665,3910.1568211019,0,0,432.436673939228,1264.82535767555,745.583378434181,160.537840217352,90.5554102659225,7460.90542158484,8112.89406302571,69.514189273119,325.307921111584,535.430039167404,7.79213427007198,32.6122050583363,3.33915585279465,1481.795445472,19.0032336711884,292.238854765892,201.261294424534,443.488325119019,216.04222843051,9.422258913517,36.4687096476555,3.29470711946487,22.0363125801086,15.4890398681164,4.38671284914017,13.5196415483952,0,0.463821917772293,2.00242018699646,0,236.805145055056,348.57979516685,0,2.89155438542366,0,0,0,13.6569458246231,0,42.8118681311607,0,83.2939774692059,0,0.586657106876373,5.66805183887482,32.0716868042946,144.395800977945,326.25931070745,0,3.84934234619141,51.9355793297291,41.8356105089188,7.56974363327026,11.7207897603512,5327.63807061315,6146.67410336435,0.646987676620483,0,0.972979784011841,86.0985604226589,0.535078763961792,0,1.73456272482872,6.52077639102936
0.982494533061981,0,1.4634997844696,47666.3023151159,1.1053658425808,813.435956597328,3.13861504197121,367.779316604137,390.898412674665,37458.3294708431,2.33527678251266,39152.5866404176,0.75477010011673,23.0402577519417,35.9874266088009,0,0.99478805065155,0,0,0,0.788271844387054,2.38806480169296,0,342.951062828302,0,0.403071671724319,3.96194437146187,16921.3848184347,1.13400515913963,0.560736417770386,0,3.50482499599457,0,15.8202015757561,0,17.5115313827991,1.73210328817368,27.9883386492729,17.7291259467602,63.1383844912052,10.3988322019577,17.4952430129051,20.2441403567791,0,3.5002406835556,1.63926559686661,67.4369387626648,8.56306621432304,17.4144875705242,2.53604567050934,0,0,894.125871866941,5.29695761203766,34.2936549186707,254.331382155418,24.3375355601311,91.4856289625168,69.086034476757,0.997666567564011,871.468631029129,0,32.2902040779591,66.3604120016098,0,0,0,0,330.111142456532,1.64175093173981,0.367314636707306,1.18067181110382,194.649257659912,0,0,0,347.511220306158,17.1447438299656,3.43635812401772,0,0.653276324272156,1.4282451570034,6.30941501259804,1.19844579696655
407.454390197992,52.8680176734924,7319.69412437081,0,504.374932527542,106.450127542019,5721.02957376838,3088.91420283914,55.70505002141,253.547371536493,106.534766644239,10.1256862282753,20.8420071601868,2708.85842128098,281.050445497036,5719.57428786159,1934.21550559998,68.6616120934486,432.436673939228,0.788271844387054,0,893.53277143836,42232.7946880162,813.272001117468,10.4687835872173,133.665884137154,4675.0084207058,10136.1638654768,669.976793944836,39126.1336788833,1.25772652029991,26.8546225428581,8.3330982029438,15965.3625656664,765.322837233543,3989.47871601582,3192.03466305137,9289.69782367349,4785.54351946712,208.047253668308,410.163793414831,69.660989433527,373.617734491825,87.8958026170731,95.0979879796505,165.942763984203,8.14879685640335,3.15195715427399,22.5387952029705,0,10.236119478941,267.250041127205,0,22.8831683397293,0,32.4807641208172,1.40258502960205,58.8507092297077,0,10.8215996325016,0,0,0.803283929824829,5.92868679761887,1585.27474117279,175.053514122963,0.498106330633163,9.61136770248413,0,1217.20589578152,355.503426760435,5023.30550500751,245.406213998795,1.55783259868622,44.3123291879892,1009.30343776941,228.055390119553,2.07706516981125,191.509692639112,0,0,2.80401349067688,18.1353750526905,57.7123470902443
290.424100011587,4689.47115588188,349.336074411869,2.55233311653137,102.460803031921,308.902743637562,1853.18319061399,793.568851828575,8756.97587016225,189.464409440756,1552.09990993142,47.5779136419296,1507.8165383637,678.863899052143,996.309282451868,11269.7493221462,690.168110489845,942.327838182449,1264.82535767555,2.38806480169296,893.53277143836,0,2461.2477119267,10919.2765458226,1110.36641931534,953.454962193966,8217.62623280287,1228.32467859983,801.821504890919,1981.25925645232,78.0319613516331,32.4708850681782,77.9762077629566,1401.51531688869,309.46075284481,3115.71329596639,2800.60693138838,2166.10206657648,1645.94244599342,167.956537008286,283.620537847281,44.1231358349323,527.831327229738,67.4006041586399,77.3753094375134,130.88378661871,21.419726729393,21.7785496413708,20.8203583955765,2.03600287437439,264.021296739578,582.084828436375,0.935117930173874,22.0702120661736,5.74418798089027,56.7266821563244,7.41965386271477,443.629637479782,4.80617502331734,17.9083522260189,4.847386687994,19.0463773906231,24.1276510059834,12.4417179822922,1864.27482917905,250.89871892333,4.31766775250435,20.2688519656658,9.3485261797905,804.285186737776,1265.3989174068,2824.47796395421,663.86444106698,11.4937146008015,130.193843960762,4463.92230677605,623.097774922848,51.1394210457802,283.733872979879,6.07603889703751,0,20.6525352597237,45.0268442928791,61.7566338181496
887.12461078167,277.935544133186,34788.7358541191,0,987.74117064476,96.8799706697464,5118.73993211985,1891.8229687959,46.2147370278835,203.546959668398,215.50812998414,14.7757849693298,31.7141946256161,2080.26613751054,469.148094385862,6520.87103149295,7140.80225461721,185.596690565348,745.583378434181,0,42232.7946880162,2461.2477119267,0,1730.76064747572,22.3712926208973,488.132723271847,39287.5434969366,6116.42237988114,1194.8298124671,19450.4137048423,5.3102910220623,30.9326463937759,27.4412378668785,16996.5845870674,1999.42049378157,9445.88718730211,4387.77547192574,22007.4273087382,16908.0769197047,376.305220812559,1594.60938611627,86.5777557790279,1223.98866090178,289.682714343071,252.57837036252,511.421292662621,20.6569986641407,11.8110989928246,9.02045434713364,0.508439540863037,122.87122887373,3494.45678535104,0.385431349277496,39.5113158226013,2.07190877199173,138.469216018915,2.44894379377365,62.1185890734196,0.3422831594944,29.7672004699707,0,7.69741430878639,11.6732924282551,14.647377371788,3873.81436622143,2762.46794384718,20.6869670450687,95.9386465549469,0,1352.43580937386,875.885562032461,12343.6471255124,224.969544649124,12.3821622729301,212.199652224779,12592.690660134,243.331681966782,11.3624941110611,390.07866409421,9.25517955422401,0,9.92565658688545,36.0012676417828,159.450564950705
1759.88385689259,603.516384929419,26.804133951664,2299.55360993743,319.835806459188,1630.41099606454,17257.8647490889,3747.56520198286,32685.6592191607,5294.67267146707,411.542835980654,1640.64029249549,320.122570514679,3434.53284502029,3164.00584748387,4283.20839008689,93.6915775537491,168.210161089897,160.537840217352,342.951062828302,813.272001117468,10919.2765458226,1730.76064747572,0,122.201792448759,162.942207694054,1053.29386597872,31882.4705759287,2060.36352154613,2187.582144171,18.7215192019939,152.925178974867,209.855207055807,3400.69361297786,901.500533550978,6126.69213542342,375.32062715292,3125.79206602275,1424.54681500793,812.462056934834,516.813863962889,326.769644677639,3525.53373530507,26.7157881259918,405.139754891396,236.796829223633,523.277453541756,603.154598623514,194.437810450792,60.9250383973122,4.07922196388245,160.642706155777,399.867882400751,119.76992380619,543.615156441927,3981.89226859808,745.924982130527,4860.40941798687,445.154955744743,51.8550980687141,1393.21728092432,3.7744734287262,1539.18075069785,138.223884671926,424.769215285778,30.7127554416656,3.23692321777344,19.5999099612236,956.848711490631,1881.11538311839,1163.7188629806,554.187891423702,11686.9217167199,1.84517294168472,29.0507627427578,92.8230677843094,14690.9311021566,1252.17718502879,2349.65070179105,0.452067732810974,42.1658301949501,261.728868663311,706.989994138479,253.476548671722
4.34578517079353,2748.8104865551,34.7366680800915,0,1.41251474618912,7.7671023607254,26.2558624148369,74.1438722908497,46.5874318480492,9.87583643198013,3415.98128533363,3.89877676963806,10739.2709458172,75.2922213077545,8.74968236684799,120.171678572893,18.9485473632812,706.361644744873,90.5554102659225,0,10.4687835872173,1110.36641931534,22.3712926208973,122.201792448759,0,1652.23583766818,13311.0779264569,13.8441342115402,13.3314801454544,7.18988063931465,310.409684956074,53.2919212579727,0,1097.4934412539,4.07316362857819,55.7979310154915,86.9636844098568,244.093637079,67.8808057904243,2.15107405185699,4.57770776748657,1172.61637336016,7.88479977846146,73.5188657939434,1.88106065988541,0.63367235660553,0.482350498437881,0,45.7590450644493,0,865.755190163851,4.87338402867317,0,0,0,0,0,12.9780249297619,0,996.301301658154,0,2832.21323990822,0,0,1.23491406440735,0,19.4018722176552,1.30821454524994,0,0.556448101997375,56.2348172068596,2.02503204345703,2.57807064056396,360.66421598196,1283.24693360925,1813.87923359871,3.24197381734848,0,0.395044028759003,307.781427890062,0,0,10.8533708453178,0.679108262062073
42.9368641674519,3549.8323327601,14176.4081737995,0.558368802070618,1.54380655288696,12.9484322071075,64.7042225003242,249.436163067818,33.2952885627747,30.391738563776,3005.10760492086,3.51360037922859,456.178466141224,500.495688587427,11.3785253167152,147.328414231539,5405.11523276567,14442.0752248168,7460.90542158484,0.403071671724319,133.665884137154,953.454962193966,488.132723271847,162.942207694054,1652.23583766818,0,70433.277482599,36.2521987557411,145.878696292639,115.164133191109,975.56097728014,236.092244923115,6.02143353223801,5089.87556567788,61.9692716896534,698.806997150183,753.429637938738,2342.10723471642,968.015910387039,3.01246958971024,45.9800109267235,0.376192212104797,14.1336106657982,9.3886536359787,12.8683902323246,17.2234176695347,0,0,0,0,863.842213958502,239.386815518141,0,15.2197897434235,0,0.561805844306946,0,11.9336878359318,0,167.682607918978,0,346.291600912809,0,1.76686227321625,3.66907820105553,18.8151166439056,138.307939976454,129.838510781527,0,1.58533546328545,63.2516815066338,18.4219333231449,4.57356998324394,76.3693418204784,6399.50075373054,7393.08963532746,1.64723312854767,0,2.00985300540924,330.507507383823,0,0,3.5197716653347,21.7571763694286
501.967393666506,16539.4879599214,46716.2349279076,0.49664717912674,191.239474952221,71.7245972454548,1107.00692045689,1580.05148985982,215.751664489508,148.056950569153,7802.9886611402,15.3286229968071,2004.3126989603,3076.81099545956,237.455359399319,2783.85191312432,21252.2270216346,6670.51411187649,8112.89406302571,3.96194437146187,4675.0084207058,8217.62623280287,39287.5434969366,1053.29386597872,13311.0779264569,70433.277482599,0,652.752132713795,936.941897213459,1885.90113446116,3358.89030385017,1180.05977120996,17.6943192481995,37449.9524914622,1882.84602546692,12416.9564782977,6413.5255202055,25947.8358623087,18686.7312413752,212.63011905551,2275.92430269718,32.8112343251705,1085.04047235847,385.228390842676,248.399012237787,404.242293417454,19.9982079267502,9.95312577486038,16.7870403528214,0.888963401317596,6876.7897182405,9769.8580981046,0,131.595366239548,10.1440082192421,59.2112616598606,2.36574593186378,187.077507317066,0.306081026792526,1166.4217338562,0.486022502183914,1870.39927503467,7.45787173509598,43.0943250656128,1495.28497180343,4639.29110407829,856.441258639097,1372.99198709428,0,223.388690024614,1386.30444008112,4642.63039529324,103.806667476892,482.346702545881,30576.6310204118,80675.5339151919,69.4244357347488,9.32928782701492,161.98788112402,1680.35566660762,0,0.639627158641815,41.2951213866472,415.044094651937
1039.04962983727,61.6836864650249,378.974321365356,6378.5869500339,240.665151298046,3155.02403020859,71944.0852459669,4386.72806484997,4258.97606724501,14682.1776496768,103.124470382929,7047.0154069066,71.9359580278397,2921.44797998667,874.602778434753,3680.32346096635,185.161932647228,18.4485720694065,69.514189273119,16921.3848184347,10136.1638654768,1228.32467859983,6116.42237988114,31882.4705759287,13.8441342115402,36.2521987557411,652.752132713795,0,2176.13659289479,22699.2724191248,5.49873295426369,103.391225963831,214.709943383932,7163.54209980369,602.870340257883,4918.52948769927,306.757573246956,3762.80526360869,1490.78741717339,508.358055323362,407.4664888978,297.572312891483,1215.46736046672,18.8528309464455,181.110843926668,138.423279136419,386.941367119551,302.948519915342,183.007658660412,27.4157638549805,1.75092113018036,68.9597663879395,453.505964577198,94.6940946578979,359.844723194838,3537.82612651587,561.028738602996,1367.71182498336,427.367762953043,24.7872914671898,1713.13267359138,2.29178613424301,944.300102651119,188.614881277084,229.109406322241,16.7335447967052,1.34540599584579,4.35799045860767,1185.19547876716,756.255659133196,240.077572509646,343.290841758251,5470.4060639739,0,10.466176867485,84.1496956497431,8274.10658833385,553.234424620867,759.094068914652,0,16.3571367263794,64.3680037856102,394.685051977634,93.0578534603119
10397.6317782104,39.7966874241829,473.547048062086,1.07537406682968,122.624243110418,157.821619898081,3885.43687981367,3979.83992254734,79.1044896841049,145.240842044353,283.890750825405,10.658017873764,80.0217210650444,25868.9946263433,129.643301993608,278.4223780334,1237.24840867519,68.7517889738083,325.307921111584,1.13400515913963,669.976793944836,801.821504890919,1194.8298124671,2060.36352154613,13.3314801454544,145.878696292639,936.941897213459,2176.13659289479,0,11808.3139284253,5.09165477752686,2403.03646895289,41819.931381315,8731.10405001044,241.617432296276,1876.25335651636,672.631372123957,3083.56007251143,717.245443463326,120.894501000643,202.881219834089,150.92047303915,397.792844235897,15.6015637218952,69.3078387975693,59.9721027612686,23.2324181497097,18.1583702862263,34.4588966369629,0.399782747030258,1.74980506300926,95.6045491993427,0,6.38170838356018,12.1033049821854,44.4429935216904,7.28778058290482,114.699940443039,0,16.1569459140301,0,10.5260768532753,18.8940713703632,5.84207046031952,149.848856270313,27.965418368578,2.23462030291557,8.05929452180862,1.29319831728935,815.457182660699,133.098554998636,295.754690870643,363.463623166084,0.791668891906738,36.0512872636318,106.403377622366,483.79968842864,56.8903371691704,458.550750046968,2.42616075277328,0,19.9957903325558,59.9364342987537,39.6260088980198
7131.5893753171,56.7413095235825,3855.12179112434,0,114.271620601416,88.6545169353485,10131.2590045631,2203.59884285927,107.768485575914,54.1938158869743,81.1495512872934,9.51998221874237,27.3010532557964,5292.78036671877,102.660479933023,2769.81201055646,3888.31945952773,96.3807432055473,535.430039167404,0.560736417770386,39126.1336788833,1981.25925645232,19450.4137048423,2187.582144171,7.18988063931465,115.164133191109,1885.90113446116,22699.2724191248,11808.3139284253,0,0.629134297370911,49.5811707377434,403.176917850971,8335.84337592125,270.800912320614,1453.19643649459,2482.41326761246,2777.38848876953,919.381981045008,107.897528499365,183.458597511053,79.629152983427,1077.45338043571,114.548138260841,224.60291826725,198.68688929081,15.9851283729076,15.5895757377148,23.2392902970314,1.66609090566635,8.79248064756393,440.537887483835,0.311476945877075,9.88695555925369,1.27897155284882,72.5682824850082,1.9459165930748,281.013228625059,0.882260829210281,40.6943399906158,0,0.875256687402725,3.6430147588253,6.01929342746735,2169.56525895,146.799263328314,4.41156050562859,20.5797110795975,1.31056308746338,5908.58925676346,760.306908249855,4728.44213989377,1187.91769444942,0,51.5955564528704,527.589132755995,1196.26089194417,36.3763341009617,1329.39342188835,0,1.16910552978516,22.9508527815342,103.283509552479,51.8880532085896
7.61840122938156,107.228055268526,4.06866210699081,0,0.559747457504272,3.35905918478966,5.64565017819405,38.9472145438194,3.64706325531006,6.12348315119743,2358.67011386156,0.413920313119888,2774.79301005602,56.0914485454559,1.22365918755531,10.9181501865387,4.78725752234459,620.820248156786,7.79213427007198,0,1.25772652029991,78.0319613516331,5.3102910220623,18.7215192019939,310.409684956074,975.56097728014,3358.89030385017,5.49873295426369,5.09165477752686,0.629134297370911,0,36.1906478703022,0,217.342878133059,4.148985683918,70.4099033772945,324.849193900824,176.563431292772,48.9098982512951,0,0.597641706466675,0.83142101764679,0.57001143693924,7.38220119476318,0,1.74545115232468,0,0,0.679826974868774,0,26.3543078005314,5.4992918074131,0,0,0,0,0,3.30929952859879,0,451.61376708746,0,514.222388535738,0,0,0,0.422721713781357,89.003881841898,1.37740403413773,0,0,1.80813592672348,0,0,32.6676116287708,1475.61446124315,457.858303010464,0,0,0,307.038488388062,0,0,0,1.24910238385201
