0,0,0.00369144611211926,0.000712963197610188,0,0.00702090631424885,0.439500732935256,0.111410265043058,0.00102943120699209,0.0137525161325585,0.00961399186911779,0.00373306387261272,0.00224775066997585,0.749413900440602,0.000452813580434257,7.64463555504618e-05,0.092467341123203,0.00605277585214613,0.0188195367349764,0.00248511013313183,0.00581109321560897,0.000108618430424684,0.0267749780254096,0.00959907913707604,0,0.0332892784445275,0.0172862464626215,0.0381414046501921,0.379812510277184,0.902210992370916,0.00037731357185052,0.00427889843036764,0.00316472935902537,0.0376938546784518,0.00238848138220225,0.0268233636053599,0.00202135455701687,0.0223179990975012,0.00613905873047707,0.0014603611695449,0.00093803937267809,0.000437495413500756,0.000561332204211956,9.57410723271666e-05,0.00048948292156527,0.000554347232842809,0.000845694078204993,8.55777652635277e-05,0.000137668571478993,0,0,0.000709307520396119,4.38972153212965e-05,0,0.00014375863794229,0.000134032554249358,0.000295908243461377,0.000606432443261576,0,8.26180583277583e-05,6.51812570317984e-05,0.000131424432799432,0,0.000246030372093844,0.000183239941610205,0,0,0,0.000203264613206256,0,0.000174277720447504,0.000151263674802831,0.0033694274202825,0,0.000148148997164753,0.00116610622577317,0.00207219254715742,0.000227376696298939,0.000297201137135911,0,0.000134578500834024,0,0.000352304223458719,0.000142534003597123
0,0,0.00916690603904853,0,0.000140062778554219,0.000263542104138118,0.0011809348543991,0.000307220430331814,0.103673019957544,0.00024073693195594,0.0412646882479778,0.00137433825033075,0.10336334934723,0.000974345992218312,0.00312043106678978,0.00863578853331877,0.00896108242020669,0.000308876547127354,0.00100166218539021,0.000118010213283742,0.00143649997107337,0.304776149510994,0.00745287684742366,0.0803818035028832,0.241730235683582,0.0106584485990958,1.34200078461247,0.003512924103658,0.000702797163075846,0.000562920424487221,0.00181380448336746,0.000530811717422139,0,0.0152159488630823,0.000731825437412775,0.016280265342314,0.0093482186469937,0.0185375164479352,0.00461077324521251,0.00199327023724084,0,0.0498379111387895,0.0664180341576297,0.0238504351251786,0.00512307139090597,0.0141609620815373,0.000479212807773345,0.000143080560554731,0.00409408987297815,3.58855539791286e-05,0.107277230512279,0.0266128163081805,5.84532398664951e-05,0,0,0.0035175953155326,0.00013955601961981,0.00284358773896052,4.82752795838893e-05,0.0161398416370069,4.63506029619097e-05,0.0289375753762101,0.000654221279086026,0.000161423641888654,0.00418122766611634,0.0291541175664914,0.000736493162051755,0.0102478433939413,0,0.00165538373336735,0.015654569001841,0.0235211453165761,0.00532854022087111,0.0105425014634316,0.0411570398602218,0.614723502107579,0.00282333137107593,0.000590827733975708,0.000956756847384703,0.00662863219638662,0.000257359649406678,5.71648151463032e-05,0.00621774768798831,0.00464279552688359
0.00369144611211926,0.00916690603904853,0,0.000110584546247462,0.000228107099294221,0.00266660486910692,0.253283549860022,0.024019648536503,0.00131885196291101,0.00517026258625269,0.0010080049590568,0.00288002177278545,0.00329458234400044,0.0372903072561828,0.000465209486598605,0.0043269144038911,3.38751042464217,0.0057743602932517,0.108953741167545,0.00101358571838537,0.357927444102389,0.00379810781920831,2.97463522452925,0.0105896240686525,0.000245766887326348,2.15916787826849,3.01019005817767,0.268451674421623,0.0134879319340003,0.0359628938203611,4.51705301099002e-05,0.00309682275692609,0.00139955653407601,0.186690380843331,0.0203026444104732,0.466316543222402,0.223595312013291,0.130170957632714,0.130347926903629,0.00128792558451682,0.0014841440524727,0.000755614199982039,0.16502318642182,0.0513971669066167,0.0118354433094098,0.034023265545461,0.000870560409386974,0.000530560997132161,0.000121273544477588,0.000107854905093491,0.010925962824672,0.291029209350819,8.10842551479219e-05,0.000259678733658189,0.000251618451629376,0.0109195769877003,0.000208175308959845,0.00108548510923597,0,0.00109755838208,0.000409191438429684,0.000142010828618395,0.00103835151303383,0.000414881202682793,0.00744002759209159,0.106368013622219,0.00132591026333303,0.021335368614705,0.000161556120561442,0.00481743065483577,0.0058090190296286,0.0910753324395944,0.00807317710053006,3.94247822797537e-05,0.0817304895711366,0.652657743558128,0.011108213213021,0.000405264181537029,0.00149042565439225,0,0.000195757969314855,0,0.0102715574946679,0.0177430300473961
0.000712963197610188,0,0.000110584546247462,0,0.000739585223878381,0.0340814551127529,0.00480198111046179,0.0294405125628781,0.136203647485722,0.247188576395221,0.00838587102248117,0.728041913351663,0.00509074586059095,0.0203607582317635,0.0110795659458531,0,0.000136044223954868,0.00338992755105919,0.00117409683138299,1.60191697441176,4.48402543227732e-05,0.000200884154461438,0.00017532505639202,0.255596594817,0,0.00354190566525727,0.000765795141701709,1.33828681335276,0.011154463548355,0.000916039564117901,5.84307521053165e-05,0.00325462514578098,7.55156477897641e-05,0.0118822048950414,0.00106346228150599,0.0350973665611988,0.000914505970086834,0.00973134027166632,0.001958095319564,0.0100206461003358,0.00352533994298068,0.00172605404439433,0.0052426568871196,0.000197591175362277,0.00127812941037569,0.000809598421480799,0.014807235013736,0.000962515188958681,0.000704944807226452,0,0,0,0.123145286467698,0.000373152189982581,0.00314223186175808,0.00100105655030743,0.0041739371198567,0.0496249341325981,0.0216799756714803,9.89611652139544e-05,0.0869756063145697,0.000232945448780733,0.00189748228571066,0.00621827831549262,0.000100247500580612,0,3.07168582778424e-05,0,0.0657660053360197,0,0.00018160626775825,0,0.056786465498395,0,0,0,0.1061971664282,0.0011767596985907,0.000193361753984597,0,0.000127324769026351,3.56722542457134e-05,0.00118190426748738,0.000179602302410513
0,0.000140062778554219,0.000228107099294221,0.000739585223878381,0,0.128614007316053,0.00205495744424063,0.00461270491124494,0.0164756300905985,0.00205687537047932,0.000561939000283831,0.0317935333344513,0.000800207366374091,0.000444379459917247,0.369742032030098,0.000246018766471249,0.00020870201812596,0.000113034278052932,0,0.00360519726528113,0.00687592444838017,0.00111634946434883,0.00536268921260819,0.00746045456348204,0.000151154300666678,0.000478738641900408,0.0015333648595016,0.0089548747182308,0.000251553865208522,0.00261339050075675,0,0.0177337665516977,5.27511998610556e-05,0.0587561356636727,0.175813886494113,0.0142661285990047,0.00191079182413252,0.00511538752544408,0.0044618773372388,0.502622149759092,0.695272495140354,0.000268716393501932,0.00165413170053324,0.000446177810681802,0.000997528722748968,0.00249654419611289,0.00421486906232393,0.00081107764323403,0.000503144858592162,0,0,9.88229904384255e-05,0.0024134682044178,0.000214271882510912,0.000903699389698398,0.000259746250296003,0.000798547455022289,0.00152173478357327,0.000956078996219286,0,0.00604820263714139,0.000369072773090994,0.000252522426762522,0.000725868888963601,0.000723388499789878,0,7.36376540270449e-05,0,0.00214758634871496,0.000872367337385288,0.000136681905751312,0.00117472816188615,0.00357426105049221,0,0.000369740444260132,0.000743188016331891,0.00673931103885121,0.000124944805409235,0.000441286576434732,0,0.000482708631301564,0,0.000436845519977117,0.0641625587805591
0.00702090631424885,0.000263542104138118,0.00266660486910692,0.0340814551127529,0.128614007316053,0,0.375273289841968,1.10634046915393,0.0351876003473068,1.7060270409218,0.0283598732727276,1.48467106871616,0.0319384854670478,0.106469819535106,0.0757533738629712,0.000172931779815405,0.00945391142971965,0.0101266595913597,0.0033454681438426,0.15141145967412,0.00298070064270536,0.000581143098020258,0.00592624054930103,0.059639847345619,0.000936053566992485,0.0121034106589987,0.0074779032478428,0.37510722526569,0.0435220940511274,0.0333964319051937,0.00160140669548861,0.124301868372183,0.00123148147042385,0.0528919065851985,0.42494986415695,0.27628069506969,0.00765862285286409,0.0545715284479396,0.0433939062595777,0.0986058353184644,0.15134639823159,0.0147906042696676,0.0328242149736492,0.00240231252912122,0.0259009637182863,0.0241565239774289,0.0329571965937415,0.0161182955041427,0.0100419796633532,0.00030662698990286,0,0.000162019822593337,0.0197429513030421,0.000191754234399819,0.0128587227307767,0.00511928419326196,0.0199234850345632,0.0273555511695542,0.0132117173842055,0.00122941301682713,0.0280726448441002,0.00377895566719714,0.0122269128650313,0.00665022821123265,0.000501660862698117,4.82564732679069e-05,0,0,0.0195214478094072,0.00022551898143028,0.000572866643663692,0.000273520327344829,0.127044926323747,0.000349350236101574,3.81781745086491e-05,0.000244802764848295,0.119876896451683,0.00903535151571382,0.00397123624581981,0.000164974010562569,0.00532237447243126,0.000168496711841977,0.0140501859763577,0.029490979040777
0.439500732935256,0.0011809348543991,0.253283549860022,0.00480198111046179,0.00205495744424063,0.375273289841968,0,1.43343948434699,0.00988272601252099,1.27422642603446,0.101610339857147,0.0312735924252977,0.052321674304753,3.45075917786413,0.00954941841975501,0.00138258261529023,0.425786769221188,0.0475698521231913,0.0607093191328965,0.00949119654324631,0.410269340557861,0.00298923442474572,0.684497546375696,0.0215171163214535,0.00108665255419741,0.297475774296349,0.225929719141852,3.94818659466923,0.546336533497485,1.57663702768234,0.00616535686853232,0.0322308978528342,0.0474618522139747,0.282850956697597,0.0699994021431027,0.472609139973305,0.0346383247608673,0.30400068266428,0.100706266396335,0.0351208687686106,0.0387218544755264,0.0112642243707062,0.0163183121906022,0.00359456640400671,0.0111326716763562,0.010178460216461,0.00859256831976282,0.00528548370037483,0.00445490297910267,0.000367741310675829,0.00075524224810112,0.0175348297451581,0.00525579065307315,0.000143724371690654,0.00173072663280931,0.00338966122144159,0.00395256436554518,0.0102754229352938,0.00499102169078355,0.000579728452017027,0.00677450012529017,0.00316322770073108,0.00352077405031709,0.00248352965776359,0.00663065674154655,0.00237467391818029,0,6.26438364030093e-05,0.00621615967899599,0.00212004570263134,0.00230289350737009,0.0104768194978406,0.0468817858266303,0.000280791687406021,0.00116739046965212,0.0489829294871675,0.0418343575639581,0.00553820687154202,0.0099324144143099,0.000175095018354446,0.000778054964578232,0.000648872770930499,0.00408773580314377,0.00749644673851652
0.111410265043058,0.000307220430331814,0.024019648536503,0.0294405125628781,0.00461270491124494,1.10634046915393,1.43343948434699,0,0.0333451243547215,0.53348605135205,0.0275589840536172,0.537648055904966,0.0561506019517277,1.93662782860306,0.0126908316198708,0.000156021378230748,0.192832011113431,0.00955198801301352,0.0271167587364017,0.106871153544473,0.0264811440789055,0.00171825301293749,0.0940799593708563,0.141048203438525,0.00130575456963599,0.0752081471064828,0.0459402499923068,0.493049431218724,0.145596708790115,0.587823371421297,0.00179487858337428,0.0500316983888745,0.00557202571340807,0.0807261460750324,0.0326806021913643,0.345849233033931,0.0106236189326849,0.0697170303516742,0.0488245468214512,0.0673089626459548,0.0376868497184358,0.0177633593889941,0.0764519181522625,0.00321472029877928,0.0369487808487541,0.0246781441634032,0.0808047802078212,0.0204715461623854,0.0115536893061016,0.000806956866105971,0.000117336276188171,0.00135725766140364,0.0312114653378841,0.000350226460607538,0.0133318471538136,0.0108572247324277,0.0267293349385918,0.058570115853191,0.0228411555430863,0.00248754161777415,0.0478952710767756,0.00641554417914981,0.0206632332322856,0.0172697569217175,0.00180406042141693,0,0.000190630465250516,0,0.0461899161383348,0.000600846105209684,0.00149120702993076,0.000406250382015404,0.34921144799941,0.000137272072361756,4.91190198711097e-05,0.00386050632837177,0.283349565714789,0.0127363315528918,0.0103326848594947,7.85191863321661e-05,0.00616604098135583,0.00084230600044035,0.0278451432987903,0.00704786434868783
0.00102943120699209,0.103673019957544,0.00131885196291101,0.136203647485722,0.0164756300905985,0.0351876003473068,0.00988272601252099,0.0333451243547215,0,0.0567285359329033,0.0199820803782142,0.503617744794749,0.0303467674731106,0.0132276643441126,0.175749495394734,0.0365745820121643,0.00152072758071682,0.00223064906159729,0.000678710871441248,0.109582554191776,0.00780592374109335,0.589255906614616,0.0136780697685292,1.96739824937524,0.0726823095399658,0.00351923468335312,0.362760103596292,0.989515762688971,0.00709009529069318,0.00395396848154806,0.00115954184191079,0.00164040891828748,0.00134409173775953,0.013630753418985,0.0020882880411068,0.0413083482544465,0.00420103810748036,0.0127112986027015,0.00393662871247662,0.128352127594637,0.00269704398635412,0.0127539893219981,0.0730175225612645,0.00452173161776758,0.027782364183682,0.011518433477729,0.0578703891263858,0.00914024343791885,0.00230427277521853,0.00383624544446551,0.0039967816489131,0.00331568379456589,0.0630744119437629,0.00193073371976718,0.0123441110219324,0.0295228756155002,0.0243210003483703,0.449666447437832,0.0227473556253164,0.00797454876143772,0.0656802280364265,0.00865208715127365,0.0338238624737501,0.023948943069275,0.239582012711619,0.00269654761443059,0.00465015279160103,0.00150679106976925,0.0327129765195021,0.0585114840621654,0.159842207861414,0.0720063422116692,0.591923393920801,0.0030788851339598,0.0075304408193081,0.0288337499249279,0.324838861919897,0.049233375798659,0.0590053110463789,0.00349508604190901,0.00341338003228378,0.00333765337472622,0.0222487184690778,0.0115104411925265
0.0137525161325585,0.00024073693195594,0.00517026258625269,0.247188576395221,0.00205687537047932,1.7060270409218,1.27422642603446,0.53348605135205,0.0567285359329033,0,0.0873841607071857,1.38537958595363,0.0447602653391876,0.275584867460731,0.00515591492937143,0,0.00474848524920814,0.0369157630232035,0.015531501823117,0.908240815953137,0.00256767530029652,0.000305761767049062,0.00569766059238077,0.0234177496404074,0.000725369595359803,0.0488799145642014,0.0180806300793449,1.8711515269799,0.150725172986033,0.0145451465554443,0.00511667134889133,0.0257172186909318,0.00193732815062488,0.117275815135046,0.0155596943133567,0.299705108345722,0.00861286577257578,0.0992938281696605,0.0202710215239896,0.0353843993332854,0.0296775614657199,0.0126143532752292,0.00816522901263229,0.0013213848740362,0.00662188760524834,0.00852354068452164,0.0183518872334534,0.00452431417398156,0.00405425143071112,4.64131128342569e-05,6.22625731334567e-05,0.000190132802153456,0.064093461656706,0.000472447259074581,0.00322540446738014,0.00318658162593295,0.00886329165791541,0.0496801467424491,0.0398522713310014,0.000442486215367645,0.0625969741816053,0.0027673158070822,0.00444069351620448,0.00603812044351983,0.000682300493924725,0,0,0,0.0501014072045881,0.000152877319458747,0.000142193246895584,8.14709157362577e-05,0.117075341238703,7.70301836726549e-05,0,0.000938162657341659,0.196342074958259,0.00213813296514045,0.00116431433087628,0,0.000102914542227048,5.45309065066337e-05,0.00550350931886064,0.00145447677315323
0.00961399186911779,0.0412646882479778,0.0010080049590568,0.00838587102248117,0.000561939000283831,0.0283598732727276,0.101610339857147,0.0275589840536172,0.0199820803782142,0.0873841607071857,0,0.108951439918562,0.453889801179187,0.0829558524881811,0.00156094092428928,0.00147164821161111,0.0575312027010123,0.721682386027681,0.0907356298627991,0.0394262159967101,0.00761235929634004,0.022812537354,0.0213524578737023,0.0604890497301191,0.0991394033435092,0.491759381909846,0.0468265087840188,0.113143728142101,0.137996755588473,0.0405267919089585,0.0439217695299509,0.126268830103564,0.00238647447810087,0.699648699474943,0.00594298317088827,0.201985655161256,0.255438960208143,0.577465074841476,0.0972739385567919,0.00900363113815892,0.00346895460396059,0.157309409753385,0.00593972780442107,0.0860813718287014,0.00693799010581196,0.00495077111232742,0.00513436507237856,0.000735469637054518,0.0299284486009287,0.000163218334683895,0.0151991871449317,0.000198762963361966,0.000136482224163866,0,0.000403108081800413,0,0.000626434142639601,0.0102464829174697,0.000115429471115219,0.160871936770339,0.00244102077838386,0.373574293258777,0.00161128090773121,0.000192059275747526,0.000471311939791131,0.000104937126083708,0.00737463264050474,0.000449331426272115,0.000265126634431502,0.00021055438049343,0.0059075317905493,0.00070786443016009,0.0139888180968471,0.0380398659205904,0.0598308952888889,0.105099244037624,0.00284863040545417,0.00332875813239021,0.00062403438458527,0.177509454764011,0.00520245343543033,0.0001287150278561,0.020868895955966,0.0029359867590576
0.00373306387261272,0.00137433825033075,0.00288002177278545,0.728041913351663,0.0317935333344513,1.48467106871616,0.0312735924252977,0.537648055904966,0.503617744794749,1.38537958595363,0.108951439918562,0,0.0369860353241201,0.161192002851388,0.35682854395625,0.000109969561360967,0.00480189198320712,0.0437888928982731,0.0180032469677927,2.75858931248991,0.00166064437983169,0.00553406837012275,0.00362584362519519,0.233875123858706,0.00151284326536588,0.0656853080338415,0.027779192700811,1.08987899340912,0.0625709968585566,0.0174182957871298,0.00740804203096894,0.0290013612182547,6.73979224108636e-05,0.0925193601679141,0.288549829129967,0.187221213042393,0.0140474551955563,0.0602375263430085,0.0215932003352956,0.171028064277422,0.02215000977204,0.0143072559269729,0.0267696916280364,0.00417176099732656,0.0225744159298602,0.0189664857880217,0.0612959920048971,0.00988791253281952,0.0066159038226414,0.000348379828489548,0.000435258076540143,0.00111154920768279,0.094730870418204,0.00204553295520903,0.0135463390394895,0.00665965480455699,0.0250801174338528,0.0516456240575055,0.0327034854976856,0.0029822556531437,0.190812388880192,0.00497160656834013,0.018137369874311,0.0177149385034508,0.00246491937607024,0.00033494613039397,0.000859699275316148,0.000237841192531398,0.0693247081381315,0.000892464698849968,0.0014050347507502,0.00102442440524426,0.136247983469554,0.000961872967780246,0.00478177456480218,0.00482266165126063,0.186325300400145,0.0109042510950673,0.00464473811560384,0.000477818963536101,0.00441819333841824,0.000362284154002333,0.0129288804907288,0.0738284842805913
0.00224775066997585,0.10336334934723,0.00329458234400044,0.00509074586059095,0.000800207366374091,0.0319384854670478,0.052321674304753,0.0561506019517277,0.0303467674731106,0.0447602653391876,0.453889801179187,0.0369860353241201,0,0.0408337920800248,0.0125360798749835,0.00969270803304255,0.00375659532670574,0.01295570007295,0.00180954374516263,0.0163086253884631,0.0187526947385343,0.0544472177986761,0.0543482547916725,0.0773188463197683,0.483047649925598,0.0356435919987983,0.234215713111042,0.142385056362333,0.0269354072822736,0.0442549236758128,0.15294894594033,0.033327539998968,0.000992144475763723,0.119195719645809,0.022411500615464,0.330109867977429,0.282575590628083,0.348147918307974,0.174837532613941,0.205396958634361,0.0330738856996084,0.155870617838314,0.0654311640617216,0.207889745842022,0.0442071279039322,0.0299066369899812,0.100668708872938,0.0157670519061121,0.0593954561279286,0.000475589106845292,0.022848826025161,0.00141373564052408,0.00243609000861663,0.000208156338312685,0.00945578084624861,0.00674017845776711,0.0160552149394966,0.00546320590472989,0.00764264988167923,0.26179979164087,0.00982393804712054,0.747558931624873,0.0105903623872885,0.00399314402251843,0.00289419032362311,0.000506358060240376,0.0258221328810784,0.00312391788838417,0.00431323222638523,0.00199938961014207,0.00879558507887092,0.00187644605114655,0.0287737541147066,0.161265107912339,0.266841778441563,0.546589879889305,0.0280795635238458,0.0121569471911516,0.00471435286772495,0.53932889114003,0.0169269331196473,0.000138404237340278,0.0369980763560408,0.00590323951142938
0.749413900440602,0.000974345992218312,0.0372903072561828,0.0203607582317635,0.000444379459917247,0.106469819535106,3.45075917786413,1.93662782860306,0.0132276643441126,0.275584867460731,0.0829558524881811,0.161192002851388,0.0408337920800248,0,0.0047952815802127,0.000511930129224104,0.292413666543063,0.0363825295935086,0.0563012818859094,0.0671099174448637,0.034051466096465,0.00129417618119821,0.123844839705598,0.0852572706964045,0.00106721782512384,0.128554185876149,0.074422890680216,0.353297594280434,1.10133463105905,1.27253350188734,0.00398074491936573,0.0343037938740156,0.00756644726767915,0.158696574873727,0.0137024669704821,0.313879774080929,0.0137772966401828,0.0870210818988322,0.0466179179220619,0.0420801357559889,0.0292656983459557,0.0125819867837678,0.0360449264606092,0.00298518726371656,0.0222749140922229,0.0189398522905837,0.0318198767126661,0.012865933220009,0.00719302259953195,0.000347179314546472,9.66163428586364e-05,0.00213405734707347,0.00673357107889317,0.000310625423536813,0.00859422046273176,0.00549689953477584,0.012622150315786,0.0301444045941579,0.00462814053015231,0.00182875327649876,0.0171364007375188,0.00521446068342217,0.00652124169119898,0.00682782211348783,0.00111837087441137,0.000189801495561674,8.62837448044178e-05,0,0.0127044699230866,0.000472088208258131,0.00132676359138405,0.000767224720500329,0.138402874808599,0.000155640221669751,0.00081125947034581,0.00799765009681574,0.0838114800787078,0.00577363049849519,0.00598196609437762,0.000181768093418223,0.00455034426654562,0.000222312419188446,0.00997035259060436,0.00138753167063568
0.000452813580434257,0.00312043106678978,0.000465209486598605,0.0110795659458531,0.369742032030098,0.0757533738629712,0.00954941841975501,0.0126908316198708,0.175749495394734,0.00515591492937143,0.00156094092428928,0.35682854395625,0.0125360798749835,0.0047952815802127,0,0.000920699001770386,0.000939210511889758,0.00058363329157615,0.000163004712690639,0.029512980268561,0.0147048052506149,0.0173094057322089,0.0171435291934812,0.0882702012799,0.00178670421069112,0.00161135311100882,0.0166114629142322,0.0730103549304567,0.00288345051504676,0.0165488347597186,0.000189868017675742,0.00196624730265785,0.000700222025240708,0.00270016581773382,0.249276553683938,0.0685744972411487,0.00676121599417561,0.00384162061908929,0.00480261557392817,0.519194324025553,0.00252831330106302,0.00282335867352717,0.00979682821762593,0.0012128677292391,0.00271670754125607,0.00301570566115285,0.0340772398665399,0.00163685450109093,0.0006349249894252,0,5.60079065877199e-05,0.000275267598857599,0.0305393389862099,0.00104541763199179,0.00369311574462056,0.00112899949907445,0.00494002772901444,0.0119601077306175,0.0102933983416257,0.000848491891187308,0.0461139436263975,0.000924222919527337,0.00530566998421374,0.00878395479592802,0.00524450168171625,0.000260894558144939,0.000258734962636015,0.000285305066654831,0.0185072100804005,0.0022211152752597,0.00354005176628659,0.00232251628039595,0.0350661989190268,4.25139864512443e-05,7.79148189470351e-05,0.00125635520717964,0.0511259804810735,0.00213216748945345,0.00352418832503232,0,0.000663070865099091,0.000191664624822485,0.00283263559102776,0.0610055856951537
7.64463555504618e-05,0.00863578853331877,0.0043269144038911,0,0.000246018766471249,0.000172931779815405,0.00138258261529023,0.000156021378230748,0.0365745820121643,0,0.00147164821161111,0.000109969561360967,0.00969270803304255,0.000511930129224104,0.000920699001770386,0,0.00663904336821927,0.000330304182273879,0.00108387589511931,0.000178836724006694,0.772490133785277,0.764622108381156,0.830585628009021,0.304904384704619,0.00380956743035194,0.00754578971830583,0.57964203542007,0.132452709389965,0.00115589316477802,0.00396329577615814,3.61110035487771e-05,0.000188659938096016,0.000661561848182738,0.00840958362288536,0.017361905676103,0.166394053807754,0.0386405437784193,0.0478684863199589,0.0337238355013404,0.000580119265702378,0.00161107067053336,0.0027293017439308,0.0292993542161119,0.00466831581931937,0.0110748931888386,0.00699268198431012,0.00450044345497263,0.000782889828963294,0.000653103483481711,0.000732674103366959,0.00190270924641792,0.0106145399638247,0,0.000173761566891789,0.000406753128708092,0.00660707300026089,0.000494167286336535,0.0158966200133882,6.63563273866832e-05,0.000454528869258499,0.000525562561335146,0.000539136576914066,0.00237001180214304,0.00137924832504054,0.630877306183579,0.0065239466848106,0.000752029503165524,0.00194978607473513,0,0.135733667806526,0.154094793375935,0.52418537225262,0.172402881542463,0.00060508898680467,0.00581781599551832,0.234039411863435,0.126498315469781,0.00997646974610179,0.0326651673258193,0,0.000224851717887828,0.00102797916817653,0.00801185224590945,0.00786781678463008
0.092467341123203,0.00896108242020669,3.38751042464217,0.000136044223954868,0.00020870201812596,0.00945391142971965,0.425786769221188,0.192832011113431,0.00152072758071682,0.00474848524920814,0.0575312027010123,0.00480189198320712,0.00375659532670574,0.292413666543063,0.000939210511889758,0.00663904336821927,0,0.0729914863991178,0.787941180088601,0.0013215138996201,0.164339975110609,0.00751757328693448,1.31132794164218,0.0141433477428135,0.000210044849270725,1.57789571263823,2.19724208616537,0.157545262873741,0.172740681787408,0.393818012515061,0.000974879481646105,0.00619341951153221,0.0207584651233941,0.566626185082666,0.0182706747530358,0.31839673004689,0.126366057809621,0.198078063814685,0.125947017754064,0.00226601154730625,0.00253616604348628,0.00100302428383191,0.04477096342045,0.0173830359465154,0.00429275509557079,0.0100800489823293,0.000650335156207699,0.000222152074643236,0.000323623112605056,0,0.00464317700783859,0.085015784448429,5.70188421094716e-05,8.28856919239285e-05,0,0.00157354088495771,0,0.000643451636931476,0,0.000345779161699373,0.000121122927484381,0.000529736419567502,0.000100822828299201,0.000513073827263403,0.00666006013274018,0.0288562830201696,0.000441562405248034,0.005653533464938,0,0.00274065443096674,0.00305058507722692,0.0348381265640385,0.00477347024670737,0.000167045168154108,0.0299753926891372,0.250739782428251,0.00519967992638882,0.000314008276850527,0.00122266291739316,0.000198189289626002,8.91697737503259e-05,0,0.00333200748049482,0.0135074087361234
0.00605277585214613,0.000308876547127354,0.0057743602932517,0.00338992755105919,0.000113034278052932,0.0101266595913597,0.0475698521231913,0.00955198801301352,0.00223064906159729,0.0369157630232035,0.721682386027681,0.0437888928982731,0.01295570007295,0.0363825295935086,0.00058363329157615,0.000330304182273879,0.0729914863991178,0,0.37734175316624,0.0155432093587864,0.00749299583502222,0.00028865618911221,0.0246585645198416,0.0194124035392807,0.000905639223203733,0.295552169218217,0.0848422510436385,0.0475996788677774,0.0526251025840296,0.0191093593851971,0.0379795195322121,0.0388133230162191,0.00117097367041468,0.264487441680315,0.0118045732123096,0.260778830457556,0.258026668548121,0.395146825077194,0.0942016774738507,0.00307224237693107,0.00175918050352375,0.00248011901327344,0.00696292196031592,0.0284188827608228,0.00284137528216692,0.00248933926639641,0.000344989381794959,0,0.00277233675838462,0,0.000944409762519086,0.00123992221754221,0,0.000173331014940029,0,7.61131900956273e-05,3.08053282077939e-05,0.00202077184720035,0,0.00649618627032086,0.000175172032053781,0.0126924446392146,0.000120730786344588,0,0.000181876940414107,0.000501673776567614,0.00679034350747,0.00265676292553177,0,0.000224180314053386,0.000150215628179329,0.000779340136821625,0.000480203643671411,0.00202889174089712,0.0763932694820772,0.0564950916920489,0.000175835833970663,0.000319355675237068,4.03725548727929e-05,0.0281598098671278,0.000498847762648004,0,0.00129412319399744,0.0128655748841399
0.0188195367349764,0.00100166218539021,0.108953741167545,0.00117409683138299,0,0.0033454681438426,0.0607093191328965,0.0271167587364017,0.000678710871441248,0.015531501823117,0.0907356298627991,0.0180032469677927,0.00180954374516263,0.0563012818859094,0.000163004712690639,0.00108387589511931,0.787941180088601,0.37734175316624,0,0.00755358710673256,0.0359201009084143,0.00124265528830918,0.146488639549228,0.00915917740507893,0.000119409503925705,1.03799462350956,0.26198877497205,0.0350046149248112,0.0733234048513601,0.0619003766533385,0.00116471578767305,0.0146058313401309,0.00856139904708415,0.617697922561186,0.00904482289248508,0.200247962252416,0.133922479394396,0.222298322371368,0.0637198018007663,0.000866818129642687,0.000904986922335061,0.000623036917817509,0.00710969346739679,0.0080231286085833,0.000540951347991282,0.00183888231731076,0.000179746862626058,0,0.000170157382958704,0,0.000548395409448516,0.00656015390533052,0,0,0,7.7279710960972e-05,0,0.00095745356889124,0,0.000262073073052025,0.000132451694730314,0.000453855499852449,0,0,0.00141388097757791,0.00259655614182356,0.00114499095004715,0.00102927946102236,0,0.00118178268802654,0.000289826060626226,0.00332252062671451,0.00208816260306457,0.000327551206092792,0.0257152306144881,0.0335803811279076,0.00142992788925573,0,0.000185381565264058,0.00177931024463278,0,0,0.000218830533931866,0.00951839964455595
0.00248511013313183,0.000118010213283742,0.00101358571838537,1.60191697441176,0.00360519726528113,0.15141145967412,0.00949119654324631,0.106871153544473,0.109582554191776,0.908240815953137,0.0394262159967101,2.75858931248991,0.0163086253884631,0.0671099174448637,0.029512980268561,0.000178836724006694,0.0013215138996201,0.0155432093587864,0.00755358710673256,0,2.66159246729404e-05,0.000607804399439728,0.00135168990344559,0.0760914723327212,0.000797123341835934,0.0194554156498099,0.00792322421442669,1.22386744410083,0.0398746385734022,0.00500627291730545,0.00212458351600539,0.00972623429391903,5.33679625120998e-05,0.0334193730454185,0.00289873660325403,0.101408725700914,0.00452495398994914,0.0253457674630827,0.00538127499828533,0.0303327479919922,0.0080204402273598,0.00521320570543189,0.00678586902349,0.000441332087634042,0.00601210643620356,0.00482351465598472,0.0187318511129146,0.00276960308151305,0.00194357443201226,4.3493942344898e-05,0,0.00013336475076161,0.0689876643928265,0.000809508116163671,0.00389142348287835,0.00142382464641988,0.00742074793616054,0.0358469369165958,0.0296446237569534,0.000548021101442671,0.0764667625844256,0.00138736042474435,0.0073037434190084,0.00699007406133811,3.91512370295584e-05,0,0,0,0.0384048943006722,0.000286199653569182,0.00043562907871491,5.26668147346437e-05,0.0841358806847944,7.9581747453511e-05,0,0.000182975330000353,0.144882687658267,0.00310129900586561,0.000529296169942135,0,0.000231565835196572,6.47574362557769e-05,0.00363036397037856,0.000329785900949549
0.00581109321560897,0.00143649997107337,0.357927444102389,4.48402543227732e-05,0.00687592444838017,0.00298070064270536,0.410269340557861,0.0264811440789055,0.00780592374109335,0.00256767530029652,0.00761235929634004,0.00166064437983169,0.0187526947385343,0.034051466096465,0.0147048052506149,0.772490133785277,0.164339975110609,0.00749299583502222,0.0359201009084143,2.66159246729404e-05,0,0.0608450027801026,3.36319912490189,0.0283952939466124,0.00084766385199708,0.124902494617217,0.520017684517236,0.675622273271918,0.0296967061566688,1.9088883031221,0.000498607525406608,0.000924909548538614,0.015156853348683,0.682992701486457,0.219867836104969,1.38633226308747,0.139789915306152,1.37367489400746,0.569483227127279,0.00639550360584469,0.0129553909147862,0.00397646425227092,0.0388710096980972,0.00483011866713662,0.013962046230424,0.00957860303493209,0.0108781126207567,0.00176686383117451,0.00202111641553153,0.000990613587861647,0.00109159691650055,0.0181910538670179,0.000343765805998671,0.000445014444121385,0.000728268860435047,0.0109169242492688,0.00138120423739116,0.0179195452051103,0.00018749536359474,0.00110526135050767,0.000869542277440172,0.0020139294363284,0.00415355507917105,0.00241176162301175,0.167320985112091,0.00654485014832048,0.000451411199512499,0.00269728548062231,5.06267434797585e-05,0.097384913748125,0.0397625595866272,0.127893777287093,0.183147755087393,0.000394103642464453,0.00314431185481809,0.114165358257879,0.157423381267628,0.0148802586304485,0.0604688387368469,0,0.000407887630603999,0.00289889684109069,0.0109661579616305,0.0526640322898277
0.000108618430424684,0.304776149510994,0.00379810781920831,0.000200884154461438,0.00111634946434883,0.000581143098020258,0.00298923442474572,0.00171825301293749,0.589255906614616,0.000305761767049062,0.022812537354,0.00553406837012275,0.0544472177986761,0.00129417618119821,0.0173094057322089,0.764622108381156,0.00751757328693448,0.00028865618911221,0.00124265528830918,0.000607804399439728,0.0608450027801026,0,0.20141343247812,0.968133060789008,0.147985045116975,0.00436852068894641,1.04398850742163,0.065150575622103,0.00182367539404732,0.00194300379093346,0.00139774373070457,0.000856176194154281,0.00039744613433379,0.0129079111944422,0.00279915221311886,0.0424240452002412,0.0128924507273803,0.0214603821478941,0.00976109217727353,0.00862580817380678,0.000223541671879936,0.0198266957704889,0.0533095094963212,0.0128145819190287,0.014531467790478,0.0113761498935037,0.00471559217022828,0.000998536610674344,0.00125510070937788,0.000838984513083264,0.0143929872757275,0.023633517636636,0.000237966065018284,0.000445911180146062,0.000808558149642716,0.00945653717088647,0.00235256326717422,0.0695016766514159,0.000265477886986649,0.00672082956505631,0.000150143057824284,0.0106343499527445,0.00440256482885595,0.00139918586269777,0.277692659279884,0.00818763100787582,0.000987860968087138,0.00411755158022452,7.1713788390094e-05,0.0373721099053451,0.154794734059798,0.132177903866901,0.167822844318251,0.00570144889339126,0.0191237640756676,0.549114380702796,0.0683763512559891,0.0118163895480231,0.0199501201475687,0.00247424287825821,0.000272881941271913,0.00121519540139522,0.00718520757004666,0.00561987468163823
0.0267749780254096,0.00745287684742366,2.97463522452925,0.00017532505639202,0.00536268921260819,0.00592624054930103,0.684497546375696,0.0940799593708563,0.0136780697685292,0.00569766059238077,0.0213524578737023,0.00362584362519519,0.0543482547916725,0.123844839705598,0.0171435291934812,0.830585628009021,1.31132794164218,0.0246585645198416,0.146488639549228,0.00135168990344559,3.36319912490189,0.20141343247812,0,0.0751018100110902,0.00157447604459938,0.667421422072694,3.69055903045092,0.903004973468027,0.0526750923137084,1.08986605657382,0.00116056906115825,0.00399190404348285,0.0136340010320085,1.28080119639552,0.289630676811257,3.24180736691415,0.859942766993516,1.97657334225693,1.22620220139565,0.0111198478560755,0.0241249312809301,0.0113529815067372,0.13548009164344,0.0273348143954803,0.029168519264854,0.0335987881660818,0.00704011036716768,0.00205054581160035,0.00618496483681306,0.000134416022117686,0.00304232862859051,0.198934793794235,0,0.00109026302966699,0.000232915608800018,0.0115082504253141,0.0006370605925823,0.00682977405414597,3.72401294676125e-05,0.00195436583524272,0.000524569753462958,0.00313387445829061,0.000728103075887632,0.00176026870457702,0.87972697041165,0.0327195724826947,0.00223386405701634,0.00956249840993155,0.000897142362323889,0.242834459252829,0.131261878676425,1.14435514022184,0.173452395673252,0.000111635352354231,0.0170803150137163,0.984916104851515,0.164913111656493,0.00375134256386954,0.0278318040356329,3.56455514965564e-05,0.000229109316726914,0.000823780541378493,0.012856651982946,0.111150139031949
0.00959907913707604,0.0803818035028832,0.0105896240686525,0.255596594817,0.00746045456348204,0.059639847345619,0.0215171163214535,0.141048203438525,1.96739824937524,0.0234177496404074,0.0604890497301191,0.233875123858706,0.0773188463197683,0.0852572706964045,0.0882702012799,0.304904384704619,0.0141433477428135,0.0194124035392807,0.00915917740507893,0.0760914723327212,0.0283952939466124,0.968133060789008,0.0751018100110902,0,0.0474222109477782,0.0464136667092873,0.997272155265465,2.04446419131351,0.098856953603614,0.091523288398977,0.00303919454280019,0.0124327161943082,0.0230469932495917,0.0928385136667173,0.0494756965502293,0.38829742438077,0.0269705880390427,0.111190473893092,0.046151224697804,0.0562945818178491,0.0213648532079088,0.0236227127102302,0.32656314623703,0.0116848929653004,0.13118873056284,0.0485753885142482,0.188066274343127,0.0399541936543875,0.0135171340002946,0.0125009418635279,0.00666912333007565,0.0197183938995335,0.0913018461816631,0.00290076643262167,0.0444983394044298,0.125325803145215,0.119051285092394,0.499377823762501,0.0494899061091652,0.0162431006429908,0.110827386977022,0.0204000174322421,0.165636165228003,0.0563055824093324,0.162226857294537,0.00940266386652954,0.00515459515794571,0.0024157157277772,0.0866081170793827,0.0608310330806598,0.086391924780055,0.0902010338523397,1.53655486030018,0.0022939684592001,0.00854571855551573,0.14787838992551,0.94385377397206,0.180439590690786,0.219694561060801,0.000466212367758518,0.018164083736097,0.0107854028013182,0.0979421619939294,0.0342158747181439
0,0.241730235683582,0.000245766887326348,0,0.000151154300666678,0.000936053566992485,0.00108665255419741,0.00130575456963599,0.0726823095399658,0.000725369595359803,0.0991394033435092,0.00151284326536588,0.483047649925598,0.00106721782512384,0.00178670421069112,0.00380956743035194,0.000210044849270725,0.000905639223203733,0.000119409503925705,0.000797123341835934,0.00084766385199708,0.147985045116975,0.00157447604459938,0.0474222109477782,0,0.00632209104071237,0.466096487635828,0.00283313069525364,0.000763541141132927,0.000419649961117154,0.0162566182225483,0.00095596512538456,5.36810582216442e-05,0.0250340164328752,5.4800209024626e-05,0.00483938694124413,0.0196052876273517,0.0360221872321807,0.000349742283337837,0.00342473071106469,0.000138926396453547,0.167035532584881,0.010792093647625,0.0307090683205996,0.00553179453456749,0.00263936145543884,0.00109333527998303,9.28514515712502e-05,0.0132191381639898,0,0.0331870472489565,0.000361918252496562,8.45109251290712e-05,0,6.8423144074148e-05,0.000513362038537592,0.000435646849957895,0.00159207275720381,0.000217268687743405,0.0797445472772362,0.000276219178811932,0.141932972920257,0.00106623493261071,0,0.000836582447989939,0.000360316234804952,0.00159048398631239,0.00191124150252593,0.000185656879742119,0.000153092512201953,0.00493579612864804,0.00102201705167488,0.00230869109635111,0.120986255318987,0.0279967459781401,0.13347311097867,0.000863723229368459,0.00298870047433696,0.000218048607777205,0.0261680615329286,0.00423660680747459,2.48478428574979e-05,0.0157573115597535,0.000426713307786816
0.0332892784445275,0.0106584485990958,2.15916787826849,0.00354190566525727,0.000478738641900408,0.0121034106589987,0.297475774296349,0.0752081471064828,0.00351923468335312,0.0488799145642014,0.491759381909846,0.0656853080338415,0.0356435919987983,0.128554185876149,0.00161135311100882,0.00754578971830583,1.57789571263823,0.295552169218217,1.03799462350956,0.0194554156498099,0.124902494617217,0.00436852068894641,0.667421422072694,0.0464136667092873,0.00632209104071237,0,2.12892493975097,0.200117175443791,0.122440757734206,0.0976213264524195,0.102832705025655,0.041726538331535,0.00944825271338812,0.499358741790573,0.0557279554756253,1.37598023859756,0.993699142246241,0.834407001181064,0.381290687899996,0.00458951064125099,0.00397497917862046,0.00521670142438573,0.165293573388992,0.185723402914736,0.0286378201996548,0.0431823706234804,0.00144567220748012,0.000539130007935333,0.00868520961523476,0.000133590247283024,0.0251786364073457,0.0583639571203961,0,0.00038696175829727,0.000177740664935321,0.00581374192899376,0.000225771786805451,0.00264702675574609,0,0.0466199984721406,0.000456825779471988,0.0802812991718812,0.00113487680148129,0.000151033408408946,0.0059406228885973,0.0683461598391797,0.0406286877856959,0.0910525565546421,0,0.00362290787433033,0.00749923632213495,0.0231057717264673,0.00434702203498725,0.0196358383468097,0.760110931400604,0.821857135463345,0.00400578479707552,0.00237593572551817,0.00297271094411827,0.140198414097208,0.00254766320323675,9.79728220277668e-05,0.0250438938378378,0.059597402015453
