0,0,0.0362457456494976,0.000370066632201522,0.000470061887830496,0.00846654055945426,0.999292804381572,0.146033789332921,0.00114751541117504,0.010481804337497,0.00361426770427488,0.00384929568901285,0.000276238691407443,0.905720153680328,0.000728879148177802,0.000108009171525389,0.0211291823883936,0.00165207866891921,0.0020798470560506,0.00142973332426474,0.0183359176348686,4.94002447977662e-05,0.0827756530126433,0.00216241930010095,0,0.0029194260953743,0.00176536696831472,0.0113746514323801,1.01426482770261,0.564363368351707,0.000197831431384384,0.0014952015179649,0.00185583032741547,0.0104245180270046,0.000739728720389306,0.00590879198047221,5.25773732766509e-05,0.00590365026179105,0.00171956458057612,0.00103527272353918,0.00010683819057718,0.000155395741286874,0.000897276188702882,7.6176094762981e-05,0.000100511320683361,0,0.000160524592486024,0,0,0,0,3.55591777212918e-05,0,0,0,0.000814287429356575,4.2522151903063e-05,0.000214191320948303,0,0,0,0,4.92318279549479e-05,0,0.00043060637986511,0,0,0,5.45946073427797e-05,0.000328092588074505,0.000161713211104274,0.000227994031818956,0.00208507889005467,0,0,0,0.000865612244597823,0,0.000273188370904327,0,0,0,0,3.31771044418216e-05
0,0,0.0114159540482037,0.0178864790179264,0.000170710644713044,0.000689926305218786,0.000318582485235483,0.000284305317022651,0.175093984555699,0.00109717647869736,0.0378149498102277,0.0104544408066653,0.204334310863102,0.000529647918572277,0.000719337120010704,0.0290814821238868,0.0077135161396265,0.000352215523447841,0.000794893259261548,0.00478331244719177,0.00555046523627936,0.63699344293012,0.0150895967797079,0.29070184157436,0.269298063615319,0.0338893668948143,2.71182118309258,0.0114762091235865,0.00145868259043694,0.0003940336316742,0.00313788101811781,0.00028514096749574,0,0.0116636654733058,0.00208717365828753,0.0248976861328125,0.0238353722870327,0.0351475170136325,0.0176749693343438,0.00341272608162538,0.000733617491054535,0.0696955924109884,0.0113171589071743,0.00979798159380776,0.00989537472904396,0.0112796797974877,0.000447716414424777,0.000106739628642797,0.00935456145524829,0,0.120060983077327,0.00452678313623965,0.000232201572451741,0.000421729117199779,4.26768537394702e-05,0.00036671257155016,5.71980305179953e-05,0.00156535044578836,0.00044074679605253,0.0104059164411172,0.000302112872757018,0.0142871616126515,0.000233807671283931,0.000164635440891982,0.00316674215606823,0.00985797891153615,0.000964961251415312,0.0173834231038101,0.000297097283459455,0.000351663704889268,0.00570419802015423,0.00260929776485637,0.00438361172046661,0.00983219395217303,0.0812549430931225,0.397943493043405,0.00104926016896069,0.000467697409272194,0.000282299679151922,0.00517719350729361,0.000168413595883548,6.49134002164006e-05,0.00879052680875435,0.00060987995590344
0.0362457456494976,0.0114159540482037,0,0.00303338408507556,0.00507443078384176,0.0590912593944669,0.361408610288717,0.373781602704004,0.00348705021244436,0.0376405164274525,0.00735033475560173,0.00489775931674316,0.000441383296901733,0.380109696813898,0.0324022244091041,0.0146456588867717,2.88561612472747,0.00794680015679038,0.153989415803561,0.00507158875534572,0.556011032666386,0.0112849196285717,4.68330724638217,0.0356752192953396,0.00165427952659204,2.57331505282095,2.81370161063877,0.261132335378085,0.173242030816363,0.198549421324269,0.000275187222853303,0.00542451372400672,0.0108744216513824,0.521860571104345,0.131414853589258,1.002801515471,0.279110998714976,1.32178234948432,0.870917228006625,0.0203483907412447,0.0228990602924667,0.00596087940733508,0.0579495983869627,0.0160757308142155,0.0513684320224576,0.0538783688722059,0.00131254125444889,0.00135185506549626,0.000444977788200974,0.000538430894147604,0.0243837800294526,0.0988027173592421,3.94403298340738e-05,0.00311897360476702,3.00413443163038e-05,0.00433464810821638,0.000308081463161856,0.00335249586361796,2.78438566982746e-05,0.00279583819838762,0.000306969038705527,0,0.00167593598556295,0.00167201324176267,0.00991922216744725,0.0738649940103538,0.00138882121103704,0.0602026189850562,0,0.00332859510848522,0.0093877778894037,0.0312689157889657,0.0081286677201368,0.00133291388001591,0.195524668757004,0.937120032590935,0.00228967489473894,0.0012328456513904,0.00404650841326565,0.000193035966508091,0,0.00033273671257943,0.0364570039676495,0.0515919345528826
0.000370066632201522,0.0178864790179264,0.00303338408507556,0,0.0102002605026562,0.0442549353661571,0.014082034641086,0.0101808428108957,0.295431965915318,1.15897706859666,0.00700740539098531,1.02835089581971,0.0127849620899733,0.0172678088123403,0.0253584150160454,0.000366464229720086,0.000823240270583332,0.00237176444071345,0.00225022505029812,3.31853428096962,0.000573682954507694,0.0247735284302797,0.00147626207334548,0.377939866222112,0.0139716125532646,0.00483603611721061,0.0634929926498271,1.75906095155129,0.0252756272960734,0.0011164001890149,0.000160758755461871,0.00493709144548438,0.00173617543900945,0.00765011530705244,0.00688660083286129,0.0480502159655448,0.00139251278969273,0.0270384709623333,0.00794225848681927,0.0833918883793976,0.00556113363726475,0.00256390666839927,0.0594004718431558,0.000194752864839882,0.0251707500436128,0.00208271685099229,0.0811361338178962,0.00317445669828504,0.00028759298158139,0.000748467346959561,0.000506935046200454,0,0.283134295934426,0.000928448053266853,0.0183462747968328,0.0812350756937463,0.0253148803258773,0.0698460614900484,0.246867398310564,0.000662458311277628,0.0846589096449617,6.97597280099988e-05,0.0147102918795302,0.0107222914788913,0.000458198501772434,0,0.000146929384794831,0.000203908015295863,0.174426734646375,2.17919368922711e-05,0.00227060256631001,0.000218892255357652,0.240307814754873,0.000810137612007559,0.00034739985255897,0.00140371302083172,0.228059625056865,0.0123877393055677,0.000361744561012835,0,0.000501342496074736,0.000602002497162669,0.0140505215047863,0.000915635807804391
0.000470061887830496,0.000170710644713044,0.00507443078384176,0.0102002605026562,0,0.278675438981592,0.016304041989094,0.0388282312912032,0.0427231535796538,0.0422246075390272,0.0052361911069952,0.0815869794441752,0.000794583139774203,0.00752782895272114,1.11250175259535,0.00375510836923867,0.00132590857256279,0.000963046647973359,0.000745160361135006,0.0114591876610536,0.0134878382058911,0.00138377359619737,0.0374736860157464,0.0114316508930839,0.000430928756960482,0.00282463728380799,0.0072666407643266,0.0177055317859121,0.00584388986435607,0.00985658916335105,0.000435399619989842,0.0317066437761023,0.000490200814269483,0.200839766566431,0.105398972060421,0.220003944043973,0.00914385494563356,0.0152359911790386,0.0153644491989255,1.64433292570132,0.884927021212198,0.00542619464836344,0.00352603532718569,0.00218249482541531,0.000571477242180705,0.00869794483763874,0.0024663803458482,0.000240817874908448,0.000109311361277103,0,0,0.000634054939582944,0.000616852570675314,0,0.000278325599996746,0.00127922907007858,0,0.000763745975768566,0.000313602199910581,0,0.00134604773092568,0.000124507599833608,0.000230767529663444,0.000463398837073892,0.000971280848633501,6.39408888682723e-05,0,0.000271540920898318,0.000391196578089148,0.000563261609749496,6.38257343530655e-05,0.00254259258924499,0.00836852666699365,3.77409460522234e-05,0.000665423498526961,0.004010012861377,0.00557488078231663,0.000318655816139281,0.000485680253668875,0,0,0.000150140208095312,0.000326612747472525,0.0204021882891074
0.00846654055945426,0.000689926305218786,0.0590912593944669,0.0442549353661571,0.278675438981592,0,1.48274293327117,1.93563768017153,0.0698544066390977,2.47626016728467,0.0462824844614066,2.21951113556195,0.00232653022646383,0.323232638953143,0.345585260373964,0.000313861834430694,0.0123078268622451,0.0136995998790946,0.0209041302383345,0.140075232076598,0.014399374541014,0.00148093792561367,0.0796851859084022,0.0216258386586159,0.00190228887513354,0.0248596608537756,0.00676657893202901,0.378832300512482,0.0871575794036307,0.0468792022502091,0.00207996320411638,0.0585136366783842,0.00149644635951966,0.0237806615917527,0.71144565186189,0.225715878508836,0.00471167026153878,0.0501681435414713,0.015439948917675,0.881713688180074,0.0544774651451938,0.00633715835906267,0.0416011681890651,0.000488255934736133,0.0090797975336127,0.00518925335867107,0.0413045703952588,0.00355937260801345,0,0.00119053331331611,9.31652540177107e-05,6.22037902504206e-05,0.0120476824359454,0.000941519379208982,0.00229522098563835,0.0202336298610382,0.00525975514583587,0.00906876270287409,0.00661008308402225,0.000553231733936816,0.0231062143577277,4.811574139148e-05,0.00699625212443769,0.00433291210336313,0.00148361186224669,0,0,0.000127584594449401,0.0118570435175568,0.00130493037649244,0.000500524494724721,0.000607643794257939,0.0564673265696034,0.000123039779189229,0,0.000757903803936392,0.048246908661994,0.00448265068510473,0.00182387850847542,0,0.000225903498344868,0.000337808272846788,0.0038563854568541,0.0265828956359223
0.999292804381572,0.000318582485235483,0.361408610288717,0.014082034641086,0.016304041989094,1.48274293327117,0,1.79062019157374,0.0318944395965681,3.19155051640724,0.0486290780643806,0.0542767097030752,0.00244483578300476,3.52048886793815,0.0645802936596326,0.00447596980197654,0.0312839208821364,0.0240158485288337,0.0258743005828019,0.0154809396502442,0.208143466414794,0.00192217770742849,0.664122709193363,0.229343693405396,0.000307402209573984,0.0627789526461058,0.0304062340947837,8.5730015432853,0.350722728283585,1.64747585338081,0.00238031174008101,0.023078917260211,0.017843599509935,0.0912813261002519,0.114056505193591,0.49756250626871,0.032883908622428,0.325034646835236,0.110150016805447,0.0657298841541409,0.0286773088047244,0.00851666414915174,0.0357893025697634,0.000236749391269684,0.00866279067923203,0.00337176370103806,0.00660447392986268,0.003152165830075,0.000201100650834292,0.000388043704269827,0.000325999723908305,0.00176983574259728,0.00415275007264539,0.00125436742269918,0.00287974527905881,0.0243864741692349,0.00809733201135323,0.0141083641592167,0.00846466832364276,0,0.00502753200159744,0.000139968987545371,0.00648491270292475,0.00169552672119141,0.0242652963753932,0,0,0,0.00760274169926047,0.0131359917335093,0.00675261506267488,0.00640628851673975,0.0864914452444375,0,0.000100419089412689,0.00496740636695624,0.0459649526945517,0.00512001556539461,0.00478719191284552,9.33742604076862e-05,0.000111263851350546,0.000422784250724315,0.00295962292806879,0.00840968319938779
0.146033789332921,0.000284305317022651,0.373781602704004,0.0101808428108957,0.0388282312912032,1.93563768017153,1.79062019157374,0,0.0101282851411298,0.876171090448418,0.0377162288104043,0.40382066065859,0.00335913863391727,3.19406849304815,0.0135476105459757,0.000373520468808711,0.0988246261070446,0.00974063208548198,0.0105996165059879,0.0928155013558019,0.117436062363988,0.000406693286953121,0.716658031210973,0.00963735733989624,0.00117803396326974,0.0263856515561298,0.00883510612572134,0.122769196072553,0.269580724868139,0.612036344709497,0.00179734294026867,0.150317895266008,0.00227074626750871,0.0389413883445728,0.0077906616562821,0.179902765804155,0.00460779895039648,0.0606294524611451,0.0164727107900373,0.153276012562677,0.00464773351007849,0.00618973987824172,0.0269829924400069,0.0003478036177665,0.00494968276767656,0.00133229860020429,0.00762907657884211,0.00125600578758716,7.31235695511103e-05,0.000840310657607764,0.000183109491536021,0,0.00193150564405918,4.04173250444233e-05,0.00020101751613468,0.0187587169549204,0.00104584209731072,0.00645656178325564,0.000939479093051702,0.000226276297415793,0.00412980440020859,0.000191561697806418,0.00334980547756702,0.00110533792110533,0.00204313656510115,0,0,0,0.000704022276712954,0.0013795490707174,0.000434342625347525,0.000344899017059058,0.0592187166827336,0.000192223442570865,4.86114286378026e-05,0.000259296558304131,0.0425389816389687,0.00308110297889113,0.00253603694502711,0,0,0.000531480824670195,0.00112581969120875,0.000733639552458376
0.00114751541117504,0.175093984555699,0.00348705021244436,0.295431965915318,0.0427231535796538,0.0698544066390977,0.0318944395965681,0.0101282851411298,0,0.0251456491194785,0.0160426011081487,0.295949503901265,0.100514458155714,0.0159533763358153,0.0958416823123522,0.0206846219429702,0.000806996237032861,0.00140191465564818,0.00199535347417518,0.0837011521018815,0.0229730911597989,0.689863122008146,0.0144462784871444,2.86049793035937,0.138471980514098,0.00579771590588428,0.298711628734165,0.445161945643552,0.0406852770831451,0.0056098129265517,0.00168349641004801,0.00254259286984428,0.00334546294004023,0.00791009435156285,0.025461953585098,0.060582106395033,0.00992839969999193,0.0253888738090798,0.0122788863605059,0.34303332752033,0.00579891806055531,0.0206124327433057,0.0933441758854374,0.00174985392026827,0.0218475585044905,0.00752696613994986,0.125913577003001,0.00645169215426743,0.00151088216539398,0.0029369041115731,0.00160627330768704,0.00232531748775914,0.065156484208361,0.00329680508367195,0.0193329086803325,0.0649838733538047,0.0300693686212555,0.261790453146096,0.0612713979474216,0.00682197799464762,0.0832661871946245,0.00352680939470306,0.0314261257135056,0.0209859816127717,0.222833284399613,0.000408610063607991,0.00204888460445926,0.00103392539738641,0.069937704905194,0.0352073676810063,0.0479627028159901,0.0512980079097592,0.457723907819431,0.00603484128446281,0.00515235429354161,0.0173146041422055,0.150970743134429,0.0220538026406363,0.0151973298587054,0.0009351020962134,0.00244772260574251,0.00102247801696435,0.0100668583875954,0.0103661312060729
0.010481804337497,0.00109717647869736,0.0376405164274525,1.15897706859666,0.0422246075390272,2.47626016728467,3.19155051640724,0.876171090448418,0.0251456491194785,0,0.157907024366147,0.732218551606107,0.00831059717710242,0.59322565526462,0.0402859459185776,0.000638151075137034,0.0208844600215238,0.07630445105417,0.0678802102888562,1.08962106476369,0.00775139328943602,0.000212044909560307,0.0303495776896253,0.0257698353675015,0.00193699222357012,0.15639460602841,0.0293552434441946,0.973789933857221,0.335533998454008,0.0236987224026203,0.0076604134415187,0.067959048549398,0.00331554432069361,0.122418509749415,0.0414016406666457,0.556350918797063,0.0152369102433789,0.403808520227971,0.0875220508729834,0.117790250218457,0.0709885687907561,0.0190522194750711,0.106903039562678,0.000443958634378016,0.0408838557246856,0.00601551868723109,0.0389028519811191,0.00453134604156465,6.05035131320357e-05,0.000769233719193935,4.56288957707583e-05,7.85233680032194e-05,0.0398259032280385,0.000657251545098424,0.0075667943453405,0.101831220594221,0.0209084894872673,0.0182691748947423,0.0378435250189271,0.000226403294366598,0.0255937240968548,0.000155293588826806,0.016204376703921,0.00449967181836292,0.00117578065213971,0,0,0,0.0471344169878181,0.000736602104078606,0.00123508589890525,0.000236685947196186,0.14538920932419,2.82967840477824e-05,0,9.57698869194836e-05,0.165429565309171,0.011126144629962,0.00167914544881582,3.60061953060329e-05,0,0.0019582901496537,0.0190202937690452,0.00616648088662662
0.00361426770427488,0.0378149498102277,0.00735033475560173,0.00700740539098531,0.0052361911069952,0.0462824844614066,0.0486290780643806,0.0377162288104043,0.0160426011081487,0.157907024366147,0,0.0949308029145833,0.871032593194639,0.160782752375233,0.00434199262013286,0.00075945078221485,0.0318309334247276,1.37750345057938,0.220179061785525,0.0387193754442293,0.00484595015991591,0.0200387121183426,0.0175364907385066,0.0146209015965611,0.111049497685726,0.911946497672321,0.0565282159110624,0.0230155092938293,0.357455732235687,0.0185133349291697,0.0979805920957733,0.0763122627524615,0.000817329225940258,1.08213932737633,0.00668588284931704,0.225447651185026,0.231175842432098,0.628903924848967,0.032322007867726,0.0121931886898287,0.0114741474302798,0.797821854378433,0.00242822526100427,0.030388553389974,0.00405210160189793,0.000436379635937512,0.00120700114771128,0.00020104829043299,0.0544047329458057,0,0.00443496875881478,0,0.000133144194200635,0.000146565341567249,9.89697310566901e-05,0.00107463980550393,0.000198403670699895,0.0038794002282992,6.12598313122988e-05,0.175732587586109,0.000720404768836499,0.23772392473946,0.000353274422156811,0.000323573252948374,0.000897742705075443,0.000103691186437011,0.000423509794606268,4.02108125522733e-05,8.25703428469598e-05,5.27297043353319e-05,0.00425481729351953,4.21280702345073e-05,0.00576170063261837,0.032414758739575,0.0730216439126238,0.0804329569925889,0.00140811410482898,0.00261076036005467,0,0.0871181522046983,0.000402358703557402,0,0.00995582665771765,0.00284820227038711
0.00384929568901285,0.0104544408066653,0.00489775931674316,1.02835089581971,0.0815869794441752,2.21951113556195,0.0542767097030752,0.40382066065859,0.295949503901265,0.732218551606107,0.0949308029145833,0,0.0121969466960728,0.254642191751673,0.208357854557537,0.000355918841461837,0.00389195711838082,0.0346682477967616,0.0225777379641227,2.62004588003164,0.00214685524454266,0.0139500041870087,0.00573676941951961,0.126213801866258,0.00874337521799728,0.0770103520161833,0.0305065375142947,0.127735111283311,0.108215676842214,0.00882964867556691,0.00720008539438025,0.0385498595125794,0.000462455407838523,0.0342275664991703,2.62736271371516,0.132562289467712,0.00604152054126039,0.0824455601109267,0.00930650422167331,0.598411257637046,0.00649685617431253,0.0110523108177804,0.0286085526601397,0.00115790560511649,0.00317641279892698,0.00451083002116755,0.115780365007806,0.00174099242270216,0.000184006739281118,0,0.000225638873165846,0.000155476187387109,0.107531903181928,0.00370199570412934,0.0134736936792656,0.00381174081465304,0.00518671419273466,0.0276130118176929,0.0365908925660133,0.00110760664944872,0.197631938745039,0.000444844217209518,0.00358961869819164,0.0127169968159363,0.000584825198943168,0,0.00051500544558987,0.000248199586274475,0.111642128936614,0.000255522159907221,0.000403862008559704,0.0012811252971299,0.0392144319677577,0.000486964130021632,0.000731975249315053,0.000309390186868608,0.034229499941419,0.00256148338710889,0.000270154685930908,3.55823815651238e-05,0.00172850877190009,4.84105138152837e-05,0.00117146335280165,0.304775290130385
0.000276238691407443,0.204334310863102,0.000441383296901733,0.0127849620899733,0.000794583139774203,0.00232653022646383,0.00244483578300476,0.00335913863391727,0.100514458155714,0.00831059717710242,0.871032593194639,0.0121969466960728,0,0.0142368474273137,0.000355774636329711,0.00218263239637837,0.00018953172224164,0.00267679418753385,0.000354965124540031,0.00381678609593734,0.00080383153795749,0.163377553897995,0.00259175513207987,0.101126160876055,0.653078220652181,0.0357454293007538,0.542339159679895,0.00399722351195812,0.0305469481106825,0.0010107327317141,0.218543276180588,0.00769493287000134,0,0.259007029218902,0.000771850811563432,0.0248457480506301,0.119658979517991,0.198294701205911,0.00310788793688044,0.00447116782891452,0.00193809105470851,1.05448107879609,0.00214474782929867,0.0893847647549585,0.0100687327135854,0.000244997243944556,0.00133867625570745,5.26975155875087e-05,0.182878142077777,0,0.0153415399814911,0.000124540836533904,0,0,0.000183696631246805,0.000186713027867675,0.000478635023807734,0.0055360046345897,4.20323772847652e-05,0.528423388561198,0.000106277962629497,0.652122331860327,0.00189357921041921,0,0.00160700567757637,0.000137700433860719,0.000211927211040258,0.000280639318715036,0.000269765892700106,5.54470393717289e-05,0.0113356254847147,0.000132916307486594,0.0043200076566942,0.153665487851627,0.166601046880885,0.208240166952228,0.000197691091650724,0.00664304563594311,0,0.19831898191826,0.00225375445401371,0,0.030808873517894,0.00034349013658315
0.905720153680328,0.000529647918572277,0.380109696813898,0.0172678088123403,0.00752782895272114,0.323232638953143,3.52048886793815,3.19406849304815,0.0159533763358153,0.59322565526462,0.160782752375233,0.254642191751673,0.0142368474273137,0,0.0135063766025349,0.000641685310600698,0.175285684540283,0.0429299767410367,0.030533444080583,0.0854705982924845,0.131560192434166,0.00037373767843321,0.723902688155732,0.0274833699493758,0.00288396666640788,0.07809361265525,0.0199938795333099,0.175926490504229,2.33500699215326,1.12334125097431,0.00837112902217358,0.0569598382107004,0.00662951939555034,0.10712978896196,0.0186654438963711,0.356675968340725,0.0105701978172362,0.0962519155312213,0.0219953000596102,0.0383767845439241,0.00690469036368728,0.0189524801660859,0.0367012638768151,0.000217058825283497,0.00716569300579727,0.00140533423909843,0.00975168809860423,0.000336936087200046,0.000169471397964656,0.000947891786359996,0,7.64544693075121e-05,0.000640424532151223,0.000176605471862108,0.00054518931716904,0.0302611812034651,0.00152221640703454,0.00799779973024651,0.000646073574359715,0.000807441281832755,0.00529983202662617,0.00180089824501723,0.00414670944839269,0.00162059806495831,0.00514416989066676,0,0,0,0.00236973989818096,0.00351078878977374,0.00082356446871087,0.000804835662538559,0.0932578429035947,0.000373492861273885,0.000977495828126368,0.00106116958189309,0.0568872772255585,0.00352400753628686,0.00365478767855465,0.000480555482612551,0,0.00147758845762833,0.0025030980808407,0.00168822036505267
0.000728879148177802,0.000719337120010704,0.0324022244091041,0.0253584150160454,1.11250175259535,0.345585260373964,0.0645802936596326,0.0135476105459757,0.0958416823123522,0.0402859459185776,0.00434199262013286,0.208357854557537,0.000355774636329711,0.0135063766025349,0,0.0269485815061011,0.00749931337709874,0.00300356268479526,0.00336791108415574,0.0160352003403683,0.115959521845948,0.0020650326501444,0.183891882292789,0.0364596173778691,0.00104222664409876,0.0152029317487792,0.068026936711599,0.112340044187256,0.0202691756988399,0.0895647691318206,0.000530093624784797,0.00754342279904857,0.00551195203228891,0.0195970593845565,0.509862077113699,0.0827155746718683,0.0620942555321038,0.0225422664479121,0.0658838706398651,1.8241405824571,0.0222039598078094,0.00241855056377202,0.0236193662989408,0.00682089560290575,0.00613961525490806,0.027639648753827,0.00799179017234444,0.000891659421139956,0.000109466446790099,0.00101841735861004,0.000314340370760858,0.00148577933146655,0.00262011527859829,0.00148423779910505,0.000476847259837389,0.0139460940529973,0.00130590666734129,0.00563118238398134,0.0017003282304056,0,0.00493302069271356,0,0.00320715345395431,0.00159249062817022,0.00786314497841075,0.000401367042738944,0.000448558550177514,0.00198109992040694,0.00299096513358504,0.00623306113112793,0.00172756734121889,0.0107762458345167,0.0386937411108546,0,0.00440443071079552,0.0238882168996431,0.0224104637101851,0.00252284196928293,0.00317689124649614,0,0,0.000454207821446657,0.00206181541887224,0.106348593008447
0.000108009171525389,0.0290814821238868,0.0146456588867717,0.000366464229720086,0.00375510836923867,0.000313861834430694,0.00447596980197654,0.000373520468808711,0.0206846219429702,0.000638151075137034,0.00075945078221485,0.000355918841461837,0.00218263239637837,0.000641685310600698,0.0269485815061011,0,0.00809546905106641,0.000184524198742211,0.0016930295907475,2.51480791322887e-05,1.81606160480074,0.580226233645152,1.71616792732525,0.479416784367115,0.00656747769147902,0.00811666825057827,1.43865526961924,0.14692571882802,0.00311934047403038,0.00264062695400119,0.000152848996306211,0,0.000520775197034329,0.00785543475541882,0.0971298232676138,0.529158655371965,0.124022115856283,0.139494810812026,0.152080260367305,0.00897435137323737,0.00428144156546294,0.00223635648735389,0.031451346527984,0.00557616164652184,0.0104387642107464,0.0086037739386499,0.00136947171063199,0.000472763291698694,0,0.000648880019715428,0.00379526174196974,0.0149274921984405,0.000195565763863921,0.000976632343921067,7.42786765962839e-05,0.00764693827878758,0.00106801383394003,0.0225489416245669,8.59853393577039e-05,0.000133750323039293,6.37352954819798e-05,0.000447707085929811,0.00240152588580027,0.000895086523506046,0.802880849755767,0.00275521924843267,0.000214023081627488,0.00114187562874332,0,0.0532139537788309,0.117386769515707,0.557291387565264,0.131636307412684,0.00012505646064654,0.00562099159306213,0.657650583791195,0.0303857480698787,0.00263903562958091,0.0125317461255736,0,0.00014801414731443,0.00011682668658346,0.00327816033989489,0.0130689779845699
0.0211291823883936,0.0077135161396265,2.88561612472747,0.000823240270583332,0.00132590857256279,0.0123078268622451,0.0312839208821364,0.0988246261070446,0.000806996237032861,0.0208844600215238,0.0318309334247276,0.00389195711838082,0.00018953172224164,0.175285684540283,0.00749931337709874,0.00809546905106641,0,0.0148776082519948,1.11641334660222,0.00410984566576145,0.234210709795117,0.00346228578699454,1.02149534336912,0.00358589344762042,0.00259944403382018,0.919818308397362,0.67706751594221,0.0439867813632287,0.274671664452441,0.257782959317655,0,0.00228453646021486,0.0362039729367971,1.05902733311118,0.0174533385472499,0.104432526971296,0.0248316264472492,0.233829481894993,0.0650870521630637,0.00607586521078348,0.00483091242703423,0.000728433562222124,0.00545868879988789,0.00368670498091802,0.00628564987297096,0.00644436914541945,0,9.38458647899329e-05,4.01096736855805e-05,0,0.00383422017114535,0.00202342085684538,0,0.000508659815628827,0,0,0,0.000265320008734613,0,0.000158636920849979,0,7.15668218359351e-05,4.02619188465178e-05,0.000120754939292371,0.000320444859986008,0.00284413300507888,0.000270780127445608,0.0133908413942546,0,0,0.00126560470869318,0.000835853961979598,0.000929696576971561,9.72480911694466e-05,0.06355120531881,0.124801946760075,0.000116080664679408,3.93482073672116e-05,0.000140296658805013,5.51663770839572e-05,0,5.31130831450224e-05,0.00407681318019256,0.00193265711190328
0.00165207866891921,0.000352215523447841,0.00794680015679038,0.00237176444071345,0.000963046647973359,0.0136995998790946,0.0240158485288337,0.00974063208548198,0.00140191465564818,0.07630445105417,1.37750345057938,0.0346682477967616,0.00267679418753385,0.0429299767410367,0.00300356268479526,0.000184524198742211,0.0148776082519948,0,0.374381493147445,0.0171958588937257,0.00632415061033554,9.86453811764715e-05,0.0129414650875356,0.00208497206475734,0.00138133664857596,0.447472559640866,0.0798967730431169,0.0123837034945674,0.0930683886782974,0.012520020069965,0.0081640160732992,0.0108945850629732,0.000678675023619086,0.295734169022223,0.00937187497010977,0.156542405898077,0.144503656712947,0.356982044843176,0.105136742708339,0.00638468960353061,0.00602748102462664,0.0277385022766895,0.000596943589632958,0.00073966101578772,0.000183967000121624,0.000500468417814374,0,0,0.000717516754983366,0,0.000738423458361626,0,0,0.000713985916775465,0,0,0,0.000565925522115827,6.76104232996702e-05,0.00637265835610181,4.93781576246023e-05,0.00912798662308753,0,0.000318884888242185,0,0,0.00045942082952857,0,0,0,0.000234952101239562,0,3.28211126960814e-05,0.00119687106072754,0.0261163309000678,0.0184106810868346,0,0.000109075371542573,0,0.00667926583402455,0,0,0.000487261301855743,0.00471318973249644
0.0020798470560506,0.000794893259261548,0.153989415803561,0.00225022505029812,0.000745160361135006,0.0209041302383345,0.0258743005828019,0.0105996165059879,0.00199535347417518,0.0678802102888562,0.220179061785525,0.0225777379641227,0.000354965124540031,0.030533444080583,0.00336791108415574,0.0016930295907475,1.11641334660222,0.374381493147445,0,0.0125313271206748,0.0400153979942076,0.000156345881999284,0.129533635526574,0.00333040177854896,0.000267910338230431,0.706829959994023,0.0535159663344764,0.020270332369224,0.0669685719673421,0.0263964401953451,0.000233165914924443,0.00322816348945499,0.00461854459349624,0.681341621438074,0.00618180638840273,0.0901690595168185,0.036376151485189,0.292724360831309,0.0672006765641045,0.00333927417367548,0.00273372461508438,0.0022194756909661,0.000846265355484188,0.000389850486000628,0.000266869624073803,0.000278641085229814,0,0,0.00019432592728436,0,0.000182202365550399,0.000190039300598949,2.50386711761355e-05,0.000146062281431258,0,3.26064370550215e-05,0,0.000132368358621374,7.70522288426757e-05,0.000393459428163618,0.000110514467981458,0.000584755298222602,3.27898860029876e-05,0.000114978848594427,0.000213784898637236,4.0779939506203e-05,0,0.000574455505929887,0,0.000100110052236914,0.000384909215430915,0.00010052174294293,7.30955926559866e-05,0.000183520452111215,0.00620212129927576,0.00893219036121815,0,0,4.71266288727522e-05,0.00056901820165962,0,0,0.000131205928793549,0.00284020622408465
0.00142973332426474,0.00478331244719177,0.00507158875534572,3.31853428096962,0.0114591876610536,0.140075232076598,0.0154809396502442,0.0928155013558019,0.0837011521018815,1.08962106476369,0.0387193754442293,2.62004588003164,0.00381678609593734,0.0854705982924845,0.0160352003403683,2.51480791322887e-05,0.00410984566576145,0.0171958588937257,0.0125313271206748,0,0.000727975707205385,0.00490981177805141,0.00333600651899614,0.0299972147155422,0.00410006857841872,0.0319839873172168,0.0188299415415343,0.149122601867664,0.0544591736530245,0.00458777938889377,0.00233340350622163,0.0106404439927585,0.000489707699660585,0.0138158671308528,0.00386989150698222,0.0819645379773684,0.00213873993924446,0.0412283988473497,0.00775778029204533,0.0674400958934672,0.00676477561484054,0.00486049087699949,0.0411605053924162,0.000308573794669658,0.0152947161693659,0.00261741899280399,0.046185628629442,0.00237033660117388,8.79778033778072e-05,0.000451201474861801,0.000106499344021082,0,0.046244931357972,0.000635331935526431,0.00704281879450902,0.0385828205498367,0.0111150877650205,0.0169070996584352,0.0339233829625189,6.20383655123413e-05,0.0428515272407982,0.000206016481355578,0.007648064836286,0.00441296576257646,0.000315126724518836,0,0,0,0.0389994687109877,0.000150350966799259,0.000430212595975399,3.3689816620946e-05,0.0705074836182755,0.000125594346591085,0,0.000310680408201367,0.0679358191409659,0.00440770858444311,0.000118850952811539,0,0.000432664847711474,0.000501324743874371,0.00627542876157984,0.000918203069461137
0.0183359176348686,0.00555046523627936,0.556011032666386,0.000573682954507694,0.0134878382058911,0.014399374541014,0.208143466414794,0.117436062363988,0.0229730911597989,0.00775139328943602,0.00484595015991591,0.00214685524454266,0.00080383153795749,0.131560192434166,0.115959521845948,1.81606160480074,0.234210709795117,0.00632415061033554,0.0400153979942076,0.000727975707205385,0,0.0914057621214956,5.67591078091199,0.0886722877723507,0.00126930621140152,0.0618590755498767,0.641499946364971,0.387738529841141,0.129513062414241,4.41328474501018,0.000343899934675544,0.00126960184709765,0.0294935575573057,1.62744827650051,0.326194637923039,0.996032396010121,0.113424490563072,1.34846422185483,0.540386480204791,0.0310437635007486,0.0152131154731773,0.0039750289465718,0.0314234629349895,0.00349473447284326,0.00584022160121128,0.00876840862650499,0.00365329194687009,0.00104990500332266,0,0.0010901454105109,0.000886061482362449,0.00553972318513691,0.000133294377815724,0.00472087389840781,0.000635729962764681,0.0151279263744079,0.00269452778817415,0.0265627742870249,0.000453392159378529,0.00020883618645966,0.000725825340226293,0,0.00291408044829145,0.00363371419611723,0.200380267579977,0.000410415462385118,0,3.97160558648408e-05,0.000151205637896061,0.0621130856117159,0.0320835473934017,0.0952761075765789,0.144890752541341,0,0.00228471067801863,0.0685021624453694,0.0342949161326252,0.00722630922822207,0.0269242598119386,0,0.000465116537117958,0.000298633584648371,0.00221831489749029,0.035264777621258
4.94002447977662e-05,0.63699344293012,0.0112849196285717,0.0247735284302797,0.00138377359619737,0.00148093792561367,0.00192217770742849,0.000406693286953121,0.689863122008146,0.000212044909560307,0.0200387121183426,0.0139500041870087,0.163377553897995,0.00037373767843321,0.0020650326501444,0.580226233645152,0.00346228578699454,9.86453811764715e-05,0.000156345881999284,0.00490981177805141,0.0914057621214956,0,0.111548902168359,1.61743362377945,0.269155017991065,0.0145773709965572,1.62377071216908,0.063861433289279,0.00253210093288869,0,0.00232977863289043,0.000203687710489332,0.000240452365692705,0.00595126314920112,0.0027487267877318,0.0258378362160892,0.00945325022337512,0.0171654005058423,0.00886688824794218,0.00739191974594146,0.000109244338130951,0.0339760023025699,0.0174826975399331,0.00488893130784407,0.00791743969955072,0.00768740951898247,0.00226431983067691,0.000493451219250262,0.0034592117358081,0.00015516843867749,0.0601547136101022,0.00633058351956233,0.000336539352722839,0.000103041192483902,0.00026183773997426,0.00385474899316952,0.000788232556376607,0.0269184380494103,0.000339877205901593,0.00648503399053887,0.000124905523994565,0.00716410285244957,0.00120715843506977,0.000605039867149293,0.321299377194138,0.00911852563657835,0.000367046636465192,0.00873704550202489,0.000307775091679394,0.0196173228870616,0.0936129464294426,0.117497809005015,0.0800715030866347,0.00960151931519285,0.0220047257922537,0.505360450594828,0.0146890837151572,0.0010160668098025,0.00507058608959466,0.00218838850153461,0.000167111128395796,4.24877412669361e-05,0.00590216167393551,0.00124997089271396
0.0827756530126433,0.0150895967797079,4.68330724638217,0.00147626207334548,0.0374736860157464,0.0796851859084022,0.664122709193363,0.716658031210973,0.0144462784871444,0.0303495776896253,0.0175364907385066,0.00573676941951961,0.00259175513207987,0.723902688155732,0.183891882292789,1.71616792732525,1.02149534336912,0.0129414650875356,0.129533635526574,0.00333600651899614,5.67591078091199,0.111548902168359,0,0.173515510112904,0.0034328644583188,0.26495858549129,2.04513320816674,0.82127313806554,0.363155238735824,1.37666949432045,0.000864570204752684,0.00979482714376487,0.0335505442898713,1.18278225752034,0.649226125584333,3.33061840897355,0.780503512484671,2.91774787834552,1.68177273722173,0.0867594710807741,0.0403234397468425,0.00768750751112849,0.0382407370317556,0.00887600222188309,0.0156627848357968,0.0348231028475426,0.00288854049792587,0.00132142972963303,0.000198517027089,0.0010352450100638,0.0042888670274131,0.0379551191170379,0.00013739153984785,0.00898674320507794,8.45002761729061e-05,0.00933435206402689,0.00114554258337915,0.0170502408568136,0.000159916797231138,0.000381155564202368,0.00061318592813462,5.84620673552155e-05,0.00287227077522353,0.00335714852922186,0.536721379537187,0.00776335243286714,0.000186991356600076,0.00473355377687887,0,0.03972898212381,0.0579914722714573,0.436864122971307,0.091091587653637,5.76818295165896e-05,0.0134868082017515,0.90039419858364,0.0237477456994862,0.00218887447088286,0.00983549605327922,0,0,9.86896471470598e-05,0.00576309902784303,0.100626041042738
0.00216241930010095,0.29070184157436,0.0356752192953396,0.377939866222112,0.0114316508930839,0.0216258386586159,0.229343693405396,0.00963735733989624,2.86049793035937,0.0257698353675015,0.0146209015965611,0.126213801866258,0.101126160876055,0.0274833699493758,0.0364596173778691,0.479416784367115,0.00358589344762042,0.00208497206475734,0.00333040177854896,0.0299972147155422,0.0886722877723507,1.61743362377945,0.173515510112904,0,0.176113987698325,0.0107271165398352,1.14214566650953,2.05111884235034,0.0911634696572005,0.0451282820826798,0.00165423664071187,0.00339832649310306,0.0127735245004624,0.0256069962044779,0.0665193510525048,0.260996167931192,0.0454833915268823,0.0830466986314036,0.0453670298391447,0.0636193725198314,0.0096620750369735,0.0243160002845205,0.506806780537111,0.00826450444783195,0.13776110380932,0.0350981216392368,0.151997545701932,0.0417263923593298,0.00348301324468776,0.0127180039583914,0.00281281518306881,0.00938849924147576,0.108143348506816,0.00267189320300594,0.056815240575992,0.377561354400054,0.140876542442765,0.476644630911078,0.14899945329612,0.00844386648709327,0.0939054645786301,0.00308955186950862,0.141791362431022,0.0352931396560952,0.36345469471406,0.00112680176583901,5.70669333815574e-05,0.00101881527704448,0.154176838342497,0.120633736336217,0.0882534755965009,0.134710918002455,1.72121655835527,0.0106067663993866,0.00213172411933914,0.0840178051906519,0.703440017319701,0.120336920675668,0.0832945343748786,0.000301357550990582,0.00533754088128134,0.00898474190790654,0.0597738776427716,0.0183402118520513
0,0.269298063615319,0.00165427952659204,0.0139716125532646,0.000430928756960482,0.00190228887513354,0.000307402209573984,0.00117803396326974,0.138471980514098,0.00193699222357012,0.111049497685726,0.00874337521799728,0.653078220652181,0.00288396666640788,0.00104222664409876,0.00656747769147902,0.00259944403382018,0.00138133664857596,0.000267910338230431,0.00410006857841872,0.00126930621140152,0.269155017991065,0.0034328644583188,0.176113987698325,0,0.0423353537848905,1.07656886593129,0.00877579430777841,0.00215510786167905,5.63827635794878e-05,0.0671597202264234,0.000670927007051557,0,0.0213247525158629,0.000535109311433137,0.022895554293023,0.0383229194918878,0.048327833758112,0.00714332563705668,0.00342865388263241,0.00140523470651954,0.204731596786644,0.102460343419934,0.023711796551735,0.0169147812373929,0.00696154266151339,0.12713380857073,0.00407110435315445,0.163867135421028,0.000803919898103177,0.0348102467555769,0.00061932946074754,0.00286503254744858,0,0.00542845269675404,0.0160052624613158,0.011761547786171,0.00595512549829781,0.00532783905754164,0.139730989593174,0.0142666920285746,0.244351371159035,0.0114604127561488,0.00294427223677934,0.00785146421668232,0.000855133988289535,0.000470070758204163,0.00272784166473001,0.00926807628264651,0.00542843336117193,0.0120868354091943,0.00212434302643686,0.0309053619952731,0.151484207291034,0.0681485948026746,0.253275815364803,0.0248970294073395,0.0112792682413548,0.00364377790705115,0.0329467590222605,0.00542384358416945,0.000189708494071663,0.0263431409603365,0.00277168288242817
0.0029194260953743,0.0338893668948143,2.57331505282095,0.00483603611721061,0.00282463728380799,0.0248596608537756,0.0627789526461058,0.0263856515561298,0.00579771590588428,0.15639460602841,0.911946497672321,0.0770103520161833,0.0357454293007538,0.07809361265525,0.0152029317487792,0.00811666825057827,0.919818308397362,0.447472559640866,0.706829959994023,0.0319839873172168,0.0618590755498767,0.0145773709965572,0.26495858549129,0.0107271165398352,0.0423353537848905,0,2.76446824071911,0.0425500454344265,0.151465393224193,0.0453921433229607,0.0512661690864377,0.0210588605111897,0.00721017201710566,0.499010412307175,0.0616211049847439,0.840865028337193,1.04949931114815,1.32776411678772,0.597066029414976,0.0188694083808437,0.0246351678421944,0.117219263910514,0.0494621564812861,0.0979044597000558,0.0517929812799767,0.0458730078241378,0.00141970232605487,0.00118370232960731,0.0146969382821493,0.000122993895477802,0.0657737788603641,0.0132331708344742,0,0.00154836310470253,6.62769066408276e-05,0.000130809207201004,0.00057105040197596,0.00801421483488008,3.14529592037201e-05,0.125588924447767,0.0018607064502731,0.248009392836101,0.000980535674831275,0.00189017126611322,0.00346049013761133,0.0142559027193568,0.023136108092498,0.0879778161508016,6.74186193645e-05,0.000790602864528448,0.0189294665542603,0.00551982711166218,0.00610413581606224,0.0479500399882212,1.54623615651206,1.99714403120945,8.8310768801719e-05,0.00213270509734154,0.000997387181520086,0.185847390853031,0.000506198908263445,0.000251187731127441,0.0279448914769449,0.0328896593961976
