0,0,513.19929921627,1.43565827608109,3.48026973009109,55.6501556634903,2875.93493366241,2214.98658707738,12.6547282338142,54.2375255525112,78.0917927026749,44.8895511627197,8.51408967375755,21570.3407205045,16.7529103457928,2.54563212394714,2290.74897250533,84.9315079152584,351.388731628656,6.08138909935951,498.111755311489,0,2708.53892308474,63.8355398178101,0,704.502895444632,323.319730311632,153.836062461138,8331.40068405867,12713.2032831311,0.757676303386688,9.12686893343925,32.9177588820457,552.738008528948,25.8973121643066,163.612469106913,39.3601098656654,367.851075619459,129.379933059216,30.1825507283211,15.5990351438522,7.41722416877747,2.02336549758911,1.71675992012024,0.255429208278656,0.715182781219482,1.42774188518524,0,0,0,3.49470764398575,2.79040175676346,0,0,0,2.22591817378998,2.56691163778305,2.23223567008972,1.27818703651428,1.47605085372925,0.47918763756752,1.0638724565506,0.909002423286438,1.95283144712448,1.94314834475517,0,0,0,1.47950172424316,0,0,2.12322568893433,19.2255691587925,0,0,16.2975153923035,13.1543726027012,0.549861013889313,0,0,0,0,1.55583959817886,3.05492043495178
0,0,48.7105542421341,0,0,0.652138531208038,2.49436637759209,4.98019388318062,2033.37701699138,0.400148808956146,151.270441800356,0,497.960501223803,8.3138233423233,7.27869129180908,1050.64357417822,39.6954490840435,0,12.2798424363136,0,240.719661355019,5165.34432592988,338.302149355412,2956.66189917922,2644.87972906232,115.395692765713,28534.0076235235,408.347444534302,4.46037796139717,16.3672530055046,18.2427937686443,4.23579859733582,1.07081910967827,284.17649564147,7.64241939783096,199.665461480618,114.301705181599,115.609795361757,72.8352150022984,8.62714722752571,5.33609592914581,201.225930154324,126.181938529015,118.293624103069,73.28574898839,71.009552270174,7.28774261474609,1.60443484783173,69.552263468504,0.623203277587891,2037.57721209526,37.2165199816227,0,0,0.320073157548904,5.8571192920208,1.4923857152462,38.0747420489788,1.74444162845612,13.5315718948841,1.64244538545609,65.4762715101242,5.98368421196938,0.415232688188553,295.835868149996,86.7714678347111,2.00240159034729,47.2779438197613,0,22.9104755818844,302.220339268446,172.320614814758,72.9764431715012,35.0417969226837,545.468826293945,6106.81648114324,21.9314180314541,4.30737537145615,4.04242300987244,17.1143580079079,0,0,65.7765867710114,14.8027109205723
513.19929921627,48.7105542421341,0,6.00379124283791,27.2742220759392,146.63197568059,4479.11735013127,970.425717383623,8.29919451475143,562.66925957799,95.5338781476021,82.6520465016365,11.1967275738716,2885.42384716868,93.4544002711773,30.483599871397,21419.0990130007,453.731233537197,1136.39659723639,17.3223070800304,3832.41479644179,12.1170520782471,35450.7148217559,73.5518730282784,12.8187437653542,50053.7189616561,33507.4993001819,1255.98243772984,392.517506629229,984.647419959307,3.61047983169556,8.79531967639923,19.9440766870975,3600.14402839541,473.842370033264,6922.98975497484,3224.87375825644,6396.55457800627,4190.30547216535,121.5311178267,87.3470380008221,16.5222623348236,1009.56679105759,612.455987751484,522.762599974871,622.534142822027,21.7081837356091,22.6987465620041,1.08751305937767,4.26111268997192,229.34618717432,1061.34402319789,0,0,0,15.2111329138279,2.47314637899399,12.5463372766972,0,1.24427163600922,1.78434038162231,1.94087991118431,18.2217940986156,20.7766412496567,45.7094560861588,1734.84012433887,18.4839554429054,729.035488367081,0,20.9496640563011,450.275569945574,301.163033246994,22.0722748041153,6.19733172655106,1455.50329431891,13531.3191591501,9.2942707836628,7.75589519739151,12.8922305703163,9.3650096654892,0,0,536.755150854588,430.70140516758
1.43565827608109,0,6.00379124283791,0,27.1868366897106,125.183019131422,301.731691926718,137.90439915657,6895.5613899529,8435.77246442437,17.646569699049,5986.70132952929,4.75970211625099,127.759292453527,553.60422796011,0,1.7162988781929,1.36730250716209,1.61484810709953,14383.8503086269,10.4192287325859,1.28138828277588,11.0233167409897,4715.06548628211,0,2.64436602592468,0.782236635684967,9267.35359084606,99.849072933197,4.52116259932518,0,22.2403047978878,1.7273196876049,558.337375432253,14.5312705039978,377.807807981968,10.2946775257587,112.819942474365,61.5940717160702,400.590310096741,108.592381000519,6.14109712839127,74.7881933748722,10.9913381934166,27.9801601171494,20.7306486368179,756.635255008936,4.49051043391228,56.3481823503971,1.36602056026459,0,0,1812.51251372695,1.97082102298737,51.1611019074917,81.7718750536442,101.328408658504,580.223248749971,871.425810009241,1.56546640396118,1413.66505950689,1.53913950920105,58.0801594555378,306.319207191467,0.371915191411972,0.562220513820648,0.446900993585587,0,761.61417299509,0.439149767160416,2.56470170617104,0,1074.32872420549,0,0,1.35050365328789,841.057987511158,14.6593811511993,1.34994268417358,0,1.60074865818024,0,39.5677206814289,14.224527746439
3.48026973009109,0,27.2742220759392,27.1868366897106,0,949.947554498911,94.2124420702457,18.3358986675739,111.742641985416,43.4366459548473,4.77267122268677,124.08589759469,0,23.20449629426,6045.33144402504,43.3471246361732,16.3734247088432,0.816128849983215,8.44899213314056,17.863651663065,239.914656400681,4.28771924972534,529.574570953846,91.8848536014557,0,15.6675645709038,163.473529607058,171.919688344002,31.0765366852283,143.477717667818,0,1093.24099415541,5.04259377717972,1231.68049761653,1495.46224570274,215.053920358419,167.452710092068,37.7634962201118,289.798574745655,15084.5252839327,8518.97457253933,1.04831826686859,102.057883143425,128.521130800247,43.6438323259354,278.425207316875,7.64677575230598,5.64932930469513,1.38284313678741,1.11892700195312,0,26.5544039309025,1.10575067996979,0,9.54731050133705,9.60434609651566,7.19386452436447,12.6081228852272,4.64878863096237,1.64888650178909,7.62266826629639,0,4.02146998047829,2.72958898544312,34.9339823424816,8.58844065666199,0.844456195831299,11.0904189944267,1.58920842409134,21.0806022882462,1.82421350479126,78.2720773220062,63.5660134553909,0,22.8497127592564,174.330299407244,32.0832327604294,5.00028145313263,10.2029290795326,2.2148811519146,0,0,10.3033875823021,2492.51333150268
55.6501556634903,0.652138531208038,146.63197568059,125.183019131422,949.947554498911,0,3834.01125279069,16346.4743189514,800.396625071764,11760.1922298968,810.123159587383,13906.4154861569,139.589331567287,2546.85343667865,1284.38229516149,8.66160356998444,146.445780396461,210.936624497175,82.4080675542355,923.500292122364,154.377215772867,3.71147525310516,288.206407129765,329.997960627079,12.649111866951,326.891944408417,211.324185997248,1695.22153690457,1153.69312399626,150.7006329,6.32105031609535,1275.68291652203,5.1671342253685,1654.26322329044,3789.44960638881,4736.35769620538,186.533669412136,696.006153523922,349.275823384523,2541.0032004118,1840.67627850175,107.307796508074,323.00050675869,22.3960059285164,121.91815456748,44.5257584452629,188.275451481342,13.4276388883591,48.0954660177231,4.62717884778976,0.923109531402588,0.300860494375229,322.830827474594,2.23537844419479,18.2224321067333,281.102134257555,176.550995767117,237.264464586973,275.20645236969,6.36839884519577,166.412329107523,16.2079591155052,124.602734655142,54.1097306013107,4.57384818792343,1.24974012374878,0.789243340492249,0.457974940538406,233.446731239557,1.02944311499596,5.9577876329422,1.02554976940155,1482.76814422011,0.408381372690201,6.32770788669586,6.70904594659805,1231.45334294438,89.785759717226,4.44821351766586,0,1.38395485281944,0,82.4128532409668,273.503611057997
2875.93493366241,2.49436637759209,4479.11735013127,301.731691926718,94.2124420702457,3834.01125279069,0,4469.28119289875,934.192232728004,33892.0672715306,458.142113119364,370.63374966383,54.4545167982578,25876.6121567488,536.754670321941,44.777063190937,1591.89372563362,185.512901008129,275.182200938463,155.272492289543,8259.1452472806,14.0106860697269,8063.45163291693,1581.75772958994,3.76249769330025,1244.16592682898,1260.63632321358,79423.9540655911,6181.5303928256,30211.7988051176,0,286.488460719585,373.141659021378,5475.4987360239,800.229110300541,6311.57738694549,1201.77569305897,4331.26074546576,2174.8609431386,1191.53339284658,1402.44743919373,75.8620012700558,1061.80919495225,36.6980803310871,349.093723148108,161.568896323442,420.444614946842,47.4701602160931,36.6578581631184,12.5947488248348,2.06650608778,65.7069094926119,352.676659613848,0,65.0393651127815,596.331248193979,437.580575525761,527.084719061852,373.676288962364,3.85203969478607,112.96124574542,5.86520019173622,462.035949528217,74.2513430714607,137.980876982212,12.1884326338768,0,2.28017005324364,296.934243202209,28.8180114626884,90.5726414620876,87.5383561849594,3041.90654549003,0,7.69171181321144,702.557431519032,2145.04276835918,276.586814820766,27.7272596359253,0,0,6.90794366598129,251.456783682108,255.880065888166
2214.98658707738,4.98019388318062,970.425717383623,137.90439915657,18.3358986675739,16346.4743189514,4469.28119289875,0,890.661619693041,6447.39670687914,653.605230689049,6904.09450656176,80.1968558430672,22220.7620708346,402.2394759655,6.41745457053185,2235.17106030881,200.24889922142,377.73250490427,1052.99586388469,729.332414448261,1.14687022566795,2688.86463451385,477.821148306131,8.40731704235077,868.880741730332,518.631499409676,1542.81367632747,1139.22357815504,2916.7702601254,3.63738769292831,291.462246596813,35.8330803513527,1852.21269157529,81.707495868206,3044.00301373005,224.506904810667,1275.41404119134,569.592016786337,1198.62981984019,423.400932908058,105.947395443916,515.348674923182,13.8993677794933,139.798530399799,32.4911412298679,219.337981551886,19.341791510582,48.6088201701641,7.57254338264465,3.0243216753006,2.56227317452431,160.590694636106,0.463811963796616,10.8747649788857,490.693257838488,94.4405818879604,408.99553000927,123.727278113365,8.67344409227371,72.7773942947388,20.2768703699112,83.0954777598381,23.7674067020416,23.7992787957191,0.31988599896431,1.23742532730103,0,189.894939571619,7.61671659350395,21.5893830955029,3.61853837966919,2667.60222741961,5.22930407524109,3.52514833211899,22.0567129254341,1519.52027496696,85.4745289683342,5.9552384018898,0.746307075023651,0,2.28957200050354,130.649343758821,27.3270369768143
12.6547282338142,2033.37701699138,8.29919451475143,6895.5613899529,111.742641985416,800.396625071764,934.192232728004,890.661619693041,0,5826.07769533992,203.19885969162,5970.73440220952,273.639230787754,500.691131949425,1954.15352839231,86.5984318256378,28.9333764910698,53.8075856864452,28.433111935854,3992.20283722878,96.4726509451866,6833.38493967056,106.466994762421,51373.7955119312,1299.78111317754,56.3423201441765,603.628601312637,10440.7639483511,660.143844157457,74.0024711191654,17.8403994441032,125.626701384783,55.9345000982285,1081.0608664453,125.477568358183,2470.83933404088,133.960955530405,467.237824082375,212.503851562738,3332.46480220556,359.693584740162,81.8047038018703,633.488132923841,29.5959705710411,181.678242564201,95.1861389577389,898.034482985735,28.9475337862968,54.1599911749363,6.98459631204605,11.1263307929039,2.32034999132156,955.43291118741,10.0069282054901,68.1232926547527,252.925561726093,152.420549869537,4090.91491603851,399.059999376535,22.3538905382156,1059.86018139124,8.83155134320259,203.183596491814,447.528759151697,226.030673772097,4.54822027683258,6.64608758687973,2.92032524943352,327.89319190383,97.7482958137989,278.319119393826,50.079239487648,4721.2424569726,1.23458075523376,16.1314172446728,44.3708912730217,1974.04027873278,209.229970276356,47.6501351594925,1.77553963661194,5.50269860029221,10.6111193299294,159.333869367838,90.0899997651577
54.2375255525112,0.400148808956146,562.66925957799,8435.77246442437,43.4366459548473,11760.1922298968,33892.0672715306,6447.39670687914,5826.07769533992,0,1611.82535019517,13135.1535882056,231.47558671236,5828.29896682501,580.425522059202,16.6715280115604,315.406869292259,525.759404063225,221.562251091003,4670.21698692441,553.885857999325,4.65221020579338,682.400774240494,2285.16534945369,13.1121999919415,721.218296468258,477.53648327291,19111.0398638994,3349.63640400767,325.370137453079,5.24172252416611,689.656743317842,26.7315355837345,6226.90073737502,306.892202943563,6667.93402869999,410.021935030818,2727.16102874279,861.929988205433,1173.4952596128,2085.79301333427,177.117935746908,388.897565633059,42.1232738494873,160.903376787901,89.9676070511341,953.071725100279,25.3410496413708,197.186700612307,1.32699370384216,2.26528483629227,0.879464507102966,3197.49338766932,13.9708089828491,126.024985790253,596.009809136391,410.40175640583,1444.67473179102,1896.28578615189,11.8262386918068,1406.62287795544,21.122965246439,255.532868042588,465.569113016129,14.4024282991886,0,0,0.364061623811722,1752.10983985662,2.65300488471985,27.7538469433784,6.60819262266159,5224.93248911202,2.93272984027863,0,26.762883245945,4640.60716161132,80.0607869923115,0.433616638183594,0,0,2.31206482648849,184.995295643806,68.8834419250488
78.0917927026749,151.270441800356,95.5338781476021,17.646569699049,4.77267122268677,810.123159587383,458.142113119364,653.605230689049,203.19885969162,1611.82535019517,0,1655.65512818098,6375.69224065542,1383.61483493447,49.2429390251637,18.202685624361,361.209815353155,8599.46698838472,1479.86788293719,304.81074950099,170.663249284029,141.965221375227,595.068480402231,130.346422314644,618.682001054287,6167.4586995542,654.598828107119,187.374511241913,4261.90902215242,153.627865046263,81.3506554365158,922.754234403372,8.85446926951408,16100.6826167107,36.7092181742191,1929.41288438439,6258.63626772165,9220.34480583668,1577.62052720785,246.261810511351,134.595631361008,5161.83915600181,11.9437649250031,833.169687688351,23.2614423930645,27.7526451647282,6.48232328891754,2.16649889945984,1306.32855111361,0,258.400166928768,0.467406362295151,0.673668324947357,0,0,0,3.778211414814,67.2683518230915,1.52089476585388,1322.49404922128,7.68292537331581,5715.83102419972,1.38061684370041,1.24884003400803,8.23817136883736,4.82930332422256,0,1.20574140548706,4.28211438655853,1.44043433666229,62.3242063224316,0.426044434309006,94.4272831678391,290.777439773083,195.884719282389,895.547585994005,1.42964759469032,0,0,450.267434746027,0,0,42.3128588497639,23.6734679341316
44.8895511627197,0,82.6520465016365,5986.70132952929,124.08589759469,13906.4154861569,370.63374966383,6904.09450656176,5970.73440220952,13135.1535882056,1655.65512818098,0,208.21491470933,3545.32725533843,5572.72583660483,0,173.646337866783,441.842918932438,156.388422012329,16165.8185694218,24.5671230256557,0,91.3273568153381,403.891927391291,13.0520765781403,433.605723500252,221.455934256315,1133.98997786641,1947.94737237692,44.085013449192,2.52568817138672,482.517884910107,0.271563500165939,3616.2515245378,10554.7813048959,1691.89638739824,201.583769649267,994.079548895359,322.196934044361,6874.77877393365,587.353569120169,161.849509865046,151.588231414557,48.6136510670185,65.4467259943485,55.3780311644077,926.442190915346,15.7557722330093,219.015227556229,0,3.41419589519501,0,592.285014122725,9.0681217610836,91.2318568825722,50.0232039391994,92.5634905099869,308.019888788462,281.760128110647,20.0090719461441,2170.86583551764,28.4864806830883,55.038918197155,368.304027467966,0,2.17570406198502,2.60974642634392,0.856616795063019,475.426674425602,2.26196610927582,1.68605250120163,1.57074707746506,624.474202722311,1.8530056476593,3.30552014708519,4.83108904957771,515.220481187105,15.1160863339901,0,0.881221055984497,1.15731465816498,0,138.800886571407,2538.11536213756
8.51408967375755,497.960501223803,11.1967275738716,4.75970211625099,0,139.589331567287,54.4545167982578,80.1968558430672,273.639230787754,231.47558671236,6375.69224065542,208.21491470933,0,142.972105622292,8.5843748152256,131.523024439812,7.35385137796402,7.67256590723991,3.53054910898209,30.4274998605251,33.2493669092655,1021.90934303403,61.9865688979626,303.25217962265,4464.8910125196,195.970755159855,1355.90887460113,70.155687212944,397.713160336018,11.9850695729256,125.120169013739,156.710835397243,0,12773.5241570473,9.4262016415596,664.507863759995,5613.12443685532,3060.83734539151,500.698359549046,49.9963901042938,60.7540821433067,4059.98885089159,26.2529844343662,3759.92106363177,138.922433018684,68.9350610077381,8.88915807008743,3.60308116674423,2985.15859305859,0,569.599506527185,1.13572371006012,0,0,0,1.05429768562317,0,22.3777117729187,1.42629760503769,4040.19966864586,4.04323452711105,19646.5277828872,2.70742440223694,1.60121101140976,15.7174669802189,0,1.93413043022156,1.23726940155029,0,0.660610675811768,67.6158449351788,1.84084475040436,25.684766292572,1135.51613485813,1378.24688431621,7631.49049717188,2.49658465385437,1.79125526547432,0,3097.54880774021,0,0,131.307640641928,3.61375296115875
21570.3407205045,8.3138233423233,2885.42384716868,127.759292453527,23.20449629426,2546.85343667865,25876.6121567488,22220.7620708346,500.691131949425,5828.29896682501,1383.61483493447,3545.32725533843,142.972105622292,0,263.704275131226,11.4531637132168,6755.00991913676,608.393785774708,1218.22504708171,747.46166190505,2837.44901823997,5.33766454458237,8726.73003455997,717.679271012545,10.6472571492195,2681.70836794376,1470.41817709804,2979.14675197005,16704.7733911574,20944.2837817967,5.36853733658791,340.698274254799,269.512587726116,3969.04144234955,166.755760550499,3104.73854663968,450.427971482277,2713.07193478942,950.823436319828,659.633474379778,429.151755362749,121.26334643364,249.962293446064,15.9166876077652,70.9259648025036,35.9851513803005,86.1228673756123,4.2806282043457,24.5636048316956,3.83090257644653,4.20570588111877,8.88255298137665,38.6996411383152,0.838665664196014,16.8424398005009,229.359521478415,11.2075407207012,288.759318947792,32.5472314655781,7.96901234984398,31.7178429067135,30.2188448607922,17.909575343132,27.3440216183662,30.4819734692574,0.823465049266815,0,0.407516092061996,69.5610907375813,11.3121072947979,20.5982892215252,9.49563479423523,1486.18457362056,0.671270310878754,2.1877338886261,96.990110963583,804.258154392242,31.0185595154762,3.87900429964066,0,1.26397025585175,4.70722758769989,57.5032284259796,47.2559381723404
16.7529103457928,7.27869129180908,93.4544002711773,553.60422796011,6045.33144402504,1284.38229516149,536.754670321941,402.2394759655,1954.15352839231,580.425522059202,49.2429390251637,5572.72583660483,8.5843748152256,263.704275131226,0,174.881448596716,78.676489263773,21.944654405117,28.7079085409641,319.26962518692,1022.30755162239,18.1065267026424,1922.76884573698,1015.14202749729,0.471409112215042,96.0194477438927,588.713389486074,1434.87773886323,229.258830070496,683.874278664589,0.582699477672577,305.944603592157,18.8399219214916,270.042665094137,6973.23477262259,1061.81516820192,536.875095009804,179.370462089777,698.904966711998,17829.8015017211,226.896274477243,16.8521844744682,257.968698203564,205.272496044636,102.826980650425,247.77528077364,89.8685917556286,7.45214474201202,5.96245545148849,2.33379179239273,0,27.7544845938683,28.8763691782951,0.489059299230576,13.4467659294605,57.9167665243149,18.4253951907158,119.402553498745,12.5329879522324,1.8619744181633,75.3049732744694,0.983950614929199,13.2859004735947,38.9650048613548,75.937594473362,11.5275565683842,2.15808779001236,13.4352362751961,13.3995927274227,63.109901279211,32.7443395256996,108.523213326931,508.437561929226,0,42.1466888487339,176.614313602448,197.501871407032,45.2753877043724,19.7982972860336,1.96637052297592,2.3165083527565,2.43803155422211,35.4244790375233,2885.50361821055
2.54563212394714,1050.64357417822,30.483599871397,0,43.3471246361732,8.66160356998444,44.777063190937,6.41745457053185,86.5984318256378,16.6715280115604,18.202685624361,0,131.523024439812,11.4531637132168,174.881448596716,0,41.9480124413967,8.27944207191467,14.7854250371456,0.831911444664001,20113.1540727317,5422.77177077532,9492.18932643533,5794.36426988244,472.864501625299,31.5656745433807,13383.9531048536,4572.00661113858,18.1635705828667,229.039274215698,7.95370495319366,0.825500905513763,5.98594173789024,296.821050792933,547.438519269228,3528.88522863388,1317.47860261798,907.486830145121,1218.55057907104,148.846655011177,32.8179078698158,36.7276408076286,1060.19909757376,144.729570001364,378.577730298042,292.868131756783,288.831358760595,20.6448400020599,21.3076305389404,9.59669727087021,114.23124691844,237.472963869572,2.70840108394623,5.01484602689743,8.1131412088871,110.098532557487,38.0419494509697,207.536139339209,28.0312283039093,5.75444632768631,54.8535197973251,15.5074833333492,119.628790766001,73.6985619068146,12892.1744044125,35.3694115877151,2.00593090057373,3.69409668445587,23.3579189777374,1515.45293051004,3351.2889034152,5779.95950067043,2052.35964080691,6.45275563001633,18.1042520403862,3118.56628313661,546.129293233156,199.206470191479,237.744819581509,0,8.12348932027817,20.6311279535294,428.084560513496,308.61589795351
2290.74897250533,39.6954490840435,21419.0990130007,1.7162988781929,16.3734247088432,146.445780396461,1591.89372563362,2235.17106030881,28.9333764910698,315.406869292259,361.209815353155,173.646337866783,7.35385137796402,6755.00991913676,78.676489263773,41.9480124413967,0,1198.29394623637,11040.0686503649,30.6965501904488,2382.4493727088,11.2347499132156,15148.4017969668,68.3939845561981,20.2426825165749,7389.8718136251,17559.5002099276,754.58349019289,3174.62534305453,2285.63708639145,2.80314439535141,22.268293172121,226.82681363821,8534.04140231013,139.042731553316,2180.62319770455,714.121215194464,3908.16581904888,1732.54950198531,122.262391120195,81.5253247022629,3.04466199874878,107.145089924335,93.233408421278,54.7815988361835,59.1772299110889,0,1.71880665421486,2.36451476812363,0.544622421264648,61.9243620038033,46.6817382276058,0,0,0,0,1.16962814331055,14.2281897366047,0,1.40247482061386,0.933504045009613,1.98485863208771,0.828209042549133,3.80647867918015,76.605363458395,136.321184575558,0.912064135074615,112.909810274839,0,39.6664260923862,30.731646001339,40.0424014031887,42.8089436292648,1.46290004253387,401.989333540201,2345.04760950804,16.3245080709457,1.70370817184448,0.429187685251236,2.1399217247963,0,0,49.8131731450558,82.7977657914162
84.9315079152584,0,453.731233537197,1.36730250716209,0.816128849983215,210.936624497175,185.512901008129,200.24889922142,53.8075856864452,525.759404063225,8599.46698838472,441.842918932438,7.67256590723991,608.393785774708,21.944654405117,8.27944207191467,1198.29394623637,0,1635.10808056593,87.8780833780766,229.093329161406,0,922.109003603458,24.9463252723217,2.82115924358368,7629.08440572023,781.181344538927,90.6142062246799,1326.74213930964,137.481680095196,10.5519803166389,148.480008810759,10.2398763298988,3930.39199349284,45.1866539418697,1408.11029320955,1349.46880680323,5720.41176009178,1514.7944175899,68.9634003043175,47.9863441586494,14.5020958781242,7.50742894411087,16.7137539982796,2.75552320480347,7.39968186616898,1.18060410022736,0,1.64888861775398,0,2.43920040130615,1.40053910017014,0,0,0,0,0,10.2545375227928,0,4.28027957677841,1.19359540939331,11.4326441884041,0,1.46852874755859,0,5.35820597410202,0.492998540401459,3.48938864469528,0,0,0,0,0,2.07936072349548,28.669764816761,103.033365100622,0,0,0,3.6052388548851,0,0,2.74396806955338,50.2842553257942
351.388731628656,12.2798424363136,1136.39659723639,1.61484810709953,8.44899213314056,82.4080675542355,275.182200938463,377.73250490427,28.433111935854,221.562251091003,1479.86788293719,156.388422012329,3.53054910898209,1218.22504708171,28.7079085409641,14.7854250371456,11040.0686503649,1635.10808056593,0,29.0764752626419,565.074170589447,1.60671174526215,2340.8274705112,14.1657125353813,13.3352865576744,10342.8556066453,3568.0127402246,219.969252973795,1054.85993343592,312.155719220638,4.01031121611595,30.8913342058659,54.9983530342579,3223.43670162559,50.3917031884193,1326.99905097485,484.785011142492,2731.98232778907,1103.42190262675,40.7191762328148,26.5173881351948,5.42655116319656,24.7596222758293,21.7450512945652,14.2422832548618,18.774218916893,0,0,3.54414549469948,0,16.1489572823048,5.82094553112984,0,1.11090707778931,0,0,0,9.52903366088867,0,2.90611052513123,1.33175367116928,2.55815458297729,0,3.00084048509598,16.9879485368729,24.8594687879086,0,25.3008697330952,0,1.77665597200394,3.22373712062836,6.43288105726242,4.7095245718956,0,168.056092441082,659.423392474651,1.47335588932037,1.05896604061127,0,3.12149447202682,0,0,7.5763444006443,45.618162125349
6.08138909935951,0,17.3223070800304,14383.8503086269,17.863651663065,923.500292122364,155.272492289543,1052.99586388469,3992.20283722878,4670.21698692441,304.81074950099,16165.8185694218,30.4274998605251,747.46166190505,319.26962518692,0.831911444664001,30.6965501904488,87.8780833780766,29.0764752626419,0,8.99214273691177,0,23.180183172226,1023.72090896964,2.85083472728729,69.8563502430916,30.0328845977783,1848.74157038331,437.451345026493,8.54066762328148,0,95.1155231595039,0,1057.04251152277,31.7053691148758,765.272122085094,46.7824182808399,368.815285295248,117.468852996826,327.147749394178,283.960365623236,38.0755372643471,81.277353823185,11.8197222054005,30.9571460187435,21.6958944201469,557.014980554581,7.12158238887787,90.8573834896088,0.668392479419708,0,0,1480.82405099273,4.68359583616257,27.3682866096497,100.085214823484,54.2509447932243,531.748273581266,515.752971470356,5.25397455692291,1100.38956692815,1.71768483519554,43.2408988177776,286.986829668283,0.998986482620239,0,0.838199198246002,0,792.370350718498,0,0.449818164110184,0,1127.26061427593,1.6956858932972,0,0,963.871394634247,6.34160906076431,0,0.382507175207138,0,0,41.8195571899414,8.51839190721512
498.111755311489,240.719661355019,3832.41479644179,10.4192287325859,239.914656400681,154.377215772867,8259.1452472806,729.332414448261,96.4726509451866,553.885857999325,170.663249284029,24.5671230256557,33.2493669092655,2837.44901823997,1022.30755162239,20113.1540727317,2382.4493727088,229.093329161406,565.074170589447,8.99214273691177,0,691.436665832996,43737.8354791999,2796.87032783031,101.04032972455,1163.622176826,3759.09561553597,18317.5567504764,563.746594488621,36799.8494346738,2.69581964612007,15.4782007932663,74.2278746962547,10314.5276720524,2524.08040881157,9159.40981268883,1617.42585965991,12061.7528546453,7396.14135727286,959.504598498344,223.256378382444,21.4516554772854,532.262246787548,93.5990027487278,177.070679068565,149.758204817772,59.4421060085297,21.3937574028969,5.22784060239792,5.42735657095909,13.1085262298584,58.7680185735226,6.1243599653244,3.36513894796371,1.03396832942963,40.4071624279022,9.61461800336838,118.942270189524,4.21602633595467,0,7.99818521738052,1.0591853260994,28.2472485303879,59.8803650736809,1651.48450511694,21.1260662674904,0,4.1203231215477,5.12754529714584,803.989541620016,549.133041679859,531.845137447119,1131.37343522906,0,15.4410867393017,738.63403481245,365.093978971243,189.558193981647,182.125476777554,0,1.32836216688156,36.588187277317,189.258099555969,940.291214585304
0,5165.34432592988,12.1170520782471,1.28138828277588,4.28771924972534,3.71147525310516,14.0106860697269,1.14687022566795,6833.38493967056,4.65221020579338,141.965221375227,0,1021.90934303403,5.33766454458237,18.1065267026424,5422.77177077532,11.2347499132156,0,1.60671174526215,0,691.436665832996,0,1183.61704871058,17236.9798729718,4045.75435721874,23.7663859128952,6965.66146433353,1161.2694862783,13.7092482745647,101.978369265795,50.2771210968494,1.5434667468071,4.49178513884544,361.679972201586,30.7291684150696,279.194068223238,147.999462902546,152.891031980515,64.7634068131447,14.4598537385464,7.64948192238808,268.360843658447,425.288391023874,107.822609722614,172.491365969181,179.019925951958,43.5092331171036,6.73801332712173,55.7762310504913,2.26037028431892,254.676976203918,153.567728817463,10.3259677290916,0,1.43913972377777,34.7723737955093,7.76898649334908,269.284792631865,5.19316470623016,29.1633579432964,7.4786964058876,86.6272673308849,27.758730083704,13.5895822644234,4343.01445305347,68.3714442253113,1.08279025554657,10.9464544653893,3.70516049861908,504.40599244833,3014.92362913489,1278.96093794703,1129.99315667152,20.3410903811455,45.4055216610432,3963.50594335794,169.710173994303,40.9928524196148,91.7845143377781,14.9781485795975,0,2.61464023590088,216.278587460518,63.1794580817223
2708.53892308474,338.302149355412,35450.7148217559,11.0233167409897,529.574570953846,288.206407129765,8063.45163291693,2688.86463451385,106.466994762421,682.400774240494,595.068480402231,91.3273568153381,61.9865688979626,8726.73003455997,1922.76884573698,9492.18932643533,15148.4017969668,922.109003603458,2340.8274705112,23.180183172226,43737.8354791999,1183.61704871058,0,2533.12289097905,170.874222487211,9593.97827342153,26081.8066118062,11656.55485484,2586.53560170531,11040.0828836262,8.79241728782654,60.1427900195122,256.428134202957,16045.5052061379,6946.71560671926,35662.5741923153,15789.2878398895,34309.473289609,27313.916762352,2401.56914904714,610.961333155632,75.3152034580708,1849.15281823277,487.522980898619,739.56092235446,859.771326243877,357.091913491488,61.655446767807,25.5582393705845,11.0908955335617,104.459628164768,1230.14943480492,6.21070510149002,19.4365350008011,11.8212274610996,134.350508153439,56.5837146341801,125.062748581171,26.0393396914005,9.42425128817558,45.6597712337971,8.59601265192032,146.27439019084,195.6115655303,11586.5512570143,328.226863324642,4.67638564109802,74.6209233105183,15.2279132604599,1255.34211492538,3041.48708406091,7125.70668944716,1464.99164173007,10.6622300744057,143.792208760977,9819.62169447541,463.523546874523,139.545105844736,214.842917770147,0,4.95720189809799,14.718877196312,827.508787840605,3580.39537513256
63.8355398178101,2956.66189917922,73.5518730282784,4715.06548628211,91.8848536014557,329.997960627079,1581.75772958994,477.821148306131,51373.7955119312,2285.16534945369,130.346422314644,403.891927391291,303.25217962265,717.679271012545,1015.14202749729,5794.36426988244,68.3939845561981,24.9463252723217,14.1657125353813,1023.72090896964,2796.87032783031,17236.9798729718,2533.12289097905,0,1553.85610297322,70.6775126755238,3407.83409288526,27994.8524813652,1853.18334442377,600.899264991283,12.9604040980339,109.73701196909,255.793234169483,1811.74763408303,685.712095975876,5844.98473668098,725.914678394794,1316.02327060699,837.884504258633,1007.48776715994,499.555292904377,107.324840843678,5605.79414045811,187.03648930788,1598.20688700676,643.755767583847,1643.89614543319,189.092160910368,69.6117240190506,81.0843084156513,42.6706985831261,34.06852632761,2246.2620652616,6.18731674551964,240.699837625027,1981.9090193212,1300.99290436506,8820.82669058442,1436.45505419374,26.4791897833347,1077.65897393227,13.3914149403572,1575.51795941591,539.691569179296,2052.40706008673,25.955471932888,2.19103968143463,5.41021582484245,1189.1303575933,888.243087232113,1485.65036299825,363.687556862831,23077.0648270249,8.83926862478256,12.4077335894108,570.508032232523,9912.81500834227,2085.44919854403,369.591980934143,1.37072268128395,30.6362914741039,123.243936955929,1383.74254265428,497.975220620632
0,2644.87972906232,12.8187437653542,0,0,12.649111866951,3.76249769330025,8.40731704235077,1299.78111317754,13.1121999919415,618.682001054287,13.0520765781403,4464.8910125196,10.6472571492195,0.471409112215042,472.864501625299,20.2426825165749,2.82115924358368,13.3352865576744,2.85083472728729,101.04032972455,4045.75435721874,170.874222487211,1553.85610297322,0,323.31367623806,8789.48063206673,157.830179482698,30.9692957401276,9.46302846074104,333.206309974194,9.30877906084061,0,2738.19072711468,0.674027681350708,153.421825766563,429.186783611774,372.889699548483,52.3453583717346,8.06021746993065,9.3907830119133,1103.65435728431,20.2658528089523,399.644015371799,53.5726357996464,33.4293391704559,3.76444911956787,0.422064691781998,502.86446455121,0,831.716543823481,3.02054750919342,1.14697313308716,0,0,0,0.651273488998413,24.8723085224628,0,495.410155087709,0,4291.04411062598,1.12705433368683,0,16.6629121303558,1.09968394041061,0,9.36011850833893,0,2.03146368265152,42.3644590079784,1.9090878367424,20.3044611811638,1075.84742560983,783.824052333832,4170.03933489323,1.32817935943604,0.540079414844513,0,489.754961162806,0,0,30.128069460392,0
704.502895444632,115.395692765713,50053.7189616561,2.64436602592468,15.6675645709038,326.891944408417,1244.16592682898,868.880741730332,56.3423201441765,721.218296468258,6167.4586995542,433.605723500252,195.970755159855,2681.70836794376,96.0194477438927,31.5656745433807,7389.8718136251,7629.08440572023,10342.8556066453,69.8563502430916,1163.622176826,23.7663859128952,9593.97827342153,70.6775126755238,323.31367623806,0,35404.0937883556,321.400412797928,1929.59752759337,617.880252212286,121.070091426373,207.011329352856,31.8582264780998,5879.53312641382,336.719304233789,9403.11146384478,11059.0980103016,13067.0494172871,6726.87867802382,165.423659801483,183.132766544819,133.749313145876,283.063161730766,2737.49465510249,355.487583935261,245.076237112284,6.30042535066605,4.22904074192047,248.514754772186,1.09272199869156,542.304697662592,38.3995019495487,0,0.712799429893494,0,2.95590025186539,1.01432764530182,15.4139860570431,0,608.393954545259,1.85369116067886,2086.37448588014,2.4154948592186,16.4155735373497,12.6665262281895,291.147088319063,40.5157764554024,427.349105924368,0,9.74913793802261,43.1354555785656,8.09680005908012,9.31475484371185,260.406699538231,6800.90221655369,14441.7115802169,1.83148354291916,4.09459117054939,1.19547617435455,1581.21565741301,2.16578364372253,0,213.93433573842,255.030362606049
323.319730311632,28534.0076235235,33507.4993001819,0.782236635684967,163.473529607058,211.324185997248,1260.63632321358,518.631499409676,603.628601312637,477.53648327291,654.598828107119,221.455934256315,1355.90887460113,1470.41817709804,588.713389486074,13383.9531048536,17559.5002099276,781.181344538927,3568.0127402246,30.0328845977783,3759.09561553597,6965.66146433353,26081.8066118062,3407.83409288526,8789.48063206673,35404.0937883556,0,5014.91659086943,942.442254334688,690.043161064386,396.929188847542,55.405301630497,45.949944794178,11082.1186835766,2976.98203545809,36657.1499069929,15913.0017798543,27257.0661078691,20217.3825453222,785.532255500555,462.895940214396,232.089522957802,6141.9838809967,5497.1552516222,3509.52412360907,3621.6348978579,202.123057067394,113.439135551453,448.979081600904,35.970005095005,8773.38135263324,6182.06502741575,2.58176898956299,21.9041941165924,4.31806343793869,212.581948250532,47.3928508460522,137.609681636095,11.652066975832,659.256256103516,27.2198835909367,2990.67726895213,219.527929842472,153.494478017092,5770.66967886686,6114.3827316165,106.87956020236,2512.22384977341,4.47874265909195,384.163642495871,10786.9282112122,7046.96195584536,763.105585426092,981.21372500062,25999.0089886785,141534.719466478,236.722191482782,84.2832886874676,110.561257153749,2258.67322891951,4.11299937963486,7.40604424476624,3732.90429410338,2366.16241794825
153.836062461138,408.347444534302,1255.98243772984,9267.35359084606,171.919688344002,1695.22153690457,79423.9540655911,1542.81367632747,10440.7639483511,19111.0398638994,187.374511241913,1133.98997786641,70.155687212944,2979.14675197005,1434.87773886323,4572.00661113858,754.58349019289,90.6142062246799,219.969252973795,1848.74157038331,18317.5567504764,1161.2694862783,11656.55485484,27994.8524813652,157.830179482698,321.400412797928,5014.91659086943,0,3346.89296296239,19082.7243463993,1.96080487966537,211.662871539593,686.036293059587,5480.89015963674,1953.04971119761,11532.0977235436,1708.52354542911,6172.42311280966,3496.24905255437,1851.01957663894,1080.41322216392,83.1279163658619,4617.76027798653,176.107551276684,1406.60054284334,506.371835112572,1670.48469397426,176.868289083242,121.063487052917,46.1501116454601,28.3419040739536,95.9320940077305,2480.70099511743,7.53831869363785,219.89898827672,1782.05508443713,1289.03650549054,3940.53120923042,1832.33643972874,8.95970371365547,1214.67322075367,2.01571917533875,1298.20292684436,520.930435687304,2032.57903441787,38.1815520823002,0,1.06532755494118,1456.26513710618,843.808110564947,951.697946339846,583.694649279118,15819.0966115892,1.20636975765228,7.68948864936829,1156.02682197094,8850.6869545877,1501.63820120692,332.653446465731,0,11.5910831093788,106.385636329651,1207.75964635611,685.359395295382
8331.40068405867,4.46037796139717,392.517506629229,99.849072933197,31.0765366852283,1153.69312399626,6181.5303928256,1139.22357815504,660.143844157457,3349.63640400767,4261.90902215242,1947.94737237692,397.713160336018,16704.7733911574,229.258830070496,18.1635705828667,3174.62534305453,1326.74213930964,1054.85993343592,437.451345026493,563.746594488621,13.7092482745647,2586.53560170531,1853.18334442377,30.9692957401276,1929.59752759337,942.442254334688,3346.89296296239,0,14958.8479848504,7.59866040945053,1354.5025793314,9193.66143640876,9667.84877486527,164.030103981495,3463.47948637605,424.536030560732,3000.15067127347,839.067800164223,566.314648628235,790.732123881578,240.546660602093,194.35435718298,26.1236665844917,68.1649436950684,46.1643132269382,65.7646788954735,11.3045082092285,49.2177340388298,1.15200757980347,7.60095489025116,0,32.0686983168125,0,4.58020210266113,90.9762152135372,6.54482364654541,275.524521172047,8.51008802652359,19.0945794582367,31.0654584169388,68.1620373129845,15.9138916134834,10.1918182373047,31.6653321683407,1.04416313767433,0,2.6849165558815,29.9350937604904,5.51165714859962,20.4129847586155,1.02995407581329,1048.0999186337,8.65459930896759,5.01721233129501,32.5677943825722,385.279823988676,33.6017866134644,5.303242623806,2.24084234237671,0,5.93693858385086,63.7313793301582,68.6713184714317
12713.2032831311,16.3672530055046,984.647419959307,4.52116259932518,143.477717667818,150.7006329,30211.7988051176,2916.7702601254,74.0024711191654,325.370137453079,153.627865046263,44.085013449192,11.9850695729256,20944.2837817967,683.874278664589,229.039274215698,2285.63708639145,137.481680095196,312.155719220638,8.54066762328148,36799.8494346738,101.978369265795,11040.0828836262,600.899264991283,9.46302846074104,617.880252212286,690.043161064386,19082.7243463993,14958.8479848504,0,1.11158937215805,69.0955874919891,1768.81951192021,17679.0424259603,1206.36122256517,4276.11446085572,664.845366328955,8652.17863473296,2670.50774607062,978.108476877213,428.519616693258,25.417202681303,244.090684503317,57.9846174418926,88.4027485251427,63.6527974307537,27.3552512526512,8.01484161615372,1.43276453018188,2.05390310287476,1.59639370441437,6.38667771220207,1.32886970043182,7.41096490621567,0,11.8041600584984,5.02484518289566,86.68868085742,0,0,8.57378512620926,0,11.9146037697792,23.2543260455132,926.062382161617,3.17774778604507,0,1.05094066262245,1.89278054237366,479.950741171837,272.163759380579,247.423311829567,756.398230999708,0,3.20027932524681,128.923346251249,287.924274802208,67.2765635251999,31.8839187026024,0,0,11.4092733263969,72.1076467633247,461.033313065767
0.757676303386688,18.2427937686443,3.61047983169556,0,0,6.32105031609535,0,3.63738769292831,17.8403994441032,5.24172252416611,81.3506554365158,2.52568817138672,125.120169013739,5.36853733658791,0.582699477672577,7.95370495319366,2.80314439535141,10.5519803166389,4.01031121611595,0,2.69581964612007,50.2771210968494,8.79241728782654,12.9604040980339,333.206309974194,121.070091426373,396.929188847542,1.96080487966537,7.59866040945053,1.11158937215805,0,3.02866691350937,0,70.0083387196064,0,85.3077453672886,421.783932447433,157.959767371416,68.6740171909332,0.937616616487503,0.460060358047485,16.1433575749397,0.817738115787506,418.436364471912,26.681935697794,7.50407516956329,0.604729652404785,0,69.6774259209633,0,106.337728142738,0,0,0,0,0,0,0,0,125.726544439793,0,601.354141116142,0,0.393528282642365,0.86275652050972,0.594692826271057,1.31023871898651,2.82660448551178,0,0,4.19379818439484,0,0,93.1575520038605,731.328893005848,2068.637653023,0,0,0,415.647610425949,0,0,7.24184957146645,1.9458971619606
