0,5.71527879962087e-05,0.0325221370760336,0.000834722068788969,0.000165621155290055,0.00479813170381031,0.548115379964086,0.234629069387975,0.0021984890207093,0.00144537770535089,0.00207303042788019,0.000638784617675531,0.000313826951838231,1.59954767542072,0.000990006395372556,4.52526659852027e-05,0.0244615998215992,0.000894657670383478,0.00226558283473995,0.000243077389549065,0.0174586482126127,9.74692238249598e-05,0.0660840744952468,0.00357230117635861,0.000260721371033096,0.00548490374716488,0.00675392988918307,0.0238695588301728,1.39653264979934,0.587683690632334,0,0.00101264995921791,0.0144713239004352,0.0289945802066114,0.00378459522545315,0.0135781386277774,0.00111717069851852,0.0116623590786096,0.00532738647087413,0.0012249116335576,0.000847680910387874,0.000133732065518713,0.00114548492159239,0,0.000113128355692304,3.26799076839447e-05,0.000204565195899719,0,0,0,0,0.00019374257345919,0.000149989812547386,0,0,0.000120325479078925,0,0.000865131019045446,9.6387838563377e-05,0,3.83176903630733e-05,0,0.000216371930085599,6.59485361700773e-05,0.000326786771293175,0,0,0,0,0.00014947144076736,0.000234250133824265,8.37737015117944e-05,0.00455182885353999,0,3.34537700874746e-05,0.00173815171515133,0.00122407991295616,0.000220049299255818,0,0,0,0,0.000108233681844246,0.000540074301537907
5.71527879962087e-05,0,0.00152299868519289,0,0,3.98926741939009e-05,0.000276482387779892,0.000190684754576126,0.117964205251569,0.000227407177028805,0.00323857615105226,0.000379181625741995,0.055006305533608,0.00067790561420216,0.000101685803402078,0.0771149750124597,0.000529446709911251,0.0046674010850606,0.00636550425576525,7.33988779515624e-05,0.0091406934024416,0.125861591556602,0.0103454329158025,0.256741153280214,0.19691545460641,0.0330502184261426,1.20280778884876,0.0297999529119357,0.000962666760240873,0.000787423604449427,0.00185401313472923,0.000106899119360686,5.19035332548261e-05,0.00798175784714139,0.00031333990747776,0.00959733857834975,0.00962020366776105,0.010469125480037,0.00542073146333172,0.000397263660998893,0,0.0567337463412246,0.00550240184282098,0.00193560501553823,0.00255384992921178,0.00192521673359092,2.92796835019052e-05,0,0.00119859391202713,0,0.056915254196069,0.000750732837512738,0.00019749185879454,0,0,0.000321660350710249,0,0.00106367001755373,9.8042798151749e-05,0.00197042369252616,0,0.00674734086616137,5.92669590741873e-05,0.000139681619583059,0.00571803522397261,0.000998861316703371,0.0033299788692305,0.00290385803831145,0,0.000146628164786125,0.00364106774953087,0.000950987389230901,0.00450925581160782,0.0105291717106026,0.0165528047054559,0.160444434150121,0.000815967350922323,0,0,0.00134654164721974,0,0,0.000270747576048541,0.000505885886220717
0.0325221370760336,0.00152299868519289,0,0.00200337402887128,0.00159403507067173,0.0130291236121943,0.104957408987736,0.177786956649254,0.00411202628807794,0.00657571996448575,0.0234869382468564,0.00538237132372329,0.000261968837423158,0.239154497442107,0.00622684702015656,0.00262679137897435,3.16467191193718,0.0285394089711254,0.415268148064465,0.0017307612696256,0.289290718819307,0.00119693628134779,4.19976455890798,0.00788512390279919,0.00110038495297444,2.69854939807567,4.80850062493112,0.0903196492569839,0.106214356437077,0.454832435120158,0,0.00282052972706612,0.00811911188885897,0.491430952083023,0.0482046796327122,0.736685081098982,0.201391422211825,0.345128116589204,0.340470900657085,0.0117981657686494,0.00838071931326305,0.000678782509179336,0.0267314905856836,0.0103434697565768,0.0156317901272477,0.0149488750594848,0.00124810329085998,0.000565199676879304,0.00014041516086477,0.000232217343528563,0.0127709396051735,0.114589798718054,9.13540183741331e-05,0.00138384110638158,0.000117519459412813,0.00426114644178285,0.000746168820537997,0.00153752564247059,5.41768812829793e-05,0.0023035141420153,9.04271189270379e-05,0.000178610035082525,0.00110033771223448,0.00129854440695402,0.0152661847665549,0.0197119250687655,0.00696558872814063,0.0201429503186401,6.53210305093765e-05,0.001818768467624,0.0114287026758131,0.0210888656200576,0.0125074704174952,0.000360554989003449,0.0849790943719485,1.11093681105582,0.00722517250005637,0.000438581647863477,0.00138686535520946,3.54088491343558e-05,0,0.00027353182297793,0.0070032962183216,0.0402591036762244
0.000834722068788969,0,0.00200337402887128,0,0.0107653319575357,0.0464002421008295,0.0177333298180222,0.0364365274851354,0.37344975562549,0.568249316768586,0.00417569968777263,0.545169090012916,0.000174941741960341,0.0312461715786276,0.100568218200678,0,0.000304292428279531,0.00171987975709171,0.00170763700719081,1.93734470230208,0.00124266115916131,0,0.00233708352942633,0.492250577868735,0.00339902848026023,0.00250792216942969,0.000650858172748453,0.861930688820419,0.0243718460003019,0.00401588056667006,0,0.0046733994135549,0.00106728499950859,0.0331749150066395,0.00918995684276044,0.0879725914569909,0.00031850993529346,0.00999171656301487,0.00227120902725171,0.0919138314177903,0.00243535469813631,0.000462107755091285,0.0183511285887375,0,0.00451287854693176,0.000641758612422872,0.0770166266059891,0.000553349265981406,0,0,0,3.58750831743121e-05,0.0367121294087637,0.00193360036176342,0.00390387808354256,0.00296066060974024,0.0061177571352836,0.0825527136645558,0.0362124522727905,0.000269757383582604,0.0320126984123687,0,0.00194248365893253,0.00966626877257057,0.000468581028264213,0,9.83300690965537e-05,0,0.00986198830846544,0.000126453370925218,0,0.000102982785334039,0.182712788696306,0.000101703214386201,3.05025645324767e-05,0.000980704961814132,0.0512452794204619,0.000559237843001741,0,0,0,0,0.00190801787217629,0.000942461071275714
0.000165621155290055,0,0.00159403507067173,0.0107653319575357,0,0.331369128122639,0.0144157091513246,0.0174506888118433,0.0327245377850155,0.0159453653326218,0.000416675997345662,0.0837179586712625,0.000375732712049079,0.00292161746342091,0.516741800781437,0.00254919647186234,0.000568124827717448,0.0004044843610093,0.000158475405371809,0.00765374168435507,0.0250012957623289,0.000263825075810838,0.0352189909524837,0.0157508794753468,0.00274172867312835,0.000564514737616086,0.00484521122360919,0.0291115105206266,0.00341158441171768,0.0153969784647391,0,0.183243741458917,0.000343291468144834,0.34012616479521,0.144083878088266,0.065935257945256,0.00397519226505583,0.00579641659496454,0.00677822192531395,1.18632060871834,0.567057608671755,0.000259308852836704,0.00362176662629551,0.00132516471059623,0.00121733578138008,0.00520412366922267,0.0139946165359357,0,8.83864311571596e-05,0.000110921216237974,0.00012725574555223,0.000162817981699682,0.00106841880042723,0.000236496655143953,0.000744492126812482,0.000396899780179966,0.000789464979291839,0.00397191366043211,0.00152119784492318,6.64607217239976e-05,0.0039323988452519,0,0.000120905527842021,0.00119744891465684,0.00174430715680489,5.80507583443523e-05,0.000177473933628893,0,0.000757086915180999,0.000999167419096862,0.000140405830059504,0.000907799247543204,0.0170759408214129,0,5.80461830074072e-05,0.00203317441814117,0.00364872380649012,0.000185729776603413,0.000242347396855456,0,0,0.000203190013790917,0,0.0494899680687897
0.00479813170381031,3.98926741939009e-05,0.0130291236121943,0.0464002421008295,0.331369128122639,0,1.56129362517936,1.39813734630446,0.0420288526914779,3.05666608943831,0.0127112052154724,0.614695208923229,0.00178673463199899,0.231875539684392,0.656545526434504,0.000256514207180321,0.00353815730753066,0.00495359292712484,0.00254982767021624,0.0833828900550307,0.010229179092889,0,0.0166374584053511,0.0144891886419268,0.00588194197889359,0.0101822541875698,0.00701139434855671,0.589485031626094,0.0429727958052279,0.0329573015133263,4.57028245865226e-05,0.0576919857553122,0.0017525481363676,0.0907931390273571,0.0695918481172332,0.249472160807083,0.00243506632067019,0.0236840290019699,0.00987318192176761,1.16526180332449,0.127278691533496,0.00223580415902075,0.00951249666689981,0,0.00189723822393541,0.000583257808702636,0.0149421463265681,0.000417557889681864,0.000143232914803362,0,0,0.000206029434960711,0.00172878223053243,0.000196589032619166,0.000387920274843043,0.00124879280803345,0.00108275779833421,0.0148477104970982,0.00329167742414422,0,0.00532597288732931,0,0.000120630758014697,0.000956045871978798,0.000966123373263455,0,0,0,0.00124704391250591,0,0,8.67431286421061e-05,0.0532633153533177,0.000221188172159332,0.000355316912700587,0.00241329184182022,0.0122260387426074,0.000306178532449317,0.000186036254699487,0,0,0.000158872443230409,0.000597775427455157,0.00665168248761738
0.548115379964086,0.000276482387779892,0.104957408987736,0.0177333298180222,0.0144157091513246,1.56129362517936,0,3.05915667393066,0.16628752577988,2.4890325356381,0.0486691054547324,0.0275611785280599,0.00303699552361165,2.95722871290399,0.0539959690531154,0.00209908037640063,0.0190317193518793,0.0249544072615608,0.0133174227829176,0.0117001418006597,0.173712330202408,0.000950098723954967,0.19597578366464,0.18881754987006,0.00439949444585871,0.0600469509727327,0.0428218725171515,7.17445611539112,0.348780296903211,2.1631319558355,0.000263209638952315,0.0340049234927991,0.0250511806687608,0.261829113668272,0.101317188702289,0.433402437953829,0.015159748221994,0.130278493497181,0.0505795585976039,0.102471085604733,0.0210965132700282,0.00474063185411905,0.0349840625236707,0.000726325790071714,0.00782288562778855,0.00338092715293299,0.0319117667238248,0.00177053728559392,0.000220182146145463,0,0.000234879754741978,0.00563176511260341,0.0150631374065203,0.000930099532452401,0.00404221952826305,0.00600996325448656,0.0112987755973977,0.0467508589639137,0.0243013927862922,7.83701102076352e-05,0.00628586650188016,0,0.0037845268475829,0.00384962699585267,0.00891727093473638,8.88994273022714e-05,0,0,0.00450503623670325,0.000150089939859271,0.00265822892313278,0.00318306310668979,0.202523395983288,0.000264237545781731,0.000133998876112533,0.0516831086930217,0.0678799179746305,0.0029929891222829,0.000493226191370893,0,0,0.000601149715292388,0.00397468978343645,0.0146013125117285
0.234629069387975,0.000190684754576126,0.177786956649254,0.0364365274851354,0.0174506888118433,1.39813734630446,3.05915667393066,0,0.0299141560240549,1.12174537842538,0.0324022695140717,0.276136134617399,0.00276840988948194,3.43662581569813,0.0205275271518573,0.000837096766449058,0.0703405426189771,0.0102326559192252,0.0109746796337427,0.0922612005687821,0.080548031311909,0.000423940356054949,0.263006356339417,0.0186060142641756,0.0168530056811317,0.0358804531325151,0.0314616402244895,0.476317514648309,0.168981238931981,0.758019712099745,0.000175547312766081,0.208435668269651,0.00309968839874867,0.213348825284953,0.0275118580298412,0.391074747116919,0.011233493491992,0.0546421455136214,0.0299428913814189,0.283903263848483,0.0662288667327446,0.00579543726699387,0.0210051502142056,9.17594066086532e-05,0.00180364952401959,0.000936008225000802,0.0171579001779485,0.000107523238551521,0.000137881788049054,0,0,0.00109991734736272,0.00176975421075717,0.000181768703089631,0.000261683133621323,0.00180300301449875,0.000749106711811018,0.0193392983877622,0.00226585747847531,8.3660352556926e-05,0.00287989821075701,0.000279353337087059,0.000208692206436879,0.000651201981785506,0.00372570672239949,4.93961611165523e-05,0.000204727800492644,5.19269091607928e-05,0.000818198069573743,0.000435172424832564,0.000964836666539832,0.000531042563248616,0.10566198343812,9.46436418914381e-05,0.000481416274006272,0.00943063975107777,0.0163960197918729,0.000945391440777149,0.000852324416765445,0,0,0.000302566319371027,0.000986407751333475,0.00267765044360641
0.0021984890207093,0.117964205251569,0.00411202628807794,0.37344975562549,0.0327245377850155,0.0420288526914779,0.16628752577988,0.0299141560240549,0,0.123407281366167,0.00669330957734952,0.209452833633533,0.0623226972468634,0.0256232441577889,0.260945083355345,0.0158216776576675,0.00208241555047581,0.001789879260052,0.00206654708279005,0.0681100972036946,0.0132290015555252,0.649925285384456,0.0160004788584592,2.62384447789275,0.128509716424512,0.0162709469709715,0.478545618230901,1.38670136302081,0.0434631502611468,0.145402043351647,0.00396132211052045,0.00569673073876175,0.0110517847958103,0.0431947931905732,0.0431791986975635,0.153898400212067,0.00571858848462682,0.0298370499291642,0.014548535011918,0.128994054604418,0.00606811604696208,0.0130929705607497,0.0436253581044237,0.000824488941715544,0.00677355888754864,0.00294720302038805,0.0265960003967643,0.000873354891274069,0.000604616662709325,0.000765350673642832,0.00489573489905935,0.00138087047237106,0.0160386014948487,0.00142623981202166,0.0022860530646436,0.00418632029802182,0.00614078771910975,0.34850222851528,0.0210259085616715,0.00101197867905959,0.0140671698643428,0.00113450295236353,0.0052087538304386,0.00782002156979317,0.0351167758639136,0.000167583282620341,0.000587314861360049,0.000283053588088613,0.00421741067240638,0.00442244527265828,0.0122758114529252,0.00448723513434003,0.370079620467517,0.00248279251210816,0.00211317450371536,0.0219317218788098,0.0684971085896547,0.00727190284290319,0.0105228953956492,0,0.000247998290525436,0.000749365866821366,0.00315635356596401,0.0146468577651074
0.00144537770535089,0.000227407177028805,0.00657571996448575,0.568249316768586,0.0159453653326218,3.05666608943831,2.4890325356381,1.12174537842538,0.123407281366167,0,0.056286477919523,0.639260805546289,0.00306026460909926,0.348196672159176,0.0719762816903318,0.000268193745455146,0.00116691470104164,0.0240203529730594,0.0113502848925502,0.719672034261668,0.00252772476040211,0.000230776614185417,0.00578750498371646,0.0471139446340554,0.00388322442843225,0.0355735035451384,0.0146544693913761,1.6688136351912,0.154392018449085,0.0117153376397751,0.000259038882223893,0.0427636578096621,0.00152255895619823,0.198333218027748,0.0355177034382689,0.453029171772075,0.00481961620459822,0.0598608916920967,0.014793977271674,0.154501934918242,0.0137467522039679,0.00459483685613198,0.0123271605906981,0,0.00277795858937992,0.00113152355624821,0.0461483975911288,0,0.000200993610166585,3.98428344155252e-05,0.000227917098074001,0,0.0108527661756409,0.000955476263115579,0.00217448480621056,0.00135143111012443,0.00346558757944847,0.044014146620218,0.0157319881046718,0,0.0208529558406559,0,0.000580157680819356,0.00640111076305826,0.00037941313573277,0,0,0,0.00539001131553713,0,7.12578981782556e-05,5.51490631846428e-05,0.102646470963951,0,0,0.000213052687823504,0.0278087319352601,0.00064004467524876,0.000172280607106387,0,0,0,0.0011185138970149,0.00298537613730891
0.00207303042788019,0.00323857615105226,0.0234869382468564,0.00417569968777263,0.000416675997345662,0.0127112052154724,0.0486691054547324,0.0324022695140717,0.00669330957734952,0.056286477919523,0,0.048486617206569,0.820275873135685,0.106808639483852,0.00174371391470517,0.000532620997881943,0.0101305575532133,1.27992824389256,0.260089653463368,0.014602422496706,0.00335958649734186,0.00584982699665709,0.0150676452044927,0.00512477656503233,0.0772081535892591,0.615298939452795,0.12355043851514,0.0286699177246329,0.189040046953995,0.0199550597967048,0.0335041830799143,0.0913092687224411,0.000449542060513264,0.974503272958368,0.0166273712104251,0.294227539999669,0.454510753614304,1.28722222840007,0.180798304344483,0.00636667872777522,0.00406621668161185,0.206139765011507,0.0035115747542782,0.0274674212200298,0.00196348051835313,0.00200855630304722,0.00167691697262165,0.000140100803307659,0.0674521584242533,0,0.0169029646987583,0.000416024348933995,0,6.16602359990358e-05,0,0.00011404150339551,9.06081921325922e-05,0.00262840777758178,0,0.236221320656232,0.000288490398191774,0.649576144793209,0.000127770262520814,0,0.000341079912898492,0,0.00356332846969447,0.00144128780959706,0,0,0.00168556268422601,4.73819938318014e-05,0.0103451840977599,0.151296666020989,0.0792464885062662,0.12834566061345,0.000773909155341816,0,0,0.0541701637516608,0,0,0.00198771479149841,0.0127642230800174
0.000638784617675531,0.000379181625741995,0.00538237132372329,0.545169090012916,0.0837179586712625,0.614695208923229,0.0275611785280599,0.276136134617399,0.209452833633533,0.639260805546289,0.048486617206569,0,0.00343862407406926,0.223102653470795,0.643455282949559,0,0.00060308629227367,0.0242131004724923,0.0118156296496373,0.992660717333638,0.0014779854112328,7.39048206666589e-05,0.0059504126322417,0.134055450490961,0.00823093670326392,0.0357922806485396,0.018375187179752,0.138573715808786,0.102385821069049,0.00506486573922191,0.000293974479914552,0.0267577320395896,0.000454135819751454,0.134308392664653,0.0189356740254071,0.188374786801691,0.00436484654370825,0.0335076726055125,0.0099570433215264,0.374953359014765,0.00792291019273717,0.00492731454114023,0.02570304852419,0,0.00605813275953357,0.000851358902297992,0.0850033399341845,0.00109873472312134,0,3.97511218121946e-05,0.000650351010286611,6.42900820330143e-05,0.0322311148387161,0.00210487277870613,0.00410867976877894,0.00439140373188969,0.00848155831134762,0.0550629233700176,0.0264502438954255,0.000338839235555298,0.114501420089159,0,0.00268715165830042,0.00874805133097845,0.00024557953273083,0,7.37988056320905e-05,4.74405622619867e-05,0.0989430126254653,0,0,0,0.170818374117062,9.5511828803247e-05,8.7108419632375e-05,0.000440629224371827,0.048427548003439,0.00109878070036835,0.000109426583867276,0,5.99735681419134e-05,0.000321952266471243,0.00365930934773375,0.00392662961556125
0.000313826951838231,0.055006305533608,0.000261968837423158,0.000174941741960341,0.000375732712049079,0.00178673463199899,0.00303699552361165,0.00276840988948194,0.0623226972468634,0.00306026460909926,0.820275873135685,0.00343862407406926,0,0.00820428876489536,0.00115764851662015,0.0084630339737907,0.000116915720800495,0.000703016326849568,0.000348517462778991,0.00154274709779408,0.0031200002468535,0.115534040431725,0.00336587198612883,0.071752249802156,0.705334066173481,0.0687353727453241,0.116412007772155,0.0133914315754143,0.0122412311695199,0.00129930403897885,0.0791209026480469,0.00856198238758084,0.000103414915357948,0.172311523108454,0.000850972384111738,0.0344872869207391,0.15982079785805,0.150496154091361,0.011743745043523,0.00399209986175572,0.00168601471104703,0.265975544784076,0.0034118362199412,0.0339296062131221,0.00312429678160172,0.00127312670412277,0.000989800870619396,0,0.098688046076186,0,0.0722551773985121,0,0,0,6.04142055133701e-05,7.16950307078004e-05,0.000273720490007627,0.00116113837417478,0,0.389959191491755,0,1.0272242952934,6.41430793905377e-05,0.000159538726029706,0.000564816630081994,0,0.00444666776521158,0.000760624836933302,0,0.00023865789197712,0.000998101733571335,5.20312103739858e-05,0.00205268772584399,0.456049000253192,0.0762645019499484,0.150950200344646,0.000479822407260651,5.33390259215474e-05,0,0.0562205448257585,0,0,0.0020204747675789,0.000298259046219504
1.59954767542072,0.00067790561420216,0.239154497442107,0.0312461715786276,0.00292161746342091,0.231875539684392,2.95722871290399,3.43662581569813,0.0256232441577889,0.348196672159176,0.106808639483852,0.223102653470795,0.00820428876489536,0,0.0141353871346045,0.000841929117414397,0.145087945917109,0.0469497237428816,0.0347727230164695,0.0623599366437913,0.107737322836294,0.000174785045676542,0.39877131482357,0.0210560450928151,0.0131091750352106,0.084129789902731,0.0702821197864095,0.333995201891664,1.66576628890443,1.68719133663826,0.000741554611242044,0.0416349914213842,0.0246963055668589,0.432997827608936,0.0260955755380235,0.362509385116959,0.0135321034929688,0.0873116367739512,0.0397551738855061,0.0765381785702461,0.0173979543428451,0.0072820529371323,0.0253712508196856,0.000209507164527142,0.00166992857775338,0.00117514420880902,0.0170725735509794,0.0003010762752038,0.000295972250097495,0,0.00102203157954492,0.000339397503861755,0.000548934055536205,0.000124127918609965,0.000620395046694053,0.00177737879876507,0.000638930838033176,0.0153710058260318,0.000631202175262958,0.000341552181339538,0.00268178580194618,0.000862611516345668,0.000175844110087359,0.000843523231197334,0.00465825777339715,0,0.000513945980429167,0.000182925486198509,0.000221865275707704,0.000381014457344043,0.00175853981544082,0.000394989486939716,0.117453503316272,0.000422492691653836,0.00227860357205288,0.0116260561949977,0.0176585701800517,0.000185911053100092,0.000620569792141706,0,0,0.000772956003033352,0.00179966239578896,0.00423972039877298
0.000990006395372556,0.000101685803402078,0.00622684702015656,0.100568218200678,0.516741800781437,0.656545526434504,0.0539959690531154,0.0205275271518573,0.260945083355345,0.0719762816903318,0.00174371391470517,0.643455282949559,0.00115764851662015,0.0141353871346045,0,0.0033658442664834,0.00369131853109333,0.00150511429265481,0.00112049829372984,0.0524024978914355,0.0481585555220106,0.000990537196217515,0.0536575160012166,0.122069226408,0.00764528189149027,0.00391493177593864,0.0115823866843745,0.18170400542948,0.0154870881896086,0.0704230928707578,0.000107880477669293,0.0183562252464705,0.00147725505312983,0.0464057859218364,0.232744726833564,0.0853905803468958,0.0126529748507065,0.0141031972974881,0.0295055139220958,0.572004182378387,0.0171463065983661,0.00165595082045401,0.0272821539487468,0.00262682425295043,0.00637989029112106,0.0116944957769701,0.0922351016502602,0.000900446552407227,0,0.000142258944454467,0.000110787394065595,0.000338844487671554,0.00891725896629307,0.0014389636490811,0.002587287955817,0.00342023167245188,0.0057767265886753,0.0301907461458374,0.0131837012988305,0.000587076997878319,0.027772924800214,0,0.00184805958174835,0.00895561453571122,0.00394755469005529,0,0.000119664916737461,0.000236051699766088,0.00559076617443163,0.0014010059332594,0.000327000448277748,0.00307306964423629,0.0989620084646187,0,0.0023586859725192,0.00303010293290224,0.0286610735983181,0.00161732703027076,0.0014687790407213,0,0,0.000152769569058907,0.0023291555512888,0.198670476921851
4.52526659852027e-05,0.0771149750124597,0.00262679137897435,0,0.00254919647186234,0.000256514207180321,0.00209908037640063,0.000837096766449058,0.0158216776576675,0.000268193745455146,0.000532620997881943,0,0.0084630339737907,0.000841929117414397,0.0033658442664834,0,0.0059447524257796,0.000514632103412855,0.00156644828242594,3.19663481184185e-05,1.25684847682058,0.937629663105136,0.849577325460315,0.484940763140578,0.0329647594669451,0.00751447774568627,0.48852704944933,0.373105624078647,0.000610873312463033,0.00501538810468409,0.000435468167098641,3.26469616553128e-05,0.000161693792076599,0.0356476874922384,0.0469397720093235,0.384573616356528,0.056434613433955,0.0725838860763726,0.102834869281382,0.00255313839483757,0.000867797287643612,0.00381544344922924,0.0480207973838579,0.0112463990700298,0.0132702064456189,0.0170474934555193,0.00230009918951999,0.000590186423113894,6.3595052839446e-05,0.000648007678645658,0.00272257227773353,0.0214539640267262,3.72499770729125e-05,0.00119655008997131,9.66025371501805e-05,0.00843073209495859,0.00128771845722965,0.00479460398264048,0.000157437653076053,0.000976525183077086,0.000164999310901165,0.000155981440154505,0.00259914895329319,0.00144245532596263,0.870167761189486,0.00146916771533745,0.000196255591429442,0.000559221638897836,0,0.0478390263236205,0.24778605396913,0.208605230483287,0.0983370212438419,0.00106794109459194,0.0025461476016487,0.276600479032904,0.0299535557790322,0.00136404834028906,0.018378320979336,0,0,6.24515917324602e-05,0.00352203288859973,0.0216941071404964
0.0244615998215992,0.000529446709911251,3.16467191193718,0.000304292428279531,0.000568124827717448,0.00353815730753066,0.0190317193518793,0.0703405426189771,0.00208241555047581,0.00116691470104164,0.0101305575532133,0.00060308629227367,0.000116915720800495,0.145087945917109,0.00369131853109333,0.0059447524257796,0,0.0164131139454921,0.608018938173433,0.000205428624769902,0.187412429833964,0.000738630358487475,1.70204049125632,0.00674258415236072,0.000212146048009575,1.65117557097011,1.54593206440306,0.0468002738844264,0.105057324176914,0.328927873928947,3.60476001395166e-05,0.00150720409967756,0.0101182093981511,0.491077122257762,0.0236266336902359,0.284602531422671,0.0816786246813126,0.166401228260586,0.163122667928601,0.00757705875409233,0.00407691577252817,0.000261698295536554,0.00336057289418238,0.000814586445782381,0.00141511713445526,0.00362346628934475,0.000282320105992925,6.60150664070726e-05,4.41327583422542e-05,0,0.00222479922818809,0.0071608659514423,0,0.000524000098087942,0,3.62387426889777e-05,0,0.000700979360079253,0,7.6466291403693e-05,0,0,0,0.000427396778652931,0.00478083805211913,0.000867808900970736,0.00116059302643457,0.00150741133053219,0,0.000113335457881659,0.0019395655589511,0.00183313918409295,0.00350169140631028,0.000398357341513527,0.00945837169175942,0.0915567701282866,0.000360459033019567,0.000127614752530789,0,0,0,0,0.00060492070131191,0.0177368035653986
0.000894657670383478,0.0046674010850606,0.0285394089711254,0.00171987975709171,0.0004044843610093,0.00495359292712484,0.0249544072615608,0.0102326559192252,0.001789879260052,0.0240203529730594,1.27992824389256,0.0242131004724923,0.000703016326849568,0.0469497237428816,0.00150511429265481,0.000514632103412855,0.0164131139454921,0,0.132119612346823,0.00622320492328303,0.00180540175455089,0.000765179813886285,0.0164227848336489,0.00149054622682385,0.00115513586920587,0.225010909068781,0.118449455580735,0.00745663767929227,0.0813908503336459,0.0104743690837997,0.000325735223507339,0.0151380350727308,0.000367309995368028,0.318471385748283,0.0174087220123496,0.186399923830595,0.155636465749795,0.490487453753526,0.23001243766212,0.00319163929530301,0.0030277395269061,0.000811996823084617,0.00620574392182383,0.00290299714672035,0.00387366447032329,0.0025541751744239,3.81013422875285e-05,0,0.000346429503389495,0,0.00781186794365449,0.000123416083159036,0,0.000292182190738583,0,0,0.000168848409605146,0.000916579159595833,0,0.00332884698542437,0,0.0103220865745412,0.000104187740719414,0.000118780101126361,0.000317062265745735,7.61987268314004e-05,0.00840547068954881,0.00326607042639676,0,0,0.000304043620530068,5.82376678064824e-05,0.000685386282387412,0.00407302978034512,0.0341790810328149,0.0773001786098746,0,0,5.66746575655341e-05,0.00428509823290461,0,0,0.000828712551562929,0.0168050366108399
0.00226558283473995,0.00636550425576525,0.415268148064465,0.00170763700719081,0.000158475405371809,0.00254982767021624,0.0133174227829176,0.0109746796337427,0.00206654708279005,0.0113502848925502,0.260089653463368,0.0118156296496373,0.000348517462778991,0.0347727230164695,0.00112049829372984,0.00156644828242594,0.608018938173433,0.132119612346823,0,0.00274189655814389,0.0135952774887174,0.00161836519944198,0.141648551807141,0.00338231060821854,0.000623562976027178,1.1792735824125,0.666327612744076,0.00961927963754943,0.0471589591946682,0.0314253752572455,0.000100544164195293,0.00292486974055741,0.00124777022794614,0.528422918638589,0.0124811207200722,0.187693339722294,0.101573791768277,0.181160284532931,0.143337908644854,0.00171352981472517,0.00105936399245531,0.000181281916059696,0.00892573168744406,0.00381384993245314,0.00651259967362026,0.00452323494305224,0.000332061702475524,0,6.96804105213046e-05,0,0.0124595498385697,0.0023876832769298,0,0.000342668100359166,0,0,0.000251232827294719,0.000995670209608796,0,0.00338351263260911,7.60982855762601e-05,0.00168731886735436,0,0,0.000416432464872205,0.00045284408993575,0.0153544089250755,0.00908655408369708,0,3.87233076217711e-05,0.00126556209986301,0.000122437419101149,0.000704850154320795,0.00281110202141327,0.0545649812157099,0.164087108658658,6.12339267918706e-05,0,7.44504180174828e-05,0.000440633436872715,0,0,0.00100146670346982,0.0106741315011594
0.000243077389549065,7.33988779515624e-05,0.0017307612696256,1.93734470230208,0.00765374168435507,0.0833828900550307,0.0117001418006597,0.0922612005687821,0.0681100972036946,0.719672034261668,0.014602422496706,0.992660717333638,0.00154274709779408,0.0623599366437913,0.0524024978914355,3.19663481184185e-05,0.000205428624769902,0.00622320492328303,0.00274189655814389,0,0.00039505332292599,0,0.00127803573701477,0.0918362989828134,0.00121833551308901,0.0100381343933645,0.00546090725258226,0.155252220668393,0.0371264867486069,0.00323697433536636,7.226452119897e-05,0.00913527913706674,0.000350327253004771,0.0448396455366845,0.00719029689383376,0.111472651811379,0.00145136946676988,0.014021617642453,0.0032234794665393,0.0536592130858139,0.00280551244703691,0.00148605527113513,0.00743065754454648,0,0.000859855429096925,0.00020799232141608,0.0275136827117851,0.0004907503988361,7.45646547627032e-05,0,7.3320186273396e-05,0,0.00996202591235239,0.000260016128390521,0.00150128850037755,0.000583188849265373,0.00159816183417157,0.0211609114643396,0.0083524457020945,6.61208138178826e-05,0.0110211534592172,0,0.000926014039624063,0.00226487063902627,0.00017309377674942,0,0,0,0.00318156489227802,0,0.00014049086750871,0,0.0463255143654124,7.74139239721418e-05,0,3.0883068904084e-05,0.0138598636633371,0.000395536726059365,8.67762213491444e-05,0,0,0,0.000389380947302794,0.000853844398767328
0.0174586482126127,0.0091406934024416,0.289290718819307,0.00124266115916131,0.0250012957623289,0.010229179092889,0.173712330202408,0.080548031311909,0.0132290015555252,0.00252772476040211,0.00335958649734186,0.0014779854112328,0.0031200002468535,0.107737322836294,0.0481585555220106,1.25684847682058,0.187412429833964,0.00180540175455089,0.0135952774887174,0.00039505332292599,0,0.111375039293044,5.31002724076529,0.111917923167983,0.0213271032835481,0.034500356643493,0.224312226872671,1.01789134103187,0.0664194896186264,4.57604473964771,0,0.00241209206649856,0.00806346522046862,1.5909434200013,0.299697258013089,1.45818211223729,0.0769030159768445,1.22025998719498,0.800048159545807,0.0262941657208622,0.0153194848326331,0.0050120774469687,0.0911644626946001,0.00379493399957847,0.0136770264852589,0.0178824496281909,0.0143057055912209,0.00247224672585916,0.000304776129916328,0.00195115293172085,0.000651287307444912,0.00881361653728763,0.000657191391203397,0.00674922892346992,0.00053389891934104,0.00570790024147929,0.00421945882533514,0.0340835036516307,0.00135594670521205,0.000429816686715037,0.00102864937726725,0,0.00642896652090108,0.00634874696840524,0.276488947042637,0.00117784980780643,9.63011979449268e-05,0.000447926315525401,0.00047646649282375,0.0352633679818381,0.061039154170592,0.0404026737712301,0.212701891330839,0.000358634237850183,0.00148123588962885,0.119295963516777,0.0557528322648964,0.0100568725906107,0.0732076770446821,0,0,0.00150260505229684,0.00576461777674552,0.100710346169035
9.74692238249598e-05,0.125861591556602,0.00119693628134779,0,0.000263825075810838,0,0.000950098723954967,0.000423940356054949,0.649925285384456,0.000230776614185417,0.00584982699665709,7.39048206666589e-05,0.115534040431725,0.000174785045676542,0.000990537196217515,0.937629663105136,0.000738630358487475,0.000765179813886285,0.00161836519944198,0,0.111375039293044,0,0.141377856173261,1.57971680824325,0.17658858910318,0.0183297351623731,0.878851220057039,0.219706486718402,0.000248577806614322,0.00227382319670938,0.00770305250694569,0,0.000194479007136136,0.00578445426844286,0.00228736334027109,0.0327603051624936,0.00914546394261193,0.00879943920214377,0.0100586781683355,0.00104849853734693,0.000291293350477886,0.0425088644811472,0.0154594777012204,0.00517025156717467,0.00501984977358441,0.00520355810816879,0.000983053123549257,8.37684442489266e-05,0.00156243257249257,0.000157252676166254,0.00433353369935467,0.00328594317596674,2.54664952743411e-05,0.000164071407864976,0,0.00139609659414406,0.000841278138062125,0.0105694551952561,0.000134370011079293,0.00250111600318109,0.000146685709040773,0.00658782625457626,0.00106778177096336,0.000339056852270389,0.178895422378093,0.000490956587502051,0.00120019965715034,0.000731091392069101,0,0.00783525423290841,0.0807012614961957,0.021893179631527,0.0536917313461746,0.00640754653545205,0.00349236091498763,0.151123775525071,0.00790128892848884,0.00108058902171631,0.00641162847197237,0.000604211524085426,0,0.000116193311637807,0.00122990629061244,0.0029295080771645
0.0660840744952468,0.0103454329158025,4.19976455890798,0.00233708352942633,0.0352189909524837,0.0166374584053511,0.19597578366464,0.263006356339417,0.0160004788584592,0.00578750498371646,0.0150676452044927,0.0059504126322417,0.00336587198612883,0.39877131482357,0.0536575160012166,0.849577325460315,1.70204049125632,0.0164227848336489,0.141648551807141,0.00127803573701477,5.31002724076529,0.141377856173261,0,0.17855164421813,0.026349003137467,0.340462822917722,2.0407133649381,0.694904171714214,0.198529057406333,2.33218421697276,0.00020797598092699,0.00421337880983522,0.0166660713788849,2.04813003464056,0.556700444399028,4.03722629013393,0.612996981999696,2.22935466013234,2.0386979580677,0.0458980910817141,0.0282409731465471,0.00484122387150098,0.100553871485428,0.0191739518453278,0.0234533978387238,0.0498424110522955,0.0126692360639775,0.00235647455108474,0,0.00201717658267462,0.00303530854953119,0.0984323206411403,0.00020316691580193,0.00896963717145616,0.000566760175574214,0.0147467547481491,0.00705702105477043,0.0145690286794869,0.00135170992776109,0.0012998985831711,0.000356696891450596,0,0.0102732987634001,0.00843922268514204,0.992226177779808,0.00685954363736562,0.0013289816867293,0.00244164699588928,0.000179753195112783,0.0709849208768515,0.211791345851806,0.309090970793531,0.186396166851076,0.000211294515530109,0.0079687383733214,1.12295191610149,0.0637018938226919,0.00569113573599772,0.043595538991784,0,0,0.000573868640870976,0.00904321359203828,0.246395132891663
0.00357230117635861,0.256741153280214,0.00788512390279919,0.492250577868735,0.0157508794753468,0.0144891886419268,0.18881754987006,0.0186060142641756,2.62384447789275,0.0471139446340554,0.00512477656503233,0.134055450490961,0.071752249802156,0.0210560450928151,0.122069226408,0.484940763140578,0.00674258415236072,0.00149054622682385,0.00338231060821854,0.0918362989828134,0.111917923167983,1.57971680824325,0.17855164421813,0,0.176491791012835,0.0200173190621673,0.784230369468052,2.00197041174458,0.0585750477951891,0.257538437421566,0.00324986557880654,0.004263669958839,0.0228059415730991,0.0923376292847807,0.0834900249290493,0.253009048914086,0.0115209027609661,0.0702095207097796,0.0404513707781446,0.10017489955834,0.00797944172563141,0.0216393278484266,0.221786239898837,0.00567253938835001,0.0389897919384832,0.0144120243864748,0.050891558482044,0.00555446534560403,0.00089891285211443,0.00238808283920097,0.00783506201471731,0.00663639114027322,0.0219068158803243,0.00186708687441284,0.00312438233885861,0.0196589756258369,0.0210780043928899,0.267491728484303,0.0246184383551461,0.00414122625829944,0.00995089097813251,0.00149328844138335,0.0190987777778145,0.0120089205848446,0.237919630996031,0.00059965382714867,0.000542887552192104,0.000865618943476359,0.00602846659129838,0.0243793774114957,0.0956354544461018,0.0324339599163623,0.947763305439033,0.00375702621102753,0.00382445352028732,0.147170882227391,0.202662494872723,0.0296816428070217,0.0653071464178192,0,0.000733447757501745,0.00520790847646532,0.0204825475341582,0.0341780676651609
0.000260721371033096,0.19691545460641,0.00110038495297444,0.00339902848026023,0.00274172867312835,0.00588194197889359,0.00439949444585871,0.0168530056811317,0.128509716424512,0.00388322442843225,0.0772081535892591,0.00823093670326392,0.705334066173481,0.0131091750352106,0.00764528189149027,0.0329647594669451,0.000212146048009575,0.00115513586920587,0.000623562976027178,0.00121833551308901,0.0213271032835481,0.17658858910318,0.026349003137467,0.176491791012835,0,0.0362221105105781,0.513810725532997,0.0570842711134296,0.00425814550195499,0.00925325796236752,0.0235798458726137,0.00639834759407314,0.000280189934102166,0.0423494778760644,0.00289804776697347,0.0530219803539802,0.0204267512949665,0.0278906132254306,0.0047418947963676,0.150170598005934,0.00123303027046318,0.30415592297311,0.0762686404708805,0.0080059870483018,0.0200546452270923,0.00610484910874581,0.165791017489337,0.00438966497003869,0.0138359469463675,0.000134241646887601,0.0798733561956734,0.000489398584913349,0.000917571395266231,0.000440696629532647,0.00374182580172178,0.00341128207664325,0.0269888096970501,0.00285629902165674,0.0057046620390365,0.0687999176900941,0.00238660776137776,0.221796749671677,0.00478356471876759,0.0029772895097488,0.032466636772106,0.000225529214797205,0.00448085191913508,0.00164500188474617,0.000852098297849417,0.00829220645818645,0.001131573542705,0.00339339277681184,0.0525759764159371,0.221052706566066,0.0195265184787299,0.071651833425732,0.0304359580124171,0.00254226117972365,0.00964301886078126,0.0132220900433014,0.00111152942901062,0.00130658945504598,0.00880708961841764,0.0122097009297555
0.00548490374716488,0.0330502184261426,2.69854939807567,0.00250792216942969,0.000564514737616086,0.0101822541875698,0.0600469509727327,0.0358804531325151,0.0162709469709715,0.0355735035451384,0.615298939452795,0.0357922806485396,0.0687353727453241,0.084129789902731,0.00391493177593864,0.00751447774568627,1.65117557097011,0.225010909068781,1.1792735824125,0.0100381343933645,0.034500356643493,0.0183297351623731,0.340462822917722,0.0200173190621673,0.0362221105105781,0,2.39189241257524,0.0275307587467612,0.123391490177415,0.0564063971071373,0.0122809727881154,0.0171511931946086,0.00132682346323672,0.885920831396894,0.0543300381036164,0.877963970371831,0.826456322392127,0.86189308298352,0.584561707795226,0.00931230918066619,0.00755825080483083,0.0103631685893035,0.0981205760388861,0.0640111861395561,0.0722568661172936,0.0480431029028702,0.00191258390404913,0.00112997093186773,0.0095337542613403,3.01509429403245e-05,0.193085030788644,0.0281998824597456,0,0.000522170925726128,0.000733353842149019,0.000422857738180095,0.00383180946036137,0.00434853379485063,3.36935970012009e-05,0.189552566751976,0.00033078537389245,0.750666303593342,0.00169335135905072,0.000659118490701007,0.00904805017866425,0.0112004313030691,0.152657974434387,0.0820376892555928,0.000188496676881313,0.000523059832892764,0.0111572695197483,0.00506974874313012,0.00696590396834148,0.139974948572481,0.789498751413253,2.04675335770124,0.000911450430757993,0.000392766521657372,0.000969434010392401,0.158839096813474,0.000448187058265161,0.000123502353221512,0.0159308731509928,0.0550787546199879
0.00675392988918307,1.20280778884876,4.80850062493112,0.000650858172748453,0.00484521122360919,0.00701139434855671,0.0428218725171515,0.0314616402244895,0.478545618230901,0.0146544693913761,0.12355043851514,0.018375187179752,0.116412007772155,0.0702821197864095,0.0115823866843745,0.48852704944933,1.54593206440306,0.118449455580735,0.666327612744076,0.00546090725258226,0.224312226872671,0.878851220057039,2.0407133649381,0.784230369468052,0.513810725532997,2.39189241257524,0,0.321046353855397,0.0784662363744956,0.0904609519071239,0.0259164192339575,0.00415621269211721,0.00243714609437531,1.11243103038527,0.18343306025025,2.76200404803793,1.06529924783515,1.17426696890599,1.14763450763368,0.0198095579934115,0.0200214065879069,0.0102174594033305,0.386636729172879,0.175708199178451,0.249320448251511,0.192132929219948,0.00613808143561311,0.00377383616880182,0.0107759548322937,0.00344941524299827,1.12465467898782,0.533943494062005,0.000235923263521844,0.00323784069265806,0.00215682803797216,0.0285884706591568,0.0146636436856362,0.018259254999423,0.000477240507052297,0.196666642253305,0.000676369227378553,0.679564956811501,0.0186376371866794,0.00310749430185283,0.54732036292149,0.138635567126863,0.28038855294262,0.301995030072499,0.000234046001229304,0.0215748375941156,0.370841118861851,0.210921594895287,0.0952588589202031,0.222445696483264,1.55486553562806,13.3187821549083,0.0462836322559717,0.0061472788330088,0.0152899495890285,0.134501339919489,0.000380859027126485,0.000445405850409412,0.0711534475924059,0.150518462507916
