0,0,0.00814969751330488,0.000749685531797028,0.000655677499896145,0.008515130402088,0.755891372168415,0.117043541623939,0.0022391301237149,0.0115922910355034,0.00305195647033832,0.00200430267884328,0.000717767974549365,1.30186022236428,0.00070345028389883,0,0.013536543695609,0.000371778727893687,0.00026805508479259,0.00106466136789133,0.0438625957216394,0,0.0391877794223011,0.00330895386650791,0,0.000227674148579312,0.00200567822261298,0.120717012748531,1.31720046670739,1.14520680106325,6.0974756681633e-05,0.00308277118748023,0.00410272681920695,0.0168188382057532,0.00539070674324412,0.0410031883905165,0.00242541638859584,0.0217311842415529,0.0123147958434024,0.00284650824929142,0.00259376293394718,0.000428646500480271,0.00115248771598702,0,0,0,0,0.000127024480930615,0,0,0,0,4.30911300036192e-05,0,0,4.07295465387821e-05,8.4474679431057e-05,0.000548932936595011,0,0,9.75742067158699e-05,0,0,0.000159764291855717,0.000177900877802682,4.82325721259594e-05,0,0,0,0.000302147529769611,0,0.000111611588597989,0.00240392859767628,0,0,0.000180745003619027,0.00123022104922607,0,9.29008130986214e-05,0,0,3.85588542504072e-05,0.000288279395475293,0.00010022682495079
0,0,0.00426469555846424,0.00402495224792059,0.00127385551243818,0.000193402240907026,0.0008160802651227,0.00107759639001932,0.246834563888352,0.00140205410876908,0.0260414532316773,0.00129150805389362,0.235339753879681,0.00170037302236941,0.00456255424523867,0.0617471392770455,0.00107110520706115,0.000194061641504002,0.000543488975689411,0.000877708610979748,0.00986326884601921,0.397926682192045,0.0085979514308239,0.358508846535293,0.332212920743822,0.0108717338645943,1.07293608345688,0.00939413743957879,0.00296992762749005,0.000385668972245288,0.00829476099938965,0.00177131191806831,0.000221834755560446,0.0124449226599668,0.000214262820341015,0.0130517429251693,0.0190403780921161,0.00979725781922953,0.00303674718600525,0.00439118149026633,0.000266612849893188,0.0742996447916264,0.00619107548726604,0.00512653100030668,0.00295264185809372,0.00212591219766753,0,8.84943006173611e-05,0.00164950801232955,0,0.15803362138548,0.0115065666477661,0.000305695987106824,0,0,0,0,0.00144186764421435,0,0.00560681793161008,0.000469177547961521,0.0153395229521591,8.42279397437096e-05,5.64206513076305e-05,0.00568655086588803,0.00179677778947759,0.000360328272692395,0.000768658743097496,0,0.00080091528420217,0.0133624879936117,0.0027055392720427,0.00452717722897931,0.0106705079175833,0.0186236589110438,0.515908855230703,0.000993357868657091,0,9.40701555253503e-05,0.00406393904548113,0,0,0.000610164384294558,0
0.00814969751330488,0.00426469555846424,0,0.000193857444865465,0.00414503670589933,0.000566521410806727,0.00435057085157673,0.0192815682383836,0.000978400871656034,0.00127966816680935,0.0488169103279313,0.000593982598962736,0.0109200494847943,0.036928730252743,0.00242740123756461,0.00448980716723113,3.64239674988012,0.11582050223674,0.447195370296943,0.000153249410625672,0.594458623137192,0.00185248465494499,5.47833698352537,0.00460041194439738,0.00053127056875596,2.42360867361659,2.64612991559653,0.0101346606225018,0.0347936783049403,0.0974277914287132,0.000924358885449862,0.00130526979169352,0.00566509916797795,0.344539699832888,0.116381454134391,1.13122421260108,0.814472394510355,0.830784816603347,0.545357901572315,0.0035222783685596,0.0296386849082225,0.00353083790114617,0.0218645378436919,0.0041779871357363,0.0111797755835627,0.0149645563860442,0.00022030087346015,0.000832756085149002,0,0,0.0111899674370115,0.243169671807508,0,0,0,0.00049055586591506,0.000218038234098196,0.000459507753420258,0,3.40827546467542e-05,0,0.00017543095700078,0.00083198222481432,0.000790164817921019,0.0100083009620893,0.0229068748425123,0.000996269082656792,0.00479177026419339,0,0.00539317269350956,0.00344353579158814,0.0261383152768634,0.00472535692487829,0.00122152376401336,0.117011882704106,1.01057323790399,0.00381985370896638,0.000191324548023223,0.00100920803922546,0,0,6.32830655427932e-05,0.00379201744394386,0.0339095239222779
0.000749685531797028,0.00402495224792059,0.000193857444865465,0,0.00414142011637757,0.0251683137363654,0.0734144172590306,0.0204447690809493,0.363271230289866,0.96566997543828,0.00676564960139699,0.52629536249454,0.0136244062977569,0.0198809338560703,0.0177829295832788,0.000249869280852985,0.000158251028779078,5.40213199803353e-05,0,1.35950565171816,0.00174339656162526,0.00741177592583477,0.000799185826803017,0.364288601749298,0.0010443234443336,0.000385254687025285,0.00253472222835689,1.06059935700223,0.0194868894161464,0.00510461591024792,0,0.00558538415386951,0.00244595366640358,0.0161403533390725,0.00957445514961182,0.0733196684610777,0.00269801708236971,0.0135670470560533,0.00723107261840189,0.0287167826186763,0.00826898726702077,0.0159364223488621,0.0296097636760615,0.000353019420221615,0.00409581835785513,0.00243725981584375,0.0320646026117552,0.00368625152070172,0.00158275481452877,0,4.96926078011035e-05,0,0.137674409443831,0.00104920865913005,0.00480917695724973,0.0233092906907272,0.00211917068210299,0.104386103346274,0.0995893048918759,0.000814013228825593,0.0458847125788682,0.00713107934151693,0.00204162671846419,0.0321189248317616,0.0011438371831471,0,8.89403334695339e-05,0,0.0939715779418558,0.00131987343593809,0.00122290117088094,0.000575172423998261,0.242520950193273,0.000763266399166012,0.000101457519107485,5.63951676826477e-05,0.173166689932671,0.00169240347540655,0.000359884702683472,0,0.000387376858247352,0.000333935361538649,0.0260292644455012,0.000520136507002783
0.000655677499896145,0.00127385551243818,0.00414503670589933,0.00414142011637757,0,0.216073047026114,0.006648553555198,0.0062283897643651,0.0610710328339021,0.019309796178781,0.00154814146848603,0.0982747106590161,0.00421717920447917,0.00468096393926399,0.193464643948974,0.00431883055795798,0.00178421508982997,0.000426488300110484,8.43761712542057e-05,0.00334534311689672,0.0490099119916872,0.00240012349929993,0.0613044921374168,0.0143348670608055,0.000170889796130991,0.000931560788883043,0.0147132387201252,0.0187984847249673,0.00682364967102738,0.0265562585187975,0,0.226092125751228,0.00075633329827528,0.257460261422534,0.245232821449198,0.0477065017466059,0.0113823548587754,0.0069333060008714,0.0116492822917742,1.58736095207006,0.28370479129326,0.00510882154967956,0.00237774901817155,0.00197585826368685,0.000931742964315464,0.0093729883243137,0.00320787511992011,5.56655774413109e-05,0.000305777266487312,7.86270343601704e-05,0,0.000641667936758709,0.00364178334478838,0.000148510714178181,0.000240552564184904,0.000802065568053842,0.000141616874396324,0.00481686520697496,0.0018171014857424,0.000288317984647226,0.00229883804880476,0.00160295780648489,0,0.00350859159337761,0.00124334793989334,0,0.000192308485832978,0.000574829947179794,0.00333495466636071,0.00124264659876952,0.000149700570117808,0.00340406028207326,0.00855612968410647,0.000201191725429249,0.000786723728887844,0.00236345400955768,0.00487527884823943,0.000311523812814546,0.000993447733281474,0,0,6.38704828125e-05,0.00553668388864312,0.172966456791928
0.008515130402088,0.000193402240907026,0.000566521410806727,0.0251683137363654,0.216073047026114,0,0.566543536968284,1.53847324669092,0.0458858685269816,1.50458966355785,0.0295367874536741,0.770163963999674,0.011301943620815,0.267499343967222,0.189344221389985,0.000184268885279107,0.000911385468511868,0.000880400065503908,0.000151555651958966,0.0318771797016766,0.0160342907279049,0.00265235011542139,0.00579753517636206,0.0327997119876371,0.00066444080152502,0.00150342442045737,0.000535633838485479,0.239871375788271,0.073341119246875,0.0477844271205334,0.000183858798276686,0.0847061759040324,0.00493071051110384,0.0607045219861163,0.343142994011755,0.306580829991616,0.00907999994199948,0.031215636761487,0.0138354262865582,0.843381032354525,0.242731637925916,0.0063061772357301,0.0121453988856863,4.35773013699293e-05,0.00146202618559818,0.00119703742672793,0.00276003511555684,0.000671455267870808,0.000211174134467482,0,0,0.000237790820058823,0.00379486804478891,6.66735871562481e-05,0.000222265472692919,0.00427482625454495,0.00027113881999023,0.013042143953337,0.0039075496291039,0,0.00295737869144332,0.00112588219232338,9.70745299723624e-05,0.00159418108277678,0.000851298607082987,0,0,0,0.00378000170651953,0.00050805558058877,0,0.000209752290910625,0.0500779348157544,0.000150482210482693,6.45099057801723e-05,3.95890335387469e-05,0.0199165862095977,0.000283212524470424,0.000525425655858422,4.82258860757351e-05,0,0.000187093138976908,0.00867594564496865,0.00961368971142466
0.755891372168415,0.0008160802651227,0.00435057085157673,0.0734144172590306,0.006648553555198,0.566543536968284,0,1.57330232188423,0.100708560117223,1.92796779296652,0.0664262409264175,0.0256369992182411,0.027291505144741,2.81354330644535,0.0135622311201767,0.00362330775832481,0.00309701281042647,0.00492477727459433,0.000518690420960665,0.0144830498989106,0.100935514654658,0.00266283682701695,0.0186997141706235,0.36341549998519,0.000243906926150489,0.00642968193326065,0.00776784110848706,7.05613626630905,0.248474319077502,1.47496252624137,0.00042952710716083,0.0379743327512569,0.0227598503612203,0.105082587601596,0.0802038405558315,0.403649362160439,0.0189755794200472,0.112292001609935,0.0497401774630115,0.0385547284493012,0.0432866049034362,0.00728104798948486,0.0313522550525526,0.000307587686734677,0.00361573120562136,0.00245127379932668,0.00798357704228418,0.00440309858068385,0.000375093181802845,0,0.000129257599492741,4.76760528491497e-05,0.0162166236851117,0.000129058311881113,0.000461055624025965,0.0118321726151206,0.000752899742155003,0.0273705305072072,0.0165042061181597,3.45140159926176e-05,0.00191530662736302,0.00125012881652431,0.000665922375278068,0.00370659890135541,0.00498824397328398,0,0,0,0.00633635638382365,0.00453073427156041,0.00113303801254411,0.000964882797071863,0.0971878641851494,0.00011884412069397,0,0.00247157510509772,0.0566573950250306,0.00154070210753572,0.000873946874748898,0,6.65136217386722e-05,0.000306687235701561,0.0109374099696913,0.00274739273584971
0.117043541623939,0.00107759639001932,0.0192815682383836,0.0204447690809493,0.0062283897643651,1.53847324669092,1.57330232188423,0,0.0727396051663509,1.13111304655666,0.0220106562874339,0.362179004395749,0.0126945754244118,1.62023010566409,0.0168221433969283,0.000931347832074881,0.0209827155153647,0.000630036799935222,0.000194864589489078,0.0408807143331897,0.214177051027907,0.0045274173325952,0.0644264890793382,0.0502287621408246,0.000624111490615654,0.00124819042005565,0.00284777867935541,0.644178816029401,0.117821699675627,0.672860248140008,0.000166354152363276,0.0579462272094497,0.00741424411403894,0.0662204166094923,0.0213690368078797,0.362458992948727,0.012447514195802,0.0614741787082843,0.0385008002758852,0.454637681491896,0.0413855200074646,0.0111419055951772,0.015294415264427,0,0.00084290337140832,0.00061979765823009,0.00232860909238754,0.000331492815225601,0.000249433229873967,0,0,0,0.00196520846022331,0,0.000416825397087764,0.00628710744043584,7.38100350462436e-05,0.0195159694253406,0.00211478528288,0,0.0021432866349741,0.00310268205068628,0,0.0016609162715569,0.00200353411348276,0,0,0,0.00267604129030514,0.00113418431752951,0.000117051670594883,3.84026816669703e-05,0.0787222290049433,0.000118615104037595,0,0.000188446603231907,0.0333087139691947,0.000964938537295386,0.0012110287725998,0,0,0.000131460986233521,0.00812779535664394,0.000524729334825468
0.0022391301237149,0.246834563888352,0.000978400871656034,0.363271230289866,0.0610710328339021,0.0458858685269816,0.100708560117223,0.0727396051663509,0,0.210831586576414,0.030185766219842,0.160630856964507,0.0467629013859734,0.0686173101967674,0.196316928473636,0.0356173541785649,0.000880146714734507,0.00200630643367417,0.000167989921761322,0.113776887242984,0.0280165340893126,1.03345695859916,0.0198995198276127,3.13366029298166,0.0926258679696576,0.00241829906869587,0.294816865639859,0.589492489001839,0.0432326775518934,0.0154783038611635,0.00132239420737281,0.035169637199747,0.00262627720451777,0.0567612792083051,0.0186375624914001,0.238212095283335,0.0106865631955146,0.0291424352152641,0.0131347553226567,0.279435367034104,0.0211938474066561,0.0116803247122413,0.113777552763205,0.00293155648521033,0.0148208633930956,0.00511577558890283,0.0286636650205626,0.011294377635847,0.00127398796731355,0.000348121666304397,0.0029369390027582,0.00200874285758657,0.0681109631324686,0.00205690027273269,0.00625089593125096,0.0301825356247738,0.00491940328675838,0.422546415034017,0.0699050908692887,0.0103029742762622,0.025267374434191,0.00335318186383717,0.0120843288777784,0.0304531127526834,0.0766330656105665,0.000431433131262565,0.00206956823046915,0.000233911189437389,0.0293113134126722,0.0414320753777833,0.0514670913975875,0.0207885649477268,0.585343354033141,0.00175712026001982,0.00173119431727418,0.027662932058114,0.229973003551486,0.0199018210616997,0.00614960562726086,9.56953599644657e-05,0.00652365562418596,0.00468857716528611,0.0384372809689756,0.0201563075072651
0.0115922910355034,0.00140205410876908,0.00127966816680935,0.96566997543828,0.019309796178781,1.50458966355785,1.92796779296652,1.13111304655666,0.210831586576414,0,0.167735513321527,1.52759096795886,0.0634898509058584,0.66499151917611,0.057204458807981,0.000929833761007952,0.00157425277697625,0.00635193947889411,0.000652193834494972,0.515779514713636,0.0177060628099063,0.00326341548107946,0.00848466625277383,0.153001431547861,0.00120061960308256,0.00580609633325901,0.00218786014672105,1.72902382971139,0.299489058333645,0.0689444147667561,0.000302381041739655,0.114187081333272,0.0174905997463691,0.228793564199061,0.170064804807527,0.789497749231037,0.0329878734452652,0.137033709718225,0.0538336575525031,0.137325478762673,0.0817838167417362,0.0297810904949812,0.0365249849467476,0.000331822494699597,0.00531904176137173,0.00356454549285185,0.0318972069349203,0.00231755733180325,0.00282641540501488,0,0,0,0.0610909752920274,0.00176103095523009,0.00244040696300776,0.0326696960906466,0.00098873685002546,0.0943282896888883,0.0471409732087044,3.7514344934988e-05,0.0278723530285807,0.0074132949559074,0.00045684347346983,0.0285325006750524,0.00189391115835789,0,0,0,0.0683163270865145,0.000878548293368673,0.00130616480059273,7.59698069710254e-05,0.301313174702224,0.000562126079689359,0,0.000129993625890398,0.190593787253853,0.00044598042165525,0.000400773373330354,0,0,0.000478225095576096,0.0290884717235097,0.00550137327752378
0.00305195647033832,0.0260414532316773,0.0488169103279313,0.00676564960139699,0.00154814146848603,0.0295367874536741,0.0664262409264175,0.0220106562874339,0.030185766219842,0.167735513321527,0,0.078871109181705,0.890499109895046,0.0585497718903515,0.00212657636846146,0.00140734424887054,0.0759982513584159,0.387086548122387,0.107769703045755,0.0222665980873285,0.0564462819007714,0.0100268563535593,0.0715240694850058,0.0179530817453614,0.0669236806335817,0.379830584602353,0.158849982983936,0.0504756203722867,0.251441537302533,0.0878636990849694,0.0902246679107608,0.259779125180229,0.0202062930990087,1.81409971966574,0.0261340806497388,0.390917655400701,1.22637392289889,1.78730741552483,0.368681323374565,0.0192436232984865,0.017991934402651,0.330218621065275,0.00249803507666884,0.0463480674572662,0.00122186005456941,0.000883270474605727,0.000762993204044056,7.76025248868465e-05,0.0124366430141057,0,0.00804966426450172,0.000566904239937448,0.000533237383714676,0,0,0.000124382324920464,0,0.00905344714039633,5.6948393913126e-05,0.123694298960155,0.00054130744911201,0.313402154224944,0,0.000311021106801606,0.000892679465986062,0,0.000760133334911775,0.000198629768702602,0.00036312027341702,4.85052341409206e-05,0.00289452067321799,0,0.00919623113038704,0.0309281761406107,0.0742201604379209,0.0663140682149417,0.000673160604955054,0.00011532586997652,0,0.125137833063516,7.87828293261528e-05,0,0.00465442327695136,0.00878949338099017
0.00200430267884328,0.00129150805389362,0.000593982598962736,0.52629536249454,0.0982747106590161,0.770163963999674,0.0256369992182411,0.362179004395749,0.160630856964507,1.52759096795886,0.078871109181705,0,0.0298107098015973,0.27887843205601,0.592592697424963,0.000512667702997422,0.000494101718802476,0.00332117157651503,0.000319123830555558,1.06916861710467,0.00605602560530849,0.00319654683229515,0.00324329667560292,0.162554905591432,0.000643660760119605,0.00284471358485469,0.00266691801095474,0.0911497222912055,0.10100851530834,0.0269254362981857,0.000297479658807636,0.0945873720665134,0.00162165866119628,0.123160556613053,0.96180296328449,0.388612211117785,0.0143571330046817,0.0468212043381214,0.0210327431836886,0.593946373595546,0.0408773176253138,0.0133708631183803,0.0228703226835112,0.000685254711884189,0.00239626476813865,0.00153830090478075,0.0156927440617505,0.0024892612850492,0.00103245907042337,0,0,0.000155463162410259,0.0766064844293457,0.00101531703167066,0.00625785279149873,0.00763613573434548,0.00220048041359429,0.0308486206559938,0.0261278553372346,0.00046040636912148,0.131357908116351,0.00446661379488662,0.00275538209662253,0.0163497995321638,0.00110164126195781,0,0,0,0.0269009928704601,0.000583696893693543,0.000251306181905842,0,0.0741311887483197,0.000503457604951667,3.59173535176039e-05,0.000286475813991093,0.0505633993404982,0.00314071539194014,9.82382581160544e-05,0,0.000525444425667191,0.000142140018953991,0.018574749512386,0.0403064135752234
0.000717767974549365,0.235339753879681,0.0109200494847943,0.0136244062977569,0.00421717920447917,0.011301943620815,0.027291505144741,0.0126945754244118,0.0467629013859734,0.0634898509058584,0.890499109895046,0.0298107098015973,0,0.0177701489567109,0.0111156271326547,0.00960862618622151,0.00899715100844433,0.00595681856683624,0.00191943682660172,0.021017320667664,0.0263066337119271,0.0719421026859686,0.0315068927904094,0.0550492576731562,1.03433726286645,0.049557068485276,0.428554933114925,0.0408948671382894,0.0380847885361246,0.0366115259488899,0.226670329943599,0.0475254483794629,0.00254467721292748,0.339391127562761,0.0923169232229723,0.667352677302087,0.719611861832234,0.316058809387592,0.217442973144756,0.173431698177713,0.0597382029099498,0.824489272580902,0.0310453792857836,0.163889524755735,0.0062984341592824,0.00503882471512535,0.0346643899462846,0.00278945166797757,0.0772349869001482,0,0.0335057678042061,0.000960058012174535,0.00162189662960761,0,0.00123141220739059,0.00114177760479471,0.00124262223133731,0.0207515057762076,0.00586531025697357,0.426566680474571,0.00198212866815767,1.13502874857177,0.00166855363177693,0.00171765923602157,0.00148561276044703,0.000175158772560834,0.00125692414257613,0.000422975002845526,0.0037832426943976,0.00105614052998746,0.0138904127356672,0.00230731332827339,0.0199251593863914,0.208655619610817,0.126394076078608,0.225447267027501,0.0109010364209694,0.00935705175431639,0.000446575788327693,0.309690843823928,0.00434818983469598,0.000189348325947332,0.0449662102041696,0.0257527154336016
1.30186022236428,0.00170037302236941,0.036928730252743,0.0198809338560703,0.00468096393926399,0.267499343967222,2.81354330644535,1.62023010566409,0.0686173101967674,0.66499151917611,0.0585497718903515,0.27887843205601,0.0177701489567109,0,0.00860597765927732,0.00126856689113634,0.0614545348844804,0.00175881279975961,0.000751281262638498,0.0471126452274474,0.281703686962066,0.00647136965077111,0.164370296508977,0.0475332330882349,0.000459332808251453,0.00264421364210744,0.00440021152587144,0.787062852628522,2.59509627937449,2.10081532561062,0.00029959140112412,0.134901645546362,0.0171120863611102,0.15124272578599,0.0300574958595352,0.349738377707695,0.016497651448267,0.128216683168529,0.0642151526526631,0.0856868906294176,0.0150629258051405,0.00999479788391595,0.0070055765589705,0.000294321041513443,0.000742971643391848,0.00023370772859757,0.00141756146932712,0,0.000735731611702156,0,0,7.86142175795078e-05,0.0011448147542155,0,0,0.00276042673539977,0,0.0179661965050678,0.000360745564969039,0.000233530576032615,0.00314461385623212,0.00166965945950313,0,0.00106493088679631,0.00299453727075736,0,0,0,0.00135017860830391,0.00180806452252295,0.000528677192035818,0.00011230085429306,0.0846051832653307,0,0,0.000507694603291631,0.0213705184260583,0.000130679876199031,0.00101620992202489,0.000111442529818916,0,0.000238423956806517,0.00937944231750583,0.00136908802446735
0.00070345028389883,0.00456255424523867,0.00242740123756461,0.0177829295832788,0.193464643948974,0.189344221389985,0.0135622311201767,0.0168221433969283,0.196316928473636,0.057204458807981,0.00212657636846146,0.592592697424963,0.0111156271326547,0.00860597765927732,0,0.00149229260774931,0.00145948317638264,3.50342590044021e-05,0,0.0151676134389646,0.0268533905279828,0.0117882554469352,0.0336019120180473,0.0458159853636111,0.00126616846220369,0.000805524513394737,0.0133959999489333,0.035030626785405,0.00563181874491131,0.01893985621188,0.00012303722933464,0.0116523193467907,0.000547699513041568,0.00950542711762659,0.193497477203559,0.0251499207925923,0.00579619221320422,0.00360493576954393,0.00957263966762456,0.410200255856396,0.00878864985301173,0.0129831158368462,0.00509997191526015,0.00191224258380499,0.00107488753454966,0.00990367326115305,0.0096745827194806,0.000597875101896811,0.00116398095302463,0,5.53860738865853e-05,0.000772380040941525,0.0158096978627863,0.000769526582976174,0.000560237764735604,0.00146769661979554,4.49595922750235e-05,0.0126480816973661,0.0100106639255238,0.000614536683523798,0.00874453652088849,0.00499505522590726,0.000312582890944553,0.0110013235703085,0.00243811045191546,9.95626958058355e-05,0.000271546982809591,8.38731570387841e-05,0.0112860986924654,0.00185336999850333,0.00064579627845273,0.00227010748013916,0.0247877655066974,0.000363423658499146,0.000877963147356891,0.00188628442140536,0.0146949052983034,0.000358571746230269,0.000832475759720993,8.93641146578789e-05,7.66109958556175e-05,0,0.014727488314687,0.0738388406663784
0,0.0617471392770455,0.00448980716723113,0.000249869280852985,0.00431883055795798,0.000184268885279107,0.00362330775832481,0.000931347832074881,0.0356173541785649,0.000929833761007952,0.00140734424887054,0.000512667702997422,0.00960862618622151,0.00126856689113634,0.00149229260774931,0,0.00620745508305886,0.000385987981249594,0.000316824545640922,0.000207743460456896,1.07584820806163,0.474432961170699,1.07571191236138,0.237904354095105,0.0107441104934873,0.00205542040936458,0.9056715138529,0.227134728853738,0.000693181654713058,0.00472171872231045,0.000350643362346554,0.000183246910840607,0.00025149762840209,0.00518763813411891,0.0490130857636583,0.407817609298105,0.263166575047841,0.0291644408585438,0.061662699735474,0.00310382201114313,0.00399550288165369,0.0184208510828667,0.0463898343939207,0.0145349844534702,0.0103895530540329,0.0108745082005966,0.00122668457568984,0.000787172815998841,0.000412419687043595,0,0.0076537460076354,0.0170376807539232,0.000188484137296247,6.02621259065628e-05,0,0.00137319676059633,0.00011368915375824,0.015754143018887,0.000197157155034304,0.000300881989296341,0,0.0168405462337233,0.000167521698330497,0.000562343781705093,1.01718466991692,0.000652977312968349,0.000153529788809061,7.51122766041756e-05,0,0.0891223585991004,0.198229795917148,0.442486307712387,0.125513962488698,0.000911021956179905,0.00265262047285924,0.490747164435245,0.0781817372261927,0.00152744940084112,0.00185575444726036,0,0.000172054185105228,0.00164779869360244,0.0269272976995661,0.00815690943470699
0.013536543695609,0.00107110520706115,3.64239674988012,0.000158251028779078,0.00178421508982997,0.000911385468511868,0.00309701281042647,0.0209827155153647,0.000880146714734507,0.00157425277697625,0.0759982513584159,0.000494101718802476,0.00899715100844433,0.0614545348844804,0.00145948317638264,0.00620745508305886,0,0.168265001249908,0.942874952435142,0.000272717533056855,0.376661955692078,0.000782237111527443,1.20824004916986,0.00710080229609828,0.000690657165412379,1.52811456664316,2.12507917245497,0.014507513844314,0.0890793480126786,0.401457225501598,0.000340590619280815,0.00130400091652493,0.0155230909627831,0.824793398933032,0.0467396160193531,0.558159967446129,0.446265991004094,0.506198534131718,0.283624394543593,0.00202932261180474,0.0126631308080366,0.00198105209190121,0.00224626767669127,0.000181093500103975,0.00109376241259901,0.00177162484076776,0.000109963280079174,0.000259543751186847,0,0,0.00269044962302775,0.0435067849476406,0,0,0,0,0,0.000313427043657756,0,0,0,8.11874750638008e-05,0,0.000117823387395191,0.00291153566868663,0.00268780547064297,6.07327399890661e-05,0.000788213215947842,0,0.000433531865213061,0.000661204553301335,0.00287014813761632,0.000240200616387487,0.000408878176756907,0.0174650607865462,0.169749973834929,0.000167714813562703,0,4.11301514558553e-05,0,0,0,0.000352530730480075,0.0155297252294373
0.000371778727893687,0.000194061641504002,0.11582050223674,5.40213199803353e-05,0.000426488300110484,0.000880400065503908,0.00492477727459433,0.000630036799935222,0.00200630643367417,0.00635193947889411,0.387086548122387,0.00332117157651503,0.00595681856683624,0.00175881279975961,3.50342590044021e-05,0.000385987981249594,0.168265001249908,0,0.680019833026284,0.00114441880010164,0.0196934830147947,0.000133197193544674,0.0414156080525707,0.00118856796145747,0.000860468922019267,0.965033134577118,0.246810261042607,0.00257712454525106,0.0148433734944222,0.0144135587677079,0.00558288203284981,0.00427907299319396,0.00240608105326288,0.315082040603564,0.0104139333030265,0.216908530964223,0.544404980291244,0.462148044483311,0.219290408993248,6.40355071933269e-05,0.00319926580569131,0.000305628699008345,0.000576669071906901,0.000704436140338444,0.000154428101861,0.000684521353798104,0.000115084361401558,8.66001548058509e-05,0.000117337860199833,0,0.000566996220330215,0.00125344967882381,0,0.000173426269232654,0,0,0,0.000261824724431538,0,0.00235582736700952,4.64648754063368e-05,0.00455080772129342,0,0.000296055771673966,0,0.000104099536287689,5.50607731091022e-05,3.50914902615547e-05,0,0,0,0,0,0.000622441524625182,0.0310472084758397,0.033003873149569,0,0,0,0.00815866636377596,0,0,0.000130644163583588,0.00479179860216208
0.00026805508479259,0.000543488975689411,0.447195370296943,0,8.43761712542057e-05,0.000151555651958966,0.000518690420960665,0.000194864589489078,0.000167989921761322,0.000652193834494972,0.107769703045755,0.000319123830555558,0.00191943682660172,0.000751281262638498,0,0.000316824545640922,0.942874952435142,0.680019833026284,0,0.000130703091342688,0.0144060054801269,0.000164880952832603,0.0414216840784568,0.000431482027169729,3.84530935971499e-05,1.62809102576003,0.259673901229662,0.000836225101214218,0.0039079735102498,0.0109334028432001,0.000162742505187607,0.000300503438904571,0.00122897375933756,0.233652781573389,0.00776289687430375,0.136343093729775,0.117400460641305,0.169447085353075,0.0996515484848532,0,0.00225458526477685,0.000356576926494741,0.000530521981024743,0.000114005319525242,0.000348546297132015,0.000520239502163506,0,0,0,0,0.000239631821766805,0.0104339503739182,0,0,0,0,0,5.17115117557526e-05,0,0,0,0,0,4.46188897032737e-05,0,0.000343342220491004,0,0.000109726702743912,0,3.06353932765961e-05,0.000146433118475342,0.000253612175083494,0,0.000132670128429317,0.00675411756555423,0.0321135048079155,0,0,0,0,0,0,0.000126443177731753,0.00173087199856396
0.00106466136789133,0.000877708610979748,0.000153249410625672,1.35950565171816,0.00334534311689672,0.0318771797016766,0.0144830498989106,0.0408807143331897,0.113776887242984,0.515779514713636,0.0222665980873285,1.06916861710467,0.021017320667664,0.0471126452274474,0.0151676134389646,0.000207743460456896,0.000272717533056855,0.00114441880010164,0.000130703091342688,0,0.00267808322337131,0.00341981542631984,0.0013150158594074,0.0733890252007273,0.000614531560698772,0.000509536288042951,0.00180776538841379,0.167129614928819,0.0327481092671924,0.0111228077367974,0,0.0131951748025895,0.00220331176150236,0.0284756880179546,0.0123694910078473,0.125859874748595,0.00540073438585553,0.0185034531045854,0.00810079128552303,0.0345602692550897,0.0145352464811112,0.0167867899900897,0.0217930941428713,0.00024867147828722,0.00395390503709741,0.00125556218470499,0.0255704241975702,0.00270688308206322,0.00173165443858933,4.78065585520744e-05,0,0,0.10024293999779,0.0012561926920135,0.00228695390551014,0.0136201400229578,0.00098071028560357,0.0479161042761001,0.0555948899944111,0.000267703653442574,0.0338427963358256,0.00557119320385375,0.00130445004806152,0.0249945091527518,0.00044829776279273,0,0,0,0.0384844144882767,0.00064139207610178,0.000534330419649601,0.000270622275408221,0.139023379765131,0.000909751556658506,0,0.000188465500764227,0.106141981608603,0.00142691126917145,0.000346200745749402,0,0,8.75158160479069e-05,0.0255036464268689,0.000215548974284744
0.0438625957216394,0.00986326884601921,0.594458623137192,0.00174339656162526,0.0490099119916872,0.0160342907279049,0.100935514654658,0.214177051027907,0.0280165340893126,0.0177060628099063,0.0564462819007714,0.00605602560530849,0.0263066337119271,0.281703686962066,0.0268533905279828,1.07584820806163,0.376661955692078,0.0196934830147947,0.0144060054801269,0.00267808322337131,0,0.0592804609818214,6.10448658733454,0.158587954246122,0.00156862288667648,0.0357443183406604,0.245921630246585,1.44707071052597,0.139152832695583,3.98226060129631,0.000258202417892575,0.0181737062008842,0.017573533910405,1.07474202057429,0.624985655628344,2.12237339666945,0.211616031581102,1.70269958719083,0.983859378227714,0.02617927801051,0.0619342299837218,0.00848618842040324,0.0459710901448442,0.00397585959650996,0.0147396767843307,0.0177275708894343,0.00429462910249941,0.00312522168391905,0.000131039926112127,0.000185632870067453,0.000881701365794802,0.00662934777041793,0.00038105665825131,0.000197725158324289,0,0.00355914860640452,0.000520062388470935,0.0267093282418234,0.000260280124659372,0.000335435246961642,0.000132977442398929,0.00273828175683257,0.000647450726031781,0.00475589321856246,0.260800983240362,0.000443366934029055,0,0,0,0.137860629608998,0.0631904652382203,0.0741282682604795,0.201449562402297,0,0.000529092074224591,0.0962721044043739,0.122824871275048,0.00416945450561676,0.00702865616017385,0,0.00015758797140131,0.00409350117776039,0.019456971609874,0.0603049435471249
0,0.397926682192045,0.00185248465494499,0.00741177592583477,0.00240012349929993,0.00265235011542139,0.00266283682701695,0.0045274173325952,1.03345695859916,0.00326341548107946,0.0100268563535593,0.00319654683229515,0.0719421026859686,0.00647136965077111,0.0117882554469352,0.474432961170699,0.000782237111527443,0.000133197193544674,0.000164880952832603,0.00341981542631984,0.0592804609818214,0,0.0640498372370661,1.5744468423856,0.163742815423975,0.00470118477642142,0.750601125098484,0.0551179188470078,0.00580155973434127,0.00259186012237041,0.00466922048901376,0.00328974932286756,0.000436551355464649,0.00751536231332095,0.00177601180599255,0.030921260512857,0.00913584033133285,0.00704930291372421,0.00413431747913275,0.010591976164992,0.00308527335570212,0.0130980135358315,0.0220116749632728,0.00654007613316403,0.00459416396096291,0.00369560531329531,0.000768289155567074,9.90179270956996e-05,6.27949283444405e-05,0,0.0259040504264669,0.00920357849150839,0.000452465829287648,0,5.83190008899212e-05,0.000746365477487827,0.000276589589116407,0.0126633564927742,0.000103652148455239,0.000986435582619187,4.65161925077677e-05,0.00428808862935703,0.000110813041522217,0.000144244170049,0.22634432712529,0.000318976096056271,2.98950798101902e-05,0,4.64625569462299e-05,0.0184752147408356,0.138685318816285,0.074017249622913,0.0404354544195207,0.00261881684692635,0.00649322528551697,0.383660242623748,0.0198271439642225,0.000328666842813063,0.000661680467911195,0.00112335401292272,4.42257982629061e-05,5.39732181804657e-05,0.00296723986861906,0.000759881430750417
0.0391877794223011,0.0085979514308239,5.47833698352537,0.000799185826803017,0.0613044921374168,0.00579753517636206,0.0186997141706235,0.0644264890793382,0.0198995198276127,0.00848466625277383,0.0715240694850058,0.00324329667560292,0.0315068927904094,0.164370296508977,0.0336019120180473,1.07571191236138,1.20824004916986,0.0414156080525707,0.0414216840784568,0.0013150158594074,6.10448658733454,0.0640498372370661,0,0.11616960242371,0.00200733076822176,0.114506639676571,2.51663316110457,0.221294691425133,0.188216487772601,1.69861084908528,0.000391371676075411,0.00932758582841353,0.0260621591045721,1.16210569402777,0.935481106552393,4.32399556037467,1.73533403285036,2.39291421613049,2.1431700276232,0.0388408873478436,0.0700745579444575,0.0207015094862283,0.0358816365623375,0.0105796635730463,0.0109282089539006,0.0348054118010833,0.0017683277850275,0.00404577937489066,0.00076521285610137,0,0.00580161562450113,0.0505611188170626,0.000239541415705633,0.00022024059905057,0.00013775347021904,0.00114915241259649,0.000359018273317051,0.00850117869216588,8.24573303718091e-05,0.000225810700845575,0,0.0116072084881825,0.000444661351131201,0.00663619699025498,0.60162529690544,0.00288060880749051,0,0.00047732680196035,0,0.072744805511243,0.0873996218188277,0.292206510045024,0.0802685843984014,0.00134010879193134,0.00260010131233642,0.590153938245697,0.0561581822456513,0.00175641018926897,0.00151331194200375,0,7.44675669921398e-05,0.000632541455989742,0.0184255976898445,0.132840785818565
0.00330895386650791,0.358508846535293,0.00460041194439738,0.364288601749298,0.0143348670608055,0.0327997119876371,0.36341549998519,0.0502287621408246,3.13366029298166,0.153001431547861,0.0179530817453614,0.162554905591432,0.0550492576731562,0.0475332330882349,0.0458159853636111,0.237904354095105,0.00710080229609828,0.00118856796145747,0.000431482027169729,0.0733890252007273,0.158587954246122,1.5744468423856,0.11616960242371,0,0.120249893129622,0.00354441832148273,0.616656638994929,1.66364350620951,0.0423687656652484,0.0459770187666462,0.00191278726088736,0.0144022843433256,0.00547267760515353,0.0492235063985911,0.036748752018025,0.454185406290008,0.0661277373217861,0.0647693756321786,0.0431974296086119,0.0623609547806461,0.0146581782579951,0.0272744318823439,0.328221964509598,0.00643237246595397,0.0483346609242699,0.018983185579625,0.0632721370632015,0.0357925484110707,0.00183157900575716,0.000442720669521618,0.0075180859514033,0.0100933241197667,0.112614767708,0.0016841748523273,0.00813845714113185,0.0773340864981248,0.0126085826450688,0.306032088007283,0.111664169015838,0.00312021171653266,0.0437558869598048,0.00984885048699786,0.0158929278179062,0.0316934102932259,0.287492272879638,0.000373949550682211,0.000133616037940121,6.9447795434928e-05,0.0753207301076173,0.132527875136234,0.0881171482042807,0.0899779366420614,1.05443058036154,0.00249969703772459,0.00154695089340728,0.160272124056145,0.505515902181301,0.0351797491454552,0.0198731718918083,5.80568566317082e-05,0.00297167066801117,0.00943362715972692,0.0979579426171628,0.0228791133457458
0,0.332212920743822,0.00053127056875596,0.0010443234443336,0.000170889796130991,0.00066444080152502,0.000243906926150489,0.000624111490615654,0.0926258679696576,0.00120061960308256,0.0669236806335817,0.000643660760119605,1.03433726286645,0.000459332808251453,0.00126616846220369,0.0107441104934873,0.000690657165412379,0.000860468922019267,3.84530935971499e-05,0.000614531560698772,0.00156862288667648,0.163742815423975,0.00200733076822176,0.120249893129622,0,0.0370569214050123,0.710852798467827,0.00325203448805361,0.00183876762594106,0.000249022695839119,0.0538656065852762,0.00152336583180485,0.000216242568697548,0.01628391397155,0.00011942735085249,0.0094217301552261,0.0453483883279523,0.0146324250891179,0.00382085089948282,0.00494174337137921,0.000257012642474317,0.277733377112103,0.0027529309733954,0.0143036501199893,0.0013397649656858,0.00133607492123933,0.00158097273502669,8.26849781649113e-05,0.00742749178953628,0,0.0541495839211454,0.000596156459350491,0,0,5.69143861294269e-05,4.38969295557975e-05,0.000192982905053568,0.0100882990976609,0.000160414782346726,0.054512546381009,0.000115156075398731,0.260687576869322,0.000189062963768864,0.000734574508523512,0.00128154611394269,0.000317769908161736,0.00163011433787647,0.000444243722886085,0.000267298350520111,3.34662302904606e-05,0.00636236922856262,0.000211623907398415,0.00341497733318383,0.168438477386857,0.0666352917484808,0.272241441044535,0.000331790561035299,0.000428499779439593,0,0.0831999995658326,0,0.000132407628766441,0.00150727422762968,0
0.000227674148579312,0.0108717338645943,2.42360867361659,0.000385254687025285,0.000931560788883043,0.00150342442045737,0.00642968193326065,0.00124819042005565,0.00241829906869587,0.00580609633325901,0.379830584602353,0.00284471358485469,0.049557068485276,0.00264421364210744,0.000805524513394737,0.00205542040936458,1.52811456664316,0.965033134577118,1.62809102576003,0.000509536288042951,0.0357443183406604,0.00470118477642142,0.114506639676571,0.00354441832148273,0.0370569214050123,0,3.90487496196628,0.00329344728617417,0.0187637896330754,0.0239161810678292,0.133588159465241,0.00674401562254374,0.00359454293753481,0.346404834240799,0.0542573996185691,0.93996728056491,1.40665532722106,0.695799390096914,0.530945483983992,0.00175402341094544,0.0134481922065811,0.00257232783732212,0.00675673383672085,0.0286805006838361,0.0107189342602187,0.00750480118609746,0.000124745809486437,0.000241796919208336,0.000914643068781328,0,0.0420607772306018,0.0676996123999173,0,0,0,0,0,0.00240996008691554,0,0.107786025299227,8.73879814331531e-05,0.257628611502495,0,0.000359294966953659,0.00121722907905402,0.00671277751016073,0.00578900314598789,0.00551795265238624,0,7.05389738251687e-05,0.00410140706563957,0.00231542014473417,0.000245906702115106,0.056725510910948,0.655599638633887,1.45920009019897,0,0,4.66564301899433e-05,0.297807578389931,0,0,0.00272371297001097,0.0179299750917546
0.00200567822261298,1.07293608345688,2.64612991559653,0.00253472222835689,0.0147132387201252,0.000535633838485479,0.00776784110848706,0.00284777867935541,0.294816865639859,0.00218786014672105,0.158849982983936,0.00266691801095474,0.428554933114925,0.00440021152587144,0.0133959999489333,0.9056715138529,2.12507917245497,0.246810261042607,0.259673901229662,0.00180776538841379,0.245921630246585,0.750601125098484,2.51663316110457,0.616656638994929,0.710852798467827,3.90487496196628,0,0.161047496398881,0.0173133227231438,0.0478754660879959,0.248911462520476,0.00133365660075195,0.0029979927453496,0.569429221570768,0.320395901758885,3.12074562449556,2.12522287598789,1.71920444675378,1.53970179252638,0.0180565995980561,0.0586443174412627,0.0110640765525729,0.222005415537483,0.104872548318643,0.13002245405374,0.11470339858402,0.00216465008146377,0.00185507729308982,0.00221584026455755,0.00110557022996564,0.99273799702193,1.35804366421058,0.000144927491045761,0.000332147542806577,0.000150930664529133,0.00759260436625166,0.00186077878076961,0.00985574550128105,8.7371638371849e-05,0.0686696769803175,0.000116671626392889,0.227695588779325,0.00554510359448416,0.00373790213331313,0.66468011761417,0.155493773436103,0.0216721401943258,0.0385483792046921,0,0.0575811463684217,0.239148408734958,0.510576049277017,0.0615471448627241,0.279149297056143,2.09357233196736,16.45170193816,0.0382755700008332,0.000615446544450688,0.0146828071625293,0.295384059987183,0,0.00032641733398745,0.0325688206521858,0.0783779395782698
