0,0,64.7620809078217,20.1024580299854,0.956075102090836,20.0359792113304,11678.3202688694,856.450619846582,6.4816075861454,91.4434968233109,1.03347218036652,1.38202551007271,0,14614.2347699702,0.720558285713196,16.110710889101,371.075751423836,0,0,9.86097940802574,649.263254761696,6.75504752993584,816.711772143841,165.135466635227,1.84172701835632,2.57718852162361,79.4367197751999,358.967261940241,3492.55231297016,6994.40229776502,0,2.08138966560364,19.9773471355438,359.237883865833,31.0924224257469,109.283901005983,5.92982098460197,121.934421718121,38.7219326794147,2.56222480535507,5.81100857257843,4.18931603431702,37.7943217754364,0,4.84557375311852,2.21158230304718,1.8530148267746,1.58737623691559,2.80196058750153,0,0,0.960253238677979,0,0,0,3.34312915802002,1.69722306728363,2.8821827173233,0.720743477344513,0,1.29094529151917,1.6004763841629,0,1.53113102912903,0.939022600650787,0,0,0,0,0,0,2.29084703326225,31.8552995324135,0,0,1.82241952419281,24.0516415536404,1.84939992427826,0,0,0,1.84400534629822,0.409706205129623,7.05214869976044
0,0,212.072685241699,2.34244632720947,0.809517979621887,0,1.49806553125381,1.66601586341858,4251.39672887325,1.00242778658867,441.753419965506,2.29160457849503,268.913503974676,4.69893968105316,15.9894841313362,177.997254431248,426.036218613386,3.77975594997406,46.5440790355206,2.12674486637115,2.36372697353363,15418.14701882,17.9876718223095,2709.63026338816,3775.01894122362,1568.57622796297,56242.387273699,47.034421890974,6.60897496342659,1.90196919441223,26.280676394701,0,0.764891445636749,25.5054215788841,3.93343579769135,44.0956284105778,114.773373246193,18.3983504474163,0.77106037735939,21.3109083175659,0,24.9950215220451,30.9469866454601,112.055215060711,34.319503903389,10.4663690030575,5.04190921783447,0,36.267150580883,0,4248.36855438352,2577.75800666213,0,0,0,24.7113017737865,1.18605160713196,0,0,170.124714940786,0,317.765116214752,1.05286484956741,0,12.2383811175823,101.90597140789,7.96082565188408,42.7840145230293,0,8.0056149661541,47.9129822552204,111.650724500418,12.8122346699238,176.673716008663,1283.36606585979,8105.19465923309,9.03458306193352,0.506902098655701,2.64799082279205,4.61739754676819,0,0,30.8853260278702,2.36575001478195
64.7620809078217,212.072685241699,0,11.8655244708061,9.27965641021729,16.2791475653648,526.842171907425,481.488814041018,297.436081796885,13.5793811678886,6.12313798069954,0.658250540494919,1.31961035728455,658.872965067625,6.20421579480171,5514.94232586026,1662.48410499096,1.69545871019363,14.9379014968872,3.12714070081711,2247.50072047114,994.590761989355,29127.6664959788,1039.0444842428,3.78941452503204,294.41442283988,27080.576993987,1259.49372878671,156.418380707502,446.763776510954,0,1.31633800268173,5.71110320091248,2369.78365546465,665.785047233105,21385.2540900409,15060.4054041207,4074.0048841238,518.643655061722,54.5058460533619,163.709477469325,45.440546810627,443.582678437233,124.513437926769,401.294123828411,171.94810423255,5.5875329375267,9.70520126819611,11.8365897834301,2.57077449560165,69.9005315899849,7216.2695954144,0,4.2554407119751,0.418996125459671,66.9524604976177,1.65077391266823,4.24175977706909,0.337760329246521,5.01834592223167,0,2.70777660608292,3.99645832180977,1.70346677303314,194.969353079796,120.738274246454,0,17.5374872982502,0.385197877883911,125.269588202238,126.492289721966,1603.06115481257,27.5329583883286,0,19.3416216373444,5879.00168797374,134.939678668976,3.45961335301399,30.8125567138195,0,0.446702986955643,0,353.625449359417,437.311414122581
20.1024580299854,2.34244632720947,11.8655244708061,0,17.4571725726128,260.895812541246,202.755840241909,743.906589984894,5115.58438676596,2736.15660718083,12.7693982422352,1584.05448541045,2.96827280521393,949.349078476429,120.238365381956,12.3645829856396,16.2382337450981,1.93301400542259,14.7332346141338,26329.6649824977,48.7321461737156,1.64278197288513,59.8274224698544,4161.8993986398,2.04637214541435,19.5512770414352,5.98977261781693,2618.51805773377,1610.50238257647,69.3570339381695,0,9.3778378367424,86.3740556836128,922.589179545641,477.385605156422,1192.22037895024,26.7847407162189,538.182214528322,116.464513599873,288.162547498941,131.994417756796,38.5626244544983,170.066271692514,0.672781378030777,42.7551695108414,9.32597768306732,387.912788450718,15.2296685874462,6.27027025818825,1.74365699291229,0,0,580.995550632477,2.56421399116516,38.4633716344833,418.481123715639,56.7496356666088,830.044150561094,732.724860697985,0.78025096654892,410.762267231941,3.70163559913635,22.1658857166767,43.7663834691048,0,2.13532084226608,0,0,437.428082257509,0,1.88970041275024,0,1966.36170494556,0,0,0,1009.35933187604,12.2760262489319,0.36029252409935,0,2.17189860343933,0,150.381131947041,86.6807170808315
0.956075102090836,0.809517979621887,9.27965641021729,17.4571725726128,0,2414.65668711066,23.4833822548389,407.279042676091,168.403893172741,68.4880395829678,3.44889396429062,251.729004561901,0,38.2144674658775,4150.2953645885,172.98200276494,11.9503900408745,0,0.52630490064621,47.6438650786877,226.691015779972,0,250.770025938749,225.074905321002,0,2.27016961574554,10.0693124085665,184.671495467424,64.1746298968792,120.764581501484,0,1058.45141750574,6.64098620414734,3305.54925876856,3313.9460209012,355.953181385994,84.5320870876312,54.7966777980328,35.4868347644806,6620.83160865307,5475.68039822578,5.57343566417694,45.057548224926,104.705290079117,98.9730134010315,191.419814884663,8.29440194368362,9.21398556232452,3.13391956686974,3.0540679693222,1.44187265634537,16.7162117660046,0.738322854042053,0,1.59650284051895,34.4690145105124,4.39902287721634,8.6209431886673,7.01133325695992,3.46805715560913,0.297310650348663,0,8.3549884557724,3.13514253497124,37.1848595142365,13.0320481956005,1.36860764026642,17.8099178671837,0.530261754989624,43.351236552,4.49585062265396,59.7453234493732,40.0621971487999,0,19.3772243261337,58.3548048138618,65.1852771043777,4.36035710573196,27.9196975529194,0,0,0.904805362224579,6.94813278317451,1211.66963031888
20.0359792113304,0,16.2791475653648,260.895812541246,2414.65668711066,0,337.061945155263,29161.385976851,386.907736331224,14769.2703603953,485.352474480867,1787.94448967278,123.146996468306,7218.27265168726,5865.42007508874,13.2268318235874,48.9158081114292,82.925378382206,157.747844427824,3603.70155237615,85.5048667192459,1.5346362888813,108.339935153723,321.435456246138,32.9546976685524,200.368809878826,20.3514192700386,789.324872821569,5442.33609603345,201.053864628077,2.01589003205299,1552.72653239965,4.01503275334835,3761.68323644996,6462.67434519529,3066.66084440053,267.343672126532,1914.46882084012,445.024683564901,6648.26916079223,2284.7021869719,245.653821200132,57.0045278966427,7.01468402147293,29.7153572738171,21.5210232138634,91.2533884346485,5.66224122047424,18.8474980294704,0,0,1.71725082397461,66.3593000173569,0,7.57571685314178,71.9861593842506,11.1991375088692,124.096241027117,126.54376578331,6.77013033628464,84.4331545829773,24.1077399551868,4.75524771213531,10.0660685300827,1.73279884457588,0,0,0,76.2949354350567,1.44449505209923,0.510416865348816,4.71222591400146,364.538325846195,2.4458047747612,0.248415693640709,7.70477136969566,195.583806335926,8.29295274615288,1.28268241882324,0,1.01931405067444,2.99414348602295,63.4532135426998,468.292899906635
11678.3202688694,1.49806553125381,526.842171907425,202.755840241909,23.4833822548389,337.061945155263,0,7556.65958933532,398.100033074617,9794.19064621627,12.7210565954447,31.074329406023,6.00832036137581,30920.9396448731,81.1641617715359,51.0784688591957,554.073088005185,1.36290308833122,20.1719644069672,93.8935846537352,4640.12562736869,11.639781743288,2922.9367839098,4878.08490498364,1.18073451519012,34.8904939889908,158.378572255373,38758.3745790422,3035.60518714786,18019.4742447436,0,14.5851509273052,242.472181648016,1243.3698720783,479.850026398897,1407.5061711967,114.143810927868,813.574252694845,239.19084495306,165.987442210317,84.8825880587101,24.4217318296432,93.5301903039217,5.68953213095665,35.3313488662243,11.5274704098701,49.7137261331081,10.049833625555,2.42104707658291,0,0,1.4548305273056,42.0058770775795,0.300160676240921,9.18293282389641,97.8804515004158,25.6684421300888,144.19094106555,92.7142318785191,0,16.7136690914631,0.821908056735992,8.84847563505173,11.7026894390583,4.68621599674225,0,0,0,22.4071270823479,4.44681504368782,5.13891714811325,11.0027457773685,404.265305638313,0,0,10.4234286546707,307.730163514614,14.053235322237,4.35927027463913,0,1.47425138950348,0,69.0419265329838,112.934730887413
856.450619846582,1.66601586341858,481.488814041018,743.906589984894,407.279042676091,29161.385976851,7556.65958933532,0,497.630948722363,12596.1923052967,173.43683975935,1564.32092060149,37.5528749227524,15760.9462156892,1015.11447231472,128.468026548624,1294.02726204693,10.4669828414917,21.7051875293255,2728.49993564188,2922.92316149175,12.4066016674042,3619.73229964077,2119.30265589058,17.3935226500034,30.5513127446175,510.598391845822,5241.43287919462,2214.7266304791,6482.22409646213,0,609.015597552061,64.5884027630091,3153.82830113173,191.708530887961,2545.46948638558,123.223000824451,744.978643745184,218.383552283049,9724.89043414593,6196.82506470382,98.9873585402966,189.223669737577,2.95521229505539,40.8532100021839,26.213869035244,286.817412137985,17.6184501349926,18.3817922621965,0,0,3.21561905741692,154.723568081856,1.80680805444717,16.4358345270157,367.978692442179,34.7502909898758,269.852494955063,342.662363052368,3.09855043888092,122.484600573778,5.78682678937912,22.3315727710724,33.7457789778709,2.89391225576401,0.252024263143539,0,0,110.27574467659,1.24391666054726,2.63970896601677,3.16298714280128,1191.29547673464,0,0.399569600820541,8.84269644320011,862.834033966064,18.5447090864182,1.43753778934479,0,0,4.70025962591171,144.130542695522,55.1519977897406
6.4816075861454,4251.39672887325,297.436081796885,5115.58438676596,168.403893172741,386.907736331224,398.100033074617,497.630948722363,0,1489.3999287039,6.67580312490463,4536.78947469592,4.27352663874626,161.884296670556,4603.28684255481,82.6707113385201,177.861909002066,0.44642972946167,14.8723284304142,2340.85015064478,22.7595093250275,11440.8932559192,86.7000145614147,31026.4757275134,21.6278024315834,50.0085029751062,4840.43673861027,4395.45508046448,490.556031778455,45.8811331689358,0,9.87369227409363,46.2425348162651,578.673450857401,255.876079306006,1069.80298641324,37.3659873902798,310.53553083539,75.9678489118814,3541.58631040156,83.1996154487133,21.1185295730829,563.605085477233,15.8024646937847,268.568258613348,95.2239965498447,333.954162508249,64.3677881360054,1.03600037097931,8.23054695129395,10.8738151788712,34.9892422556877,675.930378884077,5.75706374645233,70.6890508532524,714.771587461233,166.923685729504,7538.48542559147,1152.9384342134,24.664437353611,676.454916030169,2.15868192911148,106.225578963757,202.178362995386,4.10484915971756,3.45840647816658,2.51333695650101,13.0589047670364,511.514397323132,2.64513731002808,293.623070061207,1.69875812530518,10143.6489121914,2.46661239862442,20.517188668251,35.187317237258,3543.97933873534,191.112607955933,8.48309409618378,1.34119093418121,7.30981937050819,14.3304072618484,291.956095129251,242.234055325389
91.4434968233109,1.00242778658867,13.5793811678886,2736.15660718083,68.4880395829678,14769.2703603953,9794.19064621627,12596.1923052967,1489.3999287039,0,98.6123753935099,5317.26896610856,26.8450603783131,5733.51518946886,89.6884797215462,18.7477160692215,38.1937637031078,18.034159809351,63.5364064872265,21061.1433650702,60.7733078300953,1.36415553092957,103.708506464958,692.537101015449,7.84864917397499,83.4255249500275,10.7980742752552,15804.3650622368,3205.04042637348,198.959179341793,0.390592962503433,86.0172581225634,30.4701066911221,2027.04433307052,751.268831074238,2871.07744696736,112.999372571707,1060.41059444845,239.884777516127,554.007575333118,406.772149309516,106.002761125565,100.539963960648,1.94384026527405,26.9351215660572,13.5045005083084,231.830918997526,13.2132452130318,14.8199615180492,0,0,0,323.826016038656,2.17577171325684,19.3660061359406,243.294327706099,28.2775374650955,485.047866493464,517.598690092564,0,298.96188673377,6.24619355797768,4.14578866958618,22.1244099736214,0.381695210933685,0,0,0,269.315146237612,0,0,0.435515165328979,1131.58121934533,0,0,0,626.319490492344,5.28789767622948,0,0,0,0,77.1230582892895,107.260510861874
1.03347218036652,441.753419965506,6.12313798069954,12.7693982422352,3.44889396429062,485.352474480867,12.7210565954447,173.43683975935,6.67580312490463,98.6123753935099,0,137.304555892944,17533.5242483318,190.409258216619,10.7596778571606,15.5263200700283,21.2464747726917,10301.7251808345,9694.14997342229,56.0241529345512,11.5603431761265,15.835500895977,43.1751230955124,67.4968109428883,14234.6064198315,12145.7695674896,3462.73662334681,55.9464712142944,396.385523289442,30.5486794412136,819.900324344635,59.2644621431828,2.98084008693695,21292.7145215571,94.5309429168701,2331.81275314093,9312.57602581382,7339.81627857685,896.462003231049,148.751012682915,32.1410505473614,5962.98180580139,22.9360333383083,1378.40143069625,41.4873561859131,8.62513959407806,5.04319259524345,0,601.00125515461,0,111.064297229052,0.800143003463745,0,0,0,2.15811935067177,0,8.80596357584,1.7586981356144,3329.94966626167,2.19798028469086,6928.3873411417,0,0,4.22004869580269,4.34725615382195,40.7849964350462,131.955118253827,0.894110500812531,0,1.23525559902191,0.710841000080109,21.4485270678997,1850.56380191445,492.30482262373,3662.91000926495,2.55107966065407,0.440228372812271,0,200.821171194315,0,0,13.5277542173862,104.340979397297
1.38202551007271,2.29160457849503,0.658250540494919,1584.05448541045,251.729004561901,1787.94448967278,31.074329406023,1564.32092060149,4536.78947469592,5317.26896610856,137.304555892944,0,26.1888530254364,1493.66765654087,8617.77068030834,3.04291388392448,9.93370088934898,30.6218633055687,58.1394054591656,11164.8133760095,5.08942422270775,3.17986059188843,16.1917858123779,593.802638277411,10.1326010525227,86.1575601994991,17.0161434412003,195.471311420202,2192.00887066126,28.2112164795399,1.42568650841713,108.68079996109,0,1611.32922828197,565.417732805014,1390.96591420472,81.4019511938095,848.15420076251,181.73501932621,6623.83741849661,399.907873824239,89.9822858273983,46.480595767498,1.99038776755333,14.5762563049793,7.03591188788414,245.097485810518,3.09640797972679,15.7642827928066,0,0,1.54943871498108,272.554392725229,0,17.9644435346127,84.7963075637817,24.5156495571136,355.362268447876,373.444125920534,7.83527547121048,644.544514000416,13.0257508158684,16.500943928957,12.6811355352402,0,0,0,0.469968169927597,325.99849820137,0,0,0,442.186963737011,0,0.308111071586609,1.78116244077682,248.577544271946,8.16980502009392,1.56284785270691,0,0.559271275997162,2.62881016731262,37.6689585745335,346.304730325937
0,268.913503974676,1.31961035728455,2.96827280521393,0,123.146996468306,6.00832036137581,37.5528749227524,4.27352663874626,26.8450603783131,17533.5242483318,26.1888530254364,0,47.1825634539127,2.3875527381897,3.40757095813751,1.89221423864365,350.34054812789,44.6870050430298,12.193216919899,0.747796446084976,4.12397947907448,5.63624960184097,13.2883844971657,10756.2414768934,4744.54246875644,5613.54386097193,15.3207987248898,93.7903508245945,7.85934367775917,9952.8212890029,12.6375147402287,1.90538036823273,1293.50619480014,11.064717233181,136.201868444681,2400.90492293239,1853.18138161302,122.123365104198,44.6287979483604,6.82088249921799,2546.36352139711,2.5979043841362,844.844847679138,17.3148140609264,2.85149711370468,2.20872163772583,0,274.983814895153,0.523980498313904,71.6165825724602,0,0,0,0.543455421924591,0.825241029262543,0,1.12168389558792,0.365581005811691,1976.28257283568,0.795286595821381,4996.96287059784,0,0,0,1.20335713028908,23.2945796102285,55.007440418005,0.944774925708771,0,0,0,4.52461111545563,1576.95145556331,263.16706174612,2113.90904177725,4.32618135213852,0,0,100.468422472477,0,0,6.39768651127815,3.99298918247223
14614.2347699702,4.69893968105316,658.872965067625,949.349078476429,38.2144674658775,7218.27265168726,30920.9396448731,15760.9462156892,161.884296670556,5733.51518946886,190.409258216619,1493.66765654087,47.1825634539127,0,147.30554382503,190.955203920603,3697.91518965364,22.3683098852634,24.3305091261864,1516.48868447542,4563.22668096423,40.1307585388422,7874.26743684709,2894.80574266613,25.4756417870522,61.3747854232788,981.281837105751,5902.11533772945,15943.9503101259,21821.4971797317,2.06015065312386,1979.44706964493,104.933217868209,4974.68072217703,204.583681464195,2162.61278991401,171.396686255932,1289.16212770343,323.625949144363,3125.51394614577,657.639338135719,113.088557332754,182.071492433548,6.01591151952744,54.3567300438881,28.8346468806267,105.417001873255,11.8439678251743,18.4036409258842,5.43031358718872,0,8.40455240011215,18.1535468101501,0,0.856616795063019,110.539171248674,3.61983740329742,117.840641111135,42.824875921011,1.49000903964043,33.4604999274015,11.196917027235,5.48483249545097,14.8401597440243,7.44662402570248,0,0,0,14.9754633307457,1.02984085679054,11.2292298972607,7.23117282986641,562.739867031574,0,0,21.9386986196041,496.365425735712,18.9693685472012,2.87812757492065,0,0,5.11494079232216,85.9370146393776,57.9144110679626
0.720558285713196,15.9894841313362,6.20421579480171,120.238365381956,4150.2953645885,5865.42007508874,81.1641617715359,1015.11447231472,4603.28684255481,89.6884797215462,10.7596778571606,8617.77068030834,2.3875527381897,147.30554382503,0,12.9480873942375,13.5713069140911,1.21369540691376,2.34793698787689,475.906078368425,26.4628434479237,34.5386303663254,19.4340082705021,1752.18276053667,0,6.60694921016693,42.8057878613472,432.296328544617,191.298362106085,31.7241612076759,0,19.7795515954494,7.79982578754425,118.900271654129,6376.47885999084,200.496829882264,14.1305493414402,92.6945368349552,32.1514507234097,13529.2236517072,295.818265348673,13.6500214040279,52.0885108709335,14.400182902813,24.7630943953991,12.4103932380676,46.8563076853752,1.02080011367798,3.83474910259247,3.47163105010986,0,3.04720222949982,14.5872136354446,0.942050457000732,1.11333802342415,26.5110579431057,9.14452856779099,43.5325248837471,39.8205364048481,0.54121869802475,21.5839896500111,0,6.1458780169487,6.42957067489624,1.49280965328217,0,0,0.922062039375305,26.8413184583187,3.315573990345,1.65196537971497,3.77955135703087,112.085555031896,0,0,3.11177071928978,95.9979292750359,2.39991760253906,0.686073482036591,0,0.583420872688293,0,28.1374338567257,511.926570504904
16.110710889101,177.997254431248,5514.94232586026,12.3645829856396,172.98200276494,13.2268318235874,51.0784688591957,128.468026548624,82.6707113385201,18.7477160692215,15.5263200700283,3.04291388392448,3.40757095813751,190.955203920603,12.9480873942375,0,3803.61588257551,2.05891448259354,41.4498177170753,3.98925480246544,6495.44526556134,19394.6895470917,22128.1223283708,2550.85617679358,2.28213101625443,311.322521775961,19112.7547313273,683.26591026783,77.2525556087494,195.276332736015,0,0,3.54337763786316,3921.68822881579,2031.11843591928,20253.4029483199,3900.53838697076,5723.59533375502,3509.94385048747,664.967929840088,233.413927316666,97.0706244707108,1101.0233105123,227.412956506014,394.776707351208,345.900360316038,67.006386578083,30.7915895283222,16.5535830557346,4.90819108486176,26.8429814279079,177.839010387659,4.41681817173958,22.9480081796646,5.22595256567001,398.455540716648,7.55969288945198,210.850376874208,12.029469281435,5.79293796420097,12.4822731018066,2.93662706017494,10.2608984708786,73.3735849559307,11894.0761032104,31.8486769497395,1.65122956037521,22.0855169892311,0.714302182197571,2872.50531297922,3191.589702636,4619.34420123696,2567.96084016562,0,14.0965404212475,1324.91627407074,4444.13411194086,52.3681016564369,357.428414225578,0,0.478514671325684,12.4527848362923,300.391364961863,1795.16677710414
371.075751423836,426.036218613386,1662.48410499096,16.2382337450981,11.9503900408745,48.9158081114292,554.073088005185,1294.02726204693,177.861909002066,38.1937637031078,21.2464747726917,9.93370088934898,1.89221423864365,3697.91518965364,13.5713069140911,3803.61588257551,0,2.21995902061462,2752.04778793454,11.4630299508572,3739.60462146997,1738.90664967895,17673.2708037645,2058.66448718309,0.309996247291565,3345.73135599494,44536.8048717827,2053.26183901727,3060.5022944659,2041.33913506567,0,4.4063458442688,109.504684239626,12571.8902531564,1753.74331396818,12748.3036448956,1998.11595153809,7561.32397447526,1687.72463443875,97.109039068222,404.671400457621,26.1404918134212,171.592637658119,64.1552270948887,114.469165354967,126.832437753677,14.0873631834984,12.4106650948524,12.8823189437389,1.37500154972076,13.919101819396,2796.62297965586,0,17.9363127946854,0,30.1636669635773,0.413505285978317,3.52652251720428,1.63732004165649,0.779488831758499,0,1.00967442989349,2.88162024319172,6.80108311772346,115.991802155972,29.0048534274101,0,3.28246691823006,0,58.6178134977818,53.7912452220917,389.937965497375,46.8114522099495,0,18.1185546517372,1491.30116319656,101.318830132484,1.49612319469452,5.58911919593811,0,0.450112611055374,4.0894364118576,86.5683388113976,1154.43837469816
0,3.77975594997406,1.69545871019363,1.93301400542259,0,82.925378382206,1.36290308833122,10.4669828414917,0.44642972946167,18.034159809351,10301.7251808345,30.6218633055687,350.34054812789,22.3683098852634,1.21369540691376,2.05891448259354,2.21995902061462,0,1212.34294813871,14.3327609300613,4.19677460193634,2.43185102939606,10.0731794238091,18.2293421328068,41.2344187498093,8188.39967417717,1728.23352214694,13.7139597833157,69.7187750339508,7.05030542612076,93.6671344041824,4.65914195775986,0,4167.37138435245,31.2371597886086,1225.73339533806,6001.73221047223,2370.23023745418,282.682352721691,26.4769318699837,4.20698428153992,51.478625357151,5.49899879097939,43.140337407589,1.11594691872597,1.62900891900063,0,0,1.81502211093903,0,7.67851120233536,0,0,0,0,0,0,5.23722502589226,0,31.647441983223,0,137.585383087397,0,0,0,0.500458180904388,11.5545320212841,83.1977264285088,0,0,0.465911895036697,1.66361367702484,0,38.7998447716236,274.852330893278,772.892943650484,0,0,0,6.99553561210632,0,0,3.5036484003067,41.4180045127869
0,46.5440790355206,14.9379014968872,14.7332346141338,0.52630490064621,157.747844427824,20.1719644069672,21.7051875293255,14.8723284304142,63.5364064872265,9694.14997342229,58.1394054591656,44.6870050430298,24.3305091261864,2.34793698787689,41.4498177170753,2752.04778793454,1212.34294813871,0,33.9964392185211,44.9356278479099,32.0014567673206,125.942216008902,75.412730589509,8.12065631151199,9739.21938830614,5095.72733998299,68.4905112087727,110.472581356764,30.7938287556171,0.87117213010788,1.73655420541763,1.64012670516968,16160.0287578106,248.36975222826,7747.79417616129,9780.54420974851,8388.63654989004,899.86659938097,39.053008556366,38.2580455243587,12.9108808338642,31.0419317483902,23.7819169461727,6.91150242090225,12.1490559577942,2.12513238191605,1.3795570731163,1.46593576669693,0,6.58628571033478,100.998311936855,0,0,0,0.808747291564941,0,1.01017022132874,0,20.209768474102,0,53.2371458113194,0,0,1.22428792715073,6.29940649867058,18.7849494814873,140.381509691477,0,2.42778021097183,1.29954171180725,5.2484325170517,7.81526052951813,17.7456259429455,1044.09829264879,1208.17123922706,1.65641418099403,0,0,4.56351435184479,0,0,5.63050022721291,229.821277886629
9.86097940802574,2.12674486637115,3.12714070081711,26329.6649824977,47.6438650786877,3603.70155237615,93.8935846537352,2728.49993564188,2340.85015064478,21061.1433650702,56.0241529345512,11164.8133760095,12.193216919899,1516.48868447542,475.906078368425,3.98925480246544,11.4630299508572,14.3327609300613,33.9964392185211,0,12.0509115755558,1.11189556121826,31.5307257473469,1144.42487893999,5.34335970878601,57.4868848323822,4.64304769039154,3869.14524692297,1502.92428080738,45.8356467187405,0,54.5795587897301,3.27163395285606,1130.25411869586,250.722417473793,1643.05591931939,66.8943917453289,573.72649756074,131.351259171963,930.59180316329,235.778043717146,74.5248527526855,67.5982129573822,2.14082032442093,21.3057861328125,8.69037476181984,164.11677467823,9.96242439746857,5.98343735933304,1.37866842746735,0,0,281.118666648865,0.591358304023743,14.9232270419598,145.853821516037,21.9592977762222,413.360866069794,442.328941613436,2.2719663977623,322.40375494957,3.5906400680542,7.49049320816994,16.7792086303234,0.592677354812622,0,0,0,226.895374000072,0,0,0,771.544604003429,0,0,0,409.126413822174,5.02584189176559,0,0,0,1.93294477462769,50.0717361867428,41.1199004352093
649.263254761696,2.36372697353363,2247.50072047114,48.7321461737156,226.691015779972,85.5048667192459,4640.12562736869,2922.92316149175,22.7595093250275,60.7733078300953,11.5603431761265,5.08942422270775,0.747796446084976,4563.22668096423,26.4628434479237,6495.44526556134,3739.60462146997,4.19677460193634,44.9356278479099,12.0509115755558,0,174.899711698294,46511.0363150537,1518.37944659591,0.707139015197754,97.3637167215347,1345.82705411315,19564.1306455135,2286.35472477973,21697.8321174383,0,7.22930458188057,156.737223595381,14288.5025888383,2462.42190462351,12670.0620954931,1269.57107934356,9302.11941799521,4703.74431371689,825.11724036932,293.163388699293,49.1432874798775,293.450640916824,48.1980350911617,72.2639392316341,117.684981822968,15.329913944006,14.1407562494278,8.20939183235168,0,1.31135553121567,21.5455130636692,1.78241777420044,11.4994056820869,0,51.953597933054,2.08183628320694,20.8110735416412,2.10266074538231,0.410032629966736,0.602233111858368,1.18077325820923,1.56466031074524,16.2812498211861,763.753792881966,3.69583457708359,0,0.559502780437469,2.45779931545258,334.1894775033,125.748799115419,228.795469641685,304.049007534981,0,2.1995438337326,72.2911955416203,753.149107098579,12.6650631427765,65.488783672452,0,0,2.24510598182678,69.8267194926739,1694.38808688521
6.75504752993584,15418.14701882,994.590761989355,1.64278197288513,0,1.5346362888813,11.639781743288,12.4066016674042,11440.8932559192,1.36415553092957,15.835500895977,3.17986059188843,4.12397947907448,40.1307585388422,34.5386303663254,19394.6895470917,1738.90664967895,2.43185102939606,32.0014567673206,1.11189556121826,174.899711698294,0,1567.09381318092,19093.4132965803,210.898008346558,326.328243106604,38290.8476976454,462.016634464264,31.2615641951561,44.6806877553463,0,0,0.756206482648849,717.183663070202,145.15844643116,1575.84866508842,114.296674847603,366.400866031647,153.236872911453,24.5176765322685,16.8346744775772,6.2094931602478,494.116330087185,120.562575668097,218.880406320095,113.557545572519,26.9513506889343,2.70274019241333,3.14819717407227,1.94699931144714,173.640593469143,568.747905761003,2.71115761995316,6.55671191215515,0.375590294599533,87.4612905979156,3.36508870124817,365.514970481396,2.66676819324493,6.29817885160446,19.7391038537025,7.76516583561897,2.62871703505516,65.2154106497765,4479.72763541341,33.2596375346184,2.2107155919075,18.805490642786,1.52912575006485,605.203451395035,5421.36416110396,1688.6113345325,1726.65655374527,6.74214202165604,36.3204360306263,5380.53482916951,1557.91597291827,14.3281449973583,72.4256784617901,0,0.580324828624725,8.90823405981064,170.954671680927,183.14590549469
816.711772143841,17.9876718223095,29127.6664959788,59.8274224698544,250.770025938749,108.339935153723,2922.9367839098,3619.73229964077,86.7000145614147,103.708506464958,43.1751230955124,16.1917858123779,5.63624960184097,7874.26743684709,19.4340082705021,22128.1223283708,17673.2708037645,10.0731794238091,125.942216008902,31.5307257473469,46511.0363150537,1567.09381318092,0,3583.39265970886,2.34339788556099,376.764277070761,23438.3881810904,8529.73495428264,5105.81705649197,9999.23109683394,0.510291993618011,12.4643057882786,205.009740442038,21749.7049330771,4213.4078938365,42685.5515704155,13714.2016148865,16041.7861127108,8357.90215066075,1168.02179577947,753.687882453203,205.116761744022,832.431076735258,204.946918129921,411.313725829124,405.178702294827,37.8948586285114,37.1792158782482,36.5339021384716,1.22202169895172,6.90017634630203,446.830998659134,0.899527907371521,36.9278552234173,0.404902189970016,270.733911335468,6.02879160642624,16.7750265300274,11.4665895104408,7.44382685422897,3.41519141197205,5.31872880458832,9.41290640830994,21.6657600998878,5354.2140686661,45.2237863838673,0.396037459373474,13.7592102885246,1.19418084621429,1133.56551617384,728.142265230417,4380.23702189326,457.808807492256,0,18.6344227194786,1865.36809682846,1273.05763795972,16.638626396656,116.789627343416,0,0,2.93692207336426,353.071666330099,3581.57314991951
165.135466635227,2709.63026338816,1039.0444842428,4161.8993986398,225.074905321002,321.435456246138,4878.08490498364,2119.30265589058,31026.4757275134,692.537101015449,67.4968109428883,593.802638277411,13.2883844971657,2894.80574266613,1752.18276053667,2550.85617679358,2058.66448718309,18.2293421328068,75.412730589509,1144.42487893999,1518.37944659591,19093.4132965803,3583.39265970886,0,18.5633379518986,156.079399496317,9535.55758337677,24570.4327102453,4777.71150702238,1765.95616112649,0,48.2378919869661,790.313043475151,7164.34197367728,4233.29297491908,20374.4341315627,971.667520180345,6768.54111286998,2221.86752472818,2571.92095419765,615.533321678638,324.313095748425,3544.00414246321,167.629521876574,1259.17972818017,498.890656173229,926.70225700736,217.981865018606,67.8298912346363,48.5698160529137,46.7443867623806,58.5395719110966,743.790121376514,14.2657345831394,135.441930502653,1609.93041166663,321.424616485834,3761.30689761043,1373.32230895758,38.9065462648869,686.613427877426,34.4590749740601,250.785714656115,258.00146612525,1342.93255841732,3.71539112925529,3.16532158851624,17.2795435190201,537.759568065405,495.088286906481,1798.21898025274,279.874986797571,13459.8598297387,0.75685179233551,13.4448466002941,177.533075273037,10106.8270046711,732.180040031672,183.227928102016,0.629394173622131,19.8317695558071,102.675303146243,1303.11698681116,1929.10234746337
1.84172701835632,3775.01894122362,3.78941452503204,2.04637214541435,0,32.9546976685524,1.18073451519012,17.3935226500034,21.6278024315834,7.84864917397499,14234.6064198315,10.1326010525227,10756.2414768934,25.4756417870522,0,2.28213101625443,0.309996247291565,41.2344187498093,8.12065631151199,5.34335970878601,0.707139015197754,210.898008346558,2.34339788556099,18.5633379518986,0,1295.71737715602,9339.48495575786,17.5911822915077,42.3027048408985,4.92412626743317,278.339715272188,3.0162513256073,1.35676145553589,756.24173399806,2.9835524559021,49.9714149832726,846.516404151917,311.422128975391,23.9628926515579,37.4959660768509,1.59899377822876,1043.21981316805,10.0783750414848,796.667878717184,25.5078897476196,5.09991663694382,21.4244507551193,0.499072641134262,273.593667626381,0,341.798771977425,0,2.44406402111053,0,0,2.36044934391975,1.34050512313843,4.07680714130402,3.49429777264595,2551.98027324677,1.25327813625336,4392.68251025677,2.4636894762516,0,4.71389183402061,14.90988317132,68.0897720754147,207.365311443806,0.329755365848541,0,0.985097229480743,0.58144873380661,17.0059028565884,4409.41807878017,512.992425829172,3956.1351814568,7.41843238472939,1.00327610969543,0,72.9132884442806,0,0,16.5302098691463,0.731680333614349
2.57718852162361,1568.57622796297,294.41442283988,19.5512770414352,2.27016961574554,200.368809878826,34.8904939889908,30.5513127446175,50.0085029751062,83.4255249500275,12145.7695674896,86.1575601994991,4744.54246875644,61.3747854232788,6.60694921016693,311.322521775961,3345.73135599494,8188.39967417717,9739.21938830614,57.4868848323822,97.3637167215347,326.328243106604,376.764277070761,156.079399496317,1295.71737715602,0,44165.1722110957,133.018078893423,179.978988289833,53.6995674669743,743.207953929901,4.11208614706993,3.36514842510223,14087.7820523381,617.374603301287,22160.1352888942,57072.7973568588,13080.603222847,1554.88788959384,61.7720230817795,125.243241012096,149.290289819241,126.089140921831,826.265317231417,101.059348344803,66.0061689913273,1.76340028643608,2.66601407527924,118.59806868434,0.860665202140808,444.599122732878,2607.47094398737,0,2.27939558029175,0,30.4479749202728,0,5.46399873495102,0,709.911869108677,0,3271.75056391954,4.04303419589996,0,10.6300825178623,422.295947104692,446.835621148348,1724.24699404836,0,11.1896880567074,8.28704220056534,61.893803358078,10.684139251709,1463.06780916452,11069.0779704601,21287.8797697276,12.3576352000237,2.08800506591797,4.97585165500641,160.095831245184,0,0,141.21481308341,453.476147770882
79.4367197751999,56242.387273699,27080.576993987,5.98977261781693,10.0693124085665,20.3514192700386,158.378572255373,510.598391845822,4840.43673861027,10.7980742752552,3462.73662334681,17.0161434412003,5613.54386097193,981.281837105751,42.8057878613472,19112.7547313273,44536.8048717827,1728.23352214694,5095.72733998299,4.64304769039154,1345.82705411315,38290.8476976454,23438.3881810904,9535.55758337677,9339.48495575786,44165.1722110957,0,1330.92554649711,362.486495867372,448.521537214518,31.3827223777771,3.04222252964973,10.1063089370728,2701.96870261431,872.468099653721,13429.1448403895,7610.5227741152,2317.86054340005,885.418146640062,104.676396846771,224.131783336401,144.412671923637,1355.69011223316,1020.49361652136,987.496763288975,436.534420311451,44.5953557789326,32.5752802193165,171.370867431164,6.55669385194778,3416.30071350932,20859.3675889969,5.58698463439941,5.16173839569092,2.28056982159615,361.720629811287,3.47237777709961,8.02808570861816,8.43608731031418,1072.12590017915,1.77150893211365,4083.94304037094,18.9513804018497,10.4240139722824,1745.36774510145,1737.59348088503,694.548601984978,2374.19252432883,3.92640626430511,529.23494297266,1139.34948161244,4794.00583600998,190.014044970274,3640.31696161628,20799.8764594495,57661.309504956,705.283307313919,11.9418475925922,77.9437607228756,146.510195493698,0,0.822625160217285,1091.38114657998,690.485881745815
358.967261940241,47.034421890974,1259.49372878671,2618.51805773377,184.671495467424,789.324872821569,38758.3745790422,5241.43287919462,4395.45508046448,15804.3650622368,55.9464712142944,195.471311420202,15.3207987248898,5902.11533772945,432.296328544617,683.26591026783,2053.26183901727,13.7139597833157,68.4905112087727,3869.14524692297,19564.1306455135,462.016634464264,8529.73495428264,24570.4327102453,17.5911822915077,133.018078893423,1330.92554649711,0,6631.90794084966,41451.9020337313,0,41.8872578591108,536.328457638621,8120.22532734275,3945.93091510236,13321.7518405914,716.652788326144,6726.98322701454,2236.22051687539,995.910082653165,512.217833906412,410.728451818228,2394.24528440833,134.821809232235,846.758523076773,411.966341972351,638.726675391197,140.052676349878,94.0792745649815,49.2703332006931,1.49823397397995,22.4971714615822,410.215173274279,16.9612106084824,65.0202139317989,1016.83194452524,144.615640878677,1460.57403305173,759.087422013283,21.6422074735165,371.386992394924,22.1146633327007,121.276430547237,153.275696218014,650.876975417137,5.76964527368546,0.420616745948792,6.99254482984543,322.128755301237,239.904287666082,426.104928284883,125.313952356577,6545.93428455293,0,7.93471169471741,65.0797733664513,5810.41625188291,471.248152583838,145.359937041998,1.69594097137451,7.01275613903999,78.8258247971535,936.269914925098,1579.86515899003
3492.55231297016,6.60897496342659,156.418380707502,1610.50238257647,64.1746298968792,5442.33609603345,3035.60518714786,2214.7266304791,490.556031778455,3205.04042637348,396.385523289442,2192.00887066126,93.7903508245945,15943.9503101259,191.298362106085,77.2525556087494,3060.5022944659,69.7187750339508,110.472581356764,1502.92428080738,2286.35472477973,31.2615641951561,5105.81705649197,4777.71150702238,42.3027048408985,179.978988289833,362.486495867372,6631.90794084966,0,27444.609512955,4.09167951345444,6184.97711029649,3579.55282779038,15102.9951850772,836.686652973294,2368.68201471865,232.09067478776,4439.98645114899,725.643507912755,1801.38986945152,651.498116999865,315.498991936445,758.122880652547,16.6213616132736,274.654194742441,105.117715060711,318.184132963419,47.73199442029,54.8360711634159,12.7613591551781,0,6.56643858551979,56.3081876039505,2.01252508163452,7.6483688056469,422.141447484493,48.191042304039,368.237898021936,160.44445823133,8.70365381240845,75.725008636713,23.0210835635662,27.188782542944,99.9980021715164,17.323051571846,0,0,0,67.5441132336855,1.88561907410622,45.156807333231,7.24059680104256,2028.7998110652,0.954047560691833,0.88360783457756,25.7160301059484,1811.07727667689,113.512702941895,2.38563466072083,0,1.00763013958931,7.61592942476273,338.135432302952,297.177646636963
6994.40229776502,1.90196919441223,446.763776510954,69.3570339381695,120.764581501484,201.053864628077,18019.4742447436,6482.22409646213,45.8811331689358,198.959179341793,30.5486794412136,28.2112164795399,7.85934367775917,21821.4971797317,31.7241612076759,195.276332736015,2041.33913506567,7.05030542612076,30.7938287556171,45.8356467187405,21697.8321174383,44.6806877553463,9999.23109683394,1765.95616112649,4.92412626743317,53.6995674669743,448.521537214518,41451.9020337313,27444.609512955,0,0,14.2669977545738,3966.22726756334,19281.6503262371,2816.1128770709,9450.28838483989,441.988157898188,6252.27477879822,1424.32681524754,207.705893531442,229.175057351589,58.1955224275589,214.655497461557,18.3214645981789,42.4855762124062,40.3822200000286,12.2339026629925,3.93118131160736,14.7583568394184,2.51615011692047,0,10.6173655688763,0.567492961883545,2.84706261754036,0,18.0265591740608,4.15029501914978,25.3399839699268,2.87094593048096,2.28595221042633,0,2.37336847186089,2.12548327445984,8.08159157633781,23.353906661272,0.682684481143951,0,0,0,9.00606796145439,6.87073814868927,17.8349103331566,159.489371538162,0,0,27.2887535095215,195.536862999201,11.4388800263405,6.51622918248177,0,0,7.81256312131882,53.3226661682129,961.841775238514
0,26.280676394701,0,0,0,2.01589003205299,0,0,0,0.390592962503433,819.900324344635,1.42568650841713,9952.8212890029,2.06015065312386,0,0,0,93.6671344041824,0.87117213010788,0,0,0,0.510291993618011,0,278.339715272188,743.207953929901,31.3827223777771,0,4.09167951345444,0,0,1.49468618631363,0,76.6335594654083,0.767860591411591,3.88751748204231,340.465137243271,58.4118658304214,2.73944309353828,2.24093818664551,0.528410017490387,31.3976224660873,0,119.584865927696,3.67194777727127,0,0.535647630691528,0,21.1184871196747,0,3.7226402759552,0,0,0,0,0,0,0,0,141.073822855949,0,348.410955309868,0,0,0,0,2.16995343565941,11.9054959118366,0,0,0,0,0,67.5242808163166,32.1306574344635,212.258555427194,0,0,0,9.99467960000038,0,0,0.465498268604279,0
2.08138966560364,0,1.31633800268173,9.3778378367424,1058.45141750574,1552.72653239965,14.5851509273052,609.015597552061,9.87369227409363,86.0172581225634,59.2644621431828,108.68079996109,12.6375147402287,1979.44706964493,19.7795515954494,0,4.4063458442688,4.65914195775986,1.73655420541763,54.5795587897301,7.22930458188057,0,12.4643057882786,48.2378919869661,3.0162513256073,4.11208614706993,3.04222252964973,41.8872578591108,6184.97711029649,14.2669977545738,1.49468618631363,0,0,5786.69857159257,75.8278304338455,1132.17653846741,26.3882919251919,119.64176094532,14.8296636044979,2347.73935031891,4358.75554904342,27.2270799279213,10.3879765272141,1.06259059906006,0,2.64978688955307,10.8943440914154,1.33141535520554,3.01822882890701,0,0,0,5.01773604750633,0,0,6.9550986289978,0,6.51783925294876,2.54319193959236,3.86737149953842,8.31266561150551,0.707097411155701,0,0,0,0,0,0.503804743289948,2.8030386865139,0,0,0,30.3743482530117,0,0.894111156463623,1.21600890159607,9.89845687150955,0,0,0,0,0,5.977390229702,11.0386022925377
