0,0.000134443312912801,0.034514344927549,0.000265059029238781,0.000168191984571421,0.00289882524390828,0.312188704136692,0.0948517180402941,0.00332186476703649,0.0140256303554632,0.00228433706698136,0.00238253860385988,0.000369017903908366,0.725275526534106,0.00191326699913347,7.94791918634119e-05,0.0271813715200431,0.00130865514286903,0.00899054297372199,0.00151924074157802,0.0288937793098482,0.000110642662450933,0.0514235863490878,0.00412089631363863,0,0.0143508013716092,0.0206730088673045,0.0164829386297899,0.612290137028422,0.290256926991129,0.000189642528965604,0.00203354606327034,0.00679376575705448,0.0240661037882075,0.0054692349039551,0.030793546591339,0.00181745270101602,0.00672833846390735,0.0031115664446236,0.00349435094264815,0.00394476599887763,0.000832584590131286,0.0005961777827409,0.000153983031203473,0.000440686653046059,0,0.00092336392166953,7.49065504756359e-05,0,0,8.60134657692789e-05,0.000132103828739661,0.000139357528213072,0,0,0.000383291324596977,0,9.10526576729564e-05,2.62124063569874e-05,0,0,0.000678682920223454,2.20231820429802e-05,0.00022364879346667,0.000260578268520326,7.52648590896189e-05,0,0,2.86351539540797e-05,0.000153397146393537,0.000657324333389247,0.000334815685407912,0.00263848340682415,0,8.01124504694729e-05,0.00275503499332781,0.000948818566976079,0.000134216637435931,0.00011898975616894,0,6.00758171777368e-05,0.00011976294844122,0.000414529283920318,0.00108517113339546
0.000134443312912801,0,0.0197458411100908,0.000169773764446747,0.000251428205709157,3.57256493542492e-05,0.00182389453404923,0.000638454986259995,0.0984023130935451,0.000696568054174437,0.0106656152838549,0.000299480948135406,0.0355585941101129,0.0019082996450688,0.00234243591012492,0.135880976764663,0.0343773399713966,0.000619883198636378,0.005846676642115,5.16522264132738e-05,0.00935230358260357,0.284055849953299,0.0192967858394359,0.264715035235078,0.0443765144639281,0.0195790028349017,2.05214580255225,0.0195722441739312,0.00237793190906631,0.00111649365779167,0.00258277428491132,0.000333517577121633,9.86108093498527e-05,0.0207139959097355,0.00273957609085281,0.0636030030491494,0.013155002157526,0.0158146364164385,0.01896002424931,0.00258767769707479,0.000170922950183285,0.0107649957411841,0.0122719968033786,0.00390573019041916,0.004409012339893,0.00269033198267446,0.000511504343479097,5.06601722190916e-05,8.52949116291404e-05,6.79731573261437e-05,0.0210602548264935,0.00282552423984278,0.000180869056436622,0,0,0.000543837974474957,4.34025732911169e-05,0.000742913117434114,8.69179195405127e-05,0.00202514980896388,0.000237208161779824,0.00720023505695652,0.000761915571438,0.000387931730449861,0.00643408477122937,0.00838797108507486,0.00197077980917799,0.0120806354955313,2.41105838705003e-05,0.00148135460949168,0.00730940314890238,0.00313393787175862,0.00501653388493942,0.00404397396301033,0.0292409332631031,0.308922698906163,0.000597017963248834,0.000479656954329321,0.000996816305124221,0.00241074387681679,0,0,0.00575651245411103,0.00662358912219869
0.034514344927549,0.0197458411100908,0,2.16670831199169e-05,0.000374989609179569,0.00513458114660173,0.267128409467917,0.159009337014451,0.00627396179983586,0.0116609779565312,0.00346092954690195,0.00281804042861258,0.000357935531378987,0.200501901477388,0.00193421671991838,0.00186987665328697,0.934569477747065,0.00366302980432891,0.0743356179832598,0.00182039379596844,0.430987619862394,0.000654348031671233,4.32300155346458,0.0017395716850444,0.000316691145084739,1.43982603926034,2.14156981194137,0.0166210388695,0.0873376819821631,0.27596322448324,9.18871830564083e-05,0.00217234597131151,0.00705842319007221,0.136525417303835,0.0136109709286198,0.288881647457346,0.233370986576474,0.0838323613246084,0.0945399787338387,0.00400835325658282,0.0042905804821669,0.000856455038999116,0.0487788440943396,0.00574199894784945,0.0179767226243835,0.004384430764156,0.0016927763391342,0.000451295175939655,0,0.000291575955536258,0.0123771228415517,0.0578335599817356,0,0.00017954650058403,4.45031018899083e-05,0.00414819774611881,0.000619120115654289,0.000327763000071174,2.8498925685063e-05,0.000655856864285264,0.000163427294131011,0.00151183887381557,0.0024983679802559,0.000230788533668864,0.00735491151187158,0.0758800619962915,0.000931097125903206,0.0162793096140853,0,0.00360328621152637,0.00412954771676319,0.0194266958002541,0.00468376703886563,0.000785617084217452,0.0441674793213068,0.435518978206184,0.00159099195594146,0.000816032278765846,0.00399193587000676,3.38714349096477e-05,0,0.000105642060501599,0.0262245412618712,0.028559503369366
0.000265059029238781,0.000169773764446747,2.16670831199169e-05,0,0.0222305744296073,0.0511225803132881,0.0100864667560486,0.027015029201468,0.478070985412754,0.524600252048113,0.00335577377218396,0.595046152498929,0.000705944979196921,0.0134023709761123,0.127624252177543,3.2639928575027e-05,0.000269791980315918,0.00186007802696826,0.00275739482789387,1.37666122655974,0.000331948848519352,0.000160675095714438,0.000182127199890447,0.423313820626205,0.000117413347654971,0.00231358573328942,0.000981475545138124,0.448969608229669,0.0142742233464804,0.00111972619395059,0.000309055916020027,0.00368907645823671,0.00133017296841564,0.0174911042406696,0.0127953791582379,0.117184359393292,0.000469389576957438,0.00398328585274468,0.000783675976011621,0.167062489604863,0.0078183689145073,0.00197965085960755,0.0708667386128462,0.000245501875077093,0.0153025753699831,0.000335994765132043,0.190164421622638,0.013085841969616,2.99537096619666e-05,0.000251317737639749,0,7.19564190407157e-05,0.131275000673522,0.0011945782179686,0.00454668384647353,0.0108328211750885,0.00946061179904987,0.011836418294845,0.0288661334694858,0.000479345237789822,0.0367579586998554,0.00351067575287755,0.0140685854928887,0.0245896815588316,0.000561138761429071,0,0,3.3234410492301e-05,0.02152917726344,0.000418398568056375,0.0588423972361339,0.000404676991587013,0.124802934242723,0,0,0.000374013075912988,0.126084349255101,0.0130663058212485,0.00190210824489362,0,0.00017446696854828,0.000322864177547416,0.0213869843136625,0.00621255808290513
0.000168191984571421,0.000251428205709157,0.000374989609179569,0.0222305744296073,0,0.219290423810033,0.0096014011831793,0.0293452635324436,0.0106698174019991,0.0252077889055835,0.00190267164101817,0.181536715752575,0.000253480781562889,0.00413823928793123,0.203447405354518,0,0.00042042872296173,0.000669548955019791,0.00102263143029034,0.018934833064335,0.000970972939119551,0.00122976025772643,0.000928391852753951,0.00861475292734863,0.00038750043979072,0.000906313067784201,0.00122237803918737,0.0127412101341434,0.00334828496672275,0.002089038073439,0.000234531396755669,0.00954230135004919,0.000289062299387392,0.273379949912954,0.0177481224902461,0.0741455394733051,0.000361648462032872,0.0007145775496036,0.000672889242445027,0.768772139977697,0.457769287577621,0.00298557546676452,0.00353271362286606,8.22837271847129e-05,0.000782062945577887,5.13318047533751e-05,0.00663297440816435,7.40310936343732e-05,0,6.72298151039419e-05,0,0,0.00200879228908438,4.19064349578083e-05,7.65197804589212e-05,0.000551070367914465,0.000138887799550164,9.40204428357451e-05,0.000423840103118929,0,0.000774109207965965,0.00373393815799592,2.84485513227254e-05,0.000762147327190182,0.000710446634035066,0,0,4.22541125235975e-05,0.000290488979830488,0.000788659257425922,0.00156090619207452,0.000435294205342764,0.00516804051351559,0,0,0.000432892485508638,0.00272494872601016,0.00018337677552861,0.000720642422547199,0,0,0,0.00304921051201078,0.0157124323219528
0.00289882524390828,3.57256493542492e-05,0.00513458114660173,0.0511225803132881,0.219290423810033,0,0.195247143132119,0.98058061350449,0.0229059446075667,0.704779692239024,0.00888914437839819,0.741057408927226,0.00156644587073318,0.0563126983092092,0.236165614584687,0.000173646757641464,0.00300518982757232,0.00300759083708326,0.00619127455141759,0.112028672754596,0.00471147614009779,0.000261097983430844,0.00352186490821717,0.00769349634049318,0.000139074933093172,0.00698417763284433,0.0049845302301825,0.044465737332754,0.0150321801422154,0.00675511318625824,0.000223989807175833,0.021383482909196,0.000421305183042946,0.0279019044924067,0.0924937029688819,0.0788720024603578,0.000802359125100813,0.00311559781425696,0.00119044864981723,0.254677720419113,0.0877339439599552,0.0045093309492376,0.00851164370904468,4.23321309065521e-05,0.0013606098772507,0,0.00915954198794537,0.000744163992890468,6.09729883056581e-05,0,4.99108947707415e-05,0,0.00351878477665616,0.00016784641966787,0.000209925389928925,0.00184908266353609,0.00063626107623172,0.000733016404271917,0.000842572601790708,0.000103294464364529,0.000912943482467733,0.0040329454688602,0.00022420816564703,0.000965961471788604,0.000831495811156622,5.1282781469661e-05,0,0,0.000718199593674471,0.000311487650669915,0.00524046456320281,0.00027440851162093,0.0136345039245481,0,5.31680377694666e-05,0.000400908754584596,0.00578867475442388,0.0013756643129202,0.000882404666056013,3.25178884622872e-05,0,0,0.00412223876220169,0.00942107274309581
0.312188704136692,0.00182389453404923,0.267128409467917,0.0100864667560486,0.0096014011831793,0.195247143132119,0,1.26163968855248,0.256414545148952,3.21006266489822,0.0190404372653435,0.0365566533782791,0.00347553309761082,1.41568529477475,0.0946664785740423,0.000450882657584315,0.0226939678976647,0.0121935556316742,0.0256114787713011,0.0186427861956537,0.285308219349277,0.00853873400711364,0.172259331793689,0.831614775377767,0.00111709862429875,0.122618210199837,0.117618697882598,4.41995532985528,0.355182505547586,0.617999387613568,0.00133939234815083,0.0150426677984941,0.0315976405691294,0.167401419062886,0.106905310693936,0.555630480444433,0.0162877023552212,0.0641428665036446,0.0246791621651276,0.0861497332433754,0.0561450774638342,0.010328827990282,0.0861666846684921,0.000661260891354814,0.0207139308584121,0.000691117755408129,0.0694521631238938,0.0142484885226173,0.00015658981657941,0.000737167791061545,0.000385245787977007,0.00157745447034211,0.038920272209387,0.000575092840588391,0.00149059051339443,0.0220313173780081,0.00719730936027281,0.00581775535240951,0.0139623248013125,0.000307052140100968,0.0116831237407211,0.0112224550009789,0.00945877545802071,0.00708177021680155,0.00974621611888264,0.00119531584648297,0,0.000156706470684955,0.00855620944752539,0.0021890428261209,0.0481225418262989,0.00938987049032734,0.125056761301344,5.16620427866876e-05,0.000763788160918028,0.0538761150949087,0.0678882639887672,0.0187112292592235,0.00701554012664985,0,3.99350940793633e-05,0.000580772800751942,0.0312907457857505,0.0339578350090831
0.0948517180402941,0.000638454986259995,0.159009337014451,0.027015029201468,0.0293452635324436,0.98058061350449,1.26163968855248,0,0.0964414488860842,1.21777385051009,0.0508288152680353,0.343071730748493,0.00824131007069037,2.51600724449241,0.0312846638796965,0.00077521224100318,0.0635268884284266,0.0307287841304801,0.06298262941538,0.134749804454132,0.146662392482906,0.000817179970626835,0.127528241963872,0.0426732610537952,0.00122787614014059,0.0910095265749325,0.0746702952087389,0.140831168762272,0.321604924083643,0.170813781252864,0.00254391935622271,0.0906451612658762,0.0132026700640629,0.130302751402648,0.026174784834931,0.301702392866846,0.00960298962324979,0.0210481239043624,0.0103025739549591,0.145838583756237,0.0516733641353677,0.0146958348563941,0.0462301146528994,0.000140177881916815,0.0124700690890067,0.00019000787856656,0.0439173862082882,0.00359139223252043,0.000189897941408807,0.000436202853316066,0.000190206527400276,0.000363821699459773,0.0122447829951208,0.000200155425516623,0.000711699904086049,0.013284440477484,0.00127837587451923,0.00124314642435068,0.00271886806302167,0.000267946379455224,0.0058021687308978,0.0136587084193673,0.00144613238521382,0.00528945941202096,0.00455351711700795,0.000389350135994071,0.000151562645247877,0.000107208484215009,0.00286642122134998,0.00323014428840878,0.0323341713632346,0.00188595327147167,0.0876198102366616,6.87301275012911e-05,0.000693921069632627,0.00935859069699638,0.0317806394618806,0.00613005326213882,0.00580537022520151,0.000104904972052539,0,0.000639168377741982,0.0198237701662442,0.00864249809212799
0.00332186476703649,0.0984023130935451,0.00627396179983586,0.478070985412754,0.0106698174019991,0.0229059446075667,0.256414545148952,0.0964414488860842,0,0.109953157564855,0.0407321300553776,0.0713271672487083,0.0675982194533896,0.0530097154160709,0.103932982748963,0.04883882178989,0.00615826391378,0.00804916143550575,0.00966897443954017,0.070632488191015,0.046867846762666,0.8382160709832,0.0337559045426953,1.80321989755875,0.0613669604816233,0.0164679526982003,0.274121372312846,0.580161853746596,0.0234194893452232,0.0252917821280188,0.00903403338543096,0.00992590241033596,0.00234283621385075,0.0560752286414018,0.0160609903296606,0.223041332949002,0.0069302807110416,0.0161395727696333,0.00464510419401353,0.133675570520052,0.0191186992799948,0.0196075889875408,0.146217996361116,0.00288954166963118,0.0287226117228976,0.00284982891219896,0.155898784566235,0.0188580129160309,0.000286823898962489,0.00261932871298805,0.0398318435470228,0.00674105572761547,0.17375438831395,0.00147827248426587,0.00720234627840998,0.0351944087782768,0.0229458651436824,0.0341322672377019,0.0492349201077569,0.00975733417965961,0.0376036888913868,0.0146210266728637,0.0390760322000664,0.0169288564029641,0.17486989938242,0.00734414383264841,0.00547063235496554,0.00379436878892437,0.0321972599427314,0.0579943230604955,0.40284163248995,0.0517840131101751,0.455359287665474,0.00136368888291286,0.0123816267463569,0.271103111932813,0.235201656149203,0.0427441171364637,0.0450630687846889,0.000832657716804099,0.000451719187616944,0.00104051800502571,0.0435397688628604,0.0326420468887279
0.0140256303554632,0.000696568054174437,0.0116609779565312,0.524600252048113,0.0252077889055835,0.704779692239024,3.21006266489822,1.21777385051009,0.109953157564855,0,0.057410734436142,0.456736469792568,0.0125503146445201,0.366230592560256,0.0941700751722628,0.000184414704151177,0.00994640974623889,0.0352142682609953,0.0505439118888908,0.878146132986711,0.0132995115865255,0.000357742850724557,0.00965729314557368,0.0305634179607183,0.00118967009167578,0.0477781404650675,0.0324078768505821,1.24711383796975,0.194504439713804,0.0192756220440876,0.00417076364253132,0.0425712617685492,0.00229571004590442,0.212641220100815,0.176175179049406,0.655077082465688,0.00860419072558154,0.0333809181391237,0.00952422097059127,0.127944483403093,0.0766556480741589,0.0234898068180185,0.088572968211874,0.000193097529922754,0.0161462285179564,0.000545661950754756,0.134023654811767,0.0125967976258124,0.000339530490290853,0.00012589138981713,0.00017081812625398,2.35164571148157e-05,0.0872852583740698,0.00091136127603235,0.00311959823174089,0.0178255155050402,0.00613960061895596,0.00824981996572101,0.0262732480728097,0.000276640352540809,0.0229568359002747,0.0118592327897242,0.0047726754835026,0.0162085489142722,0.00161772817255162,2.60557984033674e-05,0,0,0.0198837782509946,0.00104444229343988,0.0420221351249535,0.000967097031402927,0.111122226005088,3.07859594482243e-05,3.02808775613338e-05,0.00111714338198193,0.108345136304549,0.0133762884051157,0.00405601446997138,0,6.3303344459805e-05,0.00046637583681415,0.0346488110605092,0.0277988217702557
0.00228433706698136,0.0106656152838549,0.00346092954690195,0.00335577377218396,0.00190267164101817,0.00888914437839819,0.0190404372653435,0.0508288152680353,0.0407321300553776,0.057410734436142,0,0.0347103318269832,0.602765475060642,0.093002795785307,0.00260806469178227,0.0147293725089775,0.0707734368248411,1.03590904276522,0.229817605979894,0.0163186223405704,0.00656441146840445,0.0256842053783865,0.0185887915632224,0.0430132861725055,0.194874237503134,0.474728320211797,0.145256016215961,0.0118150369941456,0.0863630107747052,0.00850383324435018,0.0665817470925854,0.0659367021672479,0.00161006866068629,0.691147725528456,0.0053018259353523,0.0942524576581686,0.256492878532775,0.148646544828925,0.0466577250434381,0.00509915280777386,0.00206448063953642,0.0778792305798012,0.00203366050768497,0.00475677468861195,0.00588528472617607,0.000876537261125382,0.00178286561550376,9.31583503223298e-05,0.0296071856280665,3.73724054931343e-05,0.00184428680492012,0.000258734978040692,0.000221191018515507,8.5346560179448e-05,0.000260730131222194,0.000191292673785427,0.000583234057751265,0.000428656520831031,0.000109019174888343,0.118911799212464,0.000825403669492015,0.142331013334917,0.0013861079657764,0.000400810047123694,0.000117880961824912,0.000544260424539691,0.00298616995600471,0.000836548424140768,0,6.5940485167256e-05,0.00453172042736886,0.000229260798769209,0.00487379640836981,0.0216295764486971,0.0158291782404292,0.0467519288393597,0.000886221679193614,0.00296925006887083,5.27202742032051e-05,0.0188050093766607,0.000324614155726993,0,0.0126048217494946,0.00821274955009976
0.00238253860385988,0.000299480948135406,0.00281804042861258,0.595046152498929,0.181536715752575,0.741057408927226,0.0365566533782791,0.343071730748493,0.0713271672487083,0.456736469792568,0.0347103318269832,0,0.00630067546734656,0.116877459687081,0.658175325805009,0.000203529764516926,0.0044686325305198,0.0195086610060765,0.0252674866550801,0.737064370811396,0.00202767143794121,0.000247103933946881,0.00284012115049451,0.0246175717888129,0.000390767254535201,0.020124436954989,0.0123472135270885,0.0564505712207872,0.038613439310169,0.00708545285803017,0.00179656804803116,0.0449252353134392,0.000556486203191495,0.0915169827408472,0.143216092162699,0.168169686697519,0.00352754277036432,0.010857155106169,0.00173030817190492,0.338560941362973,0.0323807568965205,0.0103493270165021,0.014100573558981,0.000240940941206658,0.00189672345147179,0.000330861664110381,0.0549138023211008,0.00158558071579633,0.000255068002367306,0,3.38604651764333e-05,0,0.0473375577901535,0.000564747309359544,0.00118045864083155,0.00176317756598909,0.00151944240196233,0.00218398506695517,0.00434534875906069,0.000483957871471,0.0303333367185396,0.00671952003963782,0.00200152562621296,0.00637208046872806,0.000604452324635261,4.53272671731829e-05,0.000198083692905823,0,0.00535020963345796,8.95743543097702e-05,0.0108710522661068,0.000596492889792067,0.0234189279720551,0,0,9.12138058365853e-05,0.0218880535794239,0.00190237535020832,0.000261090761201617,4.01251165140629e-05,6.96527970344541e-05,3.6307257579273e-05,0.00756890068267498,0.0180538044517191
0.000369017903908366,0.0355585941101129,0.000357935531378987,0.000705944979196921,0.000253480781562889,0.00156644587073318,0.00347553309761082,0.00824131007069037,0.0675982194533896,0.0125503146445201,0.602765475060642,0.00630067546734656,0,0.0109514718745985,0.00218653843895723,0.0437880924985959,0.000550462885984582,0.0107475117439409,0.00373769578225745,0.00349776032547909,0.00445827465467964,0.0739290277581595,0.00800743025631575,0.11031724228344,0.842325578652359,0.0585016051459713,0.343376652111285,0.0127290266947806,0.0105104885645966,0.00141778289651359,0.111459830402819,0.00858068067602115,0.000160165094656461,0.124460040657775,0.001416484180425,0.0282497756651997,0.21753999076732,0.173326965139337,0.00465739905708665,0.00469332709362495,0.000776051689219179,0.194508811562574,0.00265856109789406,0.00783128588887247,0.0084126602326667,0.000794721686345181,0.000739217395640744,0.000169852280788219,0.0479324289334071,0,0.00198732757667196,0,0,0.0001187121644337,0.000426414733555919,0.000162803392385173,0.000914267696961562,0.000262627878591713,0.000153778990870372,0.201287200188533,0.000486607834610266,0.276515488854988,0.0024607892423559,0.000238448578276587,0.000160423619340396,5.99152566783875e-05,0.00452533814797741,0.00137953101023499,0.000184265197598615,2.95767404187024e-05,0.00131449800137394,3.2202402450043e-05,0.00147567470058857,0.0423104854589975,0.0211249587836342,0.0836685588718256,0.00019387597272822,0.0049176661381484,9.34357278621794e-05,0.0329108112840449,0.000523167183688808,0,0.0247082781090143,0.000899093474807751
0.725275526534106,0.0019082996450688,0.200501901477388,0.0134023709761123,0.00413823928793123,0.0563126983092092,1.41568529477475,2.51600724449241,0.0530097154160709,0.366230592560256,0.093002795785307,0.116877459687081,0.0109514718745985,0,0.0167474786892252,0.00109757002036895,0.152271205746861,0.0563191061941036,0.128556642155707,0.0648235612659828,0.180316398884518,0.00155736173982655,0.248285280142016,0.0478400727137037,0.00194989092903792,0.134263509656018,0.139542913141795,0.154322619506381,1.61048240809295,0.692426876960546,0.00482205491007724,0.0667750680539319,0.0237590354571318,0.251800523401085,0.0348342982300015,0.282552405594596,0.0187691145349159,0.0359575132458123,0.0135329990919715,0.0459489172915729,0.0302831171462409,0.014383285678994,0.0250403277044276,0.000353269885253769,0.00734679240260229,0.00011572467329489,0.025904562843636,0.00175843136042789,0.00048822223076846,0.000278726901248223,0.000674706670204178,0.000649629865568301,0.00608994725295211,0.000148023425225798,0.000253145417486018,0.0074211494485314,0.000310346743493724,0.00225959175625946,0.0013001453430363,0.000137746661702013,0.00220675632731845,0.00899394172550473,0.00050935925535425,0.00259087308955595,0.00345249596767548,0.000395888400890994,0,0.000181554957679295,0.000984756178231459,0.00201561833189739,0.0204115986071308,0.0015397930786512,0.0545646666339142,0.000334542467286265,0.00163811738244221,0.0175300351629539,0.0212144933342157,0.00310444029209829,0.00465655718132289,0.000113954925063747,0,0.00050077484229607,0.0131714999845406,0.00862621605323989
0.00191326699913347,0.00234243591012492,0.00193421671991838,0.127624252177543,0.203447405354518,0.236165614584687,0.0946664785740423,0.0312846638796965,0.103932982748963,0.0941700751722628,0.00260806469178227,0.658175325805009,0.00218653843895723,0.0167474786892252,0,0.000448549333817095,0.00183732109938891,0.00119716019512445,0.00199441658551949,0.0680425303217523,0.0127882024775689,0.0104874985997542,0.00815361203505729,0.0894658341991602,0.00161409923212144,0.00177194685530038,0.0070815036533829,0.116437639031495,0.0163009160231568,0.0251364019973051,0.000268525367905843,0.0122958520938033,0.00104588491587844,0.00785751066180956,0.0226183437505207,0.038047212851649,0.00055371140807648,0.00161727735898945,0.00104527930678518,0.383087146402596,0.0198344616376762,0.00112010021205734,0.00926968668455633,0.00118476195622932,0.00183444270876431,0.000277225226787871,0.0208224735803668,0.00107934019294182,0,3.5522317513597e-05,0,0.000151278918736934,0.00873357089698284,6.49822555376383e-05,0.000416628999236757,0.00202133726463782,0.000632968922355494,0.00126367155677839,0.00162115600364719,0.000163589987430626,0.00427767059638767,0.000610839460952982,0.000646163025281264,0.00341243299894737,0.00207176908077005,9.3574277496636e-05,0.00019963854823736,0.000232577511886269,0.00165316765503205,0.00079694808633597,0.00825669608082596,0.00171109866235588,0.0200892749855224,4.55863630448282e-05,0.000657337637303011,0.00195142466690074,0.0101195340611824,0.00141049190141183,0.00143768388187767,0,0,0.000102120380702138,0.00258175010506987,0.0708949514906553
7.94791918634119e-05,0.135880976764663,0.00186987665328697,3.2639928575027e-05,0,0.000173646757641464,0.000450882657584315,0.00077521224100318,0.04883882178989,0.000184414704151177,0.0147293725089775,0.000203529764516926,0.0437880924985959,0.00109757002036895,0.000448549333817095,0,0.00994614881780667,0.000812566143309796,0.00353670066503775,0,0.331446071819742,0.462233961967701,0.739988859154832,0.213321719308253,0.059045439685997,0.00613620394505158,0.836151746497599,0.18881059935935,0.00152461063835112,0.00472994813829918,0.0048534160555502,0.000342614371186584,0.000190710082458478,0.0250761784823358,0.0112871435653431,0.251036999612201,0.0191177746167968,0.036730610904142,0.0162753177076644,0.00147971228188829,0.00183910020997247,0.0137605378311912,0.0309352584619286,0.0011243530194495,0.0117921572630392,0.00214308681125999,0.0301247561955679,0.00220384628154415,0.000113928990944803,0.000294262714514622,0.00264905999629711,0.00178758044235546,0.000426184132994267,0.00015188324998076,0.000216213331811607,0.00137120964742492,0.000993757274555367,0.00516346009701817,0.00134886718792819,0.000737781116681087,0.00134554412584004,0.0344425533986837,0.00317459056433715,0.00331405545020963,0.317345739680936,0.0014326007048588,0.000335983897919699,0.000491718467084575,0.00102341875945846,0.068428120819682,0.0811799006817228,0.15800293867391,0.0902323669335051,0.000333434732934815,0.00182915532481593,0.144023746005652,0.0163569522488934,0.00492024113473136,0.0215861850410273,0.000369064309248405,0,0.000281680036910814,0.0139616664305852,0.0146726344454949
0.0271813715200431,0.0343773399713966,0.934569477747065,0.000269791980315918,0.00042042872296173,0.00300518982757232,0.0226939678976647,0.0635268884284266,0.00615826391378,0.00994640974623889,0.0707734368248411,0.0044686325305198,0.000550462885984582,0.152271205746861,0.00183732109938891,0.00994614881780667,0,0.039725702973293,0.627696054987163,0.00228435456692792,0.156452007542912,0.00136765460806627,1.27465451960636,0.00428437789074019,0.000387879571125928,1.21288626618234,1.1327235310984,0.00978422285578954,0.261198109198431,0.127408766355802,0.000523154705434203,0.0083167973781016,0.0549124817973583,0.528377702255213,0.0132368922942712,0.227747646654294,0.359686541665466,0.06646977953644,0.0842317668998726,0.00387343822317304,0.00831443046410327,0.00171714438586533,0.0289708086373441,0.00432664163290276,0.0110662245658211,0.0029311368548856,0.000486216082223525,0.000424654741284105,0,0.000160406602706513,0.00815805658943167,0.0284652398110994,0,0.000163739517782676,0.000102845303951397,0.00247797447730384,0.000252576569447994,0.000222944273701501,2.07901452182114e-05,0.000515477924294263,0.000211860954684794,0.000567841409389255,0.000423335304995164,3.58595818880439e-05,0.00362066375549057,0.0454215025125798,0.00070845161449684,0.0120598019034325,0,0.00100192472058469,0.00245417766954391,0.0107706597355526,0.00200554457983654,0.000246955624691636,0.0340991672393946,0.294769275557996,9.53860647771449e-05,0.000594430453627404,0.00208964004670278,5.21852434068263e-05,0,0,0.0192525725548951,0.0226292961613692
0.00130865514286903,0.000619883198636378,0.00366302980432891,0.00186007802696826,0.000669548955019791,0.00300759083708326,0.0121935556316742,0.0307287841304801,0.00804916143550575,0.0352142682609953,1.03590904276522,0.0195086610060765,0.0107475117439409,0.0563191061941036,0.00119716019512445,0.000812566143309796,0.039725702973293,0,0.292450790537177,0.00966627343748362,0.00728881092571816,0.000712104045021632,0.0151654902901086,0.00411947689936227,0.00297413897799249,0.202327283395221,0.0812386810451723,0.00635678560513914,0.050082655256028,0.00582640972680861,0.0202576966351525,0.0308087943539106,0.00150241246050399,0.22681948815735,0.0159811949103394,0.192058020529043,0.183675323536818,0.151615075320278,0.152706335580125,0.00347602999796605,0.00195379451189758,0.0010840973847128,0.00135939304421576,0.00182816147650651,0.000807270669366246,0.000434776328485006,0.000249154488674867,0.000208446086987245,0.000790629265533042,0,0.0004223232098014,0.000472536647324401,3.93750408675015e-05,0.00011743702448402,0.000120273205801374,0,0,0,0,0.0190518913730595,0.000246372665387988,0.0490753884419644,0.000301614396479917,0.00016362172862463,9.18077843031524e-05,0.000468677878900558,0.0038033037354869,0.000931116019035181,0,0,0.00279728272575791,0.000159704662439692,0.000128690055818558,0.00200490444683992,0.0206201699197007,0.0515250472642862,0,0.000910287670146621,0,0.0162158917739504,0,0,0.001655358483942,0.0182943097048535
0.00899054297372199,0.005846676642115,0.0743356179832598,0.00275739482789387,0.00102263143029034,0.00619127455141759,0.0256114787713011,0.06298262941538,0.00966897443954017,0.0505439118888908,0.229817605979894,0.0252674866550801,0.00373769578225745,0.128556642155707,0.00199441658551949,0.00353670066503775,0.627696054987163,0.292450790537177,0,0.0151716186710704,0.0409223177958282,0.000568037943730003,0.150971316350842,0.00566257204346106,0.0017189695264893,0.710766354265473,0.272419793002633,0.00989544406182375,0.181478076811175,0.0396751870680777,0.00612796034249155,0.0504414590128654,0.0161860677403754,0.553098847312069,0.0279268752337092,0.463768334712971,0.250628036687996,0.132564682580836,0.249617874386122,0.004575970302707,0.00471942391502263,0.00200059154940215,0.00370043959515615,0.00248298828430752,0.00219140002077454,0.00190910351671177,0.000419943599691579,0.0001270379887324,8.11524899235485e-05,0,0.00245632164824647,0.00200906046171458,0.000217437405383068,0.000267413572995603,0,2.89989748956174e-05,0,0.000452176481962764,5.48162951068222e-05,0.00348148882793342,0.000252773610900909,0.0126803047400449,0,4.3057711387825e-05,0.000434113186875731,0.0051679365189069,0.0031405661115351,0.00577523110288259,0,4.7672214244172e-05,0.00396574600908777,0.00048942695352549,0.000788913144871163,0.00151673588757824,0.0227556641322711,0.0896162035216054,0,0.000141178771213215,0.000185664821685374,0.0076353585284342,0,0,0.00324420384689868,0.0483061155114679
0.00151924074157802,5.16522264132738e-05,0.00182039379596844,1.37666122655974,0.018934833064335,0.112028672754596,0.0186427861956537,0.134749804454132,0.070632488191015,0.878146132986711,0.0163186223405704,0.737064370811396,0.00349776032547909,0.0648235612659828,0.0680425303217523,0,0.00228435456692792,0.00966627343748362,0.0151716186710704,0,0.00127702505585933,0.0003870415197568,0.00159614967295658,0.0326135249251385,0.000473297286282152,0.013223366836567,0.00740556923274337,0.287182158873566,0.0326273677435224,0.00452342722301449,0.00127003252281302,0.0138654435684888,0.000506872401090273,0.0534239627181657,0.0198469941184984,0.18347115942441,0.00229630363808699,0.00769158306853462,0.0017947166638949,0.0751762029451847,0.0207925104735685,0.00679267048631179,0.0427263163680361,0.000321041731757766,0.00984357542300509,7.95765683837177e-05,0.0798059256051965,0.00571677267693707,0.00012884918834863,0.000204153472205401,7.83009231526016e-05,0,0.0954051410461759,0.000649798746734782,0.00195384116072469,0.0098811930309611,0.00452872460640927,0.00526377856173511,0.021103935072072,0.000417493054292562,0.022310794387856,0.0062051821309543,0.00492200402870998,0.011582715121713,0.000768830818393295,0,0.000183751218364692,8.87393639209388e-05,0.0167568604748354,0.000532273642176596,0.0192275147550657,0.000450693411379069,0.0640521520257111,0,0.000224765181678083,0.000295712773377803,0.0576607275693425,0.0077355172436651,0.00178524876075291,0,0,0.000119724239489436,0.0150052864810081,0.0058065212727903
0.0288937793098482,0.00935230358260357,0.430987619862394,0.000331948848519352,0.000970972939119551,0.00471147614009779,0.285308219349277,0.146662392482906,0.046867846762666,0.0132995115865255,0.00656441146840445,0.00202767143794121,0.00445827465467964,0.180316398884518,0.0127882024775689,0.331446071819742,0.156452007542912,0.00728881092571816,0.0409223177958282,0.00127702505585933,0,0.0534318441675791,4.23976556745847,0.0265158141016368,0.00393079117388774,0.0784511697703797,0.576261528280754,0.797311706179157,0.12127527709202,2.12515614725738,0.000637079793262981,0.00301900095968409,0.0516942083951293,0.940937249452144,0.171661529373687,2.11678703230706,0.0863167796322717,0.626078599186938,0.265509926666694,0.0115699332460565,0.0317553643342809,0.0197415188741,0.0354707608219898,0.0025970559054389,0.00901382914149926,0.00257191645505855,0.0493126519943063,0.00219349570665459,0.000239622412959719,0.000727025826006772,0.00270118242736305,0.0027918361452039,0.00137584697032875,0.000960724888762613,0.000966715889926348,0.00372814353189944,0.000374810741381797,0.00123695343876345,0.000765524047970011,0.000561150240105182,0.00267628224421942,0.0439123676633557,0.00411153044622439,0.00474819948778633,0.133987737939019,0.00167260514902979,0.000231582129425234,0.000543886655412191,0.000412714206818283,0.0650934050980597,0.0400018305036212,0.0657164755808749,0.117039609724939,0.000146589577475369,0.001187352757503,0.0942424938579115,0.0414594418926461,0.00868039444884049,0.0323183242966033,0,0.000209346798746681,0.000681987728104353,0.0226787624707208,0.192201917399498
0.000110642662450933,0.284055849953299,0.000654348031671233,0.000160675095714438,0.00122976025772643,0.000261097983430844,0.00853873400711364,0.000817179970626835,0.8382160709832,0.000357742850724557,0.0256842053783865,0.000247103933946881,0.0739290277581595,0.00155736173982655,0.0104874985997542,0.462233961967701,0.00136765460806627,0.000712104045021632,0.000568037943730003,0.0003870415197568,0.0534318441675791,0,0.0606697117309711,1.90359317018971,0.105796339232287,0.00521444152204851,1.06772750149727,0.136861098173859,0.00120495189666877,0.00115654067903212,0.00568014685405796,0.000151788674477112,0.000222567084770656,0.00686266975263038,0.000907155287725181,0.013419661628146,0.00406164836531063,0.0108045743573792,0.00122079034056246,0.0158214820389071,0.000253513205619124,0.0146552062196058,0.0125574264203239,0.000420657157769978,0.0044753880975568,0.00111007688378853,0.00520883241662204,0.00167599532933542,0.000193679723981327,0.000138297996978367,0.0110472669390682,0.000736199721259029,0.000352590770526621,0.000129305774202001,8.58829640232088e-05,0.00141337726162493,0.000302444110705343,0.0104978949337361,3.13135355126858e-05,0.00103338837594443,0.000106082585362065,0.0036268016763856,0.000910937288154554,0.000978950071628127,0.0922815860616887,0.00130037712808016,0.000234553619985223,0.000459012288058019,0.000114334838120597,0.0255740980048648,0.04769876132259,0.0307635504691588,0.0578650503785661,0.00162693530836562,0.00167022950611154,0.0882016021937319,0.00730649906215376,0.00304817438848783,0.0101804568051075,0.000448150624656955,0,0.000146793183925498,0.00350434910753528,0.00304815132678401
0.0514235863490878,0.0192967858394359,4.32300155346458,0.000182127199890447,0.000928391852753951,0.00352186490821717,0.172259331793689,0.127528241963872,0.0337559045426953,0.00965729314557368,0.0185887915632224,0.00284012115049451,0.00800743025631575,0.248285280142016,0.00815361203505729,0.739988859154832,1.27465451960636,0.0151654902901086,0.150971316350842,0.00159614967295658,4.23976556745847,0.0606697117309711,0,0.0653146534715104,0.00754472080751071,0.471032199493242,4.52404403090371,0.359998775863966,0.248799388198907,0.736879858648344,0.000884500102956814,0.00419554497652432,0.0532146873599897,0.991743459020035,0.236274598518026,3.49908995109956,0.414199330005292,1.23725703483894,0.639633646917252,0.0141858538577245,0.022436912799158,0.0187439498131408,0.0644716305083478,0.00509608112503106,0.022917311363839,0.00744787239601166,0.0518580083654421,0.00409167084816986,0.000196208395776358,0.000349525663765422,0.00606847186189252,0.0203167432874115,0.000643009384424894,0.00141935336430922,0.00140985265631919,0.00539147944675899,0.00201083308419158,0.00503427205522159,0.00234882980000503,0.00080312909895003,0.00252495891929944,0.0799769673660851,0.00413392630994135,0.00331196746621001,0.438187204680726,0.0103201467371073,0.000471800036695829,0.00280007248708938,0.000387776740861422,0.0833799301844629,0.063899973843322,0.285946936148212,0.0980432432657555,0.000346606206209007,0.00775849940776766,0.647952342573632,0.0199799703833751,0.00457911686779253,0.0195558869176768,2.53775349655956e-05,0,0.000533504839117872,0.0299849066220951,0.333036296079262
0.00412089631363863,0.264715035235078,0.0017395716850444,0.423313820626205,0.00861475292734863,0.00769349634049318,0.831614775377767,0.0426732610537952,1.80321989755875,0.0305634179607183,0.0430132861725055,0.0246175717888129,0.11031724228344,0.0478400727137037,0.0894658341991602,0.213321719308253,0.00428437789074019,0.00411947689936227,0.00566257204346106,0.0326135249251385,0.0265158141016368,1.90359317018971,0.0653146534715104,0,0.141792267711248,0.025113941893278,0.360099651983639,1.11824641776707,0.0863174927637901,0.05913492715753,0.0101208383829657,0.00612906962747118,0.0256009158225962,0.0672542716316774,0.0435729448932088,0.403871114936039,0.010856491508708,0.0364691051402847,0.00898656586692116,0.0870042283670807,0.0224716767862641,0.0356298347925067,0.145046581368262,0.000873860274582911,0.0346311980956717,0.00251086309588209,0.107465996106242,0.0146831455772224,0.000337843474572009,0.00449003362690095,0.00203575047253426,0.00185027972835019,0.0371389361265595,0.000588211001178849,0.00349343432001566,0.0463338513703333,0.0132465356966681,0.0118688660443855,0.0132988713070705,0.00325078398791002,0.0132635616800885,0.0427827640356589,0.0308374194480042,0.0125398538706784,0.131030229259652,0.00229341214492892,0.000630379878582456,0.000465769316017434,0.00787807422308739,0.0799352144323326,0.167972040549045,0.0565243820263611,0.443614862390008,0.000995600793876231,0.00194242747186211,0.058200250143772,0.157042622651197,0.047530608239197,0.0884373979346237,5.98833671952665e-05,0.000536743729740072,0.00233091489106389,0.0520370361799858,0.0302533386099639
0,0.0443765144639281,0.000316691145084739,0.000117413347654971,0.00038750043979072,0.000139074933093172,0.00111709862429875,0.00122787614014059,0.0613669604816233,0.00118967009167578,0.194874237503134,0.000390767254535201,0.842325578652359,0.00194989092903792,0.00161409923212144,0.059045439685997,0.000387879571125928,0.00297413897799249,0.0017189695264893,0.000473297286282152,0.00393079117388774,0.105796339232287,0.00754472080751071,0.141792267711248,0,0.0337649375266716,0.802390723541829,0.0101434377670886,0.00159217972430942,0.000103443840935272,0.03796406053286,0.000519442776189542,3.26834047473192e-05,0.0270951756476753,0.000122503353296149,0.00662194142506467,0.0285809469661404,0.0311379660731344,0.00186552308435503,0.00354976631297342,0.000121060302466804,0.0895587580952347,0.00234259136288801,0.00296803096939235,0.00372250891159115,0.000267742190833005,0.000234993613934034,2.9988262857008e-05,0.0170154513414844,0,0.00325250019644693,0.000142221633652708,0,0,0.000171133033755594,4.03362399409235e-05,5.42932226377726e-05,0.000284757211843133,0.000110567774616009,0.065715941443475,0.000477690527129773,0.143050435477165,0.000642787983280698,4.11853544104874e-05,0.000689545601510314,0.000442714131424385,0.0034070192104263,0.00455016638343824,3.73234700844526e-05,0,0.000139226651167384,0.000203661004047122,0.00109948535922152,0.0900711220853717,0.0207612742333005,0.200314412175973,7.55920178353368e-05,0.00143462963134443,0,0.0177830909863522,0.000172535090882313,0,0.00642975407360533,0.00019630674807567
