0,0.00038063594014225,0.00515266270117164,0.000198102509360993,0.000753115788847995,0.0132489133727911,0.231549014749072,0.166874193175839,0.000561621258735907,0.00407856434641614,0.013857155799962,0.000932968817750675,0.00560160488166594,0.950770155770116,0.00131726328304427,9.31145859757899e-05,0.018702929145388,0.00935825511088402,0.0101335778117918,0.000859910905762864,0.00425385819914837,0.000159001422673088,0.0116184177825501,0.00132598389787789,0.000363557361831951,0.00821658646783348,0.00422378291685664,0.00270106412918034,0.452614367243079,0.238714451476912,0.000744422159793401,0.0057949829336158,0.0101471236783517,0.0676620400484955,0.00291593378196462,0.0150194885211801,0.00183108815821313,0.0444172448826452,0.00406341249879454,0.00233379639363708,0.00222505612610516,0.00202780485996405,0.00117150752366579,0.00013259222313106,0.00115481111764545,9.13966150475829e-05,0.000600213169411178,0.000234559123679942,0.000544283269297433,0,0,0,0,0.000102323495521325,6.0676056420347e-05,0.00104771560165479,0.000203437593236846,0.000342140454116142,0.000180733946001911,7.35384240910589e-05,5.46575457960278e-05,0.000210324928803033,0.000140140934434885,0,0.000123931407794404,3.30647092140258e-05,0,0,6.25926891270635e-05,0,0,0.000127877872290069,0.00318202972096421,0,7.74253742173343e-05,0.000164889465102941,0.00172988525184643,0.000111989114170569,3.61782748421728e-05,0,2.19062123976856e-05,0,0.000560876407606831,0.000335829806245145
0.00038063594014225,0,0.0161929569169852,0,5.51477608249783e-05,0.000223596019980824,0.00115759110805868,0.000279893576642781,0.074056084794354,0.000510953211087617,0.0326216956740055,0.000202974700643575,0.135356137211734,0.000436197699334431,0.00115983863475054,0.0488552451920427,0.00577041859364303,0.000171440803587466,0.00223419464864549,5.49410982980311e-05,0.016013992589508,0.416861834046121,0.0147916505878548,0.274846948399991,0.209115809374493,0.0329303864503063,2.03229341245796,0.029290127287619,0.000388685496924162,0.000590068466014189,0.00104313096496607,0.000224598813659305,7.42892440051973e-05,0.00582683374653535,0.00166255762772868,0.0117779179826676,0.00649469722890228,0.0054168285188691,0.00307777856379549,0.000885796645431368,0,0.044574033090123,0.0265354868078158,0.016575528459406,0.00659748734428698,0.00752156955142675,0.000291239884931088,0.000322710500842083,0.00177133666574014,0.000434885992258567,0.0919179405608595,0.0145014815905633,0.00016645452348721,0,0,0.00566254840149197,0.00115139293099225,0.00136670317114885,0.000177361053409752,0.00447907779393634,2.34073163235336e-05,0.00556849742564505,0.00312022187468496,9.0859412368512e-05,0.00583363814089489,0.0214365287801341,0.000619117019369929,0.013440685397303,3.47450553258896e-05,0.00412995299732625,0.00546351050535926,0.00638605455229435,0.00496862186789336,0.00948931014083945,0.0482273853281942,0.34063339670765,0.00347346483411947,0.00128237772509446,0.00391625224049115,0.000524746527158654,0,0.000188175205433524,0.00464108202735135,0.00295040249198912
0.00515266270117164,0.0161929569169852,0,0.00016837323625111,0.000815257421611387,0.00275763599230977,0.245692855222098,0.112066417434609,0.000736487186508326,0.00209881852232642,0.00152078908891261,0.000444515365353167,0.00544088432350744,0.0727179702314313,0.00403944392601754,0.00832713739164923,1.42330316789504,0.00687767501971676,0.0571957267826103,2.79395633969516e-05,0.59198586267902,0.00643200356339067,2.80645543371284,0.00522165039814367,7.2464046215093e-05,1.03598833851287,1.75527516355044,0.238533573921082,0.0354370058463877,0.50575041904269,9.97242107199729e-05,0.000673078601392403,0.00570421747937114,0.106056754949289,0.022567565716738,0.354709972719187,0.299943524100275,0.17478165586508,0.155973890142367,0.00343551821695607,0.00103389388619032,0.00130559498843106,0.0682086562951576,0.144718621747031,0.0221923464310047,0.0304973232180605,0.000928666690958908,0.0013169941123084,0.000214387862759853,0.00049449841461606,0.0288131021400166,0.206177722116124,0.000483932340758207,0.000220637271754926,5.45503635926664e-05,0.0172590932130537,0.00138802133197163,0.000204390932739925,0.000998178761586812,0.00064954643697936,6.11918453315405e-05,0,0.00398002557763283,0.000426335748021078,0.021435629771175,0.173021540393305,0.00149998383137256,0.0175824481039311,0.000235229675029034,0.00696109241002327,0.0093323827533175,0.0732385885115246,0.00813493055961004,5.33406909651041e-05,0.117104007765386,0.80805515971951,0.0109443943096,0.000900454841034407,0.00581343693986185,0,0,9.47888963147878e-05,0.0186386870018324,0.0208328875854508
0.000198102509360993,0,0.00016837323625111,0,0.0142807149241364,0.0481720927569142,0.0392946417765958,0.0407939927089178,0.329342470946656,0.564012652323454,0.00746349517934525,0.172136936443387,0.00942168088781857,0.00908331307858887,0.0762319523568528,0,0.000474454208947727,0.00219095305784187,0.001301094076191,1.56990909374347,3.4556719974947e-05,0,0.000125979757416952,0.761379152912808,0.00139225719923748,0.00104540517685065,0,0.308830463607537,0.00839841572110588,0.000393329323349073,9.66515677692681e-05,0.00499900788942953,0.000321497770822459,0.0128377338094224,0.00673912267356154,0.0563830012904226,0.000285515179377991,0.012731120188232,0.000485926864821762,0.0828938474625927,0.00584544134207393,0.00235731326937218,0.00691045513554134,0,0.00371096550561851,0.000551617228008801,0.054800521905085,0.00172720158817711,0.000384523926003027,0,0.000656521251746474,1.91018830824882e-05,0.233968988628051,0.0121920443429508,0.0208590935817848,0.00420697345775313,0.00461017565829808,0.058160306562591,0.211648215665445,0.000685922782733264,0.0886468688598849,4.93878986984551e-05,0.00334180116328653,0.0219665102924961,2.16287626563519e-05,7.94309907741069e-05,0.000297135663593435,0.000163545844350398,0.134204101984504,3.72119413099229e-05,0.000786703416880206,0,0.0671846065621362,0.000334356292706192,0.000184518473494151,0.00103150560266441,0.0416384152890394,0.000774438321054377,2.21209323550582e-05,0,0.00023594861218394,2.88564666877925e-05,0.00469918302794361,0.00071252445025842
0.000753115788847995,5.51477608249783e-05,0.000815257421611387,0.0142807149241364,0,0.304820415430944,0.0325962321086515,0.0202307894960461,0.0387391726296467,0.0441314558227735,0.00265510365114616,0.0804712520142028,0.0230198696543903,0.00274415722691744,0.519907882619214,0.000772492529759106,0.00100838043038138,0.00152097655685738,0.000312726508056426,0.0220771739413265,0.0114899329354894,0.001062218713622,0.0140614531198229,0.0174367995490852,0.00274805412215609,0.00162669956317579,0.00289869714850823,0.0117757972312528,0.00379160557987104,0.0148431852154947,0.000106902634057247,0.0673004130312584,0.00018692340606569,0.340147777603692,0.0386973119958492,0.147838198771354,0.00263729929777208,0.00843283719098777,0.00383758283577357,0.73982264369989,0.517058801323747,0.00161063982641702,0.00254729742032408,0.000474090535597372,0.00546844588159934,0.00304850710422925,0.0127043217843983,0.00113907035104278,0.00220916891214042,4.1907020275116e-05,6.97865402707936e-05,2.96237724721551e-05,0.00326713922490676,0.00160223489418422,0.00334778442114981,0.00276281357927124,0.00174420981383492,0.000750673114660863,0.00578273486643314,0.00018057586165601,0.00669929097151162,0.000106228104663205,0.00102718578078669,0.00250910690572076,9.99569933374077e-05,0,0.00041975431311875,0.00011142881100508,0.00317224204538394,0.000800858515184375,5.78207871746184e-05,0.00062304996091745,0.00466674821878772,0,0.000329089385238022,0.000305608253507853,0.00401668614920204,0.00070045521818208,0.000289463849318266,0,0.0001448249037305,6.2809868739173e-05,0.00548179194587042,0.0639993341316471
0.0132489133727911,0.000223596019980824,0.00275763599230977,0.0481720927569142,0.304820415430944,0,0.160877659120005,1.23212031194696,0.0450488992379924,1.22203788879682,0.0678736499356287,0.479445407184311,0.0545597151862336,0.0759262045213738,0.253966871354215,5.15239473793387e-05,0.00800223734291808,0.0346400318766392,0.0232771254980793,0.103900247830772,0.00223293212779382,0.000154345801241839,0.00308685467431451,0.0168326113852446,0.00709780699216348,0.0239439645548601,0.00710234509637557,0.0068778114240612,0.0433378898231794,0.0216602819002554,0.00269588165039158,0.0386254387700382,0.000255956263123152,0.0999390377152676,0.0720798731815111,0.205665308771882,0.00199041270256851,0.0387576497810378,0.00216759462372094,0.642796916314643,0.0762391344198607,0.0166454737332891,0.00921621871188834,0.000977467311018666,0.0159634522721424,0.00153974106703178,0.0366338660843337,0.00476803730582255,0.00459633522747186,0.000302166748228469,0.000110153943785912,3.31785575626612e-05,0.0221736020669829,0.00480313728314343,0.00844752762833599,0.0172260460752558,0.00552981657921353,0.00402627237871587,0.0362784856299687,0.00091320155340342,0.0189536864232405,0.00121620708855558,0.00364313119090741,0.00639600515080113,0.00015649851442709,3.67589835232139e-05,8.3790653218603e-05,0.000176531172428667,0.016554622751078,0.000187525162658143,0.000131794704129648,5.14971866106272e-05,0.0377798034513089,6.4491295244074e-05,9.80304430004893e-05,0.000283448918247348,0.0283283545199009,0.00101864227655282,0.000733418655578179,0.000169042884123671,0.000534033848504731,0.000272563556470737,0.0167502492452197,0.00763977033984738
0.231549014749072,0.00115759110805868,0.245692855222098,0.0392946417765958,0.0325962321086515,0.160877659120005,0,2.21049947321701,0.221791780266334,1.36534938295999,0.0653612979345865,0.0134335494098805,0.1543173260474,1.60186340394118,0.0978796875462735,0.00190218087820718,0.0332385318823334,0.0335626062497035,0.0347096356346762,0.00788105946020159,0.138009266594897,0.00712553870442936,0.265681846849469,0.907337588240071,0.0179004857348413,0.0464151348600368,0.117452470191748,4.06447376579354,0.464694815997723,0.224341318341088,0.00266100343705327,0.0351560241267341,0.0664948506926235,0.332566872761887,0.226233378124805,1.08546168402462,0.0327514139142467,0.421266862007027,0.0728096332020093,0.104259471646814,0.061536319020667,0.0209566880217834,0.111013455226225,0.00512236135565447,0.0452178852288592,0.00887548312427122,0.0589322985560463,0.0205031189954136,0.00650236429391394,0.00879680217360452,0.000751492976671223,0.0081013498502156,0.100195602691409,0.00184077790105985,0.00825269539827551,0.191638000675299,0.0339707027938823,0.049086667130882,0.133797600143389,0.00291172048443567,0.00924895985626999,0.000761527136451215,0.0459661713447859,0.00478780018504512,0.0202449046747723,0.0020928444211806,0.000582216591958276,0.00154580145705679,0.0268090670210051,0.011093559968038,0.00479282911232935,0.0331772462008302,0.531056999102502,0.000175781183850348,0.00150926533165026,0.0333679673928203,0.361929728826368,0.0323880139978001,0.0181248287426904,3.89400583139181e-05,0.00327175938402538,0.0030675583239206,0.0586790344588911,0.0323090141388122
0.166874193175839,0.000279893576642781,0.112066417434609,0.0407939927089178,0.0202307894960461,1.23212031194696,2.21049947321701,0,0.0480146369781859,0.545301642716718,0.145460894785216,0.232604295436254,0.0887314984992729,1.01742721214308,0.0242998505627433,0.000936152115964708,0.126159160514542,0.0675762783032036,0.0747133161649122,0.0865554176046668,0.0567695803884983,0.000643927166793822,0.0931054720978911,0.130489171190817,0.0223566107865363,0.093177608760969,0.0415717546298467,0.0817216190728666,0.300201647375903,0.542978939373673,0.00745874090377331,0.0517211552150538,0.00985312268326215,0.157921771596236,0.0242930792878409,0.316179872459781,0.0144672579494065,0.107215672846985,0.037659238417678,0.239415964961544,0.0320129062879831,0.0266226467380028,0.106561768618068,0.00323950203243171,0.0427701680075008,0.00669335600154893,0.0708781982690414,0.0199416334350737,0.00658665392382267,0.00356272897488666,0.000224888061842248,0.00151755517883652,0.107895378469339,0.00285451698300048,0.0110876275075415,0.168622155150034,0.0276269639235352,0.0223419329240012,0.185784512947199,0.0027347473505259,0.0164602157041376,0.00191165509037233,0.034322650561311,0.00585746302139791,0.00231869546533438,0.000692743166566228,7.07290913022249e-05,0.00096290404915675,0.0375372459495289,0.00124021376880464,0.000816508427431397,0.00498993050785987,0.393284038671484,4.59324582382917e-05,0.000712954700897353,0.00600227885601041,0.295359212734384,0.014408260913083,0.00416515945261973,0,0.00248085658418537,0.00148095479323237,0.0514230255503606,0.00531359569311401
0.000561621258735907,0.074056084794354,0.000736487186508326,0.329342470946656,0.0387391726296467,0.0450488992379924,0.221791780266334,0.0480146369781859,0,0.291123856117422,0.00709896226554161,0.202087806813497,0.0291291903829018,0.00641739649665815,0.174648549355969,0.00475097810931676,0.000374606233966553,0.00130570778730411,0.000668702700417263,0.117796010498583,0.005086852105183,0.655495683913518,0.00257841821046606,1.88564995775923,0.0419972003126393,0.00223979290011943,0.0875089471899333,0.355082351596661,0.00742773106776332,0.00327861436620007,0.00078303493115776,0.00499172858933061,0.000519541657267141,0.00619639797341963,0.00278284471544732,0.0421682067466967,0.000708414963213387,0.00615883130936048,0.000710074915833154,0.264204816926612,0.00954753096200069,0.00446051159857798,0.0244332463028606,0.00149828910692982,0.00658083621858661,0.00198133055799425,0.0270491004051698,0.00401589786421171,0.00106459075174671,0.00174255582141204,0.00349718446819492,0.000368784825507265,0.186024016177864,0.00743230828941748,0.00891754960815394,0.0388992831247252,0.0091810445825042,0.260057640114547,0.103118884621476,0.00319880594037607,0.0644429072070493,0.00211869437733854,0.0105061155053247,0.0113783502689582,0.041987671666872,0.000738129875168767,0.00271738443475395,0.0019650069906299,0.069241213730008,0.0384028414540446,0.035370501686163,0.0115052712050155,0.450083231853326,0.00107126470195869,0.00284034038676427,0.00723957066148149,0.160965143080504,0.00716368814863853,0.0062632488315982,0.000387172865943191,0.000867937253847287,0.000665392118505889,0.00991104289236073,0.00214744793873659
0.00407856434641614,0.000510953211087617,0.00209881852232642,0.564012652323454,0.0441314558227735,1.22203788879682,1.36534938295999,0.545301642716718,0.291123856117422,0,0.10902669073784,0.599667459969823,0.16939295860122,0.184217467065716,0.098013112345357,0,0.0134913708428862,0.0531773327192388,0.0453475117473386,1.13162554272444,0.0014632145179865,0.000114839383377933,0.00375226928869895,0.517987961075858,0.0168823520520225,0.0421060253248957,0.0127447078294168,0.5599230852595,0.185391288547363,0.00824585733481533,0.00443510360561878,0.0642094095549285,0.00824113463798105,0.24022894294794,0.141843653351527,1.1229935519322,0.00635493935477518,0.26092238708112,0.0091475727884078,0.218725259000354,0.0793003515580599,0.0292888708952925,0.0470982087562596,0.00140914167265755,0.0304627168755818,0.00401048966915998,0.135171098619168,0.0130879824454471,0.00487824671207455,0.000475594908184508,0.000566170788662648,4.1120408262235e-05,0.566817283796586,0.0250363830742301,0.0403857787969541,0.0473551765850283,0.0171251004037725,0.123092015091419,0.682373051037767,0.00134464258278136,0.134657362616203,0.000910907020167454,0.0147942848557483,0.0356766260137096,0.000269729256125164,0,0,6.99357547444462e-05,0.264372373593562,0.000627785162141715,0.00128536004443904,1.9502920168516e-05,0.29493877966391,0.000292425289079759,6.29740661515594e-05,0.001126092796985,0.249326162172391,0.00349362153635691,0.000738202519147656,0.000115284986247337,0.00154206512471277,0.00014311598302632,0.0407214572983627,0.0136006652678821
0.013857155799962,0.0326216956740055,0.00152078908891261,0.00746349517934525,0.00265510365114616,0.0678736499356287,0.0653612979345865,0.145460894785216,0.00709896226554161,0.10902669073784,0,0.0530091166604218,0.228027589050563,0.0689061768291938,0.00420461174433835,0.00357451945181832,0.00622279581079955,0.940104849838609,0.267855190704867,0.0208893108232557,0.00542439714787985,0.0203878647290859,0.00883183875641631,0.0134726841244458,0.146144845416094,0.354866563048129,0.00799084746335764,0.00749088700923689,0.0880191637945442,0.0195096121539059,0.0770002423586606,0.0701754246888594,0.00028284044913345,0.799915963704636,0.00983425919259624,0.114791420036713,0.139515671887427,0.65903073106316,0.0342463871815815,0.0219711542494613,0.00474252324712338,0.748554805679819,0.00403700284407898,0.193994618686846,0.00678894497614273,0.00156972551042658,0.00376577137958802,0.00179584743092875,0.0673436295274001,4.53568784183144e-05,0.00794880400610299,3.77587198096335e-05,0.000541989843936676,0.00010804555935027,0.000326543055154216,0.00633057070163539,0.00247543495378493,0.00355244426526256,0.000948245348568729,0.144509348018324,0.000911043831591629,0.276199343103401,0.00139629468126422,0.000134582791478932,0.000130062670915598,4.81113447607458e-05,0.00242464686571026,3.88016512059092e-05,0.000371264993970403,0,0.00257176683342626,8.47309009001735e-05,0.0168571771645963,0.0215977738579475,0.0582955009990928,0.0366918144952975,0.00918658684591541,0.00127192349853932,0.000192580836969999,0.0666520975913572,0.0022198253765922,5.37100239260435e-05,0.0195208885475389,0.00426968997469392
0.000932968817750675,0.000202974700643575,0.000444515365353167,0.172136936443387,0.0804712520142028,0.479445407184311,0.0134335494098805,0.232604295436254,0.202087806813497,0.599667459969823,0.0530091166604218,0,0.0317730897965853,0.039722106203837,0.283356264822588,0,0.00387504125441266,0.0246436743276111,0.0194127723401027,0.730339293901931,0.000107996483054787,0.000255352716753999,0.000569140021338624,0.0555521692371143,0.00720060364658838,0.0179729485460761,0.00515832895385439,0.00265570791892242,0.031174853864949,0.00297404230752014,0.00184805945297955,0.0306937659396948,9.8351149686575e-05,0.0673663092737299,0.0290473355878896,0.0945245373059824,0.00111544230647118,0.0410382682829665,0.000318545020581436,0.26466687193874,0.0181742039721058,0.0127344769316106,0.00420762929239707,0.000436352573418668,0.00594996183315397,0.000920490257559381,0.0743858865502245,0.00227864962388806,0.0015015777632178,8.75452526213675e-05,7.03779412358673e-05,0,0.0522229797198909,0.0172126500964829,0.0226278046485402,0.00253659837224085,0.00666347375234254,0.00713865175420213,0.0841394376896886,0.000537423249296382,0.14451570385548,0.000788872445889715,0.00247219083408052,0.0202943691903417,2.11852896555752e-05,0,0.000332141720578426,0.000168710006268966,0.0508231794947246,0.000189268269471416,0.000264561013103485,0,0.0132735110606666,0.000145368432462919,0.000247655555324537,0.000175472294499868,0.00995379217777242,0.000457780934331253,0.00025292160912762,4.84501828123331e-05,0.000637588384045322,0,0.00657947898385122,0.00378485451295605
0.00560160488166594,0.135356137211734,0.00544088432350744,0.00942168088781857,0.0230198696543903,0.0545597151862336,0.1543173260474,0.0887314984992729,0.0291291903829018,0.16939295860122,0.228027589050563,0.0317730897965853,0,0.0163702650586183,0.0127114206073309,0.0135877537088343,0.00436879476121766,0.00308370937020856,0.00347165376560301,0.0181609293219862,0.0395552274637661,0.0882140657606259,0.0320661834332871,0.0775252426682541,0.729338189848233,0.00945700893112846,0.0507576988274097,0.0612524904584896,0.0230826014703149,0.0739729810237674,0.0566834039526318,0.0290207933351109,0.00191802009111657,0.293133422747443,0.0101017324111432,0.279807411253032,0.0604027167414667,0.212747549782364,0.0758841609318614,0.267271259271514,0.0841668390799425,0.676617244680941,0.0269571362058978,0.35032099044306,0.0872833018120774,0.0129383236451285,0.0933498662145874,0.0205366354531986,0.0935380199049122,0.000470368160763401,0.0137971504219959,0.000276352666615796,0.00681254965227671,0.00311910587677134,0.0138074939177117,0.0209477644442107,0.0294931101006573,0.00520330940375749,0.0313447115973036,0.41364063719193,0.0111641278746614,0.748374991861113,0.0104609780480335,0.00375163801968493,0.000847884695315143,0.000284630948958936,0.00346254838828436,0.000440535688648015,0.00946716700460398,0.000487103950459337,0.0054514871375991,0.000434434783025294,0.0253909264129311,0.0655929443667323,0.109829625873217,0.105097275694531,0.0211207912888237,0.00453778863775129,0.00124515063938802,0.196168701677081,0.0103243312747269,0.00033094598484928,0.06056953289947,0.00303155236060323
0.950770155770116,0.000436197699334431,0.0727179702314313,0.00908331307858887,0.00274415722691744,0.0759262045213738,1.60186340394118,1.01742721214308,0.00641739649665815,0.184217467065716,0.0689061768291938,0.039722106203837,0.0163702650586183,0,0.00443180003509751,0.000628905055653758,0.11571028271222,0.0436805109989503,0.053917346598901,0.0164318601001043,0.0487029757172784,0.000160340246068314,0.0805534803503844,0.0125298702912726,0.00274758180832942,0.062562653882867,0.0323629142930188,0.0257915689133137,1.11829316052329,1.20917307475471,0.00171472841620991,0.0296502384928133,0.014122053830423,0.112224018528777,0.0127789781284376,0.0963829908081405,0.0124503517474392,0.0947939270524605,0.0298602488451731,0.0130573332666187,0.00707896507500558,0.00720732456899175,0.0125265409321646,0.00131379210903844,0.00665594646854769,0.000768405330758668,0.00919317642412999,0.00258640232359915,0.00108193642760624,0.000760774049257574,9.34773403908909e-05,0.00117724392116706,0.00466438007110853,0.000560902173864305,0.00120345785126166,0.0225367904514045,0.00333256568878279,0.00297391141335195,0.00945532795807948,0.000650099632567123,0.000993851134771148,0.00040302476874727,0.00423252706330331,0.000691469429551536,0.00118656509196558,0.000377583682095465,0,0,0.00298640169812651,0.000299229066807979,0.000177396024478492,0.00244611853337905,0.0490026748460923,0,0.000884137202949493,0.00424721749034569,0.034865517023104,0.00294869014631877,0.00096001596275781,0,9.90837987295837e-05,0.000272214282062879,0.00701468548698535,0.00227720452004837
0.00131726328304427,0.00115983863475054,0.00403944392601754,0.0762319523568528,0.519907882619214,0.253966871354215,0.0978796875462735,0.0242998505627433,0.174648549355969,0.098013112345357,0.00420461174433835,0.283356264822588,0.0127114206073309,0.00443180003509751,0,0.00179050906636816,0.0049149218131266,0.00200401225727651,0.00264125234424885,0.0723884591648401,0.0278653023170237,0.00656158134566654,0.0335518617564072,0.107476155958652,0.00471668086402251,0.00642743741018286,0.0166793825111575,0.0466612420712929,0.00702191892448571,0.0555460818819219,0.000185937015810907,0.00676793676788709,0.00130795278391816,0.00687787601748017,0.142664371639498,0.133595716437032,0.0107591259711974,0.00892301241028904,0.0162092168407832,0.361117068439454,0.00951960824517755,0.00184080236878451,0.00905906424430046,0.00170140137819268,0.00377261150592905,0.0106416641046264,0.0317960549143939,0.00217621856313055,0.000516511424466646,0.000348245516417956,0.000289150906346852,0.000610927315514748,0.012368076634877,0.00487217149885096,0.0108672459625856,0.0109047059580145,0.00323762995004964,0.00236837257271015,0.0208288299383775,0.000253289566262132,0.0203010717426281,2.15420117330819e-05,0.00273477722193338,0.00635769291420582,0.000639407087453751,0.000653574475443423,0.00130063953646154,0.00115862020904997,0.0111894713738245,0.00159148076495009,0.000772222081102066,0.00093432931942972,0.0225308012711323,0,0.00292219970431209,0.00412683659588109,0.0162090355219753,0.00153057566520585,0.000750232532441459,5.20647965996146e-05,0.000162475796634761,0,0.00348127762508609,0.148459333635132
9.31145859757899e-05,0.0488552451920427,0.00832713739164923,0,0.000772492529759106,5.15239473793387e-05,0.00190218087820718,0.000936152115964708,0.00475097810931676,0,0.00357451945181832,0,0.0135877537088343,0.000628905055653758,0.00179050906636816,0,0.00828706939613394,0.000356526562437403,0.00368333071439857,0,0.711392091095938,0.702218972652918,1.00347282324649,0.165212338365252,0.0125085395728131,0.0070690343547001,0.578451246969801,0.317570910321253,0.000779654702542289,0.00650093237464809,0.000239249712744659,3.68324914730072e-05,0.000112641183756417,0.00780586587397757,0.0128215968254204,0.2446211904518,0.0829817254814224,0.0912008058845717,0.0825309231835982,0.00313831009488843,0.000296743597720179,0.00375680591917941,0.0233858630328523,0.0170257009190068,0.01022977554578,0.00929488167375334,0.00201395879185651,0.000315925563863027,0.000267985025977954,0.000364127594651094,0.0079025093791635,0.0226023340597726,2.80784806428492e-05,9.44087405294804e-05,1.70280780945808e-05,0.0123340254804438,0.000550438977814025,0.00189198307752886,0.000758720000518815,0.000705836978815936,8.98921600139201e-05,0.000662572799381411,0.00232175106418316,0.000378324800801536,0.683569818037279,0.0046053356726903,0.000203455796743059,0.00153278369142286,7.66276198997915e-05,0.204038917201451,0.193366920784048,0.506219530259766,0.0851957747899923,0.000218765958873784,0.00470997100491255,0.160551292095058,0.0787148863444731,0.00158116030960341,0.0161929905998269,0.000183872774620187,0.000190556381381696,0.000228879856469303,0.00453891447943676,0.00929495839711768
0.018702929145388,0.00577041859364303,1.42330316789504,0.000474454208947727,0.00100838043038138,0.00800223734291808,0.0332385318823334,0.126159160514542,0.000374606233966553,0.0134913708428862,0.00622279581079955,0.00387504125441266,0.00436879476121766,0.11571028271222,0.0049149218131266,0.00828706939613394,0,0.0256256979858537,0.352514995898077,0.00138623112929718,0.232031206564624,0.00154235616267241,1.14426922898003,0.00299706290840653,2.78983521566629e-05,0.360669887758219,1.41916641763497,0.0294956383320107,0.181407200901461,0.524247389113797,0.000227112975856304,0.0072269556986634,0.0208160874994869,0.652951806356265,0.0226031839924362,0.374391930211275,0.368207802371507,0.343303214626626,0.165117864857822,0.00405039578435384,0.00130913292351252,0.00158771588549593,0.0265094531092656,0.0500173423085674,0.00677309775217908,0.00903998272551022,0.00016928795986188,0.000265780984676438,0.000134573097141409,0.000452816785970717,0.00985500233011311,0.0270312253504631,8.07120964471875e-05,4.43894989586592e-05,0,0.0049507125360429,0.000551744492812148,0.00015668559590376,5.48394159651071e-05,9.79924660687685e-05,0,7.21666066261172e-05,0.00193503843708563,0,0.00503430904658328,0.03004628935027,0.000849903058448587,0.0185843710131057,0,0.00403471666542446,0.00150685671474952,0.0130357221870249,0.00227015296989344,0.000169798826028329,0.0697960421695331,0.165075866880133,0.00227254788005898,0.000593228952304657,0.00349563216154023,0,0,5.27751524451196e-05,0.0046015920249346,0.0174055797853223
0.00935825511088402,0.000171440803587466,0.00687767501971676,0.00219095305784187,0.00152097655685738,0.0346400318766392,0.0335626062497035,0.0675762783032036,0.00130570778730411,0.0531773327192388,0.940104849838609,0.0246436743276111,0.00308370937020856,0.0436805109989503,0.00200401225727651,0.000356526562437403,0.0256256979858537,0,0.332383808317069,0.00967983970477046,0.00999437130912303,0.000173822233745766,0.0206595102417555,0.00187480403984246,0.000628381571733332,0.201937533090906,0.0405897757727036,0.0037702373138888,0.0639619554010118,0.0168293000510087,0.00119938871492128,0.0366214802369801,0.00081770127237917,0.190100240418725,0.015096190586859,0.166605664710446,0.0574001676968399,0.452453797953687,0.0844926528302907,0.00868687581658719,0.00188280466289268,0.00432939350046428,0.000733606400062343,0.00183835436649054,0.00019402133754524,0.000766183534253934,0.00106021536949764,7.65090583580019e-05,0,0,0.000461303719863281,0.000455744462161571,0,4.1462468598938e-05,0,0.000179780779980066,0,0.000622801956609878,0.000186563403303444,0.000456858077714074,0.000149185500568974,0.000935902337339161,0,0.000220866443901512,5.03839764202178e-05,0.00046385414650892,0.000301749505246884,0.000541322398073453,0,3.44971420530259e-05,6.88477834972623e-05,0.000367672223359996,0.00251375616674594,0,0.00773893344870112,0.0140058087285986,0.000302394596077707,0,0,0.00114219300296531,0,0,0.000386230952154711,0.0114425963699472
0.0101335778117918,0.00223419464864549,0.0571957267826103,0.001301094076191,0.000312726508056426,0.0232771254980793,0.0347096356346762,0.0747133161649122,0.000668702700417263,0.0453475117473386,0.267855190704867,0.0194127723401027,0.00347165376560301,0.053917346598901,0.00264125234424885,0.00368333071439857,0.352514995898077,0.332383808317069,0,0.00803329849330328,0.0502215977610511,0.000319123427630252,0.158358465426138,0.00153355057295113,0.000356060846050567,0.345875446001577,0.21050358838925,0.00653834731133215,0.10575976787495,0.0551660833788245,0.000615767916036219,0.0325750312348846,0.00356893624683565,0.5268719262817,0.0174894227044864,0.328189281835616,0.120900966192925,0.451796973822598,0.136552141178939,0.00588235507944686,0.00136758779318891,0.0013357919497739,0.00599746615161507,0.00997422664751384,0.00149656426545766,0.00224926570382307,0.000971783447414118,0.000108149359528368,0,0.00016096141366508,0.00383080797788249,0.00363120636564158,0.000187496605242187,0.00012057421267755,8.25299530610743e-05,0.00120325101353584,0.000135054581426626,0.000589675543040578,0.000265896901058805,0.000119575139398622,0.000489661549952868,8.79555426124693e-05,0.000792337048220246,0.000160511011720723,0.000651042700606989,0.00475532360813489,0.000491317235964834,0.00458126237049413,0.000164685849662238,0.000886793472042424,0.000391089994933796,0.00210237867674703,0.00349709961182414,0,0.0340560973309291,0.0486747305417805,0.00278903255062746,0.000174394962290001,0.000567843268001682,7.491640443393e-05,0,2.98082259657621e-05,0.00151167333363731,0.0144012111578577
0.000859910905762864,5.49410982980311e-05,2.79395633969516e-05,1.56990909374347,0.0220771739413265,0.103900247830772,0.00788105946020159,0.0865554176046668,0.117796010498583,1.13162554272444,0.0208893108232557,0.730339293901931,0.0181609293219862,0.0164318601001043,0.0723884591648401,0,0.00138623112929718,0.00967983970477046,0.00803329849330328,0,6.6446576478183e-05,4.88181863230169e-05,0.000201818120144439,0.120238271202637,0.00455066330541332,0.00782673784449944,0.00158750401166139,0.00419828224541237,0.014825888373744,0.000915724166369488,0.000923604518830108,0.0109035524246016,7.30072279850422e-05,0.0265199481949456,0.00435332239069702,0.0704364929716254,0.00044978272112433,0.01877337322248,0.000577949065225876,0.0913447265302473,0.00887098284412118,0.00450797037735607,0.00781363008676315,0.000174154410804987,0.00447699816444479,0.000517921548649419,0.0556452166875699,0.00149204032658952,0.00088758258149803,3.40484886621058e-05,0.000231119880527157,0,0.122655016757292,0.0113614343335998,0.0191329220015107,0.00545797592149854,0.00571747866837746,0.0179345069285499,0.142149516218806,0.000630134998103629,0.066013103595359,0.000348997624559086,0.00391494107962353,0.0160207824646905,4.51296970118403e-05,0,0.000578713737874264,0.000367640849021017,0.0741629094374314,4.88979103974551e-05,0.000595871751696159,2.99447539799989e-05,0.0404238796423707,2.26420785729021e-05,0.000235366136055466,0.000710024204348207,0.030235001119422,0.000629216152166482,0.000178534497659031,0.000107441009881699,0.000557701300798827,0,0.00701438754584663,0.000440593511145955
0.00425385819914837,0.016013992589508,0.59198586267902,3.4556719974947e-05,0.0114899329354894,0.00223293212779382,0.138009266594897,0.0567695803884983,0.005086852105183,0.0014632145179865,0.00542439714787985,0.000107996483054787,0.0395552274637661,0.0487029757172784,0.0278653023170237,0.711392091095938,0.232031206564624,0.00999437130912303,0.0502215977610511,6.6446576478183e-05,0,0.129455569026206,2.95532389453043,0.00976215052011438,0.00512575164446393,0.11330054686439,0.342117461131407,0.498268009065175,0.0497802512296993,1.3429689363499,0.000837874307617238,0.000730595959581353,0.0109161742613989,0.664028613887275,0.166860200395854,1.49793946599391,0.238432634266478,1.17585443680944,0.501069697217888,0.0241339915436536,0.00718764297517474,0.0117330120850369,0.00952858518454742,0.0107271520793533,0.00746594768871605,0.00529306873382746,0.00710233725880255,0.00217857314148543,0.00140245025924047,0.0012765841234442,0.00194824625398885,0.0119082373800462,0.000126497497562629,0.000230220972908574,0.000422411946014655,0.00737472929214343,0.00161509662804724,0.00206583568594946,0.00131510683228311,0.000240423728966722,0.0003765879908418,0.000198563227427101,0.00230408256551001,0.000588988864807182,0.240423854488124,0.00689111242099916,0.000214229927848282,0.00125782873219927,0.000160330579212967,0.245595473389365,0.0834199458843563,0.116487110292418,0.170189610474715,0.000136797964779294,0.00547031674789513,0.0548275984491497,0.16385957580433,0.00453797216543909,0.034421909943662,0,0.000230926089964312,0.000763357626277806,0.00935479036598971,0.0412561392212319
0.000159001422673088,0.416861834046121,0.00643200356339067,0,0.001062218713622,0.000154345801241839,0.00712553870442936,0.000643927166793822,0.655495683913518,0.000114839383377933,0.0203878647290859,0.000255352716753999,0.0882140657606259,0.000160340246068314,0.00656158134566654,0.702218972652918,0.00154235616267241,0.000173822233745766,0.000319123427630252,4.88181863230169e-05,0.129455569026206,0,0.186978290069768,1.4033343313433,0.133656836572779,0.00369598972942689,1.05531039886015,0.221222136410831,7.43144898189661e-05,0.0017660027137864,0.00160288538698022,5.26508316698581e-05,0,0.00235511946861643,0.000359427804210382,0.00717822871194084,0.00257002155208582,0.00417828385596641,0.00279759741194721,0.00480784847009893,5.92630311503888e-05,0.0181437496161394,0.00977002560802073,0.00552674331963151,0.00374024249081972,0.00425940949560727,0.000557381640153059,0.000349177074579057,0.00124284713665692,0.000280105371466064,0.0258456579559501,0.0102238909265987,0.00116619911467685,6.9057953436899e-05,4.88623226973951e-05,0.00544867391436475,0.000268530873518959,0.00626539209778549,0.00092086144556719,0.00243850833070681,0.000253248341280755,0.00301834690716713,0.000732876336061496,0.000332579795049289,0.274432666715603,0.00648118182118139,0.000221299356876227,0.000585221508521925,0.000391974266576114,0.0574389902156055,0.12267461013676,0.114204521112366,0.0753055172804057,0.000944343824301087,0.00560750152258155,0.223177538827594,0.0352076030985824,0.00100877542482399,0.00477265077303135,0.000783620014657666,8.4359444941151e-05,0.0001596795968907,0.00255200412253201,0.00270997584304121
0.0116184177825501,0.0147916505878548,2.80645543371284,0.000125979757416952,0.0140614531198229,0.00308685467431451,0.265681846849469,0.0931054720978911,0.00257841821046606,0.00375226928869895,0.00883183875641631,0.000569140021338624,0.0320661834332871,0.0805534803503844,0.0335518617564072,1.00347282324649,1.14426922898003,0.0206595102417555,0.158358465426138,0.000201818120144439,2.95532389453043,0.186978290069768,0,0.0534475432260507,0.00326004858994489,0.363326560811652,2.40778234029107,1.12334242090926,0.101918116885324,1.31473710815462,0.000614436476758111,0.00133522173756639,0.0150427692855193,0.806672289541798,0.190907978108987,2.904914082115,0.851080698271111,1.7817280876619,1.5722395714239,0.0542396741150113,0.00663332976804653,0.0141895665933711,0.0356051721109374,0.0728690673973037,0.019093108262498,0.023417048399237,0.00280274876717185,0.00119411801147758,0.000666894953808809,0.000381278609106329,0.00830420633284458,0.103420866244615,0.000320224272559175,0.000726284236357313,0.000250246463215169,0.0378435646413288,0.00256855417909553,0.000428457454441452,0.000748832853203133,0.000438597616408882,8.64100532550243e-05,0.000156023072785282,0.00435883461780771,0.000829313324719545,0.907244541450902,0.0230091458981134,0.0004188369512191,0.00357085858552912,0.000189218878848547,0.142274755194174,0.1524160631357,1.02437246478454,0.0629667696751005,0.00024960987124722,0.0167257102970598,0.442085379870404,0.072212695500877,0.00129421491141921,0.013963129278831,0,5.00242553502739e-05,0.000220974708215547,0.0119689610819713,0.0879155605090594
0.00132598389787789,0.274846948399991,0.00522165039814367,0.761379152912808,0.0174367995490852,0.0168326113852446,0.907337588240071,0.130489171190817,1.88564995775923,0.517987961075858,0.0134726841244458,0.0555521692371143,0.0775252426682541,0.0125298702912726,0.107476155958652,0.165212338365252,0.00299706290840653,0.00187480403984246,0.00153355057295113,0.120238271202637,0.00976215052011438,1.4033343313433,0.0534475432260507,0,0.126702317773826,0.00524839262841001,0.423149882114719,0.889590228348638,0.0209497186124167,0.0072484656146504,0.0013184854154033,0.00304257375571491,0.00536384268291118,0.0165264717432555,0.0180783996317235,0.172745236897455,0.0107615500725865,0.0290790111143388,0.00942478065395915,0.0588337803782836,0.0042973351627645,0.0102530804549282,0.171159442460917,0.00729524740094441,0.0531852659525586,0.00778027972266067,0.0830955515849539,0.0240183667952664,0.00277945615457968,0.0171237110904674,0.00423447555128708,0.00646442316803283,0.147585438216365,0.00604315089239098,0.013507726414962,0.282838986980355,0.0473084077308156,0.236902626675023,0.183337483130635,0.0103318686582213,0.0267592771886146,0.00251990154368205,0.0669035751710266,0.0125596411225853,0.121034317722809,0.00331303199029498,0.00721966679526165,0.00570360795906402,0.0577585304413496,0.101741367506137,0.0965939789505512,0.0522474987743907,1.49779014450466,0.00106572477109713,0.00727221013040075,0.0395554792674845,0.789227325455661,0.0606604449917342,0.0536486676754656,0.000547651781917819,0.00392075816822831,0.007252561183691,0.06794460181806,0.0146681214023152
0.000363557361831951,0.209115809374493,7.2464046215093e-05,0.00139225719923748,0.00274805412215609,0.00709780699216348,0.0179004857348413,0.0223566107865363,0.0419972003126393,0.0168823520520225,0.146144845416094,0.00720060364658838,0.729338189848233,0.00274758180832942,0.00471668086402251,0.0125085395728131,2.78983521566629e-05,0.000628381571733332,0.000356060846050567,0.00455066330541332,0.00512575164446393,0.133656836572779,0.00326004858994489,0.126702317773826,0,0.00137950992176623,0.465480958396902,0.0227709333111554,0.00206452137493744,0.00202393584195751,0.0101604325094274,0.00371926570671451,5.65695374503017e-05,0.0333242268820085,0.000492088203749126,0.0128020257735027,0.0019797845481931,0.0177665788760651,0.000834486691449382,0.0813686655385319,0.00382547692358067,0.118992746723211,0.026298169511135,0.0150564942104781,0.00636662510400528,0.00197429047305954,0.177731419492669,0.00831657389081007,0.0349013560785794,0.00054794475737086,0.00778227800834701,0,0.00663971237284207,0.00455227445999463,0.015773017002992,0.0173705869936401,0.0168893558587675,0.00249552650437167,0.0277890836490765,0.0619292183991163,0.00977107965939236,0.185773535113054,0.00535609993885784,0.00519225946668858,0.000292250224184469,2.74765333928019e-05,0.00325802642224773,0.00106121784369583,0.00831060647813883,0.000432273186226708,0.00324349426505594,8.20853017620085e-05,0.00964089289786476,0.0945221054872548,0.011709068926402,0.0889095482834906,0.0154916811256914,0.00306607116719899,0.000932690559002792,0.0316032870612174,0.0029677959593524,0.000311242956652752,0.0173875852741855,0.000817373404868647
