0,0,0.0135583690149032,0.000171504966436672,7.66086714625359e-05,0.00697495719748739,0.665542596142208,0.182072827967705,0.000727365181560444,0.00902748410096684,0.00191057300555439,0.00564765017357586,0.00150595027683566,0.953281849569776,0.000660505318831611,0,0.043604712905988,0.00274158355172368,0.0218203340900171,0.000758650327118911,0.00359352943104674,0.000136734206500315,0.021664391550163,0.00807851001477558,0,0.0306495221746887,0.00511305786509924,0.0106937062927417,0.309245917488999,0.550894505538726,0,0.000698070554519629,0.00259195746349664,0.0230825983310415,0.00164728344837103,0.00925017375962432,0.00103325040331774,0.0148449180026998,0.00407139100517786,0.00146463817048671,0.000887853622473727,0.000138687851727033,0.00159724980380027,0,2.83570939106822e-05,3.57697236572742e-05,0.000430135722681117,0.000195479465332162,5.90805230848312e-05,0,2.80958947376371e-05,8.97988057693956e-05,0.000124727057512498,4.49458025628805e-05,0,2.64176471084952e-05,0,0.000448185023967612,0,0,0.000194677274115062,0,0,0,0.000190429577312136,0,0,0,0,0,0,0,0.00284631171094333,0,9.43691037811519e-05,0.000646340523305225,0.0014419076789449,5.47143537841559e-05,0,0,0,2.41529786271095e-05,0.000244800998727584,0.000503972718461085
0,0,0.00663957149569552,0,0.000406779088085758,0.000114209165985727,4.07725113033533e-05,0.000143119420763469,0.210783967664126,0,0.034144077922567,0,0.147990813970443,0.000315841541871286,0.000377762193562889,0.0622379359726447,0.0118339744918131,0.000364064781880617,0.00252754859281961,0.000142801893558454,0.0060699478057991,0.430187307855014,0.0209728822800355,0.231930714326766,0.380622656018102,0.0344028513242148,2.92991619346689,0.00884651532885672,0.000865897296514953,0.000961015233201216,0.00355175279635365,4.47020702635765e-05,4.6123248211956e-05,0.0232909355702514,0.00176506769154911,0.026501102058624,0.0284223678968133,0.0166782428102293,0.0133123059400967,0.000472605270803499,0,0.00214652319098633,0.0113806611875647,0.0177990424586265,0.0076176471024465,0.00880291966599227,0.000314975688380337,0,0.00869759841283658,0,0.271628727887585,0.0122543290068183,0.00098305789849678,0,5.48784571716308e-05,0.00115948339221464,0.000128537770563435,0.00867736209509589,0.000453495485147226,0.0493954832559365,0.000244978852445745,0.0661913798086017,0.00029723152142893,0,0.0104874598747812,0.00906567767185379,0.000553673646763456,0.00468874142953275,0.000297163854865491,0.000405520919648707,0.0144242303782457,0.00394649302402601,0.0100194760725492,0.0327989969664115,0.0549091031991831,0.807829633360433,0.00447970327270748,0.000503189287878871,0.000297779748870635,0.00886399998138004,0,0,0.00604859776398976,0.000980776198056272
0.0135583690149032,0.00663957149569552,0,2.49298723109007e-05,0.000184917948355269,0.00554834464286997,0.283141507697605,0.0843453163385431,0.00109823251122325,0.00340053147866812,0.00189650625471818,0.00130402153080343,0.00696532398817915,0.0754802776778302,0.00236854736878315,0.00337776888910996,1.42946142442802,0.00778985827576317,0.14690034602275,0.000269016578700471,0.237708490383579,0.00179380079769753,4.90550257958942,0.00695423305271928,0,2.55740694182712,1.81650616878218,0.115124012653932,0.0458062108745535,0.317398170898462,0.000137889844915676,0.000699364427689159,0.001557194330508,0.457992957221063,0.0587834200938496,0.501750950653405,0.128431016817962,0.355724119153491,0.346559676427887,0.00170764646435969,0.00134451169905464,0.00051766498585031,0.0225465819847235,0.0041280461764042,0.0136067634597089,0.0163666693600204,0.00176191716570112,0.000362270622917557,5.40082633207083e-05,4.10577713585615e-05,0.0157879515660333,0.0502478620202709,0,0,0,0.00527841805256785,8.90814558498624e-05,0.00128842793094717,2.17122905371666e-05,0.00033411191816299,0.000100630802294278,4.20792583847284e-05,0.000270159156498218,0.000729204409099388,0.0190128049209941,0.0240701937969306,0.000938595077397536,0.00788751621263224,5.92441036961556e-05,0.00186399043479442,0.00870490989198758,0.0206536742662283,0.0111717221846816,0.000774747652547905,0.0487263793962501,0.387075607094388,0.00684433030359882,0.000410616008036924,0.000724326600097943,0,0,0.000202826480082226,0.0122755366690055,0.016104001109113
0.000171504966436672,0,2.49298723109007e-05,0,0.0114073449760578,0.0463426667042843,0.0358588087022679,0.0135515919952909,0.201773325099976,0.621180907365505,0.00248018729646279,0.221666075766763,0.00666648059851298,0.00871619946700895,0.0129716746562814,0,0,0.000629002046022534,0.000272974213815141,1.58469605191521,2.24312746813059e-05,0,0,0.521937461709021,0,0.00178600496863939,0.00041338447238028,1.0818763459561,0.00558071139141712,0.000448741479642343,0.000219558974141252,0.00283150906261693,0.000108831097549212,0.00790418962420009,0.00232602089517034,0.0451560487323839,0.00168664821795169,0.014780348556276,0.00407783667037566,0.0329184047282668,0.00348645509419696,0.000597003649285281,0.0246511209088268,0.000121992006912017,0.0117314916254092,0.00106897138359031,0.0356358775078497,0.0049569587977188,0.00114059653544203,2.33311942870497e-05,0.000277003135388612,0,0.230914504304104,0.000160497866259766,0.010139166370752,0.0234237832985001,0.0111970403929091,0.0385881511912314,0.069816550871316,3.70800379170895e-05,0.125944216649205,0.000107576375480986,0.00841500048095578,0.00105044722583589,3.18239059194565e-05,0,0,0,0.104604712924165,8.33989274155619e-05,0.000501714244218123,0,0.155831165542806,8.1564975961971e-05,2.98802154049873e-05,0.000454633151485002,0.255164321453808,0.00522390953640168,3.4181053062594e-05,0,0.000444618967958665,0.000205971980250239,0.0115357910213721,0.000692630264738488
7.66086714625359e-05,0.000406779088085758,0.000184917948355269,0.0114073449760578,0,0.238105976956452,0.0165492088350408,0.0121693689006834,0.065536735098166,0.0347217887947744,0.000594282792716252,0.101556412354522,0.00366358172298753,0.00426053419292697,0.530749793340183,0.000708614136760092,0.000331041546199524,0,0,0.0125006406155573,0.00428816986233929,0.000995242710103915,0.00840343551931958,0.0241889601585763,0,0.000502281254260099,0.0010012976770079,0.038269938053387,0.00141228713172565,0.00674062618597956,0,0.0572046307569749,5.51639061291456e-05,0.0556185914879565,0.159198920916137,0.0454727188590783,0.00172196999054051,0.00268189357049136,0.00182864899440034,1.0848443189785,0.209145619819828,0,0.00319895837637259,0.000502789838575888,0.000949469225495244,0.00332534536897319,0.00410310439885491,0.000361089440956581,0.000248010418164444,0,0,0.00031335701526699,0.00500596605258957,9.25131298330787e-05,0.000765703598782279,0.000243197437798762,0.000264718717352462,0.000609778411581945,0.00300804145966454,0.000461980710976601,0.00974352815203457,0.00010984691970272,2.58168762705683e-05,0.000183410543093562,0.000555076125580025,0.000106849031311512,0.000200974517013359,0,0.00442514741894122,9.83533565487387e-05,3.72669018359661e-05,8.73891855192659e-05,0.00522233832389459,0.000116006602184153,0.000332812577809262,0.000565245167263508,0.00891767037096011,0.000135570361817312,0.000144972200944638,8.06962977225783e-05,0,0,0.000359550855831599,0.0620508206313877
0.00697495719748739,0.000114209165985727,0.00554834464286997,0.0463426667042843,0.238105976956452,0,0.35345153338106,0.786740830338706,0.0389606461295259,1.70979640995088,0.0265434618281478,0.717592464524927,0.0568188898527592,0.140890889116506,0.192318222111817,0.000105407618850947,0.00648273130745646,0.00664975056457702,0.00555454674380365,0.0370990274224968,0.0017040523036413,5.17023196853399e-05,0.00676742463158307,0.0156435470955953,0.000123146634919691,0.0207025027887655,0.0028618770435463,0.235781646644671,0.0430070626419108,0.0274728021048982,0.000956510297584066,0.0858263152762975,0.000539591465244651,0.058304779183484,0.432080589852678,0.508199252870284,0.0198925430367935,0.063862443342515,0.0219159277727693,0.706728027444511,0.0671729467780716,0.0067281042167033,0.0175528489401876,0.000745273915368939,0.00752596495166344,0.000542910849985849,0.0187576888481173,0.00223549935796221,0.00130106081662892,0,0,0,0.0234671246417499,0.000127685698154712,0.00297188585472227,0.0109473433528127,0.00340337349410142,0.00974082976385737,0.0216297085023999,0.000230831769805407,0.0349254535705762,0.000240862469104338,0.0038958869659287,0.00049436874288305,7.81454664086822e-05,0,0,0,0.021401751860845,5.27960596472263e-05,0.00040431431495173,8.0801213185024e-05,0.080762213772273,0.000194927789325095,0,0.000393899419112801,0.0810116521029728,0.00250799743033445,2.88396690147042e-05,0,0.000196765799981737,0.000316940120807373,0.0047904076471035,0.0207382976825568
0.665542596142208,4.07725113033533e-05,0.283141507697605,0.0358588087022679,0.0165492088350408,0.35345153338106,0,1.80559711546563,0.0990471968162187,2.26766286297253,0.0473137888764374,0.0364677948268246,0.0373374198797229,2.28922809265768,0.0304715706929938,0.00173227940201353,0.0850616506577737,0.0243036074966413,0.0517555711774656,0.0082711660166382,0.352948033511431,0.00105571456237615,0.396576144333758,0.413347122824899,0,0.218267299148789,0.0548585213381534,6.59683520023391,0.382440663769966,0.983868843574169,0.0020345806132566,0.0351738978709804,0.00738827733545309,0.216566056288112,0.0576951477554688,0.425303825730712,0.0376786026133019,0.32938513687633,0.124607118170766,0.0516687715055247,0.0414438249597942,0.00530775137382997,0.0159128909365592,0.0005206748761276,0.00581903955596285,0.000804615523406815,0.00747888998068297,0.00232823667968856,0.000621482163696587,3.96082273126602e-05,0.00103256346447302,0.00330176574618763,0.0103610843327355,0.000247340342145396,0.00273420362184497,0.0107661211045587,0.0045885320397294,0.0235817509589419,0.00957860610809029,0.000946648274865662,0.00781913534806869,0.000506210011483788,0.00427513381081151,0.00107961028900981,0.00458186582449909,0.000194801134721625,0,2.49164931952119e-05,0.00654581543810742,0.000211593950119519,0.00319663474840617,0.00473886052603877,0.105468006556028,0.000143404131684065,0.000242152542262352,0.0452357559573982,0.0741732179521554,0.00634131654769697,0.000195409121188355,0,0.000441759531778932,0.000466055153612876,0.00640224041243726,0.0111417434874752
0.182072827967705,0.000143119420763469,0.0843453163385431,0.0135515919952909,0.0121693689006834,0.786740830338706,1.80559711546563,0,0.0209556726758601,1.08113889112893,0.0298174142357141,0.393410141045461,0.0316397968354021,1.29356537621098,0.0142549232330358,0.000144786461653447,0.122464349072659,0.012144808688221,0.0582145598570182,0.0476624245176885,0.0285500454941341,3.86677969483137e-05,0.0851767290467404,0.0391613758258552,0,0.144080886559423,0.0184234087453985,0.124532478953017,0.209716856047905,0.445180761863215,0.000856306120166456,0.0708938700685852,0.00669095352932356,0.0842174122627322,0.014109196940673,0.243735901406312,0.015275434585379,0.0908262634746967,0.0260549312713961,0.08679465151943,0.0124074078360289,0.00590595157205922,0.0307478400000315,0.000459226954654694,0.0105293075455277,0.000936948154603211,0.0192955505371374,0.00429722171601295,0.00103401738182697,0.000214555441868639,0.000466254887050522,0.000193927993116105,0.011972391659714,0,0.00170478420343151,0.0159408018410252,0.00477703611386543,0.0176710444983695,0.0143372440818086,0.000488819405950642,0.0185708790409654,0.000557098548818636,0.00549742224040359,0.00158499362226587,0.000761227301633419,0,0,0,0.0114949133485941,7.19173529684305e-05,0.000839240061975207,7.35936830195069e-05,0.118526371894208,7.23994755855322e-05,4.17318846152783e-05,0.0021943428236454,0.0814727672064712,0.00451013544966954,9.37761701924083e-05,0,4.58051015830993e-05,0.00149573081800518,0.00974016540982097,0.00189244650033451
0.000727365181560444,0.210783967664126,0.00109823251122325,0.201773325099976,0.065536735098166,0.0389606461295259,0.0990471968162187,0.0209556726758601,0,0.0957488936932413,0.00528925974900652,0.236370871338707,0.0321472190022356,0.0146827122179695,0.0546481433675569,0.0233320903627132,0.0011887204062485,0.00101278933356651,0.000897132971634485,0.0404258100876176,0.0104884981082165,1.036554685526,0.0154998441204622,2.34437207956577,0.0988358882118197,0.00589093370030604,0.452343640867641,0.563652660943793,0.0186161007397401,0.0103293450550494,0.00124035645636886,0.00538777958559733,0.00205018961963353,0.0183966923536852,0.0084279872641262,0.0605921195725345,0.0065595545236154,0.0241853873152636,0.0104973170189877,0.167943798784504,0.00607130867998092,0.00143998298629146,0.0683494902516964,0.00682509737999713,0.0165075014396326,0.00285532169200455,0.0130415487408613,0.00377489589083605,0.00241058853260157,4.26218736706972e-05,0.00363001878023738,0.000651104118896974,0.0646733871942322,0.000799135401597454,0.00632354914576186,0.0118643237802002,0.00471348237976825,0.225687425536133,0.0255566919817548,0.0129605204736934,0.0358056893780573,0.014753681819511,0.00428243585802646,0.00441521262710056,0.116129474407721,0.00030009686629709,0.000909826534494329,0.000104459797134721,0.0198647239212761,0.0298604713161372,0.182622058579501,0.0489322069870455,0.353871364685,0.00518960292261178,0.00194264430759928,0.0135157676590982,0.2143228948593,0.0108992697322163,0.00104766916261952,0.000723683049477196,0.000914096963273655,0.00253551451961864,0.0108094323354629,0.0166977604337689
0.00902748410096684,0,0.00340053147866812,0.621180907365505,0.0347217887947744,1.70979640995088,2.26766286297253,1.08113889112893,0.0957488936932413,0,0.0885628084424219,0.489313731248191,0.0659018398751057,0.507385475095181,0.0343037252386191,0,0.00229494945083751,0.0362173811473889,0.0237521032852383,0.74918355534753,0.00165977055638557,0,0.00372745068890704,0.0369359817056259,0.000157066930313468,0.0909688966828888,0.0123651873314358,1.13237813967352,0.156891740484651,0.0217963468511986,0.00394922318732844,0.0762633582570181,0.00105691137929781,0.179681049973148,0.279507228405959,0.581540780671668,0.0364029407485557,0.27787808735696,0.0635593311319357,0.10959356576108,0.0561736479742862,0.00998718140450946,0.0384765972162978,0.000952712460641516,0.0116026686079697,0.00139674711422831,0.0427665073762808,0.00805411159054918,0.000899398455031635,0.000166209213278509,0.000507358943867266,2.93568308131338e-05,0.0956545328605253,0.00056203846274817,0.00807153623364214,0.0328781751112098,0.0125049755237227,0.0272950373816884,0.0729713806562727,0.000868450607720756,0.0986868623430994,0.00115834587963456,0.00699496879836209,0.00211322022174077,0,0,5.22200569768429e-05,0,0.0739592483710217,0,0.000990654086371888,2.12644778506279e-05,0.200736955304547,0.000108142713382197,0,0.000738894049676905,0.272227388803164,0.00401708724812932,0,0,0.000224488891624307,0.000265849664479125,0.0113303992962908,0.01998627710813
0.00191057300555439,0.034144077922567,0.00189650625471818,0.00248018729646279,0.000594282792716252,0.0265434618281478,0.0473137888764374,0.0298174142357141,0.00528925974900652,0.0885628084424219,0,0.073906267354051,0.575387466181441,0.0971076711692843,0.00127270697359514,7.77871714500666e-05,0.0215357493341964,0.668916888141591,0.18475867347549,0.0113643641572531,0.00367080703193525,0.00468147384600606,0.00988575786050651,0.0043676300141193,0.0296332778113456,0.489195275898817,0.0609989915061039,0.0136843438819774,0.126716095776297,0.0194556798703729,0.032305649589745,0.059189191620963,0.000954715433532165,1.02521122717823,0.0142271814620302,0.124571232865256,0.402847770179281,0.519110697777894,0.215636357072817,0.0101757223804914,0.00575125955888493,0.244903119887805,0.00277838564186206,0.0661538268647427,0.00213879781589893,0.00185190790719668,0.00208315589248304,9.21158463170053e-05,0.113065009581925,0.000246287699417877,0.0171187251757101,0,0.00018406601213193,0,3.15019417067766e-05,0.000393595088710785,0.000245293699873853,0.00623952153609431,8.43452840406417e-05,0.303797772286712,0.0012654575664241,0.450456017790016,0.000933484101446723,0,0.000412739410541081,5.3608471357727e-05,0.00018236049667449,0,0,0,0.00394384779207922,0,0.0109589340666657,0.0395049740631125,0.017605603876242,0.0610649469309475,0.000948712056726716,0.00449048590642382,0.000102945185030365,0.0779427046474084,0.000545328419508624,2.75863417483926e-05,0.0122513311623579,0.00370144706733067
0.00564765017357586,0,0.00130402153080343,0.221666075766763,0.101556412354522,0.717592464524927,0.0364677948268246,0.393410141045461,0.236370871338707,0.489313731248191,0.073906267354051,0,0.0587856796883272,0.253399875963624,0.111176329374045,0,0.00130195934143275,0.0269049247794848,0.0164376951951427,1.13701130729429,0.000480520696987069,0,0.00121136604770659,0.0109561836710477,4.87342646793365e-05,0.0638801699283726,0.00804476350730727,0.242021567788219,0.0714424020735246,0.0128942094929747,0.00313422547893328,0.0641679932165508,9.55932390514854e-05,0.0768133680161465,0.812671576675848,0.238071732623314,0.025027394437994,0.102513647316499,0.0211534288247389,0.415514905564704,0.0201751073945841,0.0080350153641247,0.0268893666361522,0.000855111223019409,0.0104448470728143,0.00146676262732933,0.0548681267348918,0.00460028384771222,0.00222200658898102,0,0,0,0.113491056457071,0.000172364884880733,0.00956694630651342,0.012066002588712,0.00808490587566062,0.0119776788200138,0.0512971092068632,0.00184038771321055,0.189082677094976,0.00100505081439303,0.00708394634586239,0.00142187134724381,0.0001929550583758,0,8.19514964396476e-05,0,0.0832786262622132,9.99666173913476e-05,0.000175695884917247,0,0.0674341783171108,0.000220535932939994,0.000323998270982635,0.000351159523234737,0.157487423718894,0.00663678062665999,3.10616631471157e-05,5.07916963477373e-05,0.00123270735607906,0.000564691389169145,0.00846714207757927,0.0386670685300369
0.00150595027683566,0.147990813970443,0.00696532398817915,0.00666648059851298,0.00366358172298753,0.0568188898527592,0.0373374198797229,0.0316397968354021,0.0321472190022356,0.0659018398751057,0.575387466181441,0.0587856796883272,0,0.0317507703684611,0.00728012298481016,0.00486293338191558,0.00157591090722701,0.00147337906680185,0.00106198851757382,0.0117406914972192,0.0174552904779553,0.0494565679072912,0.0417951315302953,0.0308244408034933,0.558733655409065,0.0518078607900289,0.440723691445916,0.0448852958910808,0.0203738356676805,0.0239022554839614,0.199311813168778,0.0493490030372787,0.000233935184296751,0.123178079101223,0.0995818877558613,0.729471386214105,0.410677499023729,0.319180986067146,0.237164610025453,0.599775620228744,0.164093650048742,0.420891153949461,0.0807394948696686,0.108777290818294,0.0600861914604021,0.0155443174629806,0.271115909587983,0.0254338608861728,0.116174736551358,0.000122309314463187,0.0265473385032482,0.000215324190787863,0.00500095426352893,0.00028109021690712,0.0056146750311041,0.00562082361008368,0.0102271478067365,0.0107766689832284,0.0120432826163929,0.704381733716344,0.0254770462883721,0.974724664436327,0.0117368697817072,0.00123054740537166,0.0028610310687283,5.88444259531736e-05,0.00091953582091173,0.00036026229266963,0.00975661618574307,0.000846522164621045,0.00579166249161166,0.00196460394593804,0.0328042941451232,0.140167617776311,0.0702319206794815,0.281379817823112,0.0246404387381895,0.0137618347975008,0.000280982878662765,0.265326311324129,0.0112359215956487,0.000569782515002,0.0445700962568195,0.0324595998955849
0.953281849569776,0.000315841541871286,0.0754802776778302,0.00871619946700895,0.00426053419292697,0.140890889116506,2.28922809265768,1.29356537621098,0.0146827122179695,0.507385475095181,0.0971076711692843,0.253399875963624,0.0317507703684611,0,0.00871300037349937,0.000330790404976034,0.187599898616222,0.0482439380724023,0.107610256570365,0.0338909403564374,0.0195808631621003,0.0001061574138399,0.0944103626609811,0.0589621721171611,0.000138863550640977,0.229651785777194,0.029296223506925,0.119677254197583,1.4500018813785,1.15636514968958,0.00294008598112998,0.0349907873618596,0.0121897901845337,0.169629886339312,0.0106001733716102,0.195623835459722,0.0241573409766298,0.0991861971189508,0.0274575923852804,0.0305964592345218,0.00652985469014433,0.00651653159497211,0.0250243283448875,0.000348813163291919,0.00944064934563077,0.000386971747714448,0.0130516245197188,0.00208983876626095,0.00109456233489877,0,0.000161322519279039,0,0.00302391527412719,0,0.00034301373288486,0.00857261476229215,0.000681520755349505,0.0111057861223245,0.00340709831590941,0.000661586975635493,0.00747489008856159,0.00078014062010472,0.00133868205086814,0.000583492438167274,0.00131480520787552,9.61843846579316e-05,0,0,0.00337935681288157,0.000227505217759252,0.000736080472826898,3.77158567224979e-05,0.0878635227430638,0.000113254945753002,0.000356520333468664,0.00179930669149251,0.045410554824337,0.00200796341721969,3.23149706445813e-05,0,0,0.0017407423527465,0.00579170716481062,0.00104589100543905
0.000660505318831611,0.000377762193562889,0.00236854736878315,0.0129716746562814,0.530749793340183,0.192318222111817,0.0304715706929938,0.0142549232330358,0.0546481433675569,0.0343037252386191,0.00127270697359514,0.111176329374045,0.00728012298481016,0.00871300037349937,0,0.00316316371541431,0.00127306367825992,0.000376888551146603,0.000869455642673946,0.013448506126366,0.0227629955201998,0.00115001341646465,0.0293521117962898,0.0458957048952374,0.000249889960970068,0.00300334750752083,0.00891393410299026,0.0769599647615517,0.00595262697512362,0.0458529057103935,0,0.0134801141806486,0.000135295078439736,0.00390648934950342,0.294056479266306,0.0306598159797561,0.0114521868801555,0.00877838107186132,0.00868918768041213,0.222287722921249,0.0140835187933777,0.000930134094763019,0.0103361187534956,0.00250279303121035,0.00214214432130035,0.00700460959012105,0.00586726695841254,0.00093583798233719,0.000189689712873507,0,0.000119611315073252,0.000399227887514615,0.0079311097536405,0.000193087094498467,0.00196286442806542,0.00207911524798387,0.000555827003462433,0.00276945516231344,0.0037006866740437,0.000440252464784145,0.0124213414041494,0,0.000617858997687983,0.00109189436877904,0.000594660621491289,0,0.000609542292484903,0,0.00580484845029893,0.000700958211825347,0.000250861406457305,0.000820357481862952,0.0191439392613915,7.40088661273954e-05,0.00134602750168283,0.00268488690545837,0.0173309165755015,0.000641101605579412,0.000236904680231976,0,0,0.000398740343840623,0.00191320209294359,0.202546924402223
0,0.0622379359726447,0.00337776888910996,0,0.000708614136760092,0.000105407618850947,0.00173227940201353,0.000144786461653447,0.0233320903627132,0,7.77871714500666e-05,0,0.00486293338191558,0.000330790404976034,0.00316316371541431,0,0.00163350553135809,7.82565717164754e-05,0.00100119878445388,0,0.538454923560918,0.79488277543496,0.783578391360168,0.205694923040467,0.0103493125340563,0.00290823419235146,0.370413609238936,0.066880492194009,0.000979505616980449,0.0149900777440971,0.000155760433637476,0,0.000279052822062445,0.0106462779228868,0.0245096077748963,0.236444336302376,0.075765534135109,0.0521316012642766,0.0497959779684463,0.000976141906093356,0.000479808427660966,0.00013832642450459,0.0536328792995545,0.0106214010244937,0.0156045726508969,0.0176595416043201,0.00320431155363541,0.000230289088623285,0.000257072553834582,0,0.00500676763756206,0.0178665805619078,2.77825299729824e-05,0.000249252604587745,0,0.00924258121141337,0.000229276400930142,0.001948756959996,0.000101513252829743,0.000263106732698691,0.000607461423751259,0.000500779070170284,0.000858575853865502,0.00174597611300004,0.602889415949582,0.00172550802530846,0.000171353291063738,0.00112294132170816,0.000200969752721465,0.0885136760243971,0.312598027320929,0.371686143929235,0.0890503840562794,0.000356996839536953,0.00304881310772828,0.213467455943496,0.101362938223359,0.00074509811321769,0.00211268393248553,0,0,0.000259698568266487,0.00571030201118269,0.00599425717538451
0.043604712905988,0.0118339744918131,1.42946142442802,0,0.000331041546199524,0.00648273130745646,0.0850616506577737,0.122464349072659,0.0011887204062485,0.00229494945083751,0.0215357493341964,0.00130195934143275,0.00157591090722701,0.187599898616222,0.00127306367825992,0.00163350553135809,0,0.0822181714226969,1.17482458308889,0.000222278053710676,0.143719772042783,0.00118859983605653,0.595089504541272,0.00778041505604801,0,1.8280889901255,1.00883065403076,0.0443435862884347,0.216756437754642,0.66504265366544,0.000250584972093582,0.00187307767470249,0.016140987394376,0.382605057880287,0.0058344138007035,0.104077375883225,0.0637562987454769,0.115474067647808,0.0634307932801003,0.00117157305856235,0.001024172836965,0,0.00402544994884751,0.000750594069872725,0.00339668360018663,0.0029336778679535,8.05046014191152e-05,0.000165740362146711,0,0,0.00755190024332173,0.0103496459026966,0,0,0,0.000108036201036298,0,0.000386543717053175,0,0.00016073893635447,0,0.000173263018700719,0,0,0.0019804456316328,0.00948706835554826,0.00026999844017303,0.0027857597289485,0,0.000422817473798573,0.00162495223699874,0.00146385159006836,0.00134992718113054,0.00059578190165224,0.0243074840289668,0.124228015871292,0.00123599625945622,6.23016237131596e-05,0,0,0,0,0.00374875828261087,0.000988600039569235
0.00274158355172368,0.000364064781880617,0.00778985827576317,0.000629002046022534,0,0.00664975056457702,0.0243036074966413,0.012144808688221,0.00101278933356651,0.0362173811473889,0.668916888141591,0.0269049247794848,0.00147337906680185,0.0482439380724023,0.000376888551146603,7.82565717164754e-05,0.0822181714226969,0,0.344583185424307,0.00517876385323309,0.00581910191129632,0,0.0166402761110125,0.00133848448321741,0,0.359745651369541,0.0177287885925488,0.00587182832310243,0.058733992687301,0.0203582586077588,0.000144682705963301,0.0134133473193577,0.00154723139222366,0.495126481457811,0.0110262069511086,0.104429818268381,0.20406873304307,0.287497335701855,0.144517016224777,0.00280235992988986,0.000305831876624537,8.50623571963311e-05,0.000508426775658154,8.37160284921166e-05,0.000192246483627367,0.000151480919975126,0.000437652435402084,0,0,0,0.000149519918541145,0.000108037413525522,0.00022861258724221,0,0,0,0,0.000734163151756501,0,0.00033438716639595,8.99663225776196e-05,0,0,0.000139313026107121,0,0.000176488782580173,0,3.78607755431652e-05,0,0,0,0,0.000476488351010155,0,0.00118047466241653,0.00467262268126427,0,0,0,0.000111720013471461,0,0,0.000101484908697605,0.00552640517204897
0.0218203340900171,0.00252754859281961,0.14690034602275,0.000272974213815141,0,0.00555454674380365,0.0517555711774656,0.0582145598570182,0.000897132971634485,0.0237521032852383,0.18475867347549,0.0164376951951427,0.00106198851757382,0.107610256570365,0.000869455642673946,0.00100119878445388,1.17482458308889,0.344583185424307,0,0.0030589604651842,0.0461772003581125,0.000292368769698549,0.156193243399705,0.00332506857437715,0,0.945736387286192,0.121660720816406,0.0145287094192537,0.15068507259829,0.220714122919637,3.83565782017231e-05,0.00456422644780744,0.0109835147947972,1.02850786976207,0.0115829929193269,0.153446508941158,0.147986510044453,0.256978801900994,0.137979783588227,0.00233320690584868,0.000822302821977795,0.000367101799407744,0.0017874999590658,0.000380401134623563,0.000489924761207843,0.00103823525183431,0.000206868616031003,0,0,0,0.00158449274340696,0.00123770922557207,0,0,0,0,0,0.00105973928856119,0,0,2.8217231521523e-05,4.48570755887985e-05,0,0,0.000249419704053664,0.00119404382700496,6.2448659996891e-05,0.00092389543793821,0,7.79276137253758e-05,0.000572714122845531,0.000238458977196479,0.000824470432014761,0.000138388476715755,0.0134576572723637,0.0414496721078025,0.000217828196295118,0,0,9.98140897614954e-05,0,0,0.00128295193204048,0.00377824303323362
0.000758650327118911,0.000142801893558454,0.000269016578700471,1.58469605191521,0.0125006406155573,0.0370990274224968,0.0082711660166382,0.0476624245176885,0.0404258100876176,0.74918355534753,0.0113643641572531,1.13701130729429,0.0117406914972192,0.0338909403564374,0.013448506126366,0,0.000222278053710676,0.00517876385323309,0.0030589604651842,0,6.77942086816788e-05,0,0.000258778179118944,0.124832255392679,0,0.00967750833786304,0.00210058033349445,0.385715255080278,0.0122980979589941,0.00299667332544557,0.000508376652847302,0.0108085924165015,3.77537997276545e-05,0.0142753404335212,0.00355272761133087,0.0893633634316739,0.0054300659468062,0.0239123734934671,0.00608598840781921,0.0395784079325841,0.00632300479521052,0.0022162242652154,0.0136298363410744,4.26020521077395e-05,0.0049486495695326,0.000698999576063275,0.0176560990530785,0.00320864731186126,0.000841780578344549,0,0.000151661172313273,9.82366852125167e-05,0.0582582287327057,0.000147482058030319,0.00465304873188925,0.00742239381907142,0.00640754556897652,0.00718855844328523,0.026125039495992,0.000854511702011857,0.0600011580162413,0.000145379838942957,0.00521634983961982,0.00054498300505147,0.000257201422548807,0,0,0,0.0324424726923529,4.16969113301039e-05,0.000314235780010938,0,0.0535279133013482,0.000125289252742195,0,0.000306047471266318,0.0910487194941495,0.0042085490227891,0,0,0.000470384981184924,0.000367794493183196,0.00569625843602365,0.000297249412234592
0.00359352943104674,0.0060699478057991,0.237708490383579,2.24312746813059e-05,0.00428816986233929,0.0017040523036413,0.352948033511431,0.0285500454941341,0.0104884981082165,0.00165977055638557,0.00367080703193525,0.000480520696987069,0.0174552904779553,0.0195808631621003,0.0227629955201998,0.538454923560918,0.143719772042783,0.00581910191129632,0.0461772003581125,6.77942086816788e-05,0,0.0655417080634095,3.33189781074947,0.0572313431971155,0.000789291311418937,0.0999836245076263,0.177858836019289,0.750863231899613,0.0283184712547955,3.39740191794933,8.60907786943793e-05,0.000584440817804265,0.00932092254315552,1.17421043126602,0.158331360306258,0.952407736086047,0.0738399638503492,1.06369729157189,0.368556896867354,0.00865359262768882,0.0066551820813836,0.00020725496517868,0.0476197092428099,0.00677370976716144,0.00404636784807561,0.0028830954511995,0.00314986775627809,0.00102167076660812,0.000148862107992792,0.000317303658903265,0.00131236227272675,0.00456621154746474,0,0.000539598480988455,0.000273605889949036,0.00419999015800824,0.000656320673664844,0.00413184437138252,0.000101150334157694,7.74111767846343e-05,0.000657371572340834,5.43380208518028e-05,0.00100758961526584,0.00255449213955648,0.14800799551384,0.000628088666029179,0,2.81967334247231e-05,4.46907449113369e-05,0.0767455505878572,0.0794151229922237,0.0704429399382641,0.0706951499029121,6.01154704986095e-05,0.000728439532677448,0.0389322765944215,0.106688942912967,0.00121252678209115,0.00174112409575305,0,0.000285329004550099,0.000769802097907642,0.00267664110671294,0.028547923091055
0.000136734206500315,0.430187307855014,0.00179380079769753,0,0.000995242710103915,5.17023196853399e-05,0.00105571456237615,3.86677969483137e-05,1.036554685526,0,0.00468147384600606,0,0.0494565679072912,0.0001061574138399,0.00115001341646465,0.79488277543496,0.00118859983605653,0,0.000292368769698549,0,0.0655417080634095,0,0.265763141217385,1.71680677884943,0.180389498196573,0.00306165595612723,1.0284214451337,0.0781121902679569,0.000614885005438554,0.00242046724022603,0.00180875896314261,0.000153693275696826,0.000120520919217014,0.00488650827335732,0.000647721091650772,0.0151988204401426,0.00961855819251433,0.00689504229195935,0.00392501509535513,0.00160331048829384,4.17953162525892e-05,0.000631793024884987,0.0274963608078516,0.010166384493581,0.0110327901569544,0.0115965511144023,0.000947573092234719,0.00018218719857707,0.00238977542363323,0,0.0553520543245153,0.0166195721041089,0.00223035711209005,0.000213241885518074,0.000249621161773992,0.00589607992410932,0.00046974748422414,0.0139688446399713,0.000720957334165121,0.0204317605655293,0.000806920234784112,0.0264186777001733,0.00101628762856087,0.000455484110248733,0.242828993246615,0.00246710095299068,0.000239410368287682,0.000969560171928312,0.00038359243920784,0.0268184982972297,0.285900496589241,0.127139792377268,0.0598759933401772,0.00868361813093294,0.00845414828745123,0.392248726533521,0.0476807065729751,0.000964463157175877,0.000323704670670939,0.0027012069357241,0,0.000129829917253745,0.00518080180819507,0.00448296851497247
0.021664391550163,0.0209728822800355,4.90550257958942,0,0.00840343551931958,0.00676742463158307,0.396576144333758,0.0851767290467404,0.0154998441204622,0.00372745068890704,0.00988575786050651,0.00121136604770659,0.0417951315302953,0.0944103626609811,0.0293521117962898,0.783578391360168,0.595089504541272,0.0166402761110125,0.156193243399705,0.000258778179118944,3.33189781074947,0.265763141217385,0,0.149836775993032,0.0027416118321562,0.803369203557233,2.83396643419616,0.51329842593481,0.0956398288444634,1.78797390218447,0.000644514439852357,0.000864759931102946,0.01025920188792,1.37814187260356,0.429727053864877,3.46621991571075,0.756808010822978,2.64769921788708,1.3338444861105,0.00913312452873141,0.00791649412738376,0.00218296709599302,0.0627085424483737,0.0112512028235757,0.0289503391970174,0.0337105248187783,0.00440201197796415,0.000347674273482227,0.000121460501717519,4.16435310527324e-05,0.00805535584611168,0.070945584526342,0.000214609883074081,0.00093652191412077,0.000162831793794966,0.0185625412841378,0.000250021805993891,0.0029817253695112,4.57016446221829e-05,0.00011400228720851,0.000531007485243177,0.000104909795377016,0.000615068662411296,0.00147422885041752,0.768117595165205,0.00593015234077334,0.000139586011905479,0.00205365523233231,0.000274416331364548,0.0600121826711536,0.290282217182246,0.562702056402257,0.0828795487299519,0,0.00949303087893508,0.568798913233994,0.0705182815892396,0.000467215231232441,0.000657331448172999,0,0,0.000203846152767634,0.0115119500983728,0.0776076052622065
0.00807851001477558,0.231930714326766,0.00695423305271928,0.521937461709021,0.0241889601585763,0.0156435470955953,0.413347122824899,0.0391613758258552,2.34437207956577,0.0369359817056259,0.0043676300141193,0.0109561836710477,0.0308244408034933,0.0589621721171611,0.0458957048952374,0.205694923040467,0.00778041505604801,0.00133848448321741,0.00332506857437715,0.124832255392679,0.0572313431971155,1.71680677884943,0.149836775993032,0,0.0747190510724995,0.0119123825258382,0.484759341444296,1.17297214777744,0.130163948398599,0.181104681277054,0.000934844079440858,0.00490935069171231,0.0161447640479018,0.0900828699082629,0.0750577531959028,0.46802201962879,0.042273462941804,0.137808329875819,0.0779581899337576,0.0532971352237287,0.0120919131143993,0.000408214605037129,0.406716324402611,0.0119027190855713,0.0960549341839083,0.0185782892633058,0.0731895723522243,0.0243715527700583,0.00480500365827191,0.000472058754465247,0.0090842943543973,0.01556189435035,0.0490379697949496,0.000610141437884378,0.00852693982757746,0.0526413385716518,0.0238778117605226,0.323148347423313,0.0355287309971395,0.0082288344374888,0.0306104622187485,0.00713402670751113,0.0249090289819564,0.0262113930443844,0.225182995359985,0.00122194940925835,0.000356101616130411,0.000196740421176505,0.0263403415775221,0.0952002737191336,0.194207716473263,0.0697297910742359,1.12048642738719,0.0031212106459669,0.00250372207252284,0.145787597197362,0.603283613047978,0.0563696111953618,0.00628619164110798,0.00026376755030818,0.00576182332951027,0.0143528325769095,0.0739602705389746,0.0439906344315603
0,0.380622656018102,0,0,0,0.000123146634919691,0,0,0.0988358882118197,0.000157066930313468,0.0296332778113456,4.87342646793365e-05,0.558733655409065,0.000138863550640977,0.000249889960970068,0.0103493125340563,0,0,0,0,0.000789291311418937,0.180389498196573,0.0027416118321562,0.0747190510724995,0,0.0052929881292068,0.31822652692572,0.00227063033702487,0.0001163621910074,0,0.00837096165767322,0.00022357442434442,0,0.00602950968232989,0.000111836017059993,0.000766300235734847,0.00323007207112247,0.00607677017075117,0.000723491590399885,0.000390035736537182,0.000558053867320585,0.0498133274679589,0.00215312056889821,0.0129946986734525,0.0015046724208245,0.00118436385339315,4.01354009333372e-05,0.000115077185263586,0.0242905326608342,0,0.0119496868698686,0,0.000188786513835859,0,0.00010826139235456,6.52113869818211e-05,0.000114617203754044,0.00388695921448083,0,0.0770087373536307,6.45313101232171e-05,0.1767601265561,0.000204224967788434,2.86867855456233e-05,0.000340959292901826,0,3.63399845761537e-05,0.000153310897890663,0.000195718433339572,0,0.00263038327439371,0.000125980955878806,0.00255699683697334,0.108352354978654,0.00942705339864904,0.154979707800222,0.00117554550273924,0.00105787162243895,0,0.0313406355934432,0,4.44320937228918e-05,0.00354633371195469,4.01050799165964e-05
0.0306495221746887,0.0344028513242148,2.55740694182712,0.00178600496863939,0.000502281254260099,0.0207025027887655,0.218267299148789,0.144080886559423,0.00589093370030604,0.0909688966828888,0.489195275898817,0.0638801699283726,0.0518078607900289,0.229651785777194,0.00300334750752083,0.00290823419235146,1.8280889901255,0.359745651369541,0.945736387286192,0.00967750833786304,0.0999836245076263,0.00306165595612723,0.803369203557233,0.0119123825258382,0.0052929881292068,0,1.70705220199698,0.0435231898114246,0.241861796866358,0.358366339382484,0.0511487964245813,0.0300678827802872,0.0102848390719697,1.15294861069974,0.0836204637333826,0.994350988122436,1.20052119250286,0.894844817006201,0.713391326064941,0.00682233538665605,0.00332661471779094,0.00204409840325553,0.0237627269005536,0.0327256680453505,0.0206793130603407,0.0250161208735414,0.00152719280248104,0,0.00103943315384595,0,0.0581778234565587,0.0232129353301788,4.94891314755678e-05,6.21610716109276e-05,9.12507704006674e-05,0.00111571352408238,3.42850042446613e-05,0.00481684457103342,0,0.0956096346668355,0.00027128084521532,0.120393454848664,0,0.000382974166351556,0.00611085850133624,0.0271070542473969,0.00266177297298578,0.0268192410149718,0,0.00103743814999679,0.00802956373581215,0.00464124062882254,0.00466406262815611,0.0180915872896679,0.292982337914331,0.995123515199814,0.00078699500839082,0.000450687166810262,0.00106776762121408,0.0925931959790648,0,0,0.01964310408667,0.0288962931510389
0.00511305786509924,2.92991619346689,1.81650616878218,0.00041338447238028,0.0010012976770079,0.0028618770435463,0.0548585213381534,0.0184234087453985,0.452343640867641,0.0123651873314358,0.0609989915061039,0.00804476350730727,0.440723691445916,0.029296223506925,0.00891393410299026,0.370413609238936,1.00883065403076,0.0177287885925488,0.121660720816406,0.00210058033349445,0.177858836019289,1.0284214451337,2.83396643419616,0.484759341444296,0.31822652692572,1.70705220199698,0,0.224265666016858,0.0472337319207679,0.0824289767759758,0.333906822023891,0.00218940443411355,0.00489671631018788,1.44340066687944,0.25739476950259,2.8256381407108,1.20119640379596,1.40802423219908,1.27498391029949,0.00685189341819451,0.00251022638969028,0.00431922200349224,0.213680621771674,0.160589804689475,0.160802002202233,0.172704936603486,0.00374896210819965,0.000477451085025907,0.00839763114230794,0.00071680397868855,0.737311931958269,0.487029571653288,0.00123521970623588,0.000181612764235139,4.96983517627716e-05,0.0722802671189052,0.00232889131623886,0.0282469921354095,0.00154784931143725,0.22812646004777,0.000616703436151468,0.384514687799863,0.00465138455967848,0.000917379672412387,0.351406924792213,0.184654075560018,0.0141523502646247,0.107342041192242,0.000254415223354018,0.0176403775070542,0.274384615969824,0.280472388819121,0.0975066887887632,0.223572261500872,1.23090722166599,9.6531732454347,0.0489266859327421,0.00183105314087666,0.00496982637694413,0.250992198779094,4.72251988345623e-05,0.000152977052601516,0.124359714653978,0.0778955117508685
