0,0,0.00423277904064184,0,2.87676814885438e-05,0.00119399607147284,0.173088176035738,0.0345172688584339,3.38772089914202e-05,0.000705843396910948,0.00168618010783042,0.000355555771003044,7.71191128035724e-05,0.734178789971779,0.00176718762331871,0,0.0178485050120256,0.000703614806274658,0.00518162455632345,0.000258608770714616,0.00506613348593139,0,0.015086552557855,0.000940504262239122,0,0.00515759273581094,0.00372551062024364,0.00220267186453488,0.773631746112595,0.622835044235184,0,7.67187486747025e-05,0.0012443537907687,0.0211605721455397,0.000450116748850822,0.00392095749695204,0.000127750920675361,0.0159943105574023,0.00718724348564807,0.00043249781700511,6.58687155104279e-05,4.65117791113376e-05,6.26891446926474e-05,0,0,0,0,0,0,0,0,0,0,0,0,0,0,0,0,0,0,0,0,0,0,0,0,0,0,0,0,0,0.000221713848782576,0,0,0,0.000182857131977385,0,0,0,0,0,0,9.14241431735516e-05
0,0,0.00953721545909373,0.000298840165356255,9.30270851815701e-05,0,0.000327595791334438,0.000547723668341016,0.25139937716699,0.000823936581129131,0.00717957509082921,8.24892443455694e-05,0.0902733562142946,0.000499087541512102,0.00199047608116242,0.0158959385983955,0.000969504447199584,0.000267936204430818,0.000160044868263137,0.000308645597560692,0.00270250081884824,0.347895881189283,0.00245334431751746,0.206928812689486,0.343158322453816,0.0285165924482901,2.21710990353309,0.0125297361293707,0.000292122620412517,0,0.00550925656631152,7.19123137724102e-05,8.83882611823675e-05,0.0194242849865923,0.00030849912452147,0.011907407401012,0.0145736357974861,0.0166425646206124,0.00538759166730642,0.00204808342971803,0.000219019491082001,0.0224059515690053,0.027044923596236,0.00673332731815613,0.0125766572311734,0.013102693301333,0.000710076679275119,0,5.47530267636895e-05,3.0732723161906e-05,0.293878561949511,0.0421418660125058,0.000262340232415605,0,0,0.000903973496641189,0.000163346885798556,0.00520391712568504,0.000369011803294844,0.000474935113773448,0.000352335216662294,0.00231866649083653,7.51292607986746e-05,0.000276395932418645,0.00188255399920836,0.00414285781196844,0.000770735099200306,0.00163848041899288,0,0.00064449501782375,0.0200213300564105,0.0023027333020055,0.00636410916170467,0.00356223469711866,0.0413495947289463,0.819540932777684,0.00282067254739856,0.000486321668185401,0.000194647064938742,0.000495971831671107,0,5.33416785448909e-05,0.00549375804475944,0.00257831834661362
0.00423277904064184,0.00953721545909373,0,0.000214922880546772,0.000126936683991313,0.00302480561152323,0.0829369631684935,0.022035988335972,0.000152773755827653,0.0252353059255263,0.0203303470097319,0.0209297723837131,0.00178336658949651,0.0648480328764325,0.00354552484109983,0.00288766809369927,1.75173571952825,0.0224971336051279,0.243160802241482,0.00235465130752141,0.56212245579197,0.00294097095180681,4.94580680141549,0.00293352469676045,0.00120903002477918,2.28240828089481,1.95852382565206,0.0405372941629024,0.0310902963099613,0.110785455551332,0.00089813572162328,0.00140890841457839,0.000452701729561979,0.638653574736012,0.0526945228709356,0.997460026211645,0.242048845444765,0.618966362730076,0.630688033206769,0.00250611016355669,0.00589751256059654,0.0033311844017631,0.0992123830523018,0.0164771412486233,0.0364547413083339,0.0409064390111657,0.00139557689218831,0.000178687191536319,4.18916801365137e-05,2.43836433493495e-05,0.0118677975850966,0.106940104570921,0,0,9.84120303852798e-05,8.82197946008267e-05,0.000150461534567523,0.000443696932229054,1.92100420359611e-05,0.000208454281566203,0.000212021661494768,5.04219820505976e-05,0.000256281490382457,0.0022715118539699,0.00446664270684294,0.00580811404721165,0.000641648434058022,0.00189992567907363,0,0.000953130219108436,0.0127786984807357,0.00473168953272662,0.000545874994593453,0.000236651360177797,0.0262950272078993,0.465986008798079,0.00104259658084482,0.000792041998654778,0.000210275475873559,0,3.73449740489363e-05,0,0.0136390947670595,0.0377533173076938
0,0.000298840165356255,0.000214922880546772,0,0.00379904374754177,0.0258565468650528,0.0070495038460097,0.0245018774870465,0.0934942421304444,0.925614535097226,0.00429696523170475,0.459299356856502,0.00227828717675503,0.0125146252801077,0.0134326849749562,0,2.28593586056471e-05,0.000902459320413606,0.000853228578502681,2.36768511244621,6.49755783235192e-05,0.000506489314309645,6.60585175871551e-05,0.169070086338407,0.000114909993055284,0.00257477700841172,0.00103395052561662,1.00621451004652,0.00933808411784601,9.56526411224243e-05,3.3976687040788e-05,0.0011831352337393,0,0.0189697768286057,0.000302964928581232,0.0204509214551398,0.000243175048345143,0.0147767240847373,0.00146034009720124,0.0316949957188854,0.0047336804206671,0.000569973521105009,0.00251760653582792,0,0.00148365974566038,0.000476869539966798,0.00654485766091187,0.000192709359368586,9.45203439802168e-05,0,0,0,0.0414358423758334,8.28474131022929e-05,0.000659077906967097,0.0118945181427619,0.00120287750342828,0.0168493236055357,0.0110715159625013,5.01166568676591e-05,0.0144497431027135,4.35768150548339e-05,0.000534926890688532,0.000942135910738931,0,1.87518609737814e-05,3.34974680162847e-05,0,0.0287902383713323,0,0,0,0.0528347399863638,0,3.12360401764929e-05,9.97230600786683e-05,0.0782502224617216,0.000525802246249914,0,0,0,0,0.00144682693642808,4.41611000999093e-05
2.87676814885438e-05,9.30270851815701e-05,0.000126936683991313,0.00379904374754177,0,0.137199728412017,0.0101490748464997,0.0282633873521471,0.0341700858989027,0.0328236532002248,7.01407422998965e-05,0.0913407569284353,0.00230756887558235,0.00187910458997386,0.440150701648692,0,0,8.27085695006308e-05,0,0.00792727166234635,0.000127527215054726,0.00024336430747869,0,0.00909866924855254,0,7.7063715225071e-05,0.000337834835336291,0.00972892782276053,0.000110578090491969,0.000206676868025076,0,0.0168587110323015,0,0.0442345390026763,0.00012510749538858,0.00758033447799021,0.000169308610400826,0.000920400231681345,0.000338207127131003,1.03387220599564,0.450190291364523,3.84295964364291e-05,0,0,8.94358852498289e-05,5.12793848891973e-05,0,0.00019202265352211,0.000228378458938074,0,0,0,0.000129290329644275,0,0,0.000189163401806116,0,0.000184263200616706,0.000377438175025487,0,0.000874993192088189,0,0,0.000180159145244599,0,0,0,0,0,0,0,0,0.00134138780964642,0,0,0,0.00184871702447832,0.000284511095634055,0,0,0,0,0.000327608908841657,0
0.00119399607147284,0,0.00302480561152323,0.0258565468650528,0.137199728412017,0,0.210480712269894,0.659162297229257,0.0249349334018613,1.87227883060041,0.017601326376686,1.34674751067658,0.0295366009640337,0.0471826621319575,0.162834109764715,0,0.00105554843827181,0.00796426580823034,0.00332398040144816,0.0544259484688738,0.00314683012568567,0.000226836213633991,0.00206374741537586,0.0138760993356651,0.000549825101684642,0.013510681512171,0.00903145066553715,0.0844910364680274,0.011773230461132,0.0140363577543396,0.000653152663802952,0.086874715222772,0.000123992941629481,0.0297058968174416,0.581977837508974,0.115775361908436,0.0031909910172954,0.0179937006862028,0.00534141341819031,0.18446530969073,0.0776694040914733,0.00316952605405072,0.00293517611925086,4.10430946951509e-05,0.00159632117428568,0.000728355039501965,0.00315356797670433,0.0002638528873164,0.00132281706583026,0,0,7.44849327532527e-05,0.00155079784929409,0.000196461948074579,0,0.00302308245537992,0.000364639683844328,0.00336070923706156,0.00169417855129286,8.44489999241351e-05,0.0080454922905312,5.88992058394432e-05,0,0.000422015990531063,0,0,0,0,0.000710204218799782,0.000204791513036299,0,0,0.0145270646594828,9.87395706313548e-05,9.10972045085195e-05,6.07283987857223e-05,0.0135508594138789,0.000433732252618265,0,0,0,0,0.00209113305563255,0.0186505598819278
0.173088176035738,0.000327595791334438,0.0829369631684935,0.0070495038460097,0.0101490748464997,0.210480712269894,0,1.61180509558963,0.0649794554568753,1.84732093957809,0.0533651348608354,0.0479524035452375,0.0184865243487179,2.41642355247605,0.0985369040372122,0.00154837975194216,0.0326825152813971,0.0230413959368587,0.0232567895154797,0.0103896969347507,0.495685450564058,0.00108876985225786,0.0867586702775822,0.263701800409019,0.00104490817663441,0.0743968928292123,0.0766390593177514,4.22725755252779,0.426422454145594,1.53937619440913,0.00154942522812641,0.0258969392314884,0.0141648174851642,0.36462488420358,0.0499696063171514,0.790902794906122,0.0164929306183214,0.399818140843096,0.1630959768721,0.10727684237436,0.105924796016751,0.00516564447891943,0.0509080384975551,0.000118437981370283,0.0257781329609005,0.00469359414605028,0.0251194740127803,0.00607391046044909,0.00126823511177538,0.000176083987480283,0.000165583001627314,5.80920013554573e-05,0.00421487280932675,0,0.000548633415245676,0.0487607231237539,0.0073304385901221,0.037271835821587,0.00962927606632369,7.52477223133741e-05,0.00987177611684912,0.000179824453350961,0.00422228648126702,0.00169932954228047,0.00123280370838637,2.07201060119033e-05,0,0,0.00769878348327879,7.41241491821765e-05,0.00107492816308204,0.000107753400367016,0.268278202343794,0.000174812266873097,0,0.00103272432319384,0.298981002714769,0.0106314169301228,0.000183555958487403,0,0,0.000297473842329454,0.0192484944012628,0.00747105408467887
0.0345172688584339,0.000547723668341016,0.022035988335972,0.0245018774870465,0.0282633873521471,0.659162297229257,1.61180509558963,0,0.0291028803130253,1.5543901468528,0.113554752758408,0.289206301939117,0.0491526687209926,2.19823504192887,0.0222311249879782,0.000124313812361538,0.0294596903696442,0.0529178764689302,0.0309603080637798,0.0500046689969683,0.0424891655908025,0.0002839017331294,0.0363528016338596,0.0262507780163544,0.00201619247627589,0.0849851827879066,0.0556544148800133,0.213905579766849,0.151094902518683,0.373039097707701,0.00334994637233888,0.166817982479213,0.00150676202138812,0.147209272758807,0.0418100859535457,0.37710288765566,0.00923517422019808,0.119564829723684,0.0461091523623248,0.0508753175924816,0.0361451684593805,0.0100340900641073,0.00394429281475133,3.49725642796874e-05,0.00166422486472278,0.000450368704890978,0.0021479648098561,0.000361752162162859,0.00116518721100179,0,0.000197402692691249,0,0.000757435729905322,0,6.06409284677148e-05,0.00674948961163477,0.00031141484015637,0.0102311222806058,0.00164997951249533,0.000197984004579473,0.00318050445201329,0.000551311037265682,4.48010259620309e-05,0.000509470936731231,0.000537450768574256,0,0,0,0.000912714167319643,7.82447360882166e-05,0.000112317765138566,6.4179645339942e-05,0.0475085070727029,2.82617626902402e-05,0.000444899312476886,0.00123532048674708,0.0322025198025398,0.000449215067910039,0,0.000194685366322404,0,0,0.00296672447989023,0.0140448035656079
3.38772089914202e-05,0.25139937716699,0.000152773755827653,0.0934942421304444,0.0341700858989027,0.0249349334018613,0.0649794554568753,0.0291028803130253,0,0.160687984476757,0.00494546730701568,0.218128269042459,0.0500185021011265,0.0150618941896003,0.153702537180009,0.0187686241772252,0.000125460640835005,0.00110037528878324,0.000423128646160805,0.108135798104294,0.0100106498301398,0.523908414969038,0.00294353988311758,2.37961483944864,0.117654287739798,0.00735090662716165,0.386705010872959,0.512354671308011,0.0147745773623313,0.000410375258355462,0.00222069155794387,0.00113164886153585,0.00212908945102668,0.0256870616167757,0.00392104971042166,0.069792984870647,0.0046017253910505,0.0189284211170007,0.00401467648937574,0.514782869036251,0.00756367679012386,0.00873063671495055,0.0561492816442286,0.00262906746496057,0.0153620416904646,0.00741758937955302,0.0182309186879441,0.00341739882269941,0.00106701851471897,0.000245019884570313,0.00263652825785351,0.00121595119947654,0.0067095714213675,0.000267053843580139,0.00157776732903305,0.0201698093380059,0.00414433399194643,0.118153422964751,0.0162165816982669,0.000572351225656146,0.0174210246545625,0.000687712771523273,0.00216578107114278,0.00251937859377753,0.0445434956523845,3.40253586391806e-05,0.000639662916911471,7.5654684287763e-05,0.00760716254057683,0.00898444644130547,0.010048383668781,0.00549980741124976,0.338562776273031,0.00100943104222728,0.00297585016677975,0.0180855262815634,0.203642867471003,0.00668654699934816,0.000255796505301386,0.000202014562819242,0.000192997227842414,0.000353140672869241,0.0101558510347363,0.0125066096101441
0.000705843396910948,0.000823936581129131,0.0252353059255263,0.925614535097226,0.0328236532002248,1.87227883060041,1.84732093957809,1.5543901468528,0.160687984476757,0,0.122587344378859,1.71246878958103,0.0241295432765281,0.732395118021264,0.0455552556102889,0.000152005539007509,0.00248474692180259,0.0484828006218867,0.0259887659518272,1.38761570484619,0.00355086953032443,0.000828601097199592,0.00675758373471609,0.0516134974733208,0.000811664073754422,0.112025106321587,0.0877397711918859,0.840252722813408,0.282547638449148,0.00681105772199853,0.0032703538275863,0.0304833933802594,0.000222067982385588,0.299527941833473,0.110531629682191,0.274340373827585,0.0049945744783166,0.24511328727553,0.0181535850278855,0.102847113566399,0.063436009527336,0.00837623887017961,0.00505836036606028,0,0.00339659492752426,0.000584567438510222,0.0147552141093312,0.000588847969961655,0.000162467050719548,0,6.89812610785722e-05,0,0.00566569492364524,0.000190432846395492,0.000683577062563795,0.0285070367351999,0.00210933333411486,0.0330026928987064,0.0406787410967549,2.38629087175607e-05,0.0223579593814745,0.000402208296188944,0.000836226054392317,0.000371557935335612,6.26487019410849e-05,0,0,0,0.00723267500546331,0,0.000217241912486148,0,0.117332367142403,0,0,0.000113839035461736,0.160311334212186,0.000967834223672747,0,3.6605494125402e-05,0,0,0.00307704602972982,0.00286556038128792
0.00168618010783042,0.00717957509082921,0.0203303470097319,0.00429696523170475,7.01407422998965e-05,0.017601326376686,0.0533651348608354,0.113554752758408,0.00494546730701568,0.122587344378859,0,0.0867163999423571,0.692047300281031,0.148804066367886,0.00286675447187928,0.000534264176415277,0.0274103599340925,0.75095231667232,0.095901790039925,0.013349260891044,0.011196508733996,0.0026557388471762,0.027344722125801,0.00509682444590393,0.0306597351191554,0.342679812243805,0.0873520442273187,0.0206007450325571,0.102889127632444,0.0189975220785903,0.0474364900208475,0.0628372242616458,0.000179882765448451,0.782604133040967,0.00508378082456426,0.142376724253943,0.264739795214136,0.598570238169337,0.0673630992439076,0.00424708130851692,0.0101642075589986,0.15004900127074,0.0021752332775452,0.00778741928094385,0.00736838511698101,0.00147841707980277,0.000232909115625262,8.26935560358288e-05,0.00386303075881336,0,0.000558181509757161,0,0.000115487619445205,0,4.08900324975014e-05,0,0.000227272444589305,0.00103925879421273,0,0.0610728224754381,0.000407860493228066,0.257930520547944,0.000325052790989929,0,9.67112891082051e-05,0,0.000705551339087546,0,0,0,0.000169731039740515,0,0.00285949187279286,0.0121188017198958,0.0866287375929486,0.0723333510296761,8.82026680011691e-05,0.000174678429207552,0,0.0758412983650223,0,0,0.00393383939289267,0.00209149947278206
0.000355555771003044,8.24892443455694e-05,0.0209297723837131,0.459299356856502,0.0913407569284353,1.34674751067658,0.0479524035452375,0.289206301939117,0.218128269042459,1.71246878958103,0.0867163999423571,0,0.0547797380066216,0.127797049212599,0.107185889794713,0.00010651878884027,0.00279502474338286,0.042528286331103,0.0231633433563474,0.999719052151164,0.00207826005092943,0.000111925460458254,0.00800554098507353,0.118608092014176,0.0012304167803165,0.0888188142572593,0.0695463313276013,0.516061798829945,0.0947227609225705,0.00267369371534131,0.00239408669968275,0.0398968923481025,2.38099695857763e-05,0.0974428699338483,0.617293927263586,0.0829903258220196,0.0031772115863281,0.0713099661283839,0.0080043345827026,0.466569895559584,0.0269966178177553,0.00793286902429613,0.00808006187152413,0.000444015238097531,0.00391625711405513,0.00185843211962477,0.0362133123565673,0.00156133157679256,0.00303326964830812,0,8.0623821886802e-05,2.29201204627633e-05,0.0208116789953483,0.001242941447878,0.00429255311254431,0.0199863485856909,0.0060094471359849,0.0191994681263239,0.0627867855265404,0.000969864618330752,0.0526375930828916,0.000618172072651297,0.00213094276802432,0.00285572354742175,0,4.44499936504602e-05,0.000562431058698994,0,0.0172777424163952,0.000101345348238063,0.000103420846271884,0.000158135615087366,0.0728192231647984,0.000170120901176518,0.000411306210448944,0.000527310412096501,0.113520697587844,0.00211174007743901,3.37861248436093e-05,6.78333011115194e-05,2.66657768702388e-05,0,0.00779271869739435,0.0395714064100745
7.71191128035724e-05,0.0902733562142946,0.00178336658949651,0.00227828717675503,0.00230756887558235,0.0295366009640337,0.0184865243487179,0.0491526687209926,0.0500185021011265,0.0241295432765281,0.692047300281031,0.0547797380066216,0,0.0162662056233401,0.005065082211114,0.00158981669110449,0.000276680556264031,0.0058179112158209,0.00172502174601763,0.00630592481222968,0.00166739724697286,0.0578011374380463,0.00354449938866006,0.0484165283996922,0.578240713262451,0.0494384082538035,0.102822830254607,0.0367117781890468,0.00922216770142347,0.00249900582806357,0.0637739948817241,0.0294019300609642,0.00103386155894721,0.450100678935868,0.00859230585579688,0.232548894295738,0.200462547304764,0.382140465405574,0.0321941617699813,0.251689356286821,0.112044486418855,0.433605642301763,0.113139635842615,0.0413836797505256,0.0947498524103287,0.0397944823490989,0.135385993320846,0.0381439132980403,0.0830285305227039,0.000261524679637289,0.00559886045989884,0.000475367111943733,0.000407303162054199,0.000131390733567631,0.00662462882528346,0.0132812287815143,0.0225334013777368,0.00311866185998274,0.00293365019264699,0.251121149411608,0.0131186567798781,1.12642281630264,0.00485698186769126,0.00100197472535791,0.0006586731189372,0.000154472012596738,0.00388179491202073,0.000175359666530323,0.000721400128487193,0.000285850084729421,0.000677862791916836,0.0017010598370407,0.0326752279241017,0.140806311376952,0.317796974549505,0.43527287257199,0.0755502618177416,0.00727955809472809,0.000547522240764928,0.281688320604347,0.00457964082756456,0.00018917731418215,0.0977069413818556,0.00933377378532935
0.734178789971779,0.000499087541512102,0.0648480328764325,0.0125146252801077,0.00187910458997386,0.0471826621319575,2.41642355247605,2.19823504192887,0.0150618941896003,0.732395118021264,0.148804066367886,0.127797049212599,0.0162662056233401,0,0.0174507810377528,0.000228023369755065,0.107787455802535,0.0852410231912504,0.0869854153419152,0.037060167511857,0.0735034620240612,0.000181397702882374,0.111196505899808,0.0170289839119611,0.00118780700353064,0.170821431887447,0.138133847936107,0.127502894453596,1.65556579420835,1.68046538185828,0.00411810776450022,0.0376577284319902,0.00718606258206065,0.299586562100082,0.00978375827973692,0.158704042006591,0.00827046750126393,0.182697359488513,0.0775790109539629,0.0158795390908698,0.0178291681428064,0.0041276966253574,0.00230735094036183,5.50333244378209e-05,0.000801047430145337,0.000419840486707103,0.0012989949712374,5.90506001156449e-05,0.000140931908811235,0,0.000375381417218452,5.68817158549309e-05,0.000362401383212214,0,0,0.00333532699524209,0,0.00404724913621293,0.00079575541943979,0.000368061767834485,0.000697672655859899,0.000741901634716124,0.000181199702363634,0.000472950291594166,0.000199208632467032,0,0,0,0.000319327190204698,0,0.000103573941046125,0,0.021433289737818,0.000121281524654204,0.00102315929102693,0.00212770774967727,0.0179052896431247,0.000186698094458836,0,3.54710208669305e-05,0,0,0.000781371738320814,0.000770311336392171
0.00176718762331871,0.00199047608116242,0.00354552484109983,0.0134326849749562,0.440150701648692,0.162834109764715,0.0985369040372122,0.0222311249879782,0.153702537180009,0.0455552556102889,0.00286675447187928,0.107185889794713,0.005065082211114,0.0174507810377528,0,0.016610997693488,0.00227906342696246,0.000942374275825416,0.00170848251966598,0.0198281607090649,0.141245798738232,0.00444821642500447,0.13085614343202,0.138907422295856,0.0016216330875892,0.00283125175181776,0.0240134107622048,0.213519282722415,0.0223577496229782,0.0473771238404382,0.000184398788731063,0.0672205163143839,0.00370628266325452,0.0493112865934145,0.280266281506404,0.100530127897341,0.0056534786608404,0.029643218192816,0.0515257028553521,0.563554657331147,0.0431971554516785,0.000527773703339887,0.0158552844247587,0.00140142167986033,0.00699183945150009,0.00647580206439669,0.00381925139554771,0,0.000412987757598734,0,0,0,0.000164175223802865,0,0.000179309174212241,0.00155991702086546,0.000194337624246502,0.00526808905688829,0.000107910788735921,0.000141629256344032,0.000654557435893959,0.000104765021560502,0,0.000612218346687949,0.00526608533377104,0,0.000122741583563304,0,0,0.000808478667383349,0.000515685373150563,0.00103259017062125,0.0400123906418106,0,0.000466483970803177,0.0020534842592674,0.031513936564965,0.000706333103425908,0.000233307136411369,0,0,0.000588488315712393,0.00352165611637494,0.0809905974179002
0,0.0158959385983955,0.00288766809369927,0,0,0,0.00154837975194216,0.000124313812361538,0.0187686241772252,0.000152005539007509,0.000534264176415277,0.00010651878884027,0.00158981669110449,0.000228023369755065,0.016610997693488,0,0.000719929679817408,0.000152899992288685,0.000361804352033055,0,1.72727162148816,0.822509277150273,0.706390956375897,0.287712564570806,0.00395946535756191,0.00554178905272759,0.692345719989017,0.232555120896256,0.000105897014654529,0.000464264866470123,0.000121842495719146,0,0.00017239890615747,0.0155604961987447,0.0511957534770026,0.561660737987059,0.122234966348955,0.055108221345,0.11886034640161,0.00501637508469137,0.00152527043315549,0.00155432347472037,0.137621646992026,0.0193150441738388,0.020493786462999,0.0270625879246469,0.00451568686415842,0.00112316872974334,0.000664242202234388,0,0.000393386909405637,0.00139651363639963,0,0,0,0.000267139832749152,3.51517594184577e-05,0.0171725093799857,0,4.24783193832159e-05,6.59053750339151e-05,0,0.000132268985424328,0.00422913770968044,0.875093477420229,0.00038872733411811,0,5.7232574424684e-05,0,0.060244115536895,0.200243705169329,0.266163016913992,0.0734313788254385,3.39244450480461e-05,0.000281697859438419,0.105449882536005,0.0877623718044046,0.000883056695345951,0.000350382334744382,0,4.59777575740576e-05,0.000366966295270491,0.00546461870346204,0.0192590529477799
0.0178485050120256,0.000969504447199584,1.75173571952825,2.28593586056471e-05,0,0.00105554843827181,0.0326825152813971,0.0294596903696442,0.000125460640835005,0.00248474692180259,0.0274103599340925,0.00279502474338286,0.000276680556264031,0.107787455802535,0.00227906342696246,0.000719929679817408,0,0.0505283839980657,0.873823647567055,0.000147238339351147,0.423428389672852,0.000359470997252601,0.951089297802917,0.000431728952996695,7.24446956212878e-05,1.16723941751487,1.33829535783634,0.00923542635215178,0.109244472247001,0.322857506334284,0.000431209182631993,0.00127933492269177,0.00350651340720618,0.161682378045234,0.00363161540366624,0.0630024375233113,0.0214634490847492,0.0706172655593904,0.0621016448788338,0.00178034516933986,0.00268579777350866,0.000557563612185723,0.00104350656230094,0.000484373959430104,0.000322716825738669,0.000129608294544435,0,0,0,0,0.000312351580024147,0.000984748434817287,0,0,0,0,0,0,0,0,0,0,0,7.88079158460141e-05,0.000172388099416423,0,0,0,0,0,3.283173497895e-05,0,0,0.00015006429996314,0.00201074939923182,0.00910415861476031,0,0,0,0,0,0,5.58621532627642e-05,0.00138325636909057
0.000703614806274658,0.000267936204430818,0.0224971336051279,0.000902459320413606,8.27085695006308e-05,0.00796426580823034,0.0230413959368587,0.0529178764689302,0.00110037528878324,0.0484828006218867,0.75095231667232,0.042528286331103,0.0058179112158209,0.0852410231912504,0.000942374275825416,0.000152899992288685,0.0505283839980657,0,0.114705425719143,0.00572015879190211,0.00892284203627608,0.000240107769035768,0.0238260119409348,0.00138259179143632,0.00129484801032347,0.109855233762034,0.0903362574021885,0.0066239577605441,0.0528952144679986,0.0140549906933829,0.00141724867986429,0.021004537590251,0.000115126640414583,0.273385803538564,0.0101705972162127,0.177671567938283,0.199862276155615,0.399452042438154,0.193147121060982,0.00216810795838408,0.00295754051999512,0.0046110359240314,0.000300955430720324,0.000111529463764322,0.000564277148037022,0.000808080598818242,0,0.000112008178937555,0,0,0.00059852348237853,0,3.17108895942867e-05,0,0,0,0,0.000381499051212406,0,0.000175228665199947,0.00026966092642225,0.000649908198244572,0,0.000175171260903454,8.01447461992979e-05,0,0.000344060182741761,0.000107784335097617,0,0,4.47214652402639e-05,0,3.2107531304717e-05,0.000361152568291891,0.0112201324328075,0.0160999511921157,0,0,0,0.000303694038290036,0,0,0.000128405388727606,0.00552807431235426
0.00518162455632345,0.000160044868263137,0.243160802241482,0.000853228578502681,0,0.00332398040144816,0.0232567895154797,0.0309603080637798,0.000423128646160805,0.0259887659518272,0.095901790039925,0.0231633433563474,0.00172502174601763,0.0869854153419152,0.00170848251966598,0.000361804352033055,0.873823647567055,0.114705425719143,0,0.00381866497130651,0.0798817017760938,0.000181085182616418,0.157100694261478,0.000521075059334117,0.000238274558309961,0.514346985079181,0.233853369142536,0.00530060801967565,0.0584515357011483,0.0795928407130906,0.000548277835242033,0.00604594764010177,0.000773041680366688,0.484597403456371,0.00344171289113795,0.0917574120522066,0.0503851928201568,0.164338631700274,0.0856616832745765,0.00118010386903537,0.001565721613368,0.000342774562789178,0.000518809068599844,8.21021128278731e-05,9.90204916042563e-05,0.000281602362248445,0,0,0,0,4.45254888136983e-05,2.77614383784592e-05,0,0,0,0,0,0.000265577092425924,0,0,0,7.77241751982451e-05,0,0.000341679546297455,0.0001172724865103,3.52576203078449e-05,0,0,0,0,0.000207113620205844,0,0,0.00010887917567575,0.0018174259950166,0.00552233586336162,0,0,0,0,0,0,2.85581184518516e-05,0.00259423346195209
0.000258608770714616,0.000308645597560692,0.00235465130752141,2.36768511244621,0.00792727166234635,0.0544259484688738,0.0103896969347507,0.0500046689969683,0.108135798104294,1.38761570484619,0.013349260891044,0.999719052151164,0.00630592481222968,0.037060167511857,0.0198281607090649,0,0.000147238339351147,0.00572015879190211,0.00381866497130651,0,0.000177384297303534,0.000423907465575361,0.000935597602197644,0.189241348913784,0.000183640507771105,0.0109151961578968,0.00987074667051928,0.996953567962374,0.024849015370349,0.000590602015228331,0.000396870999678677,0.00340391100868565,0,0.0339383539188392,0.000777059485957056,0.0410621511472484,0.000363591277938688,0.0289873065360987,0.0024903239798492,0.067428307831726,0.00914733759145793,0.00135662992302426,0.00293245171507473,0,0.00197754731402297,0.000449488593996834,0.0108172255772366,0.000317463859163058,0.000356084276237619,0,0.0001380695558038,0,0.0404751125028562,0.000500698786207223,0.000977577895004615,0.0145834604998298,0.00110979006033931,0.0179009887469604,0.0211928859843937,0,0.0184487760048067,0,0.000670585800492603,0.000741086366440034,3.90729059204459e-05,0,0,0,0.00668456088930765,0,5.74338326025009e-05,0,0.0594921942202523,0,0,3.54568761112154e-05,0.0814231013571324,0.000614011349213648,0,0,7.15923703873038e-05,0,0.00199908180439947,0.000152835327755993
0.00506613348593139,0.00270250081884824,0.56212245579197,6.49755783235192e-05,0.000127527215054726,0.00314683012568567,0.495685450564058,0.0424891655908025,0.0100106498301398,0.00355086953032443,0.011196508733996,0.00207826005092943,0.00166739724697286,0.0735034620240612,0.141245798738232,1.72727162148816,0.423428389672852,0.00892284203627608,0.0798817017760938,0.000177384297303534,0,0.0697570440551633,5.09857193071433,0.0549688494965444,0.00127821032448384,0.173195135741133,0.279414697342081,0.437103091118389,0.073419337837723,2.26498479451849,0.000305070192931932,0.00186594237464137,0.0204354856435249,1.45581250623294,0.171913176312552,1.0659617659593,0.0835659142768869,0.993941974232452,0.657340253947711,0.0375987837514018,0.00901652923829073,0.00600437597936241,0.0696275749408453,0.00607339276629911,0.0146030888252914,0.0132818218861284,0.00471714896274646,0.000984549567761227,0.00015400327889092,0,0.000529691252687442,0.000621570803569412,0,0,0,0.000216574170559049,2.98574553209246e-05,0.011490061023702,3.26441003313958e-05,4.25670015504003e-05,5.70709380683422e-05,0,0,0.00582360402718162,0.13954137465368,9.99329575683594e-05,0,2.75511803744972e-05,0,0.0254980894775634,0.0308800486414657,0.0321366007996321,0.0478455169427978,0,0.000109911884008181,0.0190312479128515,0.0614560661029881,0.0011301532311614,0.000202210402424127,0,0,0.000638485685791719,0.00529057777859004,0.0436159682663942
0,0.347895881189283,0.00294097095180681,0.000506489314309645,0.00024336430747869,0.000226836213633991,0.00108876985225786,0.0002839017331294,0.523908414969038,0.000828601097199592,0.0026557388471762,0.000111925460458254,0.0578011374380463,0.000181397702882374,0.00444821642500447,0.822509277150273,0.000359470997252601,0.000240107769035768,0.000181085182616418,0.000423907465575361,0.0697570440551633,0,0.107082155670226,0.945345149796339,0.118501004151387,0.00589085180750939,1.49554594403287,0.107993477435872,0.000657394561589498,8.07207090113166e-05,0.00198813823949953,0,0.000132523895075381,0.00942186460052018,0.00278982947646483,0.0281656558250254,0.00872782168704245,0.0124169426786818,0.00569403039412977,0.0025916570575714,0.000601257831101942,0.0124430980889632,0.0753416708990943,0.00953478554512647,0.0189135931943428,0.0197320459950635,0.00347413153974345,0.000636234382756341,0.000197619889509046,2.29754094526291e-05,0.0086813606318547,0.00804462976448077,0,0,0,0.0014299566081231,0.000361869459607381,0.0550739091777121,0.00044523676686542,0.000367868745018816,0.000269309210002274,0.000721893898388911,0.000118192621003872,0.000837303618518478,0.241603547014757,0.00117793908942509,0.000393077197241807,0.000329447431723535,0,0.0252027105749771,0.242694630078603,0.0570749257449296,0.0521657385787684,0.00087948118430033,0.00520809932795488,0.20295665557903,0.0439672209890062,0.000596752796989286,0.000315987253517616,0.000219018909046912,0,0,0.0059641929674734,0.0104668131590965
0.015086552557855,0.00245334431751746,4.94580680141549,6.60585175871551e-05,0,0.00206374741537586,0.0867586702775822,0.0363528016338596,0.00294353988311758,0.00675758373471609,0.027344722125801,0.00800554098507353,0.00354449938866006,0.111196505899808,0.13085614343202,0.706390956375897,0.951089297802917,0.0238260119409348,0.157100694261478,0.000935597602197644,5.09857193071433,0.107082155670226,0,0.0461810852970792,0.00164398690962855,0.726354656840456,2.1885367954321,0.343094286877362,0.0854666537973821,0.53814057897852,0.000981981605061094,0.00120893885158868,0.0038633744375025,1.34541200765106,0.387051992845783,2.56414825570595,0.335573590201224,1.71328052032821,1.8327547185406,0.023802455486722,0.00682239815012972,0.00529658468909548,0.103935633074073,0.0127393490495104,0.0269837360152009,0.0450245125181231,0.00213182566095932,0.000533502018841017,3.93904234354258e-05,2.43117316110968e-05,0.000343471484654522,0.00399203062905895,0,0,0.000155030197277283,9.88899268001975e-05,2.68897170423269e-05,0.00226527053100431,0,7.44913025626363e-05,0.000275266158876336,5.96255986605764e-05,8.67039797707262e-05,0.00839659040029988,0.339039545086178,0.000617134351867432,0.000156581177451241,0.000105770949763543,2.28334363264799e-05,0.0196769891524989,0.0703508991600595,0.11216457351195,0.0196682894392822,0,0.00181675220687425,0.17779213898921,0.0229305219206161,0.000284733007370424,9.00571599278451e-05,0,0,0,0.00811935726904424,0.164756623762988
0.000940504262239122,0.206928812689486,0.00293352469676045,0.169070086338407,0.00909866924855254,0.0138760993356651,0.263701800409019,0.0262507780163544,2.37961483944864,0.0516134974733208,0.00509682444590393,0.118608092014176,0.0484165283996922,0.0170289839119611,0.138907422295856,0.287712564570806,0.000431728952996695,0.00138259179143632,0.000521075059334117,0.189241348913784,0.0549688494965444,0.945345149796339,0.0461810852970792,0,0.0678183357862309,0.00734900461467614,0.42360314190324,1.59899488154636,0.113545730415323,0.0132280682765931,0.00172352070575733,0.00458657610358218,0.0453573659670622,0.0858010431500493,0.0457889001858863,0.554590259968034,0.0419256573882154,0.11823321618999,0.0834023505135213,0.132720543997884,0.0245384178790271,0.00921750726828576,0.344945589497163,0.00925278370483246,0.157455404528785,0.0649608681793535,0.111531598275936,0.0252996535314248,0.00482963243414344,0.000784377875712851,0.00369362519396306,0.00168207827635358,0.012987706336309,0.00124487570684485,0.00384822111053693,0.0978252855795641,0.0228098257104273,0.262272685256407,0.0317727517757072,0.0013585136969625,0.0329509836613584,0.00129424357991465,0.013085155554695,0.0113233105704475,0.185171094834181,0.000159551402409601,0,0.000128463396776915,0.0141661301328283,0.0297158775182198,0.0419084464868563,0.0272454077759738,1.29202687556419,0.00163572323842288,0.000575755466361648,0.0289462507636803,1.01921955085155,0.0385543569216291,0.00172672012006244,4.36207326427459e-05,0.00127843744630297,0.00549578413279214,0.0850138783404802,0.0212940577841022
0,0.343158322453816,0.00120903002477918,0.000114909993055284,0,0.000549825101684642,0.00104490817663441,0.00201619247627589,0.117654287739798,0.000811664073754422,0.0306597351191554,0.0012304167803165,0.578240713262451,0.00118780700353064,0.0016216330875892,0.00395946535756191,7.24446956212878e-05,0.00129484801032347,0.000238274558309961,0.000183640507771105,0.00127821032448384,0.118501004151387,0.00164398690962855,0.0678183357862309,0,0.0493887785474713,0.583951323647106,0.0068017981626951,0.000738157022931326,0.000217943660030473,0.0216080791923905,0.000792082680301335,8.14442394360065e-05,0.205537722590692,0.00265961652999077,0.0217344111375813,0.112934533323038,0.0560348637227488,0.0139708838301893,0.00417802972543772,0.0124597549906479,0.162991062017769,0.00484385521513703,0.011391170178242,0.00986414759360561,0.00239944145724566,0.00123482648880923,0.000529187974764764,0.0186413331359383,0,0.0395651631607465,0.00159056638270334,0,0,0.000134908948905396,0.000736551025239093,0.000833985657999531,0.00198110885622647,0.000181295295111609,0.0880011248867712,0.000248037456345708,0.368631940769932,0.000483941288010275,0.000221374309492231,0.000102767138340092,8.30055485610128e-05,0.00109323845705494,0.000330984738416458,0.000119515632367349,0,0.00103160383832345,0.000139587092849666,0.0035441413176331,0.137416994537597,0.0777083112238105,0.311549348335025,0.00179880069192621,0.000146894992943227,0.000117990261737287,0.048418622197083,0.000671023553860593,0,0.0110773966799812,0.00122211706202725
0.00515759273581094,0.0285165924482901,2.28240828089481,0.00257477700841172,7.7063715225071e-05,0.013510681512171,0.0743968928292123,0.0849851827879066,0.00735090662716165,0.112025106321587,0.342679812243805,0.0888188142572593,0.0494384082538035,0.170821431887447,0.00283125175181776,0.00554178905272759,1.16723941751487,0.109855233762034,0.514346985079181,0.0109151961578968,0.173195135741133,0.00589085180750939,0.726354656840456,0.00734900461467614,0.0493887785474713,0,2.25054865850572,0.0225148064273419,0.112249496670668,0.081223627253684,0.0501216647692294,0.024801678554328,0.000858523086746844,0.849370970949188,0.0366907299086312,0.814024931708213,1.01360161393101,0.903130070043945,0.638054462596809,0.00557654228099335,0.010581369733062,0.0511055013440072,0.027750764193732,0.0225658998389897,0.0290958285518062,0.0225390377382092,0.000983373591926109,0.000209884094196653,0.000686915066373158,0,0.0491942166095078,0.0220014949364225,2.72223305494726e-05,0,0.000223627393381238,0,9.19535627244416e-05,0.00159860931058636,0.000220743635381889,0.0161511544455122,0.00057720323955248,0.0883423562855968,0.000152915585616803,0.00140757015085511,0.00043977466292057,0.00323275199146263,0.018789160418787,0.00495570640096831,0,0.000175762691080773,0.0018934848592379,0.000929256412435379,0.00104017851824126,0.0401554533875963,0.74849622733616,1.69761801338264,0.000371639213929599,0.00042413573626225,4.06950246815682e-05,0.0376317364997283,0,0.000115464959168661,0.00832949415541354,0.0215255452203858
0.00372551062024364,2.21710990353309,1.95852382565206,0.00103395052561662,0.000337834835336291,0.00903145066553715,0.0766390593177514,0.0556544148800133,0.386705010872959,0.0877397711918859,0.0873520442273187,0.0695463313276013,0.102822830254607,0.138133847936107,0.0240134107622048,0.692345719989017,1.33829535783634,0.0903362574021885,0.233853369142536,0.00987074667051928,0.279414697342081,1.49554594403287,2.1885367954321,0.42360314190324,0.583951323647106,2.25054865850572,0,0.111383341643394,0.0796961572165427,0.0849010954011711,0.0534428077496209,0.0092326415944118,0.00100493602215863,1.31418775011472,0.291827863496949,3.94244873538678,1.55274447176342,2.27804940379369,2.21982051086499,0.0161435138146358,0.0166382854617213,0.0181139915111243,1.03139158834783,0.170340818741226,0.373932189270008,0.4214853899832,0.0136665982314155,0.00445665384888648,0.00144600204068353,0.000186954089996248,0.717971683911173,0.741216402130761,0,6.90978939606428e-05,0.000455368449282938,0.0023872882757512,0.00175563334724326,0.0136823957517766,0.000533023570795828,0.0126865419093847,0.000854172724115427,0.0788793619757417,0.00244799329757538,0.0185188366130368,0.499962513588044,0.0542904081747803,0.0228842430771595,0.031959129485911,0.000186632131206059,0.0318075690908141,0.461679885148698,0.259725042259065,0.0275861862342244,0.0927010613258446,1.09217739204901,9.41817299329397,0.0413043273028482,0.00524864830743645,0.00362724531916676,0.0312723444392269,0.000304188763771748,0.000838816028008952,0.128445171844469,0.210864604475648
0.00220267186453488,0.0125297361293707,0.0405372941629024,1.00621451004652,0.00972892782276053,0.0844910364680274,4.22725755252779,0.213905579766849,0.512354671308011,0.840252722813408,0.0206007450325571,0.516061798829945,0.0367117781890468,0.127502894453596,0.213519282722415,0.232555120896256,0.00923542635215178,0.0066239577605441,0.00530060801967565,0.996953567962374,0.437103091118389,0.107993477435872,0.343094286877362,1.59899488154636,0.0068017981626951,0.0225148064273419,0.111383341643394,0,0.358621712919575,2.09460541550961,0.000511418643314755,0.0153753020156297,0.123871650366598,0.363985230561224,0.140363989717625,1.26760148259688,0.0796908394030055,0.480831133320655,0.304977395772329,0.171011830154877,0.0673692404676968,0.0084969097444679,0.254816374272546,0.00715727631671296,0.106208117150333,0.0461363911940035,0.0946205007563383,0.0182604781239256,0.00342491925898651,0.000464669975922382,0.000665333835104215,0.000328200593116384,0.0147199321477948,0.000905323162171238,0.00247020796327779,0.115158807899846,0.0154581463969373,0.167399755282761,0.0381625733668683,0.00052561120843451,0.0414457453184611,0.000544050518737519,0.00835001500996563,0.0105988324449525,0.157027196536246,0.000149537023951924,0,0,0.017626231597315,0.022917720916694,0.0352881512364011,0.0386750076657561,0.88867046483227,0.000243107580053872,6.65843406824231e-05,0.0202477358464094,0.886463793011951,0.025517224684655,0.00122805331607908,0,0.000500028785636497,0.00310580391000809,0.0622124064276544,0.0295461283528641
