0,0,206.180591583252,3.49995857477188,0.494552075862885,20.3913582265377,7548.78932052851,850.054356873035,2.16846615076065,119.949291169643,29.883199095726,38.8621124327183,4.88927924633026,10069.0924589038,4.60511088371277,27.9550358653069,1115.46858471632,37.6435135006905,52.1269360184669,6.14503616094589,292.36956256628,0,1446.84619092941,40.7337090671062,2.42415308952332,47.2871116101742,53.8904312551022,182.845910966396,7859.13159476221,4521.95920470357,1.44184595346451,7.77318251132965,29.1930115818977,264.388255208731,1.22232604026794,50.2163498401642,5.72068724036217,86.6637219190598,21.0995814204216,9.44900518655777,2.92146050930023,8.34041666984558,0,1.54728835821152,1.0553081035614,1.52642619609833,0,0,0,0,0,0,0,0,0,0,0.534516572952271,7.30754137039185,0.535116612911224,1.35171329975128,2.38885378837585,2.23377633094788,1.09848380088806,0,3.26683402061462,0,0,0,0,1.75756049156189,1.2455130815506,0.447940409183502,14.3681263625622,0,0,0.484386086463928,15.9967042207718,0,0,0,0,0,0.803544998168945,0
0,0,9.32012635469437,0.422597080469131,11.5108199119568,4.1935185790062,4.1693167090416,2.87842255830765,3004.7805531621,4.29331594705582,534.568721473217,6.32022696733475,2665.44523650408,4.74687790870667,66.2512700855732,128.7923386693,12.501978456974,13.0281785726547,13.1053735017776,0,8.98192411661148,4648.89142566919,9.69221523404121,4442.42831248045,3761.35837799311,146.772312909365,7541.1776252389,84.789176017046,0,0,185.054236233234,0.696307241916656,0,48.6126915812492,2.78093045949936,56.9385279417038,49.8775463700294,49.0734830796719,20.4642339944839,25.1337316632271,0,406.712260365486,212.997369915247,26.6700422763824,107.726452767849,57.1256983876228,2.53509521484375,4.76056158542633,47.2967968583107,1.42615020275116,1569.18935114145,273.46438780427,0.568693995475769,0,0,11.4945688247681,8.2139767408371,418.869926303625,8.53793656826019,34.1430906057358,0,247.145094543695,11.3748145401478,5.48766285181046,64.5178014338017,85.1649342775345,13.4397889971733,16.2739625573158,0,35.9190312922001,978.1728977561,139.858002781868,445.203781425953,93.5257168412209,290.852574467659,4384.19119051099,181.035414129496,5.31786808371544,14.6455355584621,35.5858101248741,0,2.32235014438629,44.4016064107418,11.5417173504829
206.180591583252,9.32012635469437,0,2.45297333598137,26.2067522406578,59.696597725153,1673.09514114261,3410.32205203176,1.86654478311539,207.800963491201,253.866990983486,18.9374839365482,91.9910628199577,3228.83294478059,37.9281240999699,75.8346348404884,37400.7120448947,466.404959440231,1089.22746410966,8.03384697437286,3341.58409297466,20.9872812330723,70889.1458613276,19.6598135828972,29.5338117182255,17593.1690556407,38349.2421365678,185.512616455555,371.817687481642,2625.96600553393,246.479084461927,20.6620355248451,34.2020311653614,3343.20228084922,657.227896869183,9703.69831696153,1359.66019144654,5868.87006565928,3895.25661292672,44.7017322480679,56.659413844347,70.4571620821953,672.577917486429,49.1388872563839,275.459051281214,258.042092174292,15.2281579375267,7.85269302129745,3.49429395794868,0.830103576183319,72.4323918223381,3086.40578171611,1.27946376800537,1.41283237934113,0,47.4142757356167,1.54000636935234,9.05344718694687,0,10.1016220748425,0,7.22832554578781,11.5268990695477,12.3718277215958,163.837407618761,158.544202715158,11.48769313097,15.1711547374725,0,49.1156668961048,73.8025489151478,1287.70218324661,130.112912893295,6.09605479240417,296.793593853712,5536.39946267009,143.089636832476,2.13510480523109,43.6180436909199,13.8264394104481,0,1.75076019763947,92.4536113142967,288.618854403496
3.49995857477188,0.422597080469131,2.45297333598137,0,294.596316933632,732.614145874977,66.682896643877,779.893232226372,2361.41744920611,5668.32565194368,70.8378154039383,10531.4115678668,9.67696663737297,289.375850915909,1284.83901539445,4.71982932090759,0.687427878379822,16.4209782481194,12.2711738944054,11067.2824144661,4.55577048659325,8.21073740720749,1.83420822024345,2495.10234022141,190.32039141655,20.143058270216,9.7210465669632,6931.92026057839,150.549444705248,5.46260094642639,1.14731124043465,55.0586742162704,0.739591389894485,186.430149435997,29.5045553445816,375.077212810516,21.622718334198,118.041195958853,42.4889959096909,1663.58524301648,31.4573897123337,78.9116710722446,83.0170261859894,1.11070823669434,59.7808910906315,15.0824391841888,72.3407141268253,15.4099341034889,23.4134874939919,0.808316648006439,4.09627968072891,0,762.10400724411,3.82764840126038,87.8373566865921,9.47690242528915,340.848040878773,513.257996916771,1451.6003575325,6.19005969166756,760.657768130302,2.19977742433548,86.0094628930092,88.894750803709,1.29352903366089,0,3.37200793623924,0.990070521831512,322.632611572742,2.54817008972168,10.3553386926651,0,1198.13408178091,1.70466911792755,9.47838786244392,1.38489133119583,2322.00967052579,23.4855127930641,0,0.306269973516464,0,0,40.3183959126472,2.640529692173
0.494552075862885,11.5108199119568,26.2067522406578,294.596316933632,0,2846.28856423497,24.0455063283443,235.367441534996,543.056968033314,160.376151353121,8.20921277999878,708.043661862612,0,29.0965293645859,6233.91705799103,44.1511572599411,7.60321050882339,0,0,126.119260460138,268.066553205252,17.1614248752594,562.648113131523,700.436722129583,35.1109070777893,6.4337317943573,88.6270934641361,438.352542430162,52.0636476874352,33.3028448224068,0,2611.36956205964,0,3904.54379183054,791.695688009262,498.602597117424,87.8477803468704,31.3624295592308,239.013181865215,10270.20685637,2901.62986189127,25.1878290176392,1.18486726284027,6.95374524593353,3.00072532892227,32.7296817302704,2.75259321928024,0,3.82475435733795,0,0,1.33831179141998,5.34939789772034,0,0,0.596547961235046,0,9.08915883302689,6.41757500171661,1.09584105014801,4.51331704854965,0,0,1.92411923408508,5.72556054592133,0,4.11147356033325,0,0,3.99328583478928,1.01982176303864,13.1450780630112,18.5338640809059,0,2.19358730316162,6.43471884727478,20.7235802412033,0,0,0,0,0,0,906.70975908637
20.3913582265377,4.1935185790062,59.696597725153,732.614145874977,2846.28856423497,0,5774.54269477725,20372.6926871836,435.883468091488,25501.6556848586,216.541751891375,12638.9511417449,18.3121780157089,1373.23500776291,5831.17296093702,16.236379057169,64.1755191087723,47.7691683471203,43.8966934084892,589.116742372513,181.096397250891,10.0795140266418,152.730357080698,742.159132897854,956.968822449446,75.3902134001255,53.3729615211487,2991.85662984848,490.000536426902,73.0875694453716,11.0777121782303,737.699375122786,6.40894135832787,983.479072421789,5134.24498590827,6248.08633130789,204.685700178146,636.715339064598,479.318934828043,8848.37141105533,957.081446170807,791.188119530678,175.182615578175,3.17297792434692,95.1668303012848,47.6611116528511,79.0441551208496,15.6073766946793,109.486970424652,0,0,0,52.43078571558,7.44935494661331,23.0865984261036,1.36196136474609,385.822891384363,187.869073390961,272.937315642834,2.63370525836945,90.8479312360287,4.22339916229248,270.380153238773,11.5026370584965,3.42527741193771,0,0,1.88913357257843,21.8849985003471,3.13640868663788,2.97968602180481,2.34076416492462,663.743829071522,1.62052392959595,1.49968340992928,3.01265954971313,998.025979995728,45.5448392629623,4.14578425884247,0.961661636829376,4.37443292140961,0,139.975767403841,379.187497884035
7548.78932052851,4.1693167090416,1673.09514114261,66.682896643877,24.0455063283443,5774.54269477725,0,24894.4541780055,128.25741815567,28518.2864996195,783.525492936373,441.692997634411,88.2570404708385,46068.1539871693,233.020847797394,221.791468948126,1291.30255866051,279.584725230932,302.517057299614,80.0884709358215,11055.6390092224,12.1611798405647,8406.80902171135,2912.20634293556,97.0142369866371,377.362242549658,360.10627168417,76675.2224677205,7344.55108679831,10254.6535914838,32.235188305378,200.68378546834,163.821603119373,2692.97014665604,717.351672530174,3295.74727654457,268.361466228962,1914.81002220511,539.676673829556,430.209354698658,241.168203920126,215.453672200441,38.2763847708702,2.40994733572006,11.4517195224762,10.5660086870193,18.731288343668,1.30068343877792,8.05163291096687,0,1.67619055509567,1.50517696142197,17.8588555753231,0,0,1.31758379936218,56.9733637571335,77.0450394749641,110.411819338799,1.57016849517822,33.0939579606056,9.13316357135773,13.734278023243,7.84185042977333,15.5454352796078,0,0,0,7.08923870325089,5.46212914586067,9.75652772188187,11.1425004899502,254.196445792913,1.51914870738983,0.549785912036896,19.7425036430359,339.784171193838,6.42176282405853,5.1356555223465,0,0,0.716320872306824,14.0072059035301,66.7924330830574
850.054356873035,2.87842255830765,3410.32205203176,779.893232226372,235.367441534996,20372.6926871836,24894.4541780055,0,767.928117185831,17237.5072180927,677.397028177977,8443.93154788017,63.3501144647598,14443.8929395378,1534.52984011173,83.0670963525772,3418.42055404186,299.34309014678,430.686524033546,1064.28969746828,3794.13382712007,16.1399095356464,7382.96492296457,2672.02949556708,1972.86779227853,514.505786091089,374.426846057177,6461.14914175868,1754.24502596259,5013.59424969554,20.6626353263855,1552.5585231781,43.2746135592461,1804.21957591176,360.2722260952,7366.04485629499,417.949038356543,1211.43040984869,776.542974978685,3845.86715868115,440.058353036642,1557.08426296711,717.348137766123,10.6869809627533,485.15184161067,145.14161708951,456.188621431589,149.598722159863,185.283729761839,4.60218036174774,2.36883363127708,0.83974826335907,167.956617474556,0.871053516864777,124.23500341177,24.4976592361927,2285.26226520538,1063.15534555912,1416.24682271481,0.533600449562073,576.512868195772,9.91187444329262,698.096493393183,31.2981640100479,10.2266013622284,0,0,0,117.476176142693,7.56928423047066,5.12340098619461,6.49322319030762,3992.38019672036,0.34191033244133,0.905321061611176,15.126386731863,6511.29161927104,195.861423432827,8.9871341586113,0,0,4.35596665740013,604.161198407412,73.9612201750278
2.16846615076065,3004.7805531621,1.86654478311539,2361.41744920611,543.056968033314,435.883468091488,128.25741815567,767.928117185831,0,2358.9213142097,223.643220067024,2192.97727397084,671.871788650751,182.671709775925,2329.95864105225,438.030934154987,7.04953667521477,9.31541919708252,10.3125342428684,639.410576701164,87.4577169120312,11769.7724113464,121.783455461264,38895.2765178084,1330.55556064844,54.902804672718,7904.07982337475,6017.48852190375,101.586738407612,24.6066898703575,45.1440570056438,72.5750304460526,3.98535931110382,117.84220173955,37.7483228445053,578.880905240774,40.4267235398293,107.27561289072,46.178413271904,2070.47980692983,55.5061343312263,108.579806864262,700.395796507597,36.5911572575569,235.08239287138,141.374761879444,156.428153067827,52.6861872076988,96.4791674315929,13.1195049285889,77.6262215673923,30.7891255915165,895.685211867094,23.120655477047,121.726234763861,52.8712669610977,940.487375497818,6368.66431257129,1962.84362414479,101.029167354107,603.240025222301,25.3791349232197,549.60047134757,170.35667309165,1144.17052209377,8.74228328466415,36.639420568943,19.4717278778553,211.837182432413,512.578727573156,1762.56424576044,557.326909571886,7296.29584574699,13.6237171888351,112.129832953215,392.147357910872,6295.2775785923,181.408550262451,173.407686918974,5.83595833182335,12.7014220356941,0,258.105078756809,153.539254724979
119.949291169643,4.29331594705582,207.800963491201,5668.32565194368,160.376151353121,25501.6556848586,28518.2864996195,17237.5072180927,2358.9213142097,0,1586.06261357665,6505.45744436979,162.663640111685,7330.52023881674,733.970956534147,26.5578370392323,85.0606671571732,482.357334285975,551.875799864531,1618.66822889447,811.740053236485,5.89436393976212,337.835799515247,845.410911113024,766.467139750719,546.27292239666,153.458019167185,6526.8931556195,2443.90066485107,204.709290266037,32.8923594355583,498.60732114315,10.6412221193314,3401.82084518671,3458.44601529837,5066.30157962441,462.319318801165,1929.17748294771,522.341985791922,1380.30842974782,356.123941600323,826.066488683224,435.828508466482,12.0334898233414,312.882260203362,65.0129307806492,289.147379338741,75.8240669071674,90.0715988874435,1.21938669681549,8.34775802493095,0,970.154605343938,22.053344398737,145.199365526438,41.7545081079006,1592.32164362073,1452.94957774878,4929.04537075758,1.78056612610817,1424.58247104287,5.72209113836288,216.515955328941,98.5497609078884,1.45487359166145,0,0,0,446.883695214987,3.81171029806137,36.25584679842,0.440291285514832,4580.86791858077,4.46617716550827,1.5603911280632,4.62334987521172,9637.35327666998,57.1692886948586,6.26141422986984,0,0,0.842263579368591,325.918211936951,483.396266520023
29.883199095726,534.568721473217,253.866990983486,70.8378154039383,8.20921277999878,216.541751891375,783.525492936373,677.397028177977,223.643220067024,1586.06261357665,0,449.852993369102,9824.454600811,1958.2727945447,35.104868888855,20.9223941266537,693.231866925955,12436.910264045,2593.57667416334,128.523514449596,136.995919406414,407.259418964386,327.679972499609,488.831214278936,2649.14009016752,8937.37313812971,1107.17567703128,864.387157768011,2290.90179389715,122.004039049149,1326.03433859348,975.894413232803,9.08736953139305,16096.5558810532,113.301465392113,2847.55698662996,10879.9038335085,9031.10851353407,1667.07092732191,77.0409637093544,28.8426060080528,10075.8522371948,23.0678873956203,521.251868218184,111.661073625088,29.7997716069221,1.57038956880569,0,1574.06149691343,0,180.112252056599,4.71667674183846,3.01107946038246,0,0,0,0.574224293231964,63.8126938045025,0,2310.33023387194,9.86712580919266,8947.63384830952,11.1235444545746,1.416011095047,10.2727093398571,1.23310577869415,31.7835937440395,1.43395519256592,0,0.366437673568726,22.6909824311733,2.27073976397514,38.1961161494255,896.874112814665,951.915156364441,2522.13896346092,14.5554913878441,22.7401207685471,2.05194938182831,1881.05211266875,11.5333958864212,0,310.278563916683,87.4134692549706
38.8621124327183,6.32022696733475,18.9374839365482,10531.4115678668,708.043661862612,12638.9511417449,441.692997634411,8443.93154788017,2192.97727397084,6505.45744436979,449.852993369102,0,63.8725537955761,2529.78977966309,3143.13284003735,0,28.2789927423,159.129560381174,167.526642650366,11329.028350234,27.71849411726,9.52642899751663,38.1644531786442,1467.47501376271,766.834806442261,178.541214466095,57.7961227595806,3887.50862896442,472.421718090773,72.0296161770821,13.2192934751511,297.686714589596,1.02574574947357,1110.24431601167,10149.6799529195,2151.5032966733,166.225447297096,485.567983239889,304.265837103128,3994.10906344652,112.263972073793,638.919410258532,86.7009380459785,3.31284949183464,41.8909069597721,4.0176488161087,63.3183144927025,15.1757644414902,62.1693547964096,0,1.94938659667969,0,293.523553967476,14.1356209516525,42.3703223764896,3.21492722630501,217.725804239511,209.990869700909,723.210557162762,1.03325176239014,844.85029104352,5.52501994371414,47.6858873963356,44.8559378683567,1.74136990308762,0,1.53237250447273,0,174.304973453283,1.22310292720795,2.86105513572693,1.36020028591156,575.699942737818,0.507634460926056,1.30611523985863,2.53757750988007,1282.28648111224,13.0551546812057,6.23555397987366,0,0,0,53.503638535738,1364.48153525591
4.88927924633026,2665.44523650408,91.9910628199577,9.67696663737297,0,18.3121780157089,88.2570404708385,63.3501144647598,671.871788650751,162.663640111685,9824.454600811,63.8725537955761,0,96.6178238689899,2.4710795879364,8.51763698458672,19.1620659828186,75.9293675720692,20.5966497659683,17.6932845413685,8.99225625395775,1701.10256922245,25.5313910841942,965.340739756823,15859.1374931633,355.770385026932,3933.22248384356,120.899278134108,104.294730365276,10.9686720073223,4053.22309142351,51.8638374209404,1.51507782936096,3238.0605700314,9.00894355773926,148.949167400599,1809.61809402704,2535.30960592628,64.6715568900108,9.857825756073,3.6857316493988,4398.55516946316,45.1202965378761,908.250944048166,135.553594738245,26.7239942550659,0,0,2126.10986560583,0,569.252348899841,3.27111393213272,0,0,0,0,3.54500550031662,31.0728202462196,0,3613.49355259538,1.73748725652695,14316.3511541486,13.3299356102943,0.582567751407623,10.1772460341454,4.89291793107986,58.4942145347595,2.95127356052399,0,0,59.4707497358322,3.91770341992378,50.3058285415173,2309.86721977592,2174.36228868365,6831.63972049952,1.95534083247185,27.9403399825096,0,3290.39709204435,17.2798614501953,0,351.427897155285,6.24138671159744
10069.0924589038,4.74687790870667,3228.83294478059,289.375850915909,29.0965293645859,1373.23500776291,46068.1539871693,14443.8929395378,182.671709775925,7330.52023881674,1958.2727945447,2529.78977966309,96.6178238689899,0,281.433918207884,186.351098865271,7932.51491090655,1102.99153622985,1742.84731063247,455.587699279189,3115.81185087562,9.5455122590065,11827.8325137794,992.323645681143,686.311958342791,1542.82234445214,973.336200684309,4458.29660008848,16720.4974817038,15218.6785954237,51.2304403483868,1265.91215899587,131.089696079493,3886.04494696856,382.295198172331,3833.92355433106,406.805489987135,1327.15476551652,612.530814617872,589.190078675747,208.948476552963,1098.82881003618,130.622832924128,3.85913062095642,37.4714660048485,20.9371787309647,47.883738219738,14.6972343325615,37.3454136550426,0,0.944826304912567,14.3124907612801,20.6039992570877,1.48257434368134,19.3999600410461,1.37433207035065,80.6754688620567,246.234560459852,22.0860108733177,6.60927802324295,29.965933650732,18.6539707481861,14.0796194076538,5.48334974050522,9.11249458789825,0,0,0,3.13217711448669,13.9788903594017,6.2396439909935,5.25719532370567,805.290483623743,0,3.35235404968262,37.9405196011066,912.363435924053,6.46658337116241,3.13292038440704,0.481091946363449,0,0,26.6539100408554,57.0470544695854
4.60511088371277,66.2512700855732,37.9281240999699,1284.83901539445,6233.91705799103,5831.17296093702,233.020847797394,1534.52984011173,2329.95864105225,733.970956534147,35.104868888855,3143.13284003735,2.4710795879364,281.433918207884,0,73.1083135008812,14.5704026818275,23.8511628508568,9.72775274515152,494.741630643606,549.886967360973,133.638569891453,409.678667664528,3903.17733719945,311.53558754921,31.1919704079628,257.090071618557,2540.12955865264,88.6020911037922,127.366427183151,0,344.900219202042,2.5874799489975,122.134567141533,2178.53980538249,717.664413958788,143.701984941959,412.897967636585,861.096632182598,5654.87377524376,115.739624232054,151.661098062992,19.8784279227257,22.0515347123146,14.0711767673492,54.0693584680557,12.9147728085518,0,3.37122917175293,0,0,2.05899477005005,32.3341645598412,1.45927864313126,1.07141029834747,0.631837069988251,14.6240235567093,39.4804515242577,18.7678688764572,0,12.4916727542877,0,10.5942881703377,2.8865464925766,30.6814139485359,0,0,0,3.04810905456543,19.0320560336113,7.46062433719635,33.6159922480583,123.774793416262,0,12.1280896067619,18.6243214011192,157.079497396946,3.49956107139587,2.22127956151962,0,0,0,7.140132188797,1686.88184377551
27.9550358653069,128.7923386693,75.8346348404884,4.71982932090759,44.1511572599411,16.236379057169,221.791468948126,83.0670963525772,438.030934154987,26.5578370392323,20.9223941266537,0,8.51763698458672,186.351098865271,73.1083135008812,0,179.981990516186,13.6077996194363,48.4862135648727,2.32873493432999,3317.86693224311,10855.0728717744,5587.12213149667,5919.85177436471,132.521069705486,85.1269232928753,14254.397682637,2426.76468273997,353.379494637251,601.719029426575,10.8271534144878,2.48785406351089,53.296530008316,429.257672041655,688.145843356848,7486.90923321247,1816.9802993834,1832.37113770843,2000.39095050097,51.6570155024529,27.3050596117973,59.6121934354305,1305.70966506004,65.1941204667091,364.251785457134,310.956652790308,99.8437027931213,60.5810340046883,24.871948748827,0.876786261796951,25.2608741819859,50.1895043551922,3.04349374771118,5.05308318138123,15.0955505371094,76.0627372562885,135.951766133308,595.473488837481,11.3781795203686,1.22826784849167,8.2981361746788,1.3100261092186,173.370378404856,98.9202138185501,10119.4212598801,12.550617069006,2.31039980053902,1.79970192909241,2.27281972765923,2351.0870680809,3397.17185530066,8509.71072301269,3751.5787653029,0.921503126621246,10.2321384251118,3683.66004875302,2439.20427879691,134.472011506557,770.758857220411,0.818497508764267,3.07521921396255,11.4512107670307,204.819316029549,274.449894785881
1115.46858471632,12.501978456974,37400.7120448947,0.687427878379822,7.60321050882339,64.1755191087723,1291.30255866051,3418.42055404186,7.04953667521477,85.0606671571732,693.231866925955,28.2789927423,19.1620659828186,7932.51491090655,14.5704026818275,179.981990516186,0,1943.15130901337,9801.98032072186,8.38646405935287,1761.06955578923,32.7571070492268,16649.796374172,46.7631823122501,14.0293439328671,33585.5414374173,26219.6520464718,177.252440243959,4321.70599588752,3932.55262181163,50.0358892381191,38.3097712397575,376.808446496725,11436.195256114,136.339239656925,3953.40160185099,1019.49265402555,2036.16185000539,1043.79866880178,34.7394738793373,25.5646817684174,52.737860262394,160.115871578455,15.3945969343185,61.0881545245647,69.3507944047451,0,0.85339093208313,0.977185010910034,0,66.7629662156105,937.153654038906,0,0,0,12.2066843509674,0,2.77933317422867,0,0,0,2.72281455993652,1.01709726452827,1.2744312286377,43.0860666334629,64.4541637897491,3.19335561990738,3.93410563468933,0,5.01762384176254,31.3007210493088,213.586900502443,11.2551184296608,3.17179518938065,215.350936293602,1855.42985913157,6.60447812080383,0.488074004650116,5.02451115846634,2.36183220148087,0,0,21.6167306005955,65.9961857199669
37.6435135006905,13.0281785726547,466.404959440231,16.4209782481194,0,47.7691683471203,279.584725230932,299.34309014678,9.31541919708252,482.357334285975,12436.910264045,159.129560381174,75.9293675720692,1102.99153622985,23.8511628508568,13.6077996194363,1943.15130901337,0,6598.11956426501,54.6123190224171,136.023785948753,5.71118447184563,444.554227590561,56.9149105548859,33.8172606527805,13728.0527252257,2078.70268476009,263.570905804634,1080.38290688396,110.942920684814,388.063567817211,305.983282744884,11.8739815950394,4266.63353708386,228.640587806702,4667.6515057981,3412.2323255837,4697.34917494655,2425.62273743749,24.1963877677917,31.7714921236038,270.6470053792,13.5400963127613,14.7363195419312,2.74662363529205,8.19308337569237,0,0,6.81582751870155,0,45.081534832716,38.8622156083584,1.02118015289307,3.08026784658432,0,0,0,16.0101170539856,0,40.471930295229,0.48187255859375,76.8141269683838,0,4.52116078138351,0.639535069465637,2.46707457304001,16.1844525933266,1.50570884346962,0,0,2.73215180635452,3.76473531126976,1.67256170511246,9.04969501495361,349.85925295949,683.405231386423,0,0,0,61.1248599886894,0,0,6.93648961186409,171.871357291937
52.1269360184669,13.1053735017776,1089.22746410966,12.2711738944054,0,43.8966934084892,302.517057299614,430.686524033546,10.3125342428684,551.875799864531,2593.57667416334,167.526642650366,20.5966497659683,1742.84731063247,9.72775274515152,48.4862135648727,9801.98032072186,6598.11956426501,0,45.4736352562904,425.969227224588,13.9567399024963,1546.69814032316,64.1352669000626,17.1263390183449,13628.7278417051,3924.94758424163,273.610199689865,1477.34478592873,292.728318095207,88.7519267201424,191.360963344574,46.8385674953461,10031.8560638726,253.05153799057,6520.82677188516,1680.2649679482,4272.28453221917,2352.75357893109,48.7863052785397,40.5377806425095,53.6532167196274,31.3278884887695,7.17107057571411,10.3916737139225,11.7951418161392,0,0.482015371322632,2.25199607014656,0,53.7606079876423,110.034550637007,0.658885776996613,0,0,0.435599833726883,0,11.9304114580154,0,3.086266040802,0.74854052066803,1.55600827932358,0,7.48008581995964,3.50678673386574,9.57792046666145,3.40684673190117,0.720150053501129,0,0,5.56565579771996,9.64125880599022,2.78971993923187,5.3412789106369,245.081206083298,626.992188572884,0,0,0.534241735935211,7.03420582413673,0,0,6.45625302195549,235.959075331688
6.14503616094589,0,8.03384697437286,11067.2824144661,126.119260460138,589.116742372513,80.0884709358215,1064.28969746828,639.410576701164,1618.66822889447,128.523514449596,11329.028350234,17.6932845413685,455.587699279189,494.741630643606,2.32873493432999,8.38646405935287,54.6123190224171,45.4736352562904,0,13.6262655556202,1.50014185905457,10.6509402096272,534.64305767417,180.026315003633,53.4127103090286,20.6798189282417,1904.57382923365,154.880308836699,19.7776228785515,4.0822978913784,57.5293806493282,1.11986768245697,173.186478167772,24.508563131094,454.061339944601,35.7060644030571,121.705556422472,41.5809284448624,751.893752604723,20.6399461627007,108.123747229576,70.4313926100731,0,38.3091439008713,17.8061452507973,54.0135941207409,14.6280077397823,15.2815106809139,1.27399098873138,0.417137175798416,0,163.337839871645,0,22.7625279426575,5.3581457734108,236.683790266514,161.582549214363,651.80850225687,0,333.92161667347,1.64819702506065,29.1031965911388,15.9794854223728,0,0,0,0,50.7233007252216,0.778835415840149,5.43349671363831,1.18995535373688,527.002722769976,0.374843090772629,0,0.473611950874329,1105.74362394214,11.5754688084126,1.12360841035843,0,0,0,51.4016908109188,2.32814019918442
292.36956256628,8.98192411661148,3341.58409297466,4.55577048659325,268.066553205252,181.096397250891,11055.6390092224,3794.13382712007,87.4577169120312,811.740053236485,136.995919406414,27.71849411726,8.99225625395775,3115.81185087562,549.886967360973,3317.86693224311,1761.06955578923,136.023785948753,425.969227224588,13.6262655556202,0,162.903455108404,59719.64560467,788.758980721235,160.190812975168,566.44563794136,1864.20529863238,14861.7164474726,3263.38640141487,46594.6141667962,9.40370580554008,30.7898046076298,1579.57736238837,18326.7057737708,4163.85816776752,23552.0426149666,2016.02575799823,20900.1540672183,11496.3402850032,238.800704866648,146.476547211409,105.200297772884,1117.66230115294,34.7984848320484,258.298934429884,218.596756398678,132.22414585948,57.3461142480373,36.1277237534523,2.29008483886719,3.55456846952438,7.62051421403885,1.32775875926018,7.19073581695557,27.269612044096,54.1451888680458,145.570478022099,129.657207965851,9.99284827709198,2.57563945651054,3.56540316343307,3.57078093290329,194.55250903964,88.9964425563812,737.517114967108,4.48857545852661,0,0.561787486076355,3.15608617663383,676.492281585932,234.302631288767,364.231683045626,2203.12308630347,0.497375845909119,2.56260964274406,204.495708882809,1713.37617945671,119.512519210577,744.109597682953,0.406321316957474,4.85537230968475,5.54240357875824,183.192449450493,736.453212112188
0,4648.89142566919,20.9872812330723,8.21073740720749,17.1614248752594,10.0795140266418,12.1611798405647,16.1399095356464,11769.7724113464,5.89436393976212,407.259418964386,9.52642899751663,1701.10256922245,9.5455122590065,133.638569891453,10855.0728717744,32.7571070492268,5.71118447184563,13.9567399024963,1.50014185905457,162.903455108404,0,827.644297361374,17240.4905875027,2200.93298947811,76.0486864745617,16951.9136941135,401.784769266844,7.8532737493515,6.91448122262955,105.986506074667,0.424454897642136,2.00785601139069,52.5583302080631,13.7640316486359,213.017749637365,67.659396469593,102.704880654812,58.5913258194923,49.8858252465725,0.616856276988983,236.122422277927,293.119087785482,34.9136080145836,104.890727519989,75.0496980249882,17.2401620149612,7.78531849384308,10.3754644989967,0,192.460850954056,139.597557753325,4.26807343959808,2.56591415405273,3.44163024425507,16.4199270904064,13.1871663630009,431.977722704411,7.90559485554695,8.01313084363937,12.2704833745956,46.6722033619881,10.7555262744427,25.5132598280907,2844.9963016808,17.0831404924393,2.89121544361115,6.92898324131966,0,392.980095148087,2702.3960583806,1507.21729645133,1090.31456267834,20.9294551610947,85.8250850737095,4053.36780184507,431.160861164331,13.9314360320568,86.8965339660645,8.99790087342262,0,0,30.1446218490601,31.6736758351326
1446.84619092941,9.69221523404121,70889.1458613276,1.83420822024345,562.648113131523,152.730357080698,8406.80902171135,7382.96492296457,121.783455461264,337.835799515247,327.679972499609,38.1644531786442,25.5313910841942,11827.8325137794,409.678667664528,5587.12213149667,16649.796374172,444.554227590561,1546.69814032316,10.6509402096272,59719.64560467,827.644297361374,0,1548.192088902,96.8539827764034,4433.94225612283,29160.0844689906,4315.56801882386,4416.67379844189,15953.5963933468,25.6239474713802,45.5506647229195,812.552405953407,16803.9825398922,5146.25373071432,47396.9594325721,10300.8523744643,32287.2982696891,26584.5357135236,351.299330472946,177.633436381817,185.403460144997,718.030266553164,40.3730683624744,209.576498866081,210.213771730661,52.5856853723526,18.9752458930016,7.56166127324104,1.42494165897369,18.9852764904499,282.001867562532,1.12313425540924,17.2626764178276,2.54391878843307,49.010647892952,49.1258547008038,267.345125406981,3.23151397705078,1.82183456420898,4.09226235747337,3.15679976344109,37.9622774422169,82.7412915825844,5710.93096184731,15.6374599337578,0,1.31072479486465,2.56437939405441,1263.59544113278,1001.84032383561,6674.81149306893,1602.30039742589,0.63077700138092,23.9104023575783,5307.16149058938,1238.89820545912,35.1099789440632,423.901216208935,1.26185011863708,0,0,119.689956575632,1524.82287317514
40.7337090671062,4442.42831248045,19.6598135828972,2495.10234022141,700.436722129583,742.159132897854,2912.20634293556,2672.02949556708,38895.2765178084,845.410911113024,488.831214278936,1467.47501376271,965.340739756823,992.323645681143,3903.17733719945,5919.85177436471,46.7631823122501,56.9149105548859,64.1352669000626,534.64305767417,788.758980721235,17240.4905875027,1548.192088902,0,2666.83816209435,153.039600729942,11524.6635406017,11520.590809375,1266.44478312135,236.777413249016,80.7019801139832,142.868684053421,98.9975565969944,900.865349948406,629.985261976719,4406.15423643589,261.167255342007,885.001789182425,428.745353668928,2218.44934943318,151.443959981203,358.269550144672,2610.69057738781,93.5188478827477,1240.47140538692,684.601063102484,782.077273964882,382.911348134279,268.133819133043,10.5976260304451,152.078131645918,52.553308069706,712.40788140893,33.6310835182667,388.237226456404,102.322744160891,4911.24706524611,5188.93655511737,4045.59773442149,23.3676356971264,1116.96861189604,26.9482651054859,2727.94740739465,245.37787052989,1160.7493480742,3.25893104076385,0,3.39686727523804,278.750724762678,719.139105200768,1309.77711763978,621.610260814428,15784.9548814595,39.4354044497013,38.1048770546913,733.736702203751,15385.3058230877,756.590666919947,369.482725143433,5.05493572354317,36.9128417670727,9.33000063896179,1402.87593752146,245.619055837393
2.42415308952332,3761.35837799311,29.5338117182255,190.32039141655,35.1109070777893,956.968822449446,97.0142369866371,1972.86779227853,1330.55556064844,766.467139750719,2649.14009016752,766.834806442261,15859.1374931633,686.311958342791,311.53558754921,132.521069705486,14.0293439328671,33.8172606527805,17.1263390183449,180.026315003633,160.190812975168,2200.93298947811,96.8539827764034,2666.83816209435,0,284.451854497194,6562.95715668797,1182.00362744927,229.795542478561,44.9303029179573,1369.84679442644,733.570733845234,1.33081859350204,957.875137031078,34.4693998098373,1062.79989340901,225.493259578943,2064.75438898802,2007.53884214163,917.034941643476,956.999659597874,2134.35881638527,813.792990416288,136.059150248766,428.991088807583,369.809962421656,728.178588181734,376.940395116806,521.802120745182,0,772.651461154222,28.3886655569077,169.766568928957,41.91495642066,126.041865229607,48.2948867082596,997.813371807337,119.620482802391,611.766462206841,495.69262111187,358.915878862143,3010.93296226859,934.180740296841,98.6637134552002,18.5852891504765,31.5880505442619,33.6875299215317,14.3128762245178,90.2859287559986,16.4332620501518,108.409363657236,12.1442963480949,559.214215666056,1948.57032591105,995.062120527029,5711.9298453927,1295.38021570444,156.537008732557,14.8248291015625,722.725245594978,84.851997256279,0,804.743629917502,42.2416388988495
47.2871116101742,146.772312909365,17593.1690556407,20.143058270216,6.4337317943573,75.3902134001255,377.362242549658,514.505786091089,54.902804672718,546.27292239666,8937.37313812971,178.541214466095,355.770385026932,1542.82234445214,31.1919704079628,85.1269232928753,33585.5414374173,13728.0527252257,13628.7278417051,53.4127103090286,566.44563794136,76.0486864745617,4433.94225612283,153.039600729942,284.451854497194,0,43929.4150004089,337.791839510202,1218.25880345702,328.178799003363,1887.93800011277,240.118230938911,36.5965168774128,8589.97482201457,791.305905371904,20068.6406808794,8240.62114536762,9379.93829780817,6026.70406919718,80.6224249899387,111.924708396196,312.057196050882,704.719542592764,286.311935007572,424.660440981388,281.899132698774,12.3795219957829,2.75667238235474,22.5170576274395,10.2128084301949,1252.13443744183,3242.7848329246,4.01551848649979,9.02562046051025,0,73.5134147703648,5.97247785329819,48.2957242131233,0,575.543385416269,0,1617.73573052883,28.464452445507,13.3851646780968,25.6066471040249,430.396261900663,260.03283277154,87.5465727448463,0,23.9444074928761,51.8645401299,266.12691500783,66.8207299411297,410.119789421558,9400.69267255068,19803.973015368,29.5050951838493,30.0632556974888,45.2115910947323,1481.61223635077,3.41931223869324,0.78167200088501,269.407763272524,621.460955679417
53.8904312551022,7541.1776252389,38349.2421365678,9.7210465669632,88.6270934641361,53.3729615211487,360.10627168417,374.426846057177,7904.07982337475,153.458019167185,1107.17567703128,57.7961227595806,3933.22248384356,973.336200684309,257.090071618557,14254.397682637,26219.6520464718,2078.70268476009,3924.94758424163,20.6798189282417,1864.20529863238,16951.9136941135,29160.0844689906,11524.6635406017,6562.95715668797,43929.4150004089,0,1683.80842253566,610.652639597654,359.58615514636,3460.13850200176,52.2072796225548,45.6222730875015,8849.3857921958,2173.07772612572,39759.0769495368,7484.11115595698,19424.3135790527,14387.5069909692,252.09905475378,208.550149202347,205.544125199318,7349.06615370512,1055.84583029151,3451.71856158972,2936.1595223248,80.0189646482468,58.0813503265381,65.2234595119953,20.235397875309,13055.2514822483,23284.5919580162,5.98397350311279,5.51637864112854,8.52278432250023,612.454015478492,54.6487234532833,543.443330198526,5.35870239138603,517.482653826475,2.74728351831436,1119.50728827715,118.475691080093,53.2381654083729,6394.45963910222,3157.51445686817,480.533683091402,519.142676442862,0.349815964698792,788.487881779671,4557.13675075769,16533.6099389195,1784.08130532503,1182.88640901446,24703.117125541,139203.142710835,1314.12691786885,69.8350124657154,425.550167620182,1122.67116317153,4.65768152475357,8.52274057269096,1383.84907881916,1391.62017011642
182.845910966396,84.789176017046,185.512616455555,6931.92026057839,438.352542430162,2991.85662984848,76675.2224677205,6461.14914175868,6017.48852190375,6526.8931556195,864.387157768011,3887.50862896442,120.899278134108,4458.29660008848,2540.12955865264,2426.76468273997,177.252440243959,263.570905804634,273.610199689865,1904.57382923365,14861.7164474726,401.784769266844,4315.56801882386,11520.590809375,1182.00362744927,337.791839510202,1683.80842253566,0,8853.98341536522,30882.6520668864,32.3515885770321,418.380536258221,1289.82036912441,5458.61982876062,3155.63156172633,14253.7270308137,612.647566586733,4748.30490612984,1623.60581591725,2643.3178691268,703.650777697563,586.650835126638,1648.947416991,38.2750504612923,660.665354758501,312.469692140818,602.330577522516,218.379295378923,184.589338690042,0.928192645311356,17.0990312695503,10.6858380436897,1141.30057054758,30.5211946368217,282.572760224342,66.9102089107037,3136.95435419679,2455.78524079919,5544.51666525006,6.32355189323425,1458.94400009513,3.20936459302902,1550.27733686566,212.531855732203,238.719981849194,1.41410911083221,0.727105021476746,0.360795855522156,540.127272650599,131.661414057016,160.18093958497,122.465045839548,9048.3405175209,6.25226241350174,7.81317088007927,176.419120788574,13182.6397409439,412.706676036119,136.922318249941,2.76808059215546,6.85911709070206,5.62278753519058,893.045818269253,377.272686988115
7859.13159476221,0,371.817687481642,150.549444705248,52.0636476874352,490.000536426902,7344.55108679831,1754.24502596259,101.586738407612,2443.90066485107,2290.90179389715,472.421718090773,104.294730365276,16720.4974817038,88.6020911037922,353.379494637251,4321.70599588752,1080.38290688396,1477.34478592873,154.880308836699,3263.38640141487,7.8532737493515,4416.67379844189,1266.44478312135,229.795542478561,1218.25880345702,610.652639597654,8853.98341536522,0,20012.1142054498,85.4419509470463,959.774791032076,4196.17818450928,9779.75797428191,314.529218733311,1495.30836306512,341.788016289473,1601.2654325366,367.433568716049,157.997364938259,255.579898506403,387.346482753754,96.9433476924896,2.86887240409851,25.4814019799232,16.6481041312218,19.3212531208992,4.78384065628052,16.7527783811092,0,6.18181347846985,4.57961371541023,11.1406158804893,0,1.3828980922699,0.50969523191452,16.128137588501,96.7602199912071,2.42760288715363,5.88932907581329,5.5921835899353,13.761767745018,9.26583880186081,9.0836900472641,35.0100531578064,0,0,0,0.918739140033722,43.0820179879665,20.3896796703339,15.1029635369778,462.747048527002,3.40564233064651,8.23292100429535,36.1216218471527,401.978872448206,3.90091717243195,13.9263290464878,0.904516339302063,0,0,16.7771534919739,63.6317919492722
4521.95920470357,0,2625.96600553393,5.46260094642639,33.3028448224068,73.0875694453716,10254.6535914838,5013.59424969554,24.6066898703575,204.709290266037,122.004039049149,72.0296161770821,10.9686720073223,15218.6785954237,127.366427183151,601.719029426575,3932.55262181163,110.942920684814,292.728318095207,19.7776228785515,46594.6141667962,6.91448122262955,15953.5963933468,236.777413249016,44.9303029179573,328.178799003363,359.58615514636,30882.6520668864,20012.1142054498,0,4.10332438349724,35.4935670793056,3147.32802221179,7820.12657430768,695.564424782991,3350.72533363104,161.442593753338,3899.45321816206,1165.66563203931,74.5988612771034,47.7613584399223,24.3019985556602,107.5982645154,3.79490804672241,16.728483080864,23.2026117444038,9.49764788150787,4.86546540260315,2.5609518289566,0,0,2.66573652625084,0,0.667843043804169,0,0,1.13409721851349,30.0580298304558,0,0,1.35758781433105,0,8.97392916679382,7.82723069190979,56.4016042649746,0,0,0,0,60.32729190588,30.4472722411156,26.1923727095127,191.192585945129,0,0,39.444920450449,182.617436259985,3.1923816204071,15.6783413887024,0,0,0,16.2306197285652,138.670991182327
1.44184595346451,185.054236233234,246.479084461927,1.14731124043465,0,11.0777121782303,32.235188305378,20.6626353263855,45.1440570056438,32.8923594355583,1326.03433859348,13.2192934751511,4053.22309142351,51.2304403483868,0,10.8271534144878,50.0358892381191,388.063567817211,88.7519267201424,4.0822978913784,9.40370580554008,105.986506074667,25.6239474713802,80.7019801139832,1369.84679442644,1887.93800011277,3460.13850200176,32.3515885770321,85.4419509470463,4.10332438349724,0,24.985800743103,1.22092688083649,366.527991384268,11.9546636044979,380.084022015333,1248.99163532257,487.788957208395,223.092986524105,3.21306574344635,3.79218912124634,96.6957903802395,90.8948380947113,235.785313814878,78.1577083468437,60.3060845136642,2.9060275554657,1.27569827437401,77.919280230999,0,155.582545906305,23.9913590848446,0.991914629936218,0.877396047115326,0.581158339977264,5.58476302027702,0,10.4774430692196,4.74646589159966,984.265071243048,3.90208280086517,2812.4313378036,19.0846084058285,0,3.26950654387474,2.05784672498703,101.762955486774,6.12771970033646,0.414800107479095,0,20.2873756289482,5.34978803992271,11.6058530807495,503.183495014906,2988.46299538016,6878.82637840509,5.53468915820122,20.5841610729694,1.78298884630203,2117.5017003417,11.4521479606628,0,86.8243893384933,18.37149477005
