0,11.2395626008511,662.967819958925,7.88809657096863,0,204.828747868538,7041.84398061037,2358.70054957271,32.9750764369965,140.136394619942,71.6079125404358,25.4818172156811,6.59500870108604,11784.6461204886,9.23916965723038,1.14234185218811,1598.16860568523,134.778282672167,636.426364421844,7.33133697509766,202.636873453856,15.5105640888214,1690.33648470044,137.117983281612,5.70036694407463,669.69603523612,763.725363403559,317.981894791126,7643.79128006101,4583.11525553465,4.428396910429,54.1692595183849,51.4082646965981,246.52614787221,19.9944112896919,133.253140777349,33.7504576146603,256.054826945066,29.3055295646191,36.4918222129345,14.933366060257,8.55814552307129,22.8640346229076,3.4795948266983,9.82539963722229,5.38648229837418,7.39995622634888,1.44004058837891,2.2092724442482,0,4.40486621856689,7.46196976304054,0,0,0,9.92280474305153,0.688898146152496,4.86940288543701,0,0.621551334857941,0,0,1.85131061077118,0,2.59832936525345,4.36434829235077,0.606230080127716,14.5925360321999,0,2.63597449660301,0.70069146156311,6.47459372878075,33.2631578147411,0.422693729400635,22.6641663610935,58.4000415205956,30.8000128567219,3.24305653572083,1.13863456249237,0,0,0,5.6300211250782,4.48931872844696
11.2395626008511,0,1021.48429197073,6.35507181286812,18.1856374442577,11.8155111968517,67.3453899919987,42.3100727498531,2808.69561073184,38.4897964298725,737.385669142008,24.3294216394424,1879.93962684274,78.2864336073399,333.850192904472,430.962219804525,887.639374911785,52.3636024296284,214.415365755558,3.53811764717102,346.853328794241,3983.47694173455,628.368544459343,5519.64267501235,4213.39262416959,920.717992246151,43987.5608390272,492.046852827072,155.12526139617,97.2835409939289,43.3333865404129,24.3687822818756,44.8058778643608,541.855832755566,176.668176949024,1632.75891152024,543.223564088345,845.07254076004,321.455852150917,172.004116415977,16.6946795880795,629.431073665619,553.469641417265,283.978466331959,331.707253843546,206.84864282608,8.94798383116722,0.829886794090271,188.718378245831,3.26629799604416,3332.7721503973,402.781046360731,16.2242922484875,0,0,19.2605283558369,4.88075524568558,18.9399219155312,12.4533831179142,219.763299703598,3.76429527997971,196.788357257843,19.6356585323811,2.22672152519226,45.4798934459686,250.108610361814,118.971365362406,383.237341880798,2.94535008072853,31.2034760117531,79.6936507225037,113.549560904503,73.2789599001408,279.873429238796,1770.70185747743,7802.85318383574,19.6192878186703,9.4277840256691,34.4366400837898,122.007371842861,1.43190157413483,0,160.565763890743,85.2827995717525
662.967819958925,1021.48429197073,0,0,1.79434788227081,149.239703536034,6244.69747892022,3259.92634236813,17.0624027848244,39.4890187680721,94.3232246935368,3.75682264566422,10.5295053422451,3447.11190742254,19.214477956295,49.8644458651543,10914.3226557076,75.9375492632389,329.890214890242,0.581868350505829,4998.9910390377,200.910130977631,30557.3553844094,53.1156597733498,15.4742194712162,50248.5374781787,60063.1138177216,1311.17402899265,908.022716671228,2842.23190498352,30.5502452254295,38.307571709156,68.3370570838451,984.920887678862,209.394149661064,1929.49354812503,347.903588056564,1099.06584715843,529.459597319365,79.8789716660976,24.5246153175831,3.87765061855316,1051.64440456033,91.1683333516121,400.491356909275,425.697944402695,7.92397099733353,3.22434556484222,2.23422205448151,4.58179384469986,663.088989078999,3049.01971781254,0,1.03298532962799,0,36.1453713178635,0.63551914691925,1.00557309389114,0.389159142971039,13.2866178750992,0,3.18444114923477,13.7188805341721,3.87310409545898,49.9151758849621,1322.04522147775,36.6841615438461,239.315928339958,0,34.9894289374352,123.950552999973,559.892747014761,50.7746776640415,30.4676320254803,2002.40225985646,9145.48052608967,38.8692433536053,3.30960896611214,35.487055927515,8.94532036781311,0,0,343.937985748053,115.007673203945
7.88809657096863,6.35507181286812,0,0,46.4988272190094,444.138285070658,886.400523006916,316.415025860071,3560.69333556294,5922.25256305933,32.8891706764698,7043.77011734247,14.6082474291325,195.485606044531,698.150054126978,0,5.60921013355255,12.8465694487095,22.1480146944523,23647.3816358447,1.88070040941238,20.0853437781334,7.87401413917542,4433.2276596427,2.57417303323746,21.4998783767223,25.4424877762794,12963.9935762584,181.213869869709,6.85060223937035,0,67.5264355540276,3.03166371583939,147.145406901836,137.988521307707,510.425785750151,2.13922655582428,386.228446483612,99.5843692719936,539.912016689777,92.9062062203884,107.693728744984,85.7824510335922,0,93.3504871726036,9.00542414188385,549.629181027412,21.1119861602783,38.4794192314148,0,0,0.532619595527649,1347.43746596575,22.5924445092678,21.8627374172211,428.207180708647,15.6000753939152,801.107231765985,1264.05809092522,5.21498250961304,777.556901931763,0,57.2106637656689,120.596678078175,0,0,1.27505004405975,2.71839669346809,340.506035536528,9.57949832081795,0,8.78504028916359,1992.67519411445,0,1.7490239739418,5.86664137244225,2671.13984832168,66.4292204678059,2.97948610782623,0,1.68546509742737,0,83.6798359751701,11.6863660812378
0,18.1856374442577,1.79434788227081,46.4988272190094,0,685.084386348724,64.887346893549,11.2009871602058,363.147833287716,96.9610803425312,28.8678514957428,648.754647433758,10.8900808095932,6.74905300140381,3054.6066018939,49.3153499960899,7.12011820077896,7.51940459012985,5.58348670601845,33.6773546040058,62.895007789135,56.2871798574924,147.216112554073,214.107374250889,0.631045520305634,14.767603456974,173.643006503582,116.120341777802,6.3766313791275,27.4111141562462,0.595636487007141,599.599857926369,0.913987934589386,546.462798893452,9382.59982058406,306.546716123819,78.272157728672,31.4176239967346,73.1820430457592,9691.04301720858,10686.0506367683,16.1971687674522,46.355880767107,13.6431394219398,11.4398580789566,48.6656957864761,17.1583716869354,4.8467590212822,4.47175800800323,0,0,4.50722903013229,8.02720907330513,7.31353867053986,0,9.1070122718811,0,13.9366772770882,16.8436972200871,1.124666929245,17.2114806175232,0,3.04859191179276,9.92206293344498,15.8838914036751,1.19606328010559,0.615224719047546,0,0.989821135997772,8.1309307217598,10.0281805992126,28.1833514869213,45.0949243605137,0,8.93928441405296,33.7602359652519,32.6588406860828,3.47407895326614,3.05697333812714,0,0,0,4.37669298052788,1974.98991984129
204.828747868538,11.8155111968517,149.239703536034,444.138285070658,685.084386348724,0,6773.51596724987,8550.42196038365,440.766607612371,23998.4290481806,310.403740674257,10274.9515804648,50.0534329712391,1499.14686492085,2112.36697235703,3.0891677737236,203.102859169245,115.469878613949,150.816209554672,574.655281633139,55.40335765481,35.6476771533489,264.942361056805,578.505603343248,7.77493187785149,211.882144391537,239.533444672823,3548.24352705479,883.98617246747,353.05556294322,4.02203738689423,1970.69384494424,36.0160613059998,292.244158118963,252.859035015106,2943.29688945413,25.1417402029037,654.156413942575,146.663827240467,5846.44840171933,843.977312654257,182.422505557537,124.310222268105,2.2661420404911,58.3992432951927,11.5001784861088,156.659984469414,18.6239951848984,65.6856391429901,0,2.67889633774757,0.792357742786407,130.760900825262,2.51357215642929,0,341.23402261734,1.42844611406326,134.747628122568,190.446356236935,0,85.7637534439564,2.24019992351532,26.8757077157497,8.18737864494324,3.33462992310524,0,0,1.40782007575035,16.5638071596622,9.72833052277565,1.97591385245323,10.7807332277298,859.155105233192,0,1.48280572891235,10.8535708189011,702.282213062048,31.4371355772018,6.51295620203018,0,1.45670187473297,2.04008486866951,59.6352740526199,15.2238022685051
7041.84398061037,67.3453899919987,6244.69747892022,886.400523006916,64.887346893549,6773.51596724987,0,28666.3140740097,1908.77100801468,29814.6409496963,648.292550772429,218.640721201897,106.728692263365,30169.0889929533,693.093858420849,81.7314660847187,1032.70884221792,312.261169195175,459.695345312357,77.0985830724239,4988.92059034109,258.077451378107,10579.9605154395,2775.57074508071,13.3722946345806,2000.40879294276,2531.50149953365,73146.2527863085,8448.44840431213,17464.4098533392,16.6341418623924,481.114678531885,747.670273929834,3075.89709863067,1303.1001149416,4739.0013435781,151.988356769085,5387.09370827675,1249.91318953037,1691.59961718321,629.092083543539,341.837434381247,990.501283079386,9.07787933945656,634.903594613075,158.038427382708,907.431255072355,131.028884351254,178.106295228004,0.456689178943634,29.3356846272945,110.638630777597,390.274614244699,4.34822914004326,10.7126525342464,2018.20904034376,50.4692794084549,557.855439513922,553.88341024518,18.4475035369396,135.594868808985,0,371.261654734612,82.9562805294991,91.856820076704,61.5730950832367,0.404485523700714,10.3971510529518,50.0393476784229,69.418655782938,104.430932700634,499.596476882696,4133.83263710141,1.49452024698257,65.4180717170238,826.931270122528,3550.70311579108,469.758932232857,30.9544683098793,0,50.3363121151924,7.21514934301376,518.051335006952,199.273284822702
2358.70054957271,42.3100727498531,3259.92634236813,316.415025860071,11.2009871602058,8550.42196038365,28666.3140740097,0,856.2945715487,18987.1167531312,1271.76825195551,3110.37073430419,187.485062748194,23240.3979462981,214.736044377089,17.4805355072021,2517.99271708727,576.985296279192,1078.95723837614,611.134720176458,790.216010332108,70.8444891870022,4511.89383813739,555.725491762161,12.1514372527599,2427.30923217535,2199.39999085665,4271.5120959878,4108.24294662476,6163.43541836739,30.713123947382,2548.67924958467,154.307307749987,944.98803332448,267.082770884037,5049.1536257565,128.916341602802,1370.93676567078,299.89564332366,1380.66901490092,450.546901345253,300.669885665178,417.609642535448,13.0914157629013,220.09045150876,56.0064778923988,311.898164629936,44.8189488649368,102.56370306015,0,21.7807230651379,31.9261665642262,55.6185802221298,0,1.45585131645203,738.329821884632,4.56405681371689,220.611725330353,77.545357555151,3.02489042282104,50.7855582237244,4.09361439943314,10.2723892331123,20.9509124457836,12.3526681363583,2.08159798383713,1.00415101647377,10.6709924340248,7.11125695705414,18.8515975177288,15.2990873157978,50.3918749392033,1493.3825007081,4.31184756755829,31.9744536578655,115.144123822451,1094.34938135743,54.7860786318779,11.8295539617538,1.67718881368637,0,6.90044939517975,156.075959593058,33.3661299943924
32.9750764369965,2808.69561073184,17.0624027848244,3560.69333556294,363.147833287716,440.766607612371,1908.77100801468,856.2945715487,0,2056.35161975026,254.690005630255,2975.73960086703,693.997845172882,535.495548218489,3880.18761697412,83.2136284708977,51.5216916203499,54.0290857851505,65.7163180410862,346.750397771597,101.517664283514,10598.9265419245,93.3572417795658,30698.7559219301,775.749999463558,97.7927609682083,2630.07198289037,8718.2605342865,1138.47983896732,252.717890202999,10.1929870843887,150.585336685181,333.022934615612,474.487892687321,638.365741252899,2417.57058820128,131.052955448627,1044.94917529821,242.942670881748,3065.57634833455,210.083126276731,133.951723009348,1484.10318568349,73.6071819067001,579.507077366114,175.417831867933,983.408447295427,86.7473410665989,35.2833869755268,5.48441010713577,13.9296261072159,8.40459749102592,1979.74427726865,37.825627207756,34.2943475246429,1356.64073550701,44.0784665048122,5294.29714480042,1417.34222480655,115.07368940115,354.886168479919,42.690354257822,270.528641372919,216.902825981379,148.917961031199,10.1395098268986,65.9674114882946,22.8522100746632,219.458420157433,323.628876268864,615.366027891636,185.068285107613,10071.0697540045,13.3703227043152,68.6271198093891,150.229889988899,5381.33353388309,384.023137748241,170.817616820335,18.6102283895016,32.8120433390141,21.4950923621655,406.761142700911,485.371356457472
140.136394619942,38.4897964298725,39.4890187680721,5922.25256305933,96.9610803425312,23998.4290481806,29814.6409496963,18987.1167531312,2056.35161975026,0,1427.82547169924,12006.5825956464,210.903653413057,7327.31715068221,785.743231683969,9.90073925256729,201.758960932493,635.328770577908,697.887127101421,4271.1249011755,36.1541383266449,34.391382008791,105.16689735651,2080.75459998846,13.4647275209427,809.897772878408,1026.68097525835,17258.2165218592,3421.69798097014,148.632777392864,30.073463588953,1512.35690650344,29.1790879368782,1827.28907570243,1573.40201410651,6492.46110114455,81.1247340738773,5976.2583886981,920.431390434504,4622.48950776458,1436.59037536383,591.997736096382,220.195558220148,2.89503988623619,166.954377740622,31.2817872464657,812.405431747437,40.7447861135006,133.785245925188,0,10.2857551276684,2.33043760061264,1617.10852089524,28.1329239308834,13.6935689747334,1040.20378667116,12.2599583864212,863.88428452611,1775.36614456773,0.49671733379364,717.166314035654,0.47455421090126,40.2652803361416,119.500377595425,4.40566891431808,0,0,0.681226074695587,211.678697615862,15.3569826185703,3.73349288105965,33.5224280059338,3590.89514169097,0.764105319976807,0.387401700019836,24.8355464935303,4383.109390378,68.658422678709,7.71985909342766,0,0.701454520225525,2.00878122448921,101.731220334768,66.9097277224064
71.6079125404358,737.385669142008,94.3232246935368,32.8891706764698,28.8678514957428,310.403740674257,648.292550772429,1271.76825195551,254.690005630255,1427.82547169924,0,511.965003430843,11202.3908827603,2025.24296501279,59.6476579606533,27.9233896136284,2006.64277008176,15349.0162971914,2499.23977220058,119.495685726404,50.3191824257374,215.107455581427,210.970083534718,230.689704567194,4914.24813467264,8479.32619002461,1771.34623914957,214.793152034283,2872.94585183263,82.1350071430206,534.893899559975,3156.52522543073,25.7885179519653,11983.4254412651,480.47257861495,2962.80692222714,4737.17568764091,9903.03926235437,1586.31649321318,175.370717018843,132.56101539731,5527.89589816332,106.35545232892,1313.01820859313,89.3998213112354,47.1847027242184,15.4323085844517,1.99471712112427,1492.6810438931,0.665086030960083,236.374540030956,2.27542966604233,0,0,0.963598847389221,2.71655613183975,0,119.587336093187,0.441205352544785,2475.40483656526,4.23186874389648,4024.52181872725,5.04298463463783,9.62701591849327,8.22742941975594,5.90786230564117,283.857569664717,60.420359224081,0,0,116.897841572762,7.86774432659149,115.75242832303,579.727991729975,1210.87750655413,2007.27485558391,16.0768388807774,0.468658834695816,1.84013676643372,1980.27056968212,3.94800198078156,0,20.6146084964275,165.356010913849
25.4818172156811,24.3294216394424,3.75682264566422,7043.77011734247,648.754647433758,10274.9515804648,218.640721201897,3110.37073430419,2975.73960086703,12006.5825956464,511.965003430843,0,81.7318878471851,1069.46967020631,5914.54716157913,3.21548342704773,41.0973035991192,178.893603146076,170.812822252512,11808.3489116132,6.74430149793625,37.9235857725143,16.637472897768,943.755537688732,11.5377788841724,210.143209457397,266.320116370916,2046.68405246735,690.55248567462,20.7425315380096,14.4342508018017,581.36159452796,0.806034654378891,273.446495145559,1544.89685216546,1214.58587262034,20.7195085585117,1240.179767102,92.896828263998,4667.05283904076,427.377892434597,240.416646391153,37.6569311916828,0.451693087816238,32.5305408835411,7.52118355035782,449.049031972885,12.7933257222176,58.827987074852,0,1.92560815811157,0.359915524721146,799.290552228689,15.1546477079391,12.8126586973667,143.102522522211,8.13775902986526,107.113838165998,664.576028555632,0.987552553415298,720.586629718542,0,24.9849684238434,105.142020940781,0,1.52399945259094,0.598929405212402,0.373981684446335,109.801915019751,6.47877499461174,0.681158185005188,5.26348921656609,467.375800162554,0.623686254024506,0.631675958633423,2.51351499557495,991.310476690531,26.0373595952988,0.873815506696701,0,2.99851593375206,0.384068429470062,19.1847808659077,149.756958037615
6.59500870108604,1879.93962684274,10.5295053422451,14.6082474291325,10.8900808095932,50.0534329712391,106.728692263365,187.485062748194,693.997845172882,210.903653413057,11202.3908827603,81.7318878471851,0,223.469557404518,71.4135963022709,59.5280557274818,15.4536464810371,664.004587978125,22.9133843183517,21.4762378334999,54.2935080230236,722.092471122742,42.3791398406029,801.19265806675,12223.8624576628,572.580078303814,2978.71777269244,102.095509976149,330.438844621181,22.8541741967201,726.93172571063,463.031858891249,5.5145959854126,2393.30827909708,168.771027475595,1011.21917837858,5653.91958731413,4921.7224393487,477.412909835577,57.8029409945011,69.4924412071705,11680.0960144401,118.044071048498,2884.02765798569,143.714242130518,78.5980109870434,33.3677058815956,1.27503407001495,1827.20531973243,0,579.208086550236,0,0,0.681381702423096,2.75157296657562,4.29234170913696,0.706216871738434,275.25519657135,0,6481.34314486384,3.64163452386856,10573.566313535,1.47357660531998,18.2993060350418,27.1101170778275,9.18144759535789,476.082457542419,41.6876519918442,0,1.88313364982605,337.350179374218,7.39867857098579,219.145647823811,2056.59118369222,2241.44122698903,4014.82045552135,9.21672016382217,5.98380786180496,0,5280.44135898352,6.24394929409027,0,36.402911901474,63.1588246226311
11784.6461204886,78.2864336073399,3447.11190742254,195.485606044531,6.74905300140381,1499.14686492085,30169.0889929533,23240.3979462981,535.495548218489,7327.31715068221,2025.24296501279,1069.46967020631,223.469557404518,0,117.374587982893,12.1641791760921,4360.22442597151,1086.48913687468,2155.17924341559,244.94544172287,736.167633354664,104.393708348274,5491.92994141579,773.416220903397,23.8143320381641,3316.44729936123,3465.45408320427,3363.02659326792,23539.065715611,10266.6322250366,48.9983263611794,1269.34887456894,161.107135206461,1463.33940207958,229.799661666155,2794.23903349042,129.708651304245,1875.59432277083,290.96412140131,455.93084782362,206.875739961863,152.305676609278,219.710812449455,7.23979440331459,101.070013910532,34.93139103055,122.608508646488,16.5824867486954,46.7271618843079,0.663007616996765,19.2323419451714,34.15373685956,9.11576616764069,0.58783620595932,0,234.201899915934,3.2768814265728,101.995895683765,10.4535240530968,3.79196935892105,15.7903573513031,7.64966034889221,3.34599357843399,5.90156048536301,10.9210983216763,8.67193207144737,5.78015100955963,32.2689635753632,2.09373182058334,11.688989341259,15.6438654661179,34.9976151883602,622.575737148523,4.47950977087021,96.9000546634197,272.569596707821,358.274623662233,23.7283863425255,21.5878848433495,2.17964911460876,0,1.20618990063667,78.0709418356419,19.2721042335033
9.23916965723038,333.850192904472,19.214477956295,698.150054126978,3054.6066018939,2112.36697235703,693.093858420849,214.736044377089,3880.18761697412,785.743231683969,59.6476579606533,5914.54716157913,71.4135963022709,117.374587982893,0,140.544100612402,21.2172381281853,22.7981740832329,34.7420354485512,229.327345341444,361.437712490559,982.928284943104,497.775383472443,3251.69559043646,79.5751563310623,69.4814370572567,824.592537373304,1360.97810953856,80.2002905905247,200.871919304132,2.05761814117432,225.67991656065,5.92687675356865,44.338294416666,5379.62712833285,472.66691955924,339.447847276926,150.877246052027,324.427796274424,6797.31812205911,113.661916166544,64.6824567914009,337.226659715176,15.8807179927826,95.4620778560638,81.990904301405,170.93221372366,16.8699476122856,36.0913773775101,0.736706614494324,4.05758792161942,21.474305331707,198.308432847261,14.1049228906631,4.61334973573685,118.702366918325,0.729328095912933,116.893088489771,151.258800774813,3.03786009550095,124.057741671801,0,6.21600633859634,32.043222874403,52.1155328452587,9.3476442694664,1.38408362865448,3.35238701105118,22.6104636788368,52.697186589241,51.1074143648148,118.585305929184,478.698543488979,0,20.4689603149891,114.815398722887,424.250423073769,27.5387337803841,23.3439122438431,0,0.365536659955978,1.27349829673767,67.4608612656593,1049.60354882479
1.14234185218811,430.962219804525,49.8644458651543,0,49.3153499960899,3.0891677737236,81.7314660847187,17.4805355072021,83.2136284708977,9.90073925256729,27.9233896136284,3.21548342704773,59.5280557274818,12.1641791760921,140.544100612402,0,96.7489765584469,9.83552181720734,21.3169132769108,0,10231.0763959587,13325.0170558393,11858.5842374265,4852.32653588057,71.4068337082863,27.7374621331692,8798.33948582411,3923.19906380773,47.171226888895,713.026417732239,0.344318360090256,3.99087303876877,22.1339153051376,532.53295904398,1586.57436183095,8673.85943111777,1213.95281356573,2741.16701376438,1689.66386327147,456.349199652672,73.6871348619461,34.1036187708378,863.287396222353,64.9070338904858,241.737627476454,186.707616746426,20.396044999361,5.03001177310944,12.4667158722878,0.628991842269897,16.4411083161831,63.3243423998356,2.05551356077194,6.84108483791351,0,85.0091769695282,15.3370315730572,20.9366498589516,1.17414134740829,5.12720251083374,0.982749760150909,2.2290875017643,15.1287959814072,27.5659038424492,3144.09473308921,18.0065031647682,5.11902815103531,14.019649207592,0,245.977329939604,1721.48313128948,5109.1775419414,255.291691094637,0.51641047000885,29.7579191327095,1207.82586914301,180.684207051992,8.20913881063461,27.9109982550144,0.817737698554993,1.17471408843994,0,120.07565793395,297.028812766075
1598.16860568523,887.639374911785,10914.3226557076,5.60921013355255,7.12011820077896,203.102859169245,1032.70884221792,2517.99271708727,51.5216916203499,201.758960932493,2006.64277008176,41.0973035991192,15.4536464810371,4360.22442597151,21.2172381281853,96.7489765584469,0,2531.23347645998,7166.21283745766,8.52401077747345,1886.79595041275,181.50092458725,16784.3144589961,145.437700599432,96.0925973653793,6567.71188294888,38489.9808197021,369.350313544273,8349.09292080998,7812.20437508821,17.2938864529133,164.731438606977,1131.94689124823,7670.74725306034,248.159092634916,2482.12632992864,599.870724767447,2579.97986218333,875.075365304947,77.3225455582142,21.0346638858318,7.29540127515793,1255.46849969029,122.733281672001,625.9664054811,493.628579229116,5.61374527215958,2.4503487944603,3.13015997409821,5.97795942425728,536.002798259258,1264.40949076414,0,1.49600315093994,0,42.5110206305981,0,5.26912066340446,0,22.5856446921825,0,22.3146131634712,9.55105999112129,2.86405915021896,59.6940346956253,995.411142110825,105.881830155849,884.162762910128,0,60.6684387624264,74.7262481749058,356.341906219721,49.2508107423782,126.279144734144,2767.74656301737,7963.43333867192,20.4062330126762,16.1944781243801,96.2600286602974,31.4530483484268,1.57390278577805,4.13682717084885,402.015381276608,102.211478799582
134.778282672167,52.3636024296284,75.9375492632389,12.8465694487095,7.51940459012985,115.469878613949,312.261169195175,576.985296279192,54.0290857851505,635.328770577908,15349.0162971914,178.893603146076,664.004587978125,1086.48913687468,22.7981740832329,9.83552181720734,2531.23347645998,0,9988.66332012415,48.9126918315887,61.9668048024178,10.6500194370747,417.278022527695,27.3413583040237,199.33386823535,6046.30519783497,2091.66942057014,88.3803673386574,1391.9969022274,175.529031068087,727.203202962875,654.206510275602,56.7551612555981,3345.78995478153,260.977324664593,2236.80413615704,2761.20534169674,5081.52823656797,1408.9124391675,59.8958773314953,32.2963677346706,15.7085829377174,93.3811316788197,170.954913318157,104.425322949886,52.0383923649788,2.14114147424698,1.60987567901611,13.3271923065186,0.508275270462036,66.3913133144379,16.9157373011112,0,1.48151612281799,0,0.461026430130005,0,6.54563471674919,0,392.872358798981,1.94335949420929,533.40288874507,1.20580556988716,3.76039433479309,1.93100100755692,31.4203558266163,413.770565450191,124.997803360224,0,0.576555788516998,4.47761529684067,4.73110088706017,2.21824124455452,92.1980529427528,1343.39290341735,1872.53078180552,0,0,1.74982732534409,921.748381227255,0,0,30.2355882525444,116.370743811131
636.426364421844,214.415365755558,329.890214890242,22.1480146944523,5.58348670601845,150.816209554672,459.695345312357,1078.95723837614,65.7163180410862,697.887127101421,2499.23977220058,170.812822252512,22.9133843183517,2155.17924341559,34.7420354485512,21.3169132769108,7166.21283745766,9988.66332012415,0,46.6769837141037,294.061153769493,32.1070052981377,1799.10413557291,59.840818464756,64.7893461883068,15244.370076865,5130.03713226318,157.343995958567,4107.6857522428,1641.38522273302,28.7003819644451,420.541930526495,320.146350950003,6345.81846350431,405.281835198402,3852.7799243331,2235.42941105366,5075.24190706015,1867.35581022501,85.3506203591824,20.4524557292461,19.9187070727348,408.006975769997,96.7732979059219,279.614045143127,187.355935931206,4.92404562234879,1.48908668756485,2.06828141212463,2.41446131467819,133.257630497217,76.3515020310879,0,1.59274172782898,0,10.0369883179665,0,19.6827337741852,0.555473685264587,70.0181851685047,0.483170986175537,114.025214970112,3.07107016444206,1.6845715045929,10.0079729855061,141.636700421572,245.124297499657,566.418639302254,0,18.4268599152565,16.6846399307251,73.8206331431866,15.4984210431576,66.1897995173931,1675.62187761068,2686.71660906076,2.52065151929855,5.92155179381371,35.7913936078548,193.0585283041,1.79653191566467,0.493758112192154,114.65400056541,161.153210878372
7.33133697509766,3.53811764717102,0.581868350505829,23647.3816358447,33.6773546040058,574.655281633139,77.0985830724239,611.134720176458,346.750397771597,4271.1249011755,119.495685726404,11808.3489116132,21.4762378334999,244.94544172287,229.327345341444,0,8.52401077747345,48.9126918315887,46.6769837141037,0,0.496057838201523,0.851786255836487,2.87911808490753,286.057530343533,0,52.3339850604534,82.3618324398994,2420.26424685121,185.410212606192,3.1113805770874,2.14731508493423,111.524983674288,0,68.0506818294525,57.8352890014648,394.031522333622,4.93389916419983,267.592152357101,41.7613842189312,460.67181918025,89.0032236874104,94.7962574362755,13.0004651844501,0,20.953709512949,1.74580007791519,186.902910619974,4.47028586268425,30.1915346980095,0.786179572343826,0.780581325292587,0,396.616157352924,9.02782639861107,5.25698891282082,135.015518724918,4.72343274950981,107.086452692747,384.594767600298,0.884669452905655,258.399638384581,0,16.1924244165421,39.9577060043812,0,0,0,0,76.0220247805119,0.342774242162704,0,2.84621623158455,488.21175083518,0.562202394008636,0.521515786647797,1.293008685112,724.375378102064,28.5812467038631,0,0,3.29256725311279,0,10.2703177928925,4.11444243788719
202.636873453856,346.853328794241,4998.9910390377,1.88070040941238,62.895007789135,55.40335765481,4988.92059034109,790.216010332108,101.517664283514,36.1541383266449,50.3191824257374,6.74430149793625,54.2935080230236,736.167633354664,361.437712490559,10231.0763959587,1886.79595041275,61.9668048024178,294.061153769493,0.496057838201523,0,2673.49617984891,57876.7348382175,1501.44963213801,65.5266098678112,512.227828115225,5416.70021435618,6128.01984581351,887.75093832612,47974.8735383153,2.2348984181881,21.8881152868271,410.063402593136,13651.6482766867,2710.63236629963,7584.25615373254,422.561358600855,13704.2095488906,3747.24982592463,905.584511965513,169.046785801649,31.4726036190987,1048.60343441367,74.9011531174183,229.041288971901,170.211725175381,47.157825678587,11.0295341610909,14.4338193535805,0,21.3455524742603,66.5884092152119,0,5.19387888908386,0.84412294626236,23.3553247153759,0.361210137605667,29.207086533308,1.59738886356354,4.3414466381073,0,0.513079583644867,5.21776437759399,23.4107236266136,604.064238548279,44.8608892261982,0,15.4228783547878,0,554.01191881299,583.835437327623,895.478200763464,543.029599308968,0,52.5209384262562,696.909984707832,259.104020655155,30.1277101635933,49.8489506244659,0,0,2.14920681715012,161.279530674219,400.198756814003
15.5105640888214,3983.47694173455,200.910130977631,20.0853437781334,56.2871798574924,35.6476771533489,258.077451378107,70.8444891870022,10598.9265419245,34.391382008791,215.107455581427,37.9235857725143,722.092471122742,104.393708348274,982.928284943104,13325.0170558393,181.50092458725,10.6500194370747,32.1070052981377,0.851786255836487,2673.49617984891,0,4195.56684809923,26733.515191555,931.689210742712,77.4908403158188,23277.7925173938,2882.88203570247,416.265892624855,926.239009588957,16.0872898697853,22.3803412020206,280.305735051632,596.491063207388,1429.33750247955,6682.42015683651,713.962311565876,1576.52391833067,758.746594756842,556.731448233128,74.1109287142754,118.62032058835,1479.90463942289,162.164772361517,369.125622391701,286.110403507948,35.8855222165585,1.74655255675316,25.3160703778267,0,249.733255147934,195.899705767632,49.5549427568913,6.51684641838074,0,63.9638397097588,13.8447128534317,34.2218078970909,2.95711988210678,43.6243718862534,2.1048731803894,69.969605743885,16.1449342370033,26.3725051879883,2832.66717678308,101.808478742838,5.21977436542511,26.5626306533813,0.328905075788498,517.768207222223,3450.37378624082,3378.34619927406,679.360923886299,22.4320323765278,123.796023279428,3904.62804311514,265.268874883652,13.8413772583008,37.7428970038891,27.1363032460213,0.329002857208252,2.17470824718475,189.384488523006,441.138329327106
1690.33648470044,628.368544459343,30557.3553844094,7.87401413917542,147.216112554073,264.942361056805,10579.9605154395,4511.89383813739,93.3572417795658,105.16689735651,210.970083534718,16.637472897768,42.3791398406029,5491.92994141579,497.775383472443,11858.5842374265,16784.3144589961,417.278022527695,1799.10413557291,2.87911808490753,57876.7348382175,4195.56684809923,0,2068.17718556523,59.6519972383976,12364.4674356282,78559.5299056172,17075.5021066964,3208.9670470655,37160.7630258799,22.3400155901909,58.7125668525696,477.871436744928,9173.75044611096,6249.04803061485,24946.660381496,2858.45293921232,18973.0296912491,8817.3277580142,1766.60582157969,350.038963019848,64.0496564209461,2353.63692697883,169.905150324106,763.539896398783,631.995401531458,37.7929634153843,6.10105341672897,12.4267244040966,0.955639779567719,325.370720595121,1939.49295374751,0.352137088775635,19.007298886776,0.781982064247131,148.317782104015,21.6433429718018,28.6099454164505,4.13284796476364,8.5391118824482,0,9.30000153183937,20.9917896836996,22.0251267552376,2872.08864814043,809.021778166294,16.7834788858891,157.622998803854,0,345.977982372046,1875.9607655108,7040.1862706542,388.002068608999,20.6718718111515,887.229902893305,10204.6073581278,306.731341511011,13.9407434165478,47.9415299296379,5.88221764564514,1.57103562355042,0.960907906293869,455.871147155762,914.409050732851
137.117983281612,5519.64267501235,53.1156597733498,4433.2276596427,214.107374250889,578.505603343248,2775.57074508071,555.725491762161,30698.7559219301,2080.75459998846,230.689704567194,943.755537688732,801.19265806675,773.416220903397,3251.69559043646,4852.32653588057,145.437700599432,27.3413583040237,59.840818464756,286.057530343533,1501.44963213801,26733.515191555,2068.17718556523,0,1102.95341092348,122.059589803219,13393.7652043998,18617.339214921,2334.99311894178,2822.88890373707,8.43558043241501,68.4743693768978,1128.61730238795,1350.87870052457,1480.00038039684,4835.75752496719,422.614278197289,1828.00098204613,556.654268026352,1666.32761231065,172.167093157768,215.935160905123,2198.06824755669,107.429131060839,928.4428601861,305.036609560251,1118.12680667639,177.078133881092,139.874950379133,5.47432500123978,58.5001187324524,20.3458088338375,1355.48283165693,28.9455849528313,26.5696800947189,2326.10720324516,67.2943024933338,2034.65449008346,1050.67642584443,80.0128099620342,229.139167785645,50.7468512654305,483.58607852459,127.873941779137,355.670976608992,14.3072149455547,13.5736896693707,17.2950750887394,120.489711165428,374.304215341806,526.169963479042,596.661958307028,8770.69066956639,30.4066326022148,41.2115930318832,344.137672930956,6294.57217401266,639.220838069916,190.708222687244,13.3457387983799,76.4501503705978,34.3351830840111,759.339484155178,440.217387288809
5.70036694407463,4213.39262416959,15.4742194712162,2.57417303323746,0.631045520305634,7.77493187785149,13.3722946345806,12.1514372527599,775.749999463558,13.4647275209427,4914.24813467264,11.5377788841724,12223.8624576628,23.8143320381641,79.5751563310623,71.4068337082863,96.0925973653793,199.33386823535,64.7893461883068,0,65.5266098678112,931.689210742712,59.6519972383976,1102.95341092348,0,497.801779478788,23593.9091585279,119.199585288763,42.367859095335,15.3078025281429,272.397873312235,43.0631986558437,12.2954851984978,474.783773124218,14.1969436109066,252.083186835051,1002.59618321061,600.172861397266,84.1218918263912,29.2587346732616,6.57799836993217,3119.37997081876,121.781234741211,868.072184979916,141.307794213295,56.9009154438972,27.4018062353134,1.61473226547241,1928.59792250395,0,597.799890577793,4.79269450902939,2.36464554071426,5.72990909218788,3.10115745663643,3.75550100207329,1.58221143484116,175.814638197422,7.61901041865349,1876.97977253795,2.81436249613762,4353.73753100634,9.5868901014328,22.9044917225838,30.8061445653439,20.1355273723602,235.150690764189,92.6203183233738,1.94590866565704,4.48729646205902,184.157148450613,4.29891666769981,170.605446785688,3673.77021330595,1104.36917480826,4527.52598753572,3.15191939473152,6.45468404889107,4.68553763628006,1174.9022038579,6.55467253923416,0,18.9432249963284,7.66975843906403
669.69603523612,920.717992246151,50248.5374781787,21.4998783767223,14.767603456974,211.882144391537,2000.40879294276,2427.30923217535,97.7927609682083,809.897772878408,8479.32619002461,210.143209457397,572.580078303814,3316.44729936123,69.4814370572567,27.7374621331692,6567.71188294888,6046.30519783497,15244.370076865,52.3339850604534,512.227828115225,77.4908403158188,12364.4674356282,122.059589803219,497.801779478788,0,49436.1122009456,359.868751972914,2360.49755549431,1325.30894339085,1201.09723731875,670.411554485559,62.3792282640934,3045.75079229474,781.653108537197,8475.82532575727,6821.37402930856,8905.88334658742,3351.16052526236,130.007082998753,44.5332036316395,30.3243449628353,1196.33973187208,549.272093236446,1196.55646762252,637.684911668301,16.5854894220829,2.96036338806152,18.6751494705677,4.37938529253006,739.217403799295,109.75073581934,0,4.76448994874954,1.01337873935699,21.4184010624886,0.554831922054291,28.1140834391117,0,533.482524752617,1.98439818620682,748.79250472784,26.4810261726379,3.64233195781708,29.1019923388958,353.535696595907,1772.51743552089,2161.58193978667,0,44.0651926398277,87.9851272702217,146.579243093729,37.2563335001469,868.485917329788,9564.25644674897,15323.3123811781,9.84690794348717,25.0535069108009,86.9376430213451,1234.16510909796,15.9851354658604,0.9427530169487,381.687168449163,269.831056982279
763.725363403559,43987.5608390272,60063.1138177216,25.4424877762794,173.643006503582,239.533444672823,2531.50149953365,2199.39999085665,2630.07198289037,1026.68097525835,1771.34623914957,266.320116370916,2978.71777269244,3465.45408320427,824.592537373304,8798.33948582411,38489.9808197021,2091.66942057014,5130.03713226318,82.3618324398994,5416.70021435618,23277.7925173938,78559.5299056172,13393.7652043998,23593.9091585279,49436.1122009456,0,11480.6527912021,3369.54969468713,2506.58203208447,501.536313474178,594.402868390083,355.262933760881,14355.7485338748,7387.93249464035,52800.7223199904,11772.6257914007,25756.0772374272,14223.6735799015,1477.0848287642,361.100364029408,189.20308598876,6685.97387492657,1690.66983479261,4446.20336231589,2754.15364035964,98.0963992774487,27.9672909080982,67.9296488463879,26.271406441927,5712.42754650116,5323.52631530166,7.96161597967148,33.3556109070778,7.19608244299889,288.37536662817,30.0070503354073,102.639120995998,7.71573276817799,893.223268836737,5.76586490869522,1907.66152322292,115.812100946903,28.4794155657291,1810.88219073415,3222.67260172963,3193.07858225703,5477.97224229574,1.2648760676384,365.226554960012,2227.62309101224,7299.23751826584,646.576003849506,2907.40120670199,24531.3748303056,69166.5815599263,401.954687207937,121.626611620188,308.247385025024,2857.49438479543,24.3574478924274,5.00514978170395,1911.27924713492,2045.02674233913
317.981894791126,492.046852827072,1311.17402899265,12963.9935762584,116.120341777802,3548.24352705479,73146.2527863085,4271.5120959878,8718.2605342865,17258.2165218592,214.793152034283,2046.68405246735,102.095509976149,3363.02659326792,1360.97810953856,3923.19906380773,369.350313544273,88.3803673386574,157.343995958567,2420.26424685121,6128.01984581351,2882.88203570247,17075.5021066964,18617.339214921,119.199585288763,359.868751972914,11480.6527912021,0,4665.0432715714,36140.1886688173,5.01544803380966,218.87512499094,1856.44709682465,3820.9981302917,2321.50416353345,7175.04593712091,493.057743966579,5970.40072411299,1696.71803575754,1743.96095886827,497.719827204943,405.582537740469,2534.56194117665,38.8947890400887,1220.63599604368,313.279196232557,1798.53580793738,239.009240239859,195.856783539057,7.81214675307274,25.8066299557686,65.6162498295307,1609.71074330807,39.6986300349236,37.6747938394547,3268.76124721766,107.657373189926,2036.42431238294,1950.51239690185,14.4164387583733,606.285260587931,0.974481701850891,565.118451625109,217.060232579708,298.684034347534,23.3795632123947,2.42735683917999,10.1436608433723,173.755716592073,434.920837640762,345.893815070391,684.240486055613,10532.5853411555,3.16989624500275,41.2686104774475,653.023077145219,8762.89068099856,771.030224323273,182.51050055027,0,56.8571686446667,32.0820404291153,949.46435803175,492.92492929101
7643.79128006101,155.12526139617,908.022716671228,181.213869869709,6.3766313791275,883.98617246747,8448.44840431213,4108.24294662476,1138.47983896732,3421.69798097014,2872.94585183263,690.55248567462,330.438844621181,23539.065715611,80.2002905905247,47.171226888895,8349.09292080998,1391.9969022274,4107.6857522428,185.410212606192,887.75093832612,416.265892624855,3208.9670470655,2334.99311894178,42.367859095335,2360.49755549431,3369.54969468713,4665.0432715714,0,8441.22798529267,57.3905939161777,316.532429605722,3996.33430552483,5591.09457179904,128.310993432999,1594.29644244909,160.259662896395,2189.95976045728,239.596060693264,386.088689625263,330.952962398529,135.171808063984,578.842251032591,13.6250061392784,219.619241893291,107.447149187326,198.252941161394,51.4415192604065,57.876374989748,0.463350713253021,38.0136233568192,24.1938335001469,11.8497521579266,0.626357316970825,0,301.43844640255,1.31769454479218,216.930900484324,16.7458800971508,8.98756021261215,6.31741204857826,11.1440588235855,13.4292818009853,17.5379177927971,30.410790592432,21.398868560791,4.17683061957359,49.2322682440281,0,72.0474584400654,51.4841522574425,74.0487869679928,1200.32928150892,12.7529494762421,137.309408485889,360.298803329468,687.603997588158,63.7455803453922,50.0153850317001,6.71333226561546,3.79199999570847,9.58560162782669,185.942043960094,77.0379360318184
