0,0,0.0528976213584308,6.98699403093398e-05,0.000326140379465091,0.00949793138266339,0.530329417182928,0.073020139090619,0.000775706219448198,0.00712171075208235,0.00282218180039098,0.00679453191534453,0.00164974245615917,0.714493291992913,0.000173274392899418,3.70352597099096e-05,0.114307672108091,0.00208610918810546,0.050417692666814,0.00201689562258555,0.00180648928967872,0,0.0394021078091946,0.00106742539651289,0,0.0243795214317604,0.0186491658861597,0.00526824389170234,1.22359929069386,0.654557035030115,0.000249473622805703,0.000713546223581186,0.00289828541561869,0.0265717418618507,0.00153826439868298,0.0118862812675328,0.00336038371663673,0.0158984473299959,0.00516853652378748,0.0016239241514601,0.00103561437845599,3.95537919723511e-05,0.00107791975122847,7.8964439120555e-05,7.67262365649822e-05,2.28647918768466e-05,0.000192594201435759,0,0.000121057179419089,0,0,5.60152807650239e-05,3.8065904656893e-05,0,0,0.00180824600509852,0.000256309182094705,0.000409434413940227,6.4298384342283e-05,0,0.00044251729854666,0,4.10395281318247e-05,0,2.555314595339e-05,4.79560877387583e-05,0,0,0.00034151303144303,0,0.000142775484828693,0.000310713047846302,0.00284358803437077,0,5.02584066935331e-05,0.000610536979509539,0.00122381354690327,5.75539526240766e-05,4.0168686189127e-05,0,0,0,4.32923505808473e-05,0.000119344708763111
0,0,0.00159371770101269,0,0.000493140877247286,0.000161842696308002,0.000222030095416057,7.80251474829588e-05,0.239545437800579,3.04332269932508e-05,0.0217872174082848,0,0.119057876310882,0.000244748958359468,0.00249796077104142,0.0156804961582947,0.000410471833258063,0.000519980881448394,0.000549761068829244,0,0.00483501569633729,0.335055885287519,0.00330899279160455,0.321946261550792,0.49051179285174,0.0166572120673739,2.18871149642823,0.0128432758599013,8.23420638533472e-05,0,0.00583844224369998,0,0,0.0018837321290091,0.000295639545976973,0.00453639430734492,0.0048146564656064,0.00134910540302569,0.000864575855480037,0.00183215931068101,9.46957454570535e-05,0.00237588306728885,0.014113972156232,0.0087665540877007,0.00544116872618054,0.00666430967831269,0.000104111116183448,0.000249726162321526,0.00447509639387803,3.54319801382512e-05,0.204679184121773,0.0265082263013188,0.000596632234768635,8.74762977760199e-05,0.000165418145505792,0.000482040210807642,9.48941032848001e-05,0.00132848423364373,0.00026377322417841,0.0113750674477497,0.000291472628474027,0.0398421672969467,0.000289473598168695,6.05188342614174e-05,0.00293689663389138,0.0126894192106767,0.000478724726154819,0.00337335340676487,0.000227052845458526,0.000571078028729117,0.0249300504632761,0.00504962022703378,0.00776969470308174,0.0130484301720297,0.0528600696265299,0.481108562127668,0.00103328703350135,0.000211037453744679,0.00110246808602479,0.00396966915160273,0,0,0.00388825573868948,0.000766800845313736
0.0528976213584308,0.00159371770101269,0,0,0.00320538305189723,0.0131702574542256,0.449199777993872,0.1728530487166,0.000646591770207113,0.00274745411056386,0.00871872646956459,0.00110417983077628,0.020582738982519,0.280551567978692,0.00119450995344226,0.00133886234847682,2.29015417518765,0.00972505255166876,0.218762398505312,0.000472386951442602,0.0728851471078164,0.00132637764553917,4.03503076047472,0.00373128403412337,0.000112220646702373,2.16965543072103,0.999824130348404,0.180651964319785,0.0998389510634641,0.249431073962795,0.00172974859920454,0.0014359210502578,0.00539956896798093,0.115379959823115,0.0650744148772665,0.621003517828469,0.448846607444254,0.319438210419654,0.230606675111539,0.00447844603809116,0.0104290540164747,0.000618713085207808,0.0449019191521904,0.0159639587981159,0.0253482260331652,0.0224041726870029,0.000354282211480871,0.000600444140714204,5.51795942881823e-05,0.00120559949451037,0.00857833632237717,0.309765210763689,0,0.000457909616339493,0.000115357844343934,0.0149765807087444,0.000718083478521335,0.000183247439749152,0,0.000149468377328211,0.000173062041492155,0.0002183777778018,0.00213138588270449,9.27293941324474e-05,0.00844646490116721,0.0773105370236428,0.000728667312030739,0.00870605548581379,0,0.00555016913884985,0.0203106652529737,0.100057673579504,0.00763780079653766,0.000249308023631126,0.0474433424430871,0.82442290803998,0.00488335563263186,0.000887457522423124,0.00794553346424314,7.05619530255318e-05,0,5.72630862365067e-05,0.0265984015673114,0.0111833617843917
6.98699403093398e-05,0,0,0,0.00420470913521455,0.0106622260752138,0.0351134777523722,0.00874511535953599,0.297217737869013,1.13036640102623,0,0.141605456734458,0.00292119580447779,0.00547264989146734,0.0323922967544401,0,0,8.19352829124448e-05,2.94049213177443e-05,1.78211619857892,0.00012698411874826,0.000205985370964128,0.000126046546707577,0.555414374758896,8.73563287805436e-05,7.83471945666853e-05,0.000298837159675342,0.639440938247285,0.00221934530754075,0.000234844963174209,0,0.00102083781578495,7.80443905912759e-05,0.00252941129342106,0.00113351483731141,0.0236375328340002,3.18661978636504e-05,0.00247473831849844,0.00140900408468904,0.0490912942256604,0.00332790157221611,3.40581594180525e-05,0.00354928322246403,0,0.00441036554087107,6.73460367963075e-05,0.0299537768849046,0.00122893644078144,0,0.000290350946694308,0.000394596886357766,0,0.170656406952762,0.00172067391891374,0.0128974622752093,0.0351234541675958,0.01561617017409,0.0428458815003142,0.106231497358532,0.000100307111088562,0.081559739500709,0,0.0142150399665359,0.0171980986329276,0,0,0,0,0.185877008739058,0.000106419288849724,0.00171905813076839,0,0.122901463680639,0.000205309618065855,0,0.000521780363265568,0.121331964680752,0.00509864667643279,3.43531422152221e-05,0,0.000138163525906801,4.20508502980471e-05,0.00388031017184691,6.46177159235478e-05
0.000326140379465091,0.000493140877247286,0.00320538305189723,0.00420470913521455,0,0.100093941398825,0.0427651266686744,0.0154847405321551,0.0111942478663825,0.0207226954416107,0.000672871911718923,0.0415212691593269,0.00320789552020145,0.00789762639054928,0.254025242851252,0.00233649763204288,0.0026009141337462,0.000192439276155538,0.00103494957609251,0.00433587329528775,0.0468792663452017,0.00043677458846519,0.0952972852377233,0.0203138894750552,0.000397741929521924,0.00134976970079704,0.0158076128696945,0.0439471428807829,0.00408468134590145,0.0641448167867341,0.000128455434195393,0.0388796688535899,0.000395940420483679,0.0472611830013789,0.166644970195252,0.0623974498681307,0.00817632883865368,0.00587641436061171,0.00638179406720862,1.06906247476189,0.175956861731878,0.000254907566757214,0.00594143681918947,0.00514039431554071,0.000705219202782368,0.00710416242049916,0.002838799910823,0.000229796981311393,0.000168855086373043,5.17570608545303e-05,0.000111173936692333,0.000646718595459008,0.000482263765045762,0.000331572924722588,0.00108021138301015,0.00500149865298974,0.000351529094773081,0.0002951546594836,0.000760170542158242,0.000232380842764682,0.00236318558802424,0,0.000876321397319707,0.00128530423227435,0.000891939435998513,0.000258058286582998,0.000490222037430007,0,0.00128811001246753,0.00474004171036189,0.000267665895850826,0.0120167818634851,0.00541168113142354,0,0.00117507477256783,0.00655354667438084,0.00583761368790687,0.000700522751233757,0.000905639041901447,6.09400093571782e-05,4.60895527075767e-05,0.000118631799735391,0.000546375065211105,0.361551824719217
0.00949793138266339,0.000161842696308002,0.0131702574542256,0.0106622260752138,0.100093941398825,0,0.419877974051344,1.17418042770899,0.0430213400933442,1.19606610407664,0.0180116107681434,0.965158787474658,0.0332230619507359,0.223002044786181,0.335830733483435,0.000198187594291806,0.0132337912276569,0.00745317294981292,0.0138611493572888,0.0508862539500029,0.00106246614983444,0.000409158853514373,0.0109512485171035,0.0187760549933055,0.000131442385099685,0.0145087398857604,0.00574619733769869,0.0564561575515166,0.066958225748101,0.0386428372823723,0.00117747540510521,0.0434003381177377,0.00113266110945228,0.0531969278042924,0.739308437000834,0.223509112439813,0.0036103362626747,0.0368695220402807,0.0130902211374553,0.55238181662338,0.0575243811209575,0.0017860709353551,0.0126944758901147,0.000452427470559442,0.00472759868496489,0.000935558660485309,0.0467882038490872,0.000988717152988083,0.000378866341335732,0.000484962655803007,0,0,0.035550993126368,0.00206326823156807,0.00992446667003703,0.0617122825330695,0.0188273797426272,0.0195007921057297,0.0315779902849591,0.000196864947624928,0.0454773843551066,0,0.0133018197662714,0.0144460815509292,0.000352650710159096,0,0,0,0.0491338011829946,0.000304377464126292,0.000444981514120496,0.000515868311617783,0.0755569676097104,0,0,0.000111600270578834,0.0728813289077478,0.00520201789454816,0.000303813624454171,0,0.000379417869402152,0.000177387774946332,0.0075135326981221,0.0279730294224815
0.530329417182928,0.000222030095416057,0.449199777993872,0.0351134777523722,0.0427651266686744,0.419877974051344,0,1.37418596900123,0.219690462870316,1.41711881138279,0.0352659071029618,0.0837973719180609,0.101009608134021,4.06346941729797,0.0628794851835093,0.000500475174969277,0.0611172200413065,0.0137748373715828,0.0453597664757443,0.0287071873432763,0.280586633972394,0.00097342462050495,0.447691918794081,0.311727466318284,0.00042471930893437,0.113754391128397,0.0479561302893761,5.23177826068424,0.474210950519,0.782626068933946,0.00240965181434143,0.0580033517738152,0.0428129231459507,0.250543462478659,0.131289401974709,0.898520928165448,0.0390276105851718,0.313211023038056,0.138230310186475,0.196603657227584,0.160575005353632,0.00690600478968562,0.0384803419536665,0.000610328383772755,0.0325484619724801,0.00460873212152115,0.038260445588101,0.00776627622630332,0.00139902278731512,0.00152185381172944,0.000294275290376285,0.00278567801010319,0.0877436156958328,0.00205934659232294,0.0356098666737618,0.221747929352309,0.103720198123497,0.0902764827416702,0.10682707192169,0.000845054050741017,0.056913817555196,6.65862361091256e-05,0.111342237110218,0.00726517588379828,0.00586497251684931,0.000573310760443544,0,0,0.101555859417025,0.000774210679151882,0.00436706874633835,0.015016728193211,0.319807731550702,0.00014599030334869,0.000411180692269885,0.0212705885446244,0.344707814664961,0.0337930104720808,0.00181670537510534,0,0.000943023401916018,0.000421121102188239,0.0300872718556837,0.00805181602411359
0.073020139090619,7.80251474829588e-05,0.1728530487166,0.00874511535953599,0.0154847405321551,1.17418042770899,1.37418596900123,0,0.0400517454679964,0.500915812434134,0.0346269634823643,0.343463247918158,0.040818626667396,2.28262091082093,0.0527447149668705,7.88980277123452e-05,0.136951655420792,0.0202056267307321,0.0811862637969258,0.0627420719706295,0.0125086784961765,0.00019628991176132,0.106098587589599,0.00855386481173484,8.06614533224222e-05,0.0971424900225188,0.0599601445861904,0.0378172630146889,0.147170806388548,0.355494108298623,0.00181720029590039,0.181583829965529,0.00351222647332551,0.152112960067868,0.0189693801230201,0.259531847938783,0.0110827642074909,0.0756285692571449,0.0302427416660761,0.1459174682833,0.0422222833844159,0.00248558761616456,0.0187214600486892,0.000587975830381885,0.00812677547776027,0.000576082261567756,0.0314987356367485,0.00303156686424829,0.000774081120692538,0.000280983304188037,9.94067416529181e-05,0.000111222705080474,0.0314021016532739,0.00056443921832712,0.0164820712500995,0.149602387910277,0.0313060830000015,0.031766223475753,0.0331723465119206,0,0.0320366063922682,0,0.0287227985168462,0.00712261588194651,0.000534267254982295,9.79345387432846e-05,0,0,0.0405306028841802,0.00060101569533464,0.000286033164992654,0.0016172949615057,0.159715440868313,4.52098848285973e-05,3.8458689805156e-05,0.00130985164198508,0.151663309170911,0.0105539376686178,0.000492677190263352,0,8.20528263246298e-05,0.000716463751016265,0.014674814278801,0.00120623163117187
0.000775706219448198,0.239545437800579,0.000646591770207113,0.297217737869013,0.0111942478663825,0.0430213400933442,0.219690462870316,0.0400517454679964,0,0.170984476503078,0.0087374653154927,0.12525122676352,0.0333065745931183,0.0254051296240562,0.0915860159262579,0.00275966003740729,0.000317736636315954,0.00111828796820076,0.00154530804469037,0.105395384043212,0.00492628345743766,0.631714684477253,0.00197250707212828,2.00353313282647,0.22739466277895,0.00314744531489793,0.196992601388353,0.622178102166243,0.0117322329341542,0.00818223060812995,0.00221984816238334,0.00408915942856016,0.000993871980024377,0.00808729597812866,0.0052938226678383,0.0742639781026809,0.00192401213530729,0.00574327945395074,0.0025292536172284,0.0562340242481955,0.00428452562022041,0.00106459333769198,0.041879121968839,0.00137470748777773,0.028401205858182,0.00528941397323882,0.0394577403324737,0.00718875672475007,0.00138301698727827,0.00182181761279414,0.00431222969863274,0.000396131671972057,0.186721255572943,0.00317162039757349,0.0239541784911979,0.0948517541807087,0.0491999379868479,0.425976567583367,0.0688256493804343,0.00776340977997037,0.113436887060371,0.00444405018923291,0.0578799827368794,0.0171498205822038,0.0112087213285196,4.85642584865212e-05,0.00449570761527013,0.00045135063108688,0.138061348155337,0.00723296144653498,0.0791110065024803,0.00650353179536447,0.557673778882113,0.00267572727337592,0.0066035166225651,0.0118893315480709,0.302102305215499,0.0271132427926847,0.00829123332023446,8.64145827890514e-05,0.00283844336114483,0.00154804430403691,0.0158023333110211,0.00666195697981591
0.00712171075208235,3.04332269932508e-05,0.00274745411056386,1.13036640102623,0.0207226954416107,1.19606610407664,1.41711881138279,0.500915812434134,0.170984476503078,0,0.0169239507419624,0.508552935304486,0.0550761661795157,0.395294925571752,0.0480117075697745,0,0.00169319942771403,0.00823087173945914,0.00946001922590499,1.24868141427453,0.000559480668782544,0.000263469880200881,0.00169440423330362,0.0599695706341308,0.000122249747542614,0.0100138831401005,0.00184943641734716,0.675613702891439,0.117172947289306,0.0134547452083983,0.000614150813120285,0.0419719813341783,0.00228225037797156,0.0869441383783679,0.0336969720312716,0.533422593226496,0.00383871044020478,0.0938667050496583,0.0355726052881643,0.176874309969475,0.085616789236926,0.00302963212075267,0.0100625203674799,0.000166003162556117,0.00527965443083366,0.000125373075539571,0.0485766435679203,0.00213816070724691,0.000519498398407078,0.000643944117683768,0.000181020400188214,0,0.201591190211865,0.00264132996606931,0.0271700788412614,0.108133101973101,0.0305000089646365,0.0690148771489025,0.160648389705194,6.53179260489643e-05,0.11386019056342,0,0.0212461917833329,0.023018403008796,0.000255437897527319,0,0,0,0.242331153146075,3.36793501443178e-05,0.00277267543628041,0.000136773157662636,0.219075463300012,0.000217639820642978,0,0.000260021781871803,0.266936197809749,0.00836097698414654,0.000246632556572378,0,4.00625890513778e-05,6.3944649757132e-05,0.0102795408101181,0.00122805613773603
0.00282218180039098,0.0217872174082848,0.00871872646956459,0,0.000672871911718923,0.0180116107681434,0.0352659071029618,0.0346269634823643,0.0087374653154927,0.0169239507419624,0,0.0297593441023999,1.23139743737829,0.0817613261969904,0.0115509837191334,0.000606275581553784,0.0194727933322263,1.26647288950706,0.156173312881966,0.00626502865865138,0.00674801291488577,0.013750628470168,0.0343706041995811,0.00692216086744347,0.164802739493155,0.503687064940484,0.0361005359745866,0.00415664558926712,0.189339345825212,0.0143336779940007,0.0927991849248233,0.0319322776685094,0.00118712191444376,1.17565598353273,0.00516816754963432,0.048162081240738,0.451990491077796,0.46982149734476,0.0533881066380416,0.0100260692019479,0.00149941738981266,0.283386026551327,0.000394459783360612,0.101828102718301,0.00202998546871809,0.000113837231572157,0.000944441710843627,7.8182268181634e-05,0.0168409736577477,0,0.00999948607719768,6.90085417643636e-05,0.000109814831029892,0,7.04119895680636e-05,0.000603323582507992,0,0.00939378123583488,0,0.0929874314541122,0.000200829674170327,0.314122565128619,0,0.000306606785417497,0.000247299828781626,0.000185105126712817,0,9.86694085949062e-05,3.38842145549804e-05,6.75971908968568e-05,0.00812400212203856,0.000427975435403389,0.0103080989195874,0.0281189099504813,0.0358931144834774,0.0658722735793202,0.000563055102156675,0,2.98077142102063e-05,0.0373310795811845,0,0,0.000307905895516583,0.00105718513935205
0.00679453191534453,0,0.00110417983077628,0.141605456734458,0.0415212691593269,0.965158787474658,0.0837973719180609,0.343463247918158,0.12525122676352,0.508552935304486,0.0297593441023999,0,0.0440942025852963,0.274027100719433,0.44067280297387,0,0.00208234129233263,0.012643613052852,0.0184633798765285,0.54798849204669,0.000323693483795303,0.000128843408013296,0.00168276964308797,0.0497408860086263,0.000332745481783962,0.0154077649097752,0.00249845447019234,0.0340229400925194,0.106267953769166,0.0138659658386939,0.00155342936230474,0.036378285801411,3.88441273835957e-05,0.0812517508033925,0.234768940715325,0.352011513979064,0.00493080148697447,0.0610094377218199,0.017044779788191,0.557127297801649,0.036923067028235,0.00312249727451634,0.0221092789923961,0.000479880726839733,0.00881773391727316,0.00100338103447914,0.156772366187468,0.00317845460243094,0.000960177277442746,0.000461746289349487,5.70073244129538e-05,0,0.135912732836645,0.00739049678495273,0.0324538711910416,0.0565817165924993,0.0355776649088432,0.0198278116440554,0.0987435166732444,0.0018818980804169,0.181313577357722,0.000138351362545711,0.0291491287893168,0.0705253009260963,0.000426672215534073,0,0.000453212213147801,6.24550295660198e-05,0.166192155255466,0.000401936181312486,0.000791467453852986,0.000572655503281456,0.0733971830332443,0.0001046325103611,0.000106813855562356,0.000298906587570801,0.113711936287906,0.0104473978751968,0.000538279185237563,0,0.00169359480885609,0.000129839043560571,0.00740799662036196,0.0212726426584657
0.00164974245615917,0.119057876310882,0.020582738982519,0.00292119580447779,0.00320789552020145,0.0332230619507359,0.101009608134021,0.040818626667396,0.0333065745931183,0.0550761661795157,1.23139743737829,0.0440942025852963,0,0.0351605493830329,0.00782353869950469,0.0601113872898682,0.00936183075780437,0.0182505305607541,0.015166151493641,0.0151815455686538,0.0614456953910431,0.0662960177285254,0.198380263518126,0.0748495460945951,0.8144994389464,0.0587747079464352,0.350320295159617,0.104828410482068,0.0338232387793353,0.0728186720479633,0.127983882700263,0.0255017937768296,0.000947475737096623,0.299389744818043,0.040009758652212,0.47234431248352,0.575031021521985,0.666233695755242,0.275005926213186,0.384922013638056,0.196687663012517,0.508460145675772,0.0299502628565216,0.347080710259049,0.0705623580669577,0.0106638755139011,0.0998429727004788,0.0236835285679789,0.113115974589704,0.000225351582059652,0.0517054054269436,0.000588164368580926,0.00125933495493352,0.00111062736977179,0.00307093294351664,0.0134092971693563,0.00860489702154755,0.0397432866169488,0.00170349671927907,0.428436752780563,0.00436166276520151,1.43929356956711,0.0120969759560387,0.00533585882742294,0.00388038592706229,0.000344697030005991,0.00128205563485128,0.000299111542719526,0.00176443567740261,0.00176003690866177,0.0388830881979127,0.00600332658383187,0.0465029655694277,0.234864423401002,0.158662818005475,0.417785336319498,0.0129495939625342,0.00471873390394057,0.00108632019682367,0.196058971770358,0.00197426951511155,0.00022880775939585,0.00602715441194771,0.0119749268701853
0.714493291992913,0.000244748958359468,0.280551567978692,0.00547264989146734,0.00789762639054928,0.223002044786181,4.06346941729797,2.28262091082093,0.0254051296240562,0.395294925571752,0.0817613261969904,0.274027100719433,0.0351605493830329,0,0.0232530721393128,0.000503656276553655,0.362410546488072,0.0449377276167161,0.223319588484609,0.0625575648165917,0.0230688891348259,8.20678490065458e-05,0.197023965702936,0.0152042093115448,0.000176683162918392,0.173054403985456,0.0957245049003248,0.0704582509875113,1.59855337992458,1.19486730867523,0.00589357033639258,0.0254936145351354,0.0116082417926454,0.284217379161486,0.0190850268795636,0.237057227612113,0.0202618224441316,0.129949543638798,0.0386330105429001,0.0724640354977146,0.0273868731137495,0.00200549939129728,0.0187165233869355,0.000832392763790592,0.00932058611739206,0.000729624085130393,0.0193384935414029,0.00232474838322144,0.000157227216306716,0.00016341279894616,4.44025462499082e-05,0.000499286775263752,0.0132889076405905,0.00062571154366079,0.0073563881729596,0.096730741503635,0.0145096758101307,0.0213073427166327,0.01009493183691,0.000122572204054177,0.0135253436027144,0,0.014912081180252,0.0038664703734265,0.000904747113318602,0,0,0,0.016251765757202,0.000673355620830625,0.00104196963241714,0.00254230140516308,0.114828146137623,0.000123069174201536,2.48892244130313e-05,0.00296535150779161,0.089815177260034,0.007719483803296,0.00101823821681087,0,0,0.000535891045782003,0.00911111016166161,0.00148706444960531
0.000173274392899418,0.00249796077104142,0.00119450995344226,0.0323922967544401,0.254025242851252,0.335830733483435,0.0628794851835093,0.0527447149668705,0.0915860159262579,0.0480117075697745,0.0115509837191334,0.44067280297387,0.00782353869950469,0.0232530721393128,0,6.38800199132919e-05,0.00157985211417139,0.00559738330572571,0.00408330243057109,0.0246738954451472,0.0123080636808823,0.00407265905297551,0.00873525931609631,0.117383766321046,0.00236129821643586,0.00296671811815564,0.00452315621292558,0.0843209213570406,0.0126656283749192,0.0340158668946747,0.000301975578961042,0.0262605133288664,0.000132321526255286,0.0126768188919574,0.155116517389553,0.0398139369931082,0.00127159635814224,0.00847376535344613,0.00257391150038216,0.375638002915455,0.00724741586253174,0.000486946924574989,0.00279203593973058,0.00101046192514092,0.00116699747176558,0.000761734381657062,0.0119805983353969,0,0.000300610672702062,0.000120889336137342,0,0.000118633552529156,0.00475515190360475,0.000602207055092767,0.00233243918193289,0.0059691032368802,0.00222238116625996,0.0020790749013971,0.00200627584795147,0.000298754694269693,0.00970079860212625,0,0.00279740185226752,0.00504437077126541,9.00333804356753e-05,5.51957633680404e-05,0,0,0.00502297425621722,0.000574343229004243,0.000235111496269548,0.00196168436956655,0.00765853131413569,0,0.000127794812422085,0.000965105088915856,0.00654696504887542,0.000853801826142137,0.000476579713801089,0,7.17603372374594e-05,0.000114436912778401,0.000784599686978552,0.0310722932806413
3.70352597099096e-05,0.0156804961582947,0.00133886234847682,0,0.00233649763204288,0.000198187594291806,0.000500475174969277,7.88980277123452e-05,0.00275966003740729,0,0.000606275581553784,0,0.0601113872898682,0.000503656276553655,6.38800199132919e-05,0,0.00149384190333837,7.72031336827337e-05,0.00212493858493944,0,0.497634851789934,0.805866786134601,0.715987600411607,0.25233029976776,0.00700929262173599,0.00451135816915853,0.846602729463443,0.17226089192202,5.11094876570284e-05,0.000496667732893687,0.000215508910311812,0,0,0.0037548665087352,0.0247957374711714,0.179409228866235,0.0817527033911374,0.0316171010804385,0.0324222050484714,0.00319640558526669,0.00177875611533252,0.000684577356188094,0.0243351484085772,0.0034177390270467,0.00511112225466249,0.0055720204950276,0.00132788223087099,0.000909207721154629,0.000664170277728415,0.000159121572512671,0.00306825837055977,0.00617230047731058,0,0.00042337259897632,3.06492256279439e-05,0.00355759445484022,0.000180449757374635,0.00273768444975833,0,0.000284140771827192,0,0.000462434015245575,0.000591278352770716,0.000189774799467796,0.406865167535861,0.00118604657546889,0,0.00012699668707628,0,0.039050979732389,0.192170724901867,0.53327444339381,0.0709276722119035,0.00135913917134327,0.00267837871697972,0.226996129710913,0.0329771637970461,0.00319282090734416,0.00301927732338815,8.2607629813743e-05,0,0.00029101176322248,0.00202587312462607,0.00289994805116103
0.114307672108091,0.000410471833258063,2.29015417518765,0,0.0026009141337462,0.0132337912276569,0.0611172200413065,0.136951655420792,0.000317736636315954,0.00169319942771403,0.0194727933322263,0.00208234129233263,0.00936183075780437,0.362410546488072,0.00157985211417139,0.00149384190333837,0,0.0181561575241047,1.08107837642856,0.000458652121466985,0.197507988440787,0.000210218429874224,0.988106603338444,0.00201792135661162,0,0.510830071306891,1.05013265518086,0.041482304224174,0.425980589498129,0.713104453479588,0.000188569501458239,0.00160885150606954,0.0160451952629576,0.571553253473584,0.0244336469751081,0.210665657894539,0.310037033859218,0.182504815579962,0.0791611653938653,0.00329410851842878,0.00607862543987626,0.000622732548935268,0.00632570668066877,0.00513208605317618,0.00377554769802488,0.00287380091836801,0,4.23029339104414e-05,0,0,0.00136644239017278,0.0431166712044098,0,0.000153111492775202,0,0.000978138495974411,0,9.42879553318621e-05,0,4.71950322105855e-05,0,0,0,0,0.00120060109325199,0.0151044612841261,3.42289417277276e-05,0.00261327437062153,0,0.000666825355280903,0.000719106933030259,0.00667505102866986,0.000825882056719277,0,0.0147435035907878,0.0803825879685146,0.000749658982621043,0.000103040081733671,0.000720366156005573,0,0,0,0.00344238841084621,0.0025753303980006
0.00208610918810546,0.000519980881448394,0.00972505255166876,8.19352829124448e-05,0.000192439276155538,0.00745317294981292,0.0137748373715828,0.0202056267307321,0.00111828796820076,0.00823087173945914,1.26647288950706,0.012643613052852,0.0182505305607541,0.0449377276167161,0.00559738330572571,7.72031336827337e-05,0.0181561575241047,0,0.156157333278672,0.00181928560039681,0.00600956129338545,5.39744423447728e-05,0.0368202548650188,0.00074010756013113,0.000204252871541011,0.655528206088987,0.0745406098108543,0.0020279938634419,0.103606561519311,0.00810539652163345,0.00861719848671676,0.015029420677456,0.0012687514853366,0.49847497867986,0.00641732435871635,0.0656468024509717,0.286374577116734,0.391738877161792,0.108411813222798,0.00412722483305116,0.00261881374998688,0.00430836958421926,0,0.00344237537997539,0,0,7.23592925392151e-05,0,5.11017904137016e-05,0,0.00078447985519673,8.88097356327954e-05,0,3.79494678064287e-05,0,0,0,0.000226300662342227,0,0.000708976891629887,0,0.00411455332036388,0,0,0,6.90684089665592e-05,0,0,3.07834626302421e-05,0,2.27297028220236e-05,0.00010665267599529,0,0.00177405940706158,0.0071646137412169,0.0131132454756141,0,0,0,0.00185557749407421,0,0,2.81232439920008e-05,0.00190556152878918
0.050417692666814,0.000549761068829244,0.218762398505312,2.94049213177443e-05,0.00103494957609251,0.0138611493572888,0.0453597664757443,0.0811862637969258,0.00154530804469037,0.00946001922590499,0.156173312881966,0.0184633798765285,0.015166151493641,0.223319588484609,0.00408330243057109,0.00212493858493944,1.08107837642856,0.156157333278672,0,0.00311818850907958,0.0829916105018739,0.000486471209265155,0.478163132931352,0.00166806189970344,0.000833531744449689,1.87505453493918,0.361630766398576,0.0155719898132614,0.35714158415232,0.103289711556516,0.00296101926554139,0.0129350623107425,0.0170605602015235,1.21011572712485,0.0317055650398781,0.416568680270525,0.434831249359679,0.690686350013767,0.304582142203026,0.0070172286655084,0.011447200857845,0.000753619039475985,0.00155796952086284,0.00281961638642813,0.00126142643183122,0.00165605944300291,0.000209039330819959,0,0,0,0.00167882863679961,0.0167759802242839,0,0.00044149481781205,0,0.000350743548820913,0,0.00105832094528557,0,0.000214351442326057,0.000186524942777485,0.00113251814831738,0,0,0.000384130166914601,0.00511474692151248,0.000106404219692215,0.00227801968710355,0,0.000103590131433633,0.00017892903615981,0.00189515625450522,0.000189414465348545,0.00113760134097414,0.0262734780804095,0.0715057694980197,6.50587272447079e-05,0,8.3876422334814e-05,0.000999713795986645,0,0,0.00101260017861566,0.00725479759191531
0.00201689562258555,0,0.000472386951442602,1.78211619857892,0.00433587329528775,0.0508862539500029,0.0287071873432763,0.0627420719706295,0.105395384043212,1.24868141427453,0.00626502865865138,0.54798849204669,0.0151815455686538,0.0625575648165917,0.0246738954451472,0,0.000458652121466985,0.00181928560039681,0.00311818850907958,0,0.000137548239967176,8.44304003288838e-05,0.000488191171343979,0.083121750399648,0,0.00279083461649072,0.000427870194744411,0.601520320388275,0.0259296343511299,0.00435562229485295,0.000437844246352187,0.0108246279901922,3.07593639290959e-05,0.0197106730896073,0.0036578127997607,0.115558162140357,0.00104515629779385,0.0181474672943393,0.00534732323840506,0.0707826990113995,0.0150510978121302,0.000885171259678909,0.0081343018546788,0,0.00527078246601066,0.000629230972064924,0.0337422808294393,0.00286971506315045,0.00030174334042654,0.000682976296379247,0.000153220042053724,0,0.125284583966991,0.00278241979001939,0.0213705286213626,0.0448792979964338,0.0268338936522059,0.027594304794079,0.129005890789166,0.000269639335809812,0.0787343782486178,0,0.0212820724919537,0.0182619739470636,8.46117746473463e-05,0,0,0,0.157908743593719,0,0.00185909699108518,0.000163932871889118,0.0986046525233574,0.000238697924772727,0,0.000327618557808015,0.138632323152105,0.00768922418919726,0.000120837345441472,0,0.000259989973755151,0.000153365143278992,0.0055808191014479,0.000236825600210625
0.00180648928967872,0.00483501569633729,0.0728851471078164,0.00012698411874826,0.0468792663452017,0.00106246614983444,0.280586633972394,0.0125086784961765,0.00492628345743766,0.000559480668782544,0.00674801291488577,0.000323693483795303,0.0614456953910431,0.0230688891348259,0.0123080636808823,0.497634851789934,0.197507988440787,0.00600956129338545,0.0829916105018739,0.000137548239967176,0,0.0852670178888875,1.78641854071038,0.0715951723618002,0.00341268940525941,0.0362252418243926,0.427263653045829,1.74048944423703,0.0156366565310576,2.23800846670101,0.000652609137760073,0.000268733774386576,0.00481175753504759,0.788016777024854,0.340925384498283,1.27625964374993,0.0745243784359972,0.616597452154065,0.272958308212391,0.0343545710143548,0.0165829476185863,0.00222088133914354,0.0279407358372845,0.00158715179974933,0.00673703153137334,0.00403700661918508,0.00305379216525444,0.00314819065061031,0.000912480740394873,0.00136955432722339,0.000516457104256698,0.00329354739868537,0,0.00382557780333051,0.000260447178500527,0.00628363643013064,0.00278699445781131,0.00754337031826935,2.54554343403578e-05,0,0,0.000264542200475377,0.00515979873621244,0.00119797918820677,0.0870967478318369,0.000657609955749244,0,6.27671264467567e-05,0,0.0619360968087673,0.0625868137326249,0.139170697762799,0.151189917791182,0.000444593695221234,0.000969978889111393,0.0434374966152264,0.0895554164352933,0.014293025906324,0.0161863993217003,0,0.000112693239295033,0.000975779399337759,0.00333253588589788,0.0289603197526561
0,0.335055885287519,0.00132637764553917,0.000205985370964128,0.00043677458846519,0.000409158853514373,0.00097342462050495,0.00019628991176132,0.631714684477253,0.000263469880200881,0.013750628470168,0.000128843408013296,0.0662960177285254,8.20678490065458e-05,0.00407265905297551,0.805866786134601,0.000210218429874224,5.39744423447728e-05,0.000486471209265155,8.44304003288838e-05,0.0852670178888875,0,0.158034002673483,1.80850136665435,0.262103193079092,0.00495600134539364,1.20113031983506,0.190059194948,8.65550807175634e-05,6.85977174469352e-05,0.00651611351720752,0,0,0.00151864892349432,0.00135389969233538,0.00775757489108451,0.00312421086501278,0.00248445867755308,0.00205908928573923,0.00358540236636501,0,0.00234763280329008,0.0152747791167323,0.00336028152898154,0.00814284124458982,0.00571458270336342,0.0011342496186381,0.00047808072493855,0.00153678343180452,0.000432058566265991,0.0118613640924772,0.0118662507088706,0.000763443753940222,0.000199231661832458,0.000113153593315065,0.00252254980075158,0.000635383537115756,0.00699802630743305,0.000201722689396778,0.00246236664862741,7.98899850484608e-05,0.011166229836492,0.00092627852266676,0.000470916594277918,0.245921838393012,0.00181561877575841,0.000285921508488822,0.000495747606905088,0.000164404889069683,0.0284508011046496,0.283245854542865,0.197881050091306,0.119751929728281,0.00713939366370197,0.00824105785255505,0.285065591487656,0.0276477849751395,0.00366537657182601,0.00375329564478258,0.00118489846456904,0,0.000194935287673846,0.00252480344205628,0.00201920073007586
0.0394021078091946,0.00330899279160455,4.03503076047472,0.000126046546707577,0.0952972852377233,0.0109512485171035,0.447691918794081,0.106098587589599,0.00197250707212828,0.00169440423330362,0.0343706041995811,0.00168276964308797,0.198380263518126,0.197023965702936,0.00873525931609631,0.715987600411607,0.988106603338444,0.0368202548650188,0.478163132931352,0.000488191171343979,1.78641854071038,0.158034002673483,0,0.0644672493744328,0.00131923960096454,0.448483939477892,2.31240194187321,0.933822412945106,0.0736115250543039,1.44187622083802,0.00125502080054119,0.000864742598839436,0.00626619132083785,1.34718893996731,0.847873620915211,3.07741693957565,0.795419667452674,2.11822644800152,1.43751378552012,0.0858566905874055,0.059765559409112,0.00368901195336682,0.0306026726029253,0.00566554882450902,0.0127075350468644,0.0129593672218784,0.00233805573291262,0.00114639063235788,0.00117415463551362,0.000347723781722241,0.00171742276975934,0.0311479870132356,6.47109902240812e-05,0.00795585485450938,0.000258209493815839,0.0101413585412688,0.000935618439162566,0.00307877422798269,0,9.29140660048368e-05,0,0.000130980754107428,0.00185475636552336,0.000294409598198533,0.325301949193218,0.00340229683873025,0.000137488684815386,0.000559371508681953,0,0.0431915373704771,0.128505061830922,0.602706371159826,0.0632894830963006,0.000127729547411817,0.00548121623943503,0.382645961665562,0.0338015207926155,0.00289328427230037,0.00355674389838699,0,0,0.000375120415239301,0.00647872347167882,0.0826974783718134
0.00106742539651289,0.321946261550792,0.00373128403412337,0.555414374758896,0.0203138894750552,0.0187760549933055,0.311727466318284,0.00855386481173484,2.00353313282647,0.0599695706341308,0.00692216086744347,0.0497408860086263,0.0748495460945951,0.0152042093115448,0.117383766321046,0.25233029976776,0.00201792135661162,0.00074010756013113,0.00166806189970344,0.083121750399648,0.0715951723618002,1.80850136665435,0.0644672493744328,0,0.231097661223198,0.00391333392179501,0.419842404658371,1.06143612036372,0.0294063370196124,0.00443714747271309,0.00239310992056103,0.00383153743270603,0.0066305497018683,0.017394693134655,0.0378359531398111,0.257956615548276,0.0213255210735576,0.0311220507601227,0.0199007601298089,0.0915042210129125,0.00791983758953283,0.00133138314871067,0.158526360751265,0.00339910284570184,0.0962829557939174,0.0165081893245817,0.0522919339520545,0.0332845675481327,0.00401023751681964,0.00410810398431214,0.00567171310362223,0.00458578896294326,0.0970710677542723,0.00614786123400802,0.02953295850038,0.343841612725886,0.12427228536628,0.246588271222079,0.0825737815226075,0.00973357937325182,0.0455310332137964,0.00436664012408221,0.168462854773428,0.0135430407646359,0.138005549433128,0.00103791295944527,0.000305813185909128,0.000159264124219737,0.0946014908889016,0.0615670292949909,0.174199243105413,0.135251177147377,1.14742262916477,0.00397413838176768,0.00208504391662913,0.0779396953875538,0.695919130201313,0.0830457126746378,0.0283439960064167,8.34238917061445e-05,0.00493639515647095,0.00543662741015888,0.0627470108919823,0.0160608428977362
0,0.49051179285174,0.000112220646702373,8.73563287805436e-05,0.000397741929521924,0.000131442385099685,0.00042471930893437,8.06614533224222e-05,0.22739466277895,0.000122249747542614,0.164802739493155,0.000332745481783962,0.8144994389464,0.000176683162918392,0.00236129821643586,0.00700929262173599,0,0.000204252871541011,0.000833531744449689,0,0.00341268940525941,0.262103193079092,0.00131923960096454,0.231097661223198,0,0.0227238090751198,0.610619582770647,0.0101811955510742,0.00014125775575676,4.93891958228111e-05,0.0298006182016983,0,0,0.0213650024477048,9.84903934660318e-05,0.00197358231151259,0.034171069676232,0.00922061768500989,0.000346927628269422,0.00177197512724131,0,0.0252448145649739,0.00316671571102721,0.0321849544444614,0.00303470954600974,0.00159056287584293,0.00022525031395725,0,0.00723667082289778,7.46718737473842e-05,0.129657075109202,0.000997574026522343,0.000166585545989549,0,0.00016155666559515,0.000266850335518554,9.23957347900272e-05,0.0106495383226267,0,0.0728064697993311,0.00012133332410953,0.40290589098841,0,0.000251961377160454,0.000929121228824556,0.000983273703671393,0.000884283277095164,0.000913547359663387,0.000562697881902105,0.000326941890889761,0.0131443927624592,0.000804315642397658,0.0155507340783149,0.317450737635833,0.124456374547611,0.460582782790031,0.00102975078093282,0.000160479753089515,3.80735266540229e-05,0.0545814639923697,0,0,0.00110932888819976,0
0.0243795214317604,0.0166572120673739,2.16965543072103,7.83471945666853e-05,0.00134976970079704,0.0145087398857604,0.113754391128397,0.0971424900225188,0.00314744531489793,0.0100138831401005,0.503687064940484,0.0154077649097752,0.0587747079464352,0.173054403985456,0.00296671811815564,0.00451135816915853,0.510830071306891,0.655528206088987,1.87505453493918,0.00279083461649072,0.0362252418243926,0.00495600134539364,0.448483939477892,0.00391333392179501,0.0227238090751198,0,3.00973581319263,0.0232848321072513,0.157378484110533,0.0714365511919894,0.112129070372111,0.0141086740460514,0.00608546791517602,0.447254507617256,0.0822010357998853,1.14834015432611,1.91005822124217,0.722970765692513,0.468491733171093,0.0079286671995994,0.0216641157387918,0.0150376852815344,0.0381637188304917,0.109558875239348,0.0247405845228894,0.0224738933145131,0.000545713425401014,0.000348132501359278,0.00178652505058016,0.000670453771162001,0.0735642945789214,0.239147786166494,0.000109242366815722,0.000471441728634185,0,0.00448227751468732,5.43701443897307e-05,0.000797389570786177,0,0.0238428843774765,0.000119213771527862,0.155580631331475,0.000563286971099561,0.000103818532412088,0.0019816227483177,0.0818838196105302,0.00531052183944913,0.0611249694778301,0,0.00178097014615387,0.00535052385309882,0.0146865030385326,0.00111221637691038,0.109762287683902,0.903861709700883,1.79204417745815,0.00107138112892463,0.00114431593978836,0.00451732164051633,0.0844352468235622,0,0,0.0198122301130609,0.0178232840839496
0.0186491658861597,2.18871149642823,0.999824130348404,0.000298837159675342,0.0158076128696945,0.00574619733769869,0.0479561302893761,0.0599601445861904,0.196992601388353,0.00184943641734716,0.0361005359745866,0.00249845447019234,0.350320295159617,0.0957245049003248,0.00452315621292558,0.846602729463443,1.05013265518086,0.0745406098108543,0.361630766398576,0.000427870194744411,0.427263653045829,1.20113031983506,2.31240194187321,0.419842404658371,0.610619582770647,3.00973581319263,0,0.471350349581746,0.0727273033595816,0.0391291503263445,0.0912580782891645,0.00186733178107116,0.00378059032412897,0.33274279310677,0.433031931939953,3.54525485460732,1.23873939376887,1.41073547447198,1.23653534108012,0.0242474087468986,0.0511570706210076,0.00402961125917424,0.270550386049182,0.186665628290339,0.150433870291355,0.136876590427714,0.00348261664776088,0.0042616089128939,0.00227112738554265,0.00363532038582087,0.908217307897034,1.23474905955279,0.000963854483843219,0.00485431418806864,0,0.0584914530591507,0.00172643140602042,0.00361000584113187,0.000215202235583505,0.0333520470296331,0.000161189725302428,0.271122633144877,0.00663749152206619,0.000762610298291812,0.515200991715725,0.335880438213119,0.0145185302270979,0.129568719141334,0.000376845356845868,0.0477455379777476,0.487123277033085,0.974593692660433,0.100681294396516,0.333156524029869,2.15010840028094,9.9740367064504,0.0538531224742407,0.00622204990766209,0.0259305419087905,0.100044051968498,0,0.000360211189096731,0.107400897147022,0.0771246244277768
