0,0,48.6040490865707,1.52906554937363,0.697507500648499,76.1905806660652,17017.1430944502,896.648910909891,4.44308876991272,83.7663719952106,22.1534488201141,37.2496731877327,0,13308.1314821541,1.61465758085251,1.15710854530334,66.9790942370892,5.55074265599251,7.94159436225891,7.64492803812027,158.864596217871,1.65603560209274,256.195573568344,3.83146259188652,0,29.007635653019,16.728930413723,99.6839869916439,8265.10126855969,7939.80581998825,0,24.302219837904,26.4700967669487,104.526133239269,10.0773348212242,82.3285188674927,12.1178038716316,79.2747069299221,10.9838701188564,20.4442012608051,14.9962805509567,2.29166293144226,5.25753569602966,0,1.56137812137604,0,4.3211784362793,0,0,0,0,0,0.712100028991699,0,0,4.5946729183197,4.88093411922455,1.50473922491074,0,4.67262634634972,1.45460319519043,0,2.52772426605225,0.503970205783844,0,0.497388601303101,0,0,2.14798021316528,0,0.702774822711945,1.85266602039337,15.2966666817665,0,0,1.88095211982727,3.78770452737808,1.34233033657074,0,0,0,0,0,0
0,0,423.739903450012,6.40577536821365,28.2383872270584,18.7988700866699,14.9835489392281,8.04073032736778,3066.74389183521,1.50338679552078,5.39046281576157,37.8151511251926,450.073894262314,4.41865417361259,113.090020030737,404.609620034695,176.34227257967,12.1782703995705,65.8051467835903,7.32513588666916,130.752584964037,6550.6135020256,158.613155961037,2956.29642024636,3837.30237954855,1032.85348540545,39318.5945058167,193.932330429554,6.83680725097656,8.02893704175949,122.714825749397,5.55758047103882,0,177.357119619846,22.2303070425987,543.738970220089,375.863777190447,142.131441652775,85.0499065518379,135.780240386724,7.627232670784,69.938282251358,311.986992925406,390.045844525099,110.601223260164,173.160252958536,3.13799786567688,1.79621136188507,81.240775167942,1.8218629360199,3039.60610246658,237.689991563559,4.59889832139015,0,0.647248089313507,19.3995871245861,7.7619027197361,55.442557066679,7.32398656010628,501.493959933519,3.1058606505394,781.682968914509,11.1215619146824,0,48.2080208659172,238.437000334263,1.50855964422226,154.328428059816,6.92699041962624,20.8484374880791,124.488506197929,88.9975493848324,95.3365843296051,200.774306595325,1297.73545590043,4820.02460476756,35.0289920270443,5.24922639131546,8.41223934292793,339.511121541262,3.66408956050873,0,26.662299901247,13.9089465737343
48.6040490865707,423.739903450012,0,2.1551841199398,33.5736919939518,80.7198056280613,791.723224520683,671.916721493006,42.3773731887341,48.748359054327,37.1360797286034,9.26736667752266,2.15650144219398,1095.9304125309,33.4583614766598,230.191131293774,13607.0140082538,59.3421322107315,892.257661014795,1.69346222281456,1775.48955067992,292.547249108553,35408.629075557,222.26750227809,1.33708184957504,31313.1110899746,57748.4855211675,323.811895847321,783.28984233737,1530.62783372402,0.403959304094315,15.177069067955,55.0289598107338,1555.19722998142,351.250743091106,5781.06514170766,3162.88009884953,2776.96406239271,1446.30588322878,70.1645652353764,75.2923825383186,4.82281830906868,1751.14258530736,521.426210254431,511.317370474339,766.315210163593,22.9713586866856,8.98002010583878,0,20.1349829435349,1560.65554243326,4774.81274458766,1.09526345133781,1.51010763645172,0,74.5330222845078,7.85346773266792,12.1270006000996,0.767456233501434,25.5150255560875,0.440989375114441,3.92119419574738,68.2590736746788,9.78779774904251,208.177071362734,1879.28843072057,21.2322309315205,349.430180251598,0,107.428404211998,167.24617254734,1227.4547290802,90.7648332715034,3.5732753276825,1210.15578365326,14304.1524368227,57.1151848435402,68.0560868084431,106.467977941036,1.73694205284119,0,7.39118310809135,109.078683018684,327.645220965147
1.52906554937363,6.40577536821365,2.1551841199398,0,114.001036703587,364.292159080505,281.553132921457,52.9780475199223,3295.49371251464,3979.27249616385,19.9111003875732,18109.8857224882,2.30700889229774,84.8478499650955,753.203988343477,0,1.87115597724915,12.7112888097763,2.36467942595482,23203.2319150567,4.7119083404541,17.5236645936966,3.74425542354584,2157.64206847548,3.80856996774673,4.09819760918617,15.8604015409946,7868.37581118941,66.6748832166195,5.50869855284691,0.465392708778381,43.6098346114159,1.39282953739166,82.5631654262543,22.9945331811905,441.596750408411,10.31298828125,70.3050858974457,7.00930324196815,721.053144365549,16.3060719370842,1.0733630657196,41.9130240380764,0,13.7362887561321,3.6147423684597,88.4597173631191,5.9557458460331,0.507621765136719,0.756543397903442,14.9013257324696,0,1436.24473455548,5.89296287298203,74.4212900698185,470.562392562628,263.653544515371,533.192241579294,786.266442775726,8.64217096567154,280.708934307098,0.538086712360382,68.5924181938171,42.5926806926727,0.777224630117416,0,0,0,894.070362716913,0,31.7698451280594,0.444863975048065,1851.50465914607,4.12779766321182,0.637151837348938,15.2692087590694,1660.25583639741,12.3725569248199,0,0,1.43599265813828,0,23.9483193457127,8.113939255476
0.697507500648499,28.2383872270584,33.5736919939518,114.001036703587,0,1321.72860327363,150.769796639681,217.590242117643,453.166120648384,212.685606479645,0,777.932514518499,3.34373784065247,34.7562588751316,3585.27064356208,58.7722034156322,42.8702682852745,4.58502769470215,14.7409344911575,45.3088699281216,740.725250869989,57.608261525631,915.260771632195,335.186833888292,9.80693256855011,22.6783664226532,163.487142235041,378.24005895853,18.681485325098,210.967618733644,1.21184837818146,444.667887687683,2.5095948278904,703.096219778061,2144.6057715416,250.672259032726,139.842756092548,59.1532910764217,67.632690012455,10779.9891193211,3596.92364937067,0.949730932712555,18.1493665277958,8.45062494277954,5.3421128988266,21.8805788755417,12.4366806745529,0,0,0,2.14001595973969,2.49953299760818,34.9187867045403,0,0.948401749134064,10.9094890356064,5.2644966840744,35.9230690598488,19.6236282587051,1.25755178928375,20.3689981102943,0,1.22993814945221,5.32441288232803,7.92386049032211,0,0,2.07260406017303,33.4467706680298,6.40103828907013,8.25944483280182,18.4521269500256,50.4778963029385,0,1.89024031162262,21.3503828942776,39.1435878276825,2.15807485580444,1.54293525218964,0,0,0,2.32599383592606,460.331664264202
76.1905806660652,18.7988700866699,80.7198056280613,364.292159080505,1321.72860327363,0,7539.43401411176,23211.2863335609,1014.41975870728,20768.629219383,397.012138515711,12125.4466345906,45.19268861413,2676.23307412863,5997.99829307199,1.29265302419662,38.1243770718575,124.051482200623,87.1854904294014,451.264704972506,150.926686286926,25.6356406211853,225.68682128191,619.60995811224,9.05897748470306,148.344855010509,69.9428939521313,3623.52669718862,863.222221791744,353.550898969173,9.52079713344574,2613.23803561926,10.2066102325916,1191.0619147718,4240.63931405544,2344.35271677375,54.7437527179718,676.903750658035,66.7161300480366,6067.96109321713,511.33312523365,43.2825112044811,185.174386650324,6.21940940618515,37.4202715456486,14.4232209920883,113.20058169961,20.6117632389069,5.87994074821472,0,1.61586570739746,0.963136166334152,412.150787264109,6.84691280126572,72.8476265966892,577.951117306948,391.913810640574,276.553267031908,304.9969432652,45.8398143351078,129.250383943319,4.60910052061081,141.01589012146,47.7401923537254,10.8432823717594,0,0,0,293.252530038357,18.0970081686974,24.734959602356,11.082773566246,1009.14677107334,0,0,7.76654121279716,613.434532791376,23.3859733343124,0,0,1.32151997089386,2.70756328105927,64.6894203722477,440.053730398417
17017.1430944502,14.9835489392281,791.723224520683,281.553132921457,150.769796639681,7539.43401411176,0,18888.2326448858,1429.67079395056,13971.5293592811,539.213744461536,529.247557491064,42.986670166254,45237.74758479,970.836713701487,72.9254654943943,160.011989206076,308.33006298542,225.257904797792,88.4548704624176,1583.95981088281,95.0148337781429,1635.92816710472,5695.714656353,3.35183569788933,408.783625245094,690.748430430889,77434.7733818293,5197.93713608384,7157.07077902555,14.0746862590313,550.190078884363,336.816516846418,3465.88479229808,1391.18625164032,11180.2225273848,738.944265604019,4434.89369040728,539.406708180904,1252.02684488893,845.768141120672,80.392789542675,619.826535463333,34.5006220340729,152.9298864007,98.0542868971825,300.705720424652,70.7403294444084,6.53888496756554,3.74138426780701,18.0636278688908,55.4175741374493,363.556402266026,5.83300721645355,186.682916224003,1267.17701295018,916.412037134171,527.989926993847,649.684462577105,65.7717661857605,221.148667275906,7.10413035750389,411.09970587492,68.1706314682961,107.171900570393,9.24158889055252,0,1.33192464709282,425.100780963898,89.3230901658535,110.625878512859,227.839911282063,2684.20008960366,3.5775026679039,0.771120548248291,266.996166557074,1601.22647222877,63.8281233906746,5.25583955645561,0,20.4657863974571,11.2162499427795,191.55313205719,253.045730501413
896.648910909891,8.04073032736778,671.916721493006,52.9780475199223,217.590242117643,23211.2863335609,18888.2326448858,0,807.101430535316,6575.64306941628,448.880551278591,1855.72768956423,54.2736360728741,16895.796536684,1134.77131095529,12.9091681838036,308.429600447416,143.488530009985,118.515790909529,201.659768551588,1583.09847871959,9.56118473410606,2285.26834398508,336.575043439865,2.1964213848114,399.353297412395,240.745683133602,2695.34794324636,1911.86109384894,3877.23899576068,11.3451324403286,3552.25365996361,80.8588672876358,1635.16338995099,135.224629551172,3782.88648724556,143.192700237036,1019.92302599549,137.003967255354,2456.0580214262,447.781173735857,49.3956629037857,1186.9941843152,60.4455604255199,251.242918282747,131.620687633753,633.771326929331,206.239927351475,18.741661965847,5.23519092798233,6.04535016417503,15.9525336623192,406.610912561417,14.9118868112564,283.042509019375,1809.58757311106,1614.5073710382,411.20492452383,771.062721252441,131.476085960865,214.531585097313,9.64427834749222,839.742202371359,119.252447724342,57.6876725554466,1.85025030374527,0,0,373.706461369991,118.215410679579,72.0382463932037,74.7432865798473,2865.13974937797,0,0.284772157669067,72.9147685468197,1514.2443317771,123.638562887907,4.41287213563919,0,16.9092943668365,32.2797407507896,351.187299370766,83.9041901528835
4.44308876991272,3066.74389183521,42.3773731887341,3295.49371251464,453.166120648384,1014.41975870728,1429.67079395056,807.101430535316,0,1412.36308354139,107.382160514593,4662.6530353725,140.311673462391,611.513672202826,1842.12850067019,91.4174475669861,23.5376879870892,47.1575209200382,31.8457541763783,567.673838526011,241.919383108616,10111.2609108388,98.5324634611607,28543.3768389225,1550.79412797093,160.824465751648,7468.48676854372,8958.25458192825,187.539073854685,125.519124209881,59.3048228025436,189.181729257107,7.15570312738419,347.144596159458,40.2486289441586,998.706695467234,122.795105844736,355.11471092701,31.95148396492,1112.58489105105,119.402211159468,17.0193055868149,1134.96818214655,131.191919237375,224.845377057791,138.128503650427,419.328238666058,114.94451841712,30.9668103456497,6.14721220731735,132.507436424494,34.8328964412212,294.62957701087,11.6901139914989,72.6744330227375,655.301524370909,483.658684462309,2867.6587035656,230.672294229269,253.163622885942,105.668527960777,104.133244395256,392.173388779163,60.6009669601917,450.720703840256,5.76806628704071,96.8062332868576,33.4187867045403,179.352645307779,451.111147344112,1707.08972373605,337.911017864943,4160.7691937685,47.0877025425434,108.627466529608,535.589545965195,1519.58391243219,111.356397509575,11.9097416400909,27.200055450201,61.7455734312534,18.1223357319832,215.92121475935,133.865857988596
83.7663719952106,1.50338679552078,48.748359054327,3979.27249616385,212.685606479645,20768.629219383,13971.5293592811,6575.64306941628,1412.36308354139,0,1323.73671966791,8291.79176786542,95.4331480264664,7387.17385974526,1252.46122020483,2.09912288188934,73.2261540591717,495.750776916742,361.666407853365,3610.78679490089,100.688169449568,2.89859735965729,119.69403745234,1269.81824043393,1.15149772167206,352.383858501911,55.7737250626087,14277.1184187531,2837.8059220016,384.789405584335,23.9051313698292,1000.64795395732,17.4280832111835,3468.78682568669,286.382740736008,8115.89428004622,251.167959481478,2721.82562613487,187.901970356703,1596.59673640132,845.192671716213,148.059374511242,321.551264405251,17.8349127173424,85.8074741363525,32.6530176103115,282.609986364841,41.9510372877121,5.43286263942719,0.821504235267639,11.3514961898327,2.72314295172691,2619.84177240729,35.412643969059,296.422426611185,1877.26446601748,1249.58181381226,738.962587893009,1987.10776700079,30.3367308676243,688.504404783249,9.43440249562263,347.015618681908,140.392029255629,22.2764407396317,0,2.02092999219894,1.36517643928528,2097.06382915378,9.10856199264526,60.8168407082558,51.2371479272842,4034.85807922482,3.22042644023895,2.98370271921158,17.6085931956768,3614.3577105701,35.9488029181957,1.41809087991714,0.410037070512772,6.13645315170288,12.2081083059311,102.995115101337,49.2586205303669
22.1534488201141,5.39046281576157,37.1360797286034,19.9111003875732,0,397.012138515711,539.213744461536,448.880551278591,107.382160514593,1323.73671966791,0,943.162080258131,2798.06526842713,844.130978554487,48.6829558312893,10.8501445651054,344.467650383711,8560.77059182525,2444.4085342586,126.594215273857,108.827087670565,1.2360862493515,326.695050895214,57.4534150660038,204.979841470718,4304.65689063072,149.730106532574,218.640750855207,1381.95547434688,335.771757125854,155.954476952553,808.440559774637,31.6326847374439,14634.2929258943,112.192733883858,2435.58262100816,3562.72526398301,12413.9716881514,753.739035487175,276.249931842089,121.06489148736,4743.38483154774,43.3592862188816,1492.86270159483,36.5990765690804,10.4453912973404,22.714487016201,4.74669027328491,437.713201463223,0,83.3583765625954,4.55125296115875,1.32520854473114,0,0.733901023864746,8.67817294597626,0.852768868207932,41.1116672456264,6.20349752902985,2012.4060768187,6.77805423736572,4316.15082764626,9.72933161258698,4.48173308372498,10.8867307901382,0,95.4712890982628,22.068285882473,0,6.04630374908447,28.7385692000389,12.0434009134769,72.76911637187,128.99588239193,1581.99796971679,984.331900417805,16.0454625189304,9.87710231542587,0,2430.43958896399,28.8115838468075,1.82093691825867,95.6645030677319,45.7899395823479
37.2496731877327,37.8151511251926,9.26736667752266,18109.8857224882,777.932514518499,12125.4466345906,529.247557491064,1855.72768956423,4662.6530353725,8291.79176786542,943.162080258131,0,79.5088152885437,3058.6160223484,5830.04861503839,0,40.3227966427803,384.97904202342,255.448405057192,9663.13093325496,23.0637123584747,83.4711404442787,34.2850431501865,818.174620598555,17.5971725583076,265.383313059807,133.814533352852,2956.40684622526,1538.81743565202,211.773561447859,16.7428166270256,1197.45854625106,4.32554376125336,2006.26650178432,934.127991646528,3345.93792805076,95.4251691699028,1096.20750766993,90.2953777313232,3824.40620657802,477.712979257107,95.9881202578545,147.014417409897,4.78772109746933,22.487989872694,15.6543237566948,128.401835381985,19.5152596831322,2.81492981314659,0,7.0653081536293,0.889759570360184,1016.36320212483,15.1833718419075,100.748557657003,416.364170700312,330.917914271355,358.50554984808,475.955601245165,46.3921357691288,699.221311450005,9.28031748533249,90.5201590359211,65.6619495749474,4.79091104865074,0.513597548007965,13.1301622390747,4.62844347953796,667.028419494629,12.1971272230148,24.1641937196255,25.186370074749,1192.42608603835,3.66946148872375,5.44066458940506,9.42407366633415,1010.46406543255,13.7514477074146,3.30292457342148,0.499770730733871,8.43642389774323,2.68330109119415,42.6242030858994,127.091789841652
0,450.073894262314,2.15650144219398,2.30700889229774,3.34373784065247,45.19268861413,42.986670166254,54.2736360728741,140.311673462391,95.4331480264664,2798.06526842713,79.5088152885437,0,65.4732705950737,5.75729984045029,0.646821439266205,1.56010615825653,4.24771928787231,2.32507836818695,5.36598134040833,4.6616872549057,171.450812548399,7.94773727655411,99.7109664976597,2304.26469242573,131.302886098623,157.082827985287,24.4851332306862,115.085786581039,24.6708382368088,1231.01145619154,100.193862706423,4.32289838790894,5070.94463959336,9.56637674570084,247.033549398184,1582.50479337573,1341.64012745023,46.5362733602524,30.5228382647038,13.7319079637527,5556.15059146285,22.1275581717491,4110.62773734331,65.6737758517265,12.0362684726715,10.7888135910034,5.34361040592194,1160.06192582846,0,283.839852035046,1.33265960216522,2.2498704791069,0,0.659646928310394,1.48690009117126,6.95278367400169,61.5193531811237,3.50960955023766,6230.57678717375,8.08867117762566,8775.20525598526,33.7158199250698,0,3.60239771008492,1.18249344825745,78.3407323360443,13.3957023024559,6.04995855689049,0.364968776702881,59.0007773041725,0.882586598396301,43.959873020649,609.576739430428,2049.16798681021,1162.35209554434,0.674430370330811,33.79703104496,0.68432754278183,4764.57891479135,117.271667420864,0,330.676057219505,4.29292088747025
13308.1314821541,4.41865417361259,1095.9304125309,84.8478499650955,34.7562588751316,2676.23307412863,45237.74758479,16895.796536684,611.513672202826,7387.17385974526,844.130978554487,3058.6160223484,65.4732705950737,0,238.357132643461,15.9001578390598,1245.33574444056,329.255352765322,385.942816406488,362.457206100225,3194.44277897477,7.66860678792,5025.30997124314,287.654753893614,0.7423095703125,872.447879970074,498.721078634262,3138.30701458454,19202.8108490109,19685.6653587818,12.6002529859543,607.869623124599,241.479033321142,2340.34341806173,198.753217130899,4837.84517663717,246.384403884411,1689.10537052155,229.975693136454,1049.37195879221,385.665010809898,97.0038834512234,672.310822933912,32.5738859772682,137.558580845594,52.0515891611576,357.696508586407,74.6838521957397,6.90374785661697,1.58460760116577,3.6039215028286,23.2648909091949,177.713082402945,5.44069582223892,85.1487627327442,903.534334182739,664.008685141802,241.75427532196,230.395159989595,81.6411522626877,98.9447710812092,4.59718072414398,329.939341008663,50.3091658353806,60.0180166959763,4.22504043579102,0,0,145.511827290058,114.270759612322,65.4283095598221,104.871811926365,1619.48213499784,1.51257690787315,4.0889635682106,80.0259584188461,764.54949259758,47.6693474650383,2.86005431413651,0,6.16227281093597,12.272129535675,192.611680477858,58.02916893363
1.61465758085251,113.090020030737,33.4583614766598,753.203988343477,3585.27064356208,5997.99829307199,970.836713701487,1134.77131095529,1842.12850067019,1252.46122020483,48.6829558312893,5830.04861503839,5.75729984045029,238.357132643461,0,9.34483826160431,31.9130775630474,12.3347277343273,18.766438126564,348.345197439194,178.483431428671,186.595595151186,148.34942471981,1788.65266817808,35.0283777713776,36.8778284788132,336.424064725637,1374.82703474164,109.767915070057,424.667919546366,2.39654874801636,937.073744356632,4.93528509140015,357.917915850878,1618.82155993581,1352.2795804739,88.1785647571087,316.335018754005,115.832588374615,3723.13048586249,145.301079839468,12.6509838700294,144.573987036943,37.7971155643463,13.3240991830826,81.1839985251427,49.8680185675621,10.7078800201416,0,3.85261189937592,1.00809359550476,12.8990134596825,170.362205445766,3.22209703922272,14.2491419315338,76.4069304168224,84.9549233019352,121.707494318485,84.943203240633,23.9122523665428,51.1505434215069,0,36.6007674336433,13.5416896343231,13.0586115121841,1.94742700457573,1.29481673240662,1.50805354118347,91.1784778237343,22.0848904252052,16.8735384345055,62.9457943439484,292.122959047556,1.10309219360352,9.2858450114727,68.2639754414558,179.401224404573,6.64114812016487,4.87686192989349,0.725667119026184,1.54672861099243,3.6445289850235,20.0154200792313,931.826336801052
1.15710854530334,404.609620034695,230.191131293774,0,58.7722034156322,1.29265302419662,72.9254654943943,12.9091681838036,91.4174475669861,2.09912288188934,10.8501445651054,0,0.646821439266205,15.9001578390598,9.34483826160431,0,393.453820407391,24.6712357401848,183.028870850801,0.306584924459457,14616.6160380244,10575.187527746,13993.7020256519,5765.15466326475,18.4266243875027,277.915019720793,13859.6956003606,3050.29561311007,11.4374757707119,69.5422537624836,1.73557862639427,0,0.535331547260284,604.034896463156,266.461248755455,3400.41421541572,902.032779455185,1590.70108529925,555.641007632017,27.561082482338,21.7606708109379,1.64030820131302,711.552174985409,148.490604013205,326.05532553792,347.256047815084,69.887231528759,9.10976603627205,2.43582665920258,3.75431540608406,86.9907849431038,597.661994814873,1.10939511656761,9.3000690639019,0.612464725971222,87.5169919133186,13.6992897987366,25.5118974745274,6.11061364412308,39.8868280649185,6.67660719156265,0,17.6474629491568,14.2963754832745,5480.60577079654,105.156940042973,3.4617024064064,40.7022300809622,6.86940151453018,868.745984941721,3545.30727797747,9110.07509188354,609.072952628136,3.01637613773346,88.2084386646748,3731.01846465468,436.969240397215,4.35627329349518,29.3138973116875,0,0.515732109546661,5.36318588256836,69.3016471117735,212.065985381603
66.9790942370892,176.34227257967,13607.0140082538,1.87115597724915,42.8702682852745,38.1243770718575,160.011989206076,308.429600447416,23.5376879870892,73.2261540591717,344.467650383711,40.3227966427803,1.56010615825653,1245.33574444056,31.9130775630474,393.453820407391,0,710.443549841642,15182.2169187069,5.42887845635414,1993.3352792263,141.388985157013,13983.9954987764,124.210072636604,0.676163077354431,9532.93872788548,17706.1257171035,180.52895116806,3580.13726815581,4785.42784371972,1.34877038002014,19.9819096922874,590.515181720257,17840.734253943,399.418729752302,7223.08514285088,5127.83141738176,7307.3047477603,2287.30174705386,82.9762013852596,116.817188054323,3.9716003537178,395.874935984612,127.370876729488,122.730532884598,192.233377754688,7.09174650907516,4.24666899442673,0,2.48270505666733,384.551934719086,1257.13445845246,0,0,0,15.6765440702438,0,1.14880785346031,0,7.339251101017,0,2.09139364957809,8.67022237181664,6.4720339179039,127.301653802395,411.655286937952,2.90721651911736,70.2328955829144,0,31.7324770092964,85.29236805439,395.709945738316,23.3596220314503,1.34473836421967,243.590749502182,3489.55110558867,7.05843862891197,10.5124285817146,31.3710122108459,5.18000131845474,0,2.03370887041092,20.800136834383,374.926165431738
5.55074265599251,12.1782703995705,59.3421322107315,12.7112888097763,4.58502769470215,124.051482200623,308.33006298542,143.488530009985,47.1575209200382,495.750776916742,8560.77059182525,384.97904202342,4.24771928787231,329.255352765322,12.3347277343273,24.6712357401848,710.443549841642,0,11840.3482341766,58.4251435995102,94.9904341101646,2.72612601518631,371.568780511618,19.5079464614391,3.78242516517639,4288.60442849994,336.681475371122,92.8455707728863,513.356845468283,200.641072630882,6.59400242567062,211.38247475028,13.3900129795074,5274.69397950172,226.541162848473,3628.49862504005,2712.20406731963,8550.02614524961,1649.71152594686,99.3483770489693,52.2111135721207,20.4703080654144,17.3618667423725,5.57666674256325,1.88574749231339,17.8395828008652,2.13531595468521,0.925692319869995,0,0,13.1673577427864,24.5478438138962,1.38134765625,1.88448458909988,0,0,0,14.5183488428593,0,3.74796104431152,0.743914783000946,4.958123087883,0,7.94591796398163,0.727660834789276,8.30268588662148,0,3.79655069112778,0,0,4.28076750040054,8.7927094399929,5.47024163603783,3.10464787483215,48.8067660927773,114.350104957819,0,0,0,17.31051415205,0,0,0.393044143915176,149.652688592672
7.94159436225891,65.8051467835903,892.257661014795,2.36467942595482,14.7409344911575,87.1854904294014,225.257904797792,118.515790909529,31.8457541763783,361.666407853365,2444.4085342586,255.448405057192,2.32507836818695,385.942816406488,18.766438126564,183.028870850801,15182.2169187069,11840.3482341766,0,47.0034032762051,484.147402882576,36.3257265388966,3014.44245523214,38.6283921897411,9.39032047986984,10557.2802604437,3779.11348155141,150.609933048487,779.359200268984,869.307677268982,2.9678561091423,82.9233032763004,113.199128031731,10653.6603632867,381.977275729179,7714.39208084345,3959.26172828674,7977.40948414803,2632.479203403,68.4056619107723,77.4607438743114,1.12539982795715,137.449418723583,59.8548482954502,42.0655460357666,74.9579479694366,5.82794678211212,0.797983765602112,0,0.346355050802231,118.547354578972,234.393222153187,1.49247726798058,0,0,1.1725914478302,0.407101690769196,4.96170172095299,0,5.90850600600243,0,18.8699327707291,1.09535706043243,7.76934617757797,33.5784502923489,119.213355332613,1.3998811841011,84.8243845403194,0,5.31859534978867,27.274191737175,84.1645959019661,8.18318051099777,3.81120812892914,430.804920583963,1252.92323961854,1.01751220226288,1.37616699934006,5.45251592993736,30.6351895332336,0,0,10.4983855187893,295.682256042957
7.64492803812027,7.32513588666916,1.69346222281456,23203.2319150567,45.3088699281216,451.264704972506,88.4548704624176,201.659768551588,567.673838526011,3610.78679490089,126.594215273857,9663.13093325496,5.36598134040833,362.457206100225,348.345197439194,0.306584924459457,5.42887845635414,58.4251435995102,47.0034032762051,0,5.26346066594124,4.28737491369247,11.7262685000896,166.794525891542,0.525162994861603,42.0460187196732,9.53513738512993,1637.91308504343,227.016663193703,28.5970597267151,2.3432092666626,92.1480127573013,1.82062494754791,277.455145895481,13.169448941946,711.349137634039,19.9919202625751,159.635635703802,21.5358530879021,355.316887259483,64.0572592318058,14.7773355841637,34.6384093761444,2.99629026651382,11.8083868324757,2.90577191114426,36.632297039032,3.69833165407181,1.51878902316093,0.439403682947159,2.60198482871056,0.425381004810333,566.491111755371,7.30307692289352,39.245838701725,226.719673007727,172.710477590561,101.319803446531,300.006136983633,4.10639530420303,103.689419716597,0.613772749900818,54.9454918801785,14.6220290064812,3.59332919120789,0,0,0,295.657166749239,0.691652059555054,8.22013944387436,6.59414172172546,577.968705743551,0,0,2.07035791873932,534.579270809889,11.4649828672409,0,0,1.98037499189377,1.51565164327621,17.4351416826248,4.76285654306412
158.864596217871,130.752584964037,1775.48955067992,4.7119083404541,740.725250869989,150.926686286926,1583.95981088281,1583.09847871959,241.919383108616,100.688169449568,108.827087670565,23.0637123584747,4.6616872549057,3194.44277897477,178.483431428671,14616.6160380244,1993.3352792263,94.9904341101646,484.147402882576,5.26346066594124,0,2190.96170184016,54656.5751518011,2289.82023084164,10.4782010316849,661.813725322485,4972.85531720519,8280.01625221968,2359.9596889317,42522.7189685702,1.43027606606483,45.9981772601604,345.959636539221,10604.8312517107,2295.21258223057,21387.3283750117,3631.51579383016,14370.4240668714,3874.11320891976,198.530186593533,488.849758148193,16.5743802785873,749.741774350405,114.965955913067,134.278437018394,208.091624200344,141.003314375877,26.1550006568432,8.68678176403046,1.0074400305748,80.3474478423595,152.57249251008,6.69642570614815,4.26916521787643,1.20396763086319,51.3634098470211,26.4968834519386,69.0864585340023,6.45838695764542,102.790377736092,14.8294188082218,0,26.7605376243591,51.2455157339573,2642.26350361109,37.2955127358437,0.36723193526268,7.98492422699928,8.97485640645027,1828.89148920774,2105.60435205698,2677.70689594746,1122.11155894399,0,18.4257369339466,1644.40845656395,765.537779718637,13.0291670560837,23.4322790205479,0,1.8838783800602,10.4032908678055,60.3654151856899,1092.25257515907
1.65603560209274,6550.6135020256,292.547249108553,17.5236645936966,57.608261525631,25.6356406211853,95.0148337781429,9.56118473410606,10111.2609108388,2.89859735965729,1.2360862493515,83.4711404442787,171.450812548399,7.66860678792,186.595595151186,10575.187527746,141.388985157013,2.72612601518631,36.3257265388966,4.28737491369247,2190.96170184016,0,2179.12459886074,17409.8007501066,1648.32334366441,291.21064299345,18579.7684994638,1532.69286668301,5.15645003318787,18.9857994616032,68.950459510088,8.52705085277557,0,100.248682528734,44.7727768421173,495.728239834309,171.170569956303,171.387666732073,76.52210521698,153.384196639061,5.56772354245186,8.44828355312347,551.775309115648,176.783359974623,214.513278067112,216.997256308794,39.1071275174618,3.43988907337189,10.4130839109421,4.31950265169144,1979.6212130785,492.160541832447,5.61724016070366,1.301225066185,6.44046396017075,74.870022714138,22.1306131482124,147.20284318924,10.0872797966003,74.5762920379639,4.23049581050873,133.714150607586,22.4049244821072,10.500966668129,3340.98079177737,180.445647865534,7.55316036939621,68.31802546978,9.89050647616386,690.929238349199,4582.0954105854,3306.68185326457,938.969294667244,48.7941288650036,318.993602216244,6081.76751235127,356.189610362053,16.7548730373383,26.8371334075928,73.0898351669312,1.51996243000031,4.17883607745171,49.9440660774708,47.3732748031616
256.195573568344,158.613155961037,35408.629075557,3.74425542354584,915.260771632195,225.68682128191,1635.92816710472,2285.26834398508,98.5324634611607,119.69403745234,326.695050895214,34.2850431501865,7.94773727655411,5025.30997124314,148.34942471981,13993.7020256519,13983.9954987764,371.568780511618,3014.44245523214,11.7262685000896,54656.5751518011,2179.12459886074,0,2207.42394202948,3.33301091194153,11439.7678340375,46117.0639273524,5849.77850669622,5681.37230268121,27340.2518537641,5.35136514902115,63.4435534477234,697.826838761568,21601.6775525212,3936.72167888284,44298.7737040818,12063.029091239,29605.6111276746,11023.6698046625,449.423831284046,633.382750689983,39.5815306603909,1411.10335990787,315.276165485382,556.3213994205,890.543326199055,104.196030378342,21.0251013636589,5.14617264270782,11.9177889823914,336.907014846802,2320.55148288608,5.67015382647514,5.33862254023552,3.04567664861679,113.130877971649,20.8726120591164,52.1895140111446,10.0167592167854,43.8483245968819,12.0325852036476,5.40729781985283,42.324035525322,33.286017626524,6831.44425785542,448.500956207514,18.8685105443001,99.2157797813416,6.32908329367638,1235.67046645284,3128.9635155499,14467.6294851899,845.667175590992,1.97120100259781,218.966036424041,9998.73264445364,476.574228465557,37.3201884925365,83.5480145215988,0.720557510852814,7.54333174228668,2.7718451321125,118.536222159863,2845.25507363677
3.83146259188652,2956.29642024636,222.26750227809,2157.64206847548,335.186833888292,619.60995811224,5695.714656353,336.575043439865,28543.3768389225,1269.81824043393,57.4534150660038,818.174620598555,99.7109664976597,287.654753893614,1788.65266817808,5765.15466326475,124.210072636604,19.5079464614391,38.6283921897411,166.794525891542,2289.82023084164,17409.8007501066,2207.42394202948,0,902.112381786108,230.63258716464,11459.4377126992,23304.703761965,220.889525830746,395.003687679768,37.945177167654,119.906251966953,50.2132744789124,863.167912900448,383.131873548031,3891.31147012115,558.536374360323,876.969255059958,220.775054782629,970.583220422268,129.926990449429,19.6842783689499,4796.89771318436,373.111337512732,872.711471557617,571.766286879778,1393.7078294158,474.529711097479,45.9292994141579,13.9449058771133,242.024731129408,310.926357030869,1439.14137580991,31.6848603785038,416.870134711266,3510.31643238664,2729.79310896993,3158.71726545691,1586.06599113345,516.547693401575,444.30836224556,56.4097684621811,1926.50217992067,324.446329861879,2245.27028954029,64.7925393879414,25.1717574000359,33.2654521018267,1147.34156918526,2233.50480085611,3071.28114056587,2635.68115410209,11960.8318495452,49.080512970686,71.6398483812809,2841.42559576035,6278.53037971258,391.487260520458,28.7776124477386,7.19800254702568,192.881947159767,110.131274610758,955.043863415718,448.797001242638
0,3837.30237954855,1.33708184957504,3.80856996774673,9.80693256855011,9.05897748470306,3.35183569788933,2.1964213848114,1550.79412797093,1.15149772167206,204.979841470718,17.5971725583076,2304.26469242573,0.7423095703125,35.0283777713776,18.4266243875027,0.676163077354431,3.78242516517639,9.39032047986984,0.525162994861603,10.4782010316849,1648.32334366441,3.33301091194153,902.112381786108,0,274.468331456184,7532.09280183911,36.6741240918636,1.80126106739044,1.18396365642548,358.414604783058,1.88415706157684,0,599.130013883114,0,49.2790455818176,107.471848428249,44.7930256724358,5.4017750620842,53.7655579447746,0,644.74048769474,37.1337901353836,427.105656385422,18.4841529130936,7.80857717990875,2.2554806470871,0.708164155483246,238.493230164051,0,580.027306318283,0.952885925769806,0,0,1.06147015094757,6.9649563729763,5.13060608506203,49.3216387927532,3.82500895857811,1189.08954805136,2.43948590755463,2520.57722073793,7.41996291279793,0,0.511875033378601,3.39830249547958,7.24323725700378,12.1098476648331,1.25011789798737,2.39522409439087,36.4554132819176,3.01730680465698,33.8726873397827,1641.48098564148,555.318971455097,2140.16256329417,7.41803681850433,7.60459035634995,0,660.5478092134,40.9008632302284,0,99.1499516963959,0.90131664276123
29.007635653019,1032.85348540545,31313.1110899746,4.09819760918617,22.6783664226532,148.344855010509,408.783625245094,399.353297412395,160.824465751648,352.383858501911,4304.65689063072,265.383313059807,131.302886098623,872.447879970074,36.8778284788132,277.915019720793,9532.93872788548,4288.60442849994,10557.2802604437,42.0460187196732,661.813725322485,291.21064299345,11439.7678340375,230.63258716464,274.468331456184,0,50253.585909456,233.340781390667,1188.73418948054,867.64336797595,1067.92641457915,173.333292365074,93.1907159090042,4405.19845739007,849.728464603424,19752.6528058946,19706.1527956128,9869.2561583519,4290.99172490835,158.43768209219,132.0317235291,110.169967532158,1727.26606553793,1151.65992197394,650.01337736845,922.250179886818,20.0865437984467,0.82570606470108,17.162943482399,5.40213975310326,2738.01264595985,1428.14114332199,1.30301430821419,0.890762448310852,0,14.9765925705433,1.83538228273392,62.1117680072784,0,1262.45477288961,1.55333280563354,4381.73469287157,7.31856894493103,18.6839081645012,95.3915152847767,1519.03287029266,227.996443033218,1370.37194275856,0,54.7932938635349,159.299894362688,435.966892763972,68.7864936292171,788.056064993143,13809.51070261,25878.0078859925,22.7821027040482,17.5908610522747,45.1817952692509,5404.69015231729,0,6.24435418844223,133.863985836506,662.490944087505
16.728930413723,39318.5945058167,57748.4855211675,15.8604015409946,163.487142235041,69.9428939521313,690.748430430889,240.745683133602,7468.48676854372,55.7737250626087,149.730106532574,133.814533352852,157.082827985287,498.721078634262,336.424064725637,13859.6956003606,17706.1257171035,336.681475371122,3779.11348155141,9.53513738512993,4972.85531720519,18579.7684994638,46117.0639273524,11459.4377126992,7532.09280183911,50253.585909456,0,3776.61551579833,589.008678853512,839.566504716873,461.767976880074,19.188999414444,72.9344406723976,7562.65261384845,1982.40565723181,39007.9280376732,14376.0325598121,13747.5446383059,7625.66811850667,655.489993929863,199.09713062644,26.9444443583488,7105.44191148877,2879.34002146125,2520.63837012649,3433.51416438818,118.412499368191,20.6687557995319,49.0093638300896,57.2124354541302,17525.491160512,11544.5863936841,5.75092294812202,9.50601214170456,8.23081117868423,248.659592181444,34.2726024389267,319.341279029846,5.98722574114799,1928.83159980178,7.03055939078331,8127.31452941895,166.449790298939,52.2575529813766,3686.55506381392,5694.97158047557,241.726729959249,2436.81472173333,6.46500691771507,599.534301906824,3462.9767472744,9115.73958815634,1131.10654115677,3156.57599848509,19114.1459943354,88876.5214397013,356.572652488947,183.48343577981,337.147827416658,6926.25685799122,6.49124765396118,25.7618724107742,486.155704066157,1890.82410743833
99.6839869916439,193.932330429554,323.811895847321,7868.37581118941,378.24005895853,3623.52669718862,77434.7733818293,2695.34794324636,8958.25458192825,14277.1184187531,218.640750855207,2956.40684622526,24.4851332306862,3138.30701458454,1374.82703474164,3050.29561311007,180.52895116806,92.8455707728863,150.609933048487,1637.91308504343,8280.01625221968,1532.69286668301,5849.77850669622,23304.703761965,36.6741240918636,233.340781390667,3776.61551579833,0,1377.73417258263,46268.7661815584,6.18747985363007,223.798554509878,279.809885174036,2979.47045311332,1999.44396972656,18041.6459059715,1571.36517393589,4958.83114773035,1002.05485254526,1456.94892531633,653.920112669468,58.0875183641911,4068.53221696615,287.804147958755,814.255649209023,499.744868665934,1476.18503013253,453.615516871214,45.2364735603333,9.47643506526947,91.6833407580853,189.221602588892,3066.54211825132,41.6097932159901,508.098359525204,4293.36926814914,3349.29789376259,2411.13401454687,3055.50069239736,476.833340406418,931.278246492147,2.08584874868393,1715.05160605907,318.299608528614,1394.1174326539,33.0444298088551,2.0950882434845,4.74805757403374,2564.77555039525,1648.45151951909,1509.36744633317,1753.86391046643,12198.4540187418,11.8252737522125,19.2956602275372,1526.27414259315,8447.83696338534,320.076651662588,32.0511225163937,0.660510003566742,126.041679054499,62.2348734140396,889.466569662094,663.185428261757
8265.10126855969,6.83680725097656,783.28984233737,66.6748832166195,18.681485325098,863.222221791744,5197.93713608384,1911.86109384894,187.539073854685,2837.8059220016,1381.95547434688,1538.81743565202,115.085786581039,19202.8108490109,109.767915070057,11.4374757707119,3580.13726815581,513.356845468283,779.359200268984,227.016663193703,2359.9596889317,5.15645003318787,5681.37230268121,220.889525830746,1.80126106739044,1188.73418948054,589.008678853512,1377.73417258263,0,26076.3474503756,21.1484367847443,1626.94626632333,6526.89150583744,7469.88990443945,120.231631040573,4178.49905443192,162.796025693417,2703.63670232892,185.317495524883,742.216257512569,272.435000509024,100.844028860331,255.26406237483,15.0464937984943,34.3437392413616,27.0382388234138,89.7412757277489,10.377198278904,2.95490002632141,0,6.88960641622543,22.9217469096184,14.7779131233692,0,12.8107169270515,140.450863331556,80.3846552371979,61.9423052668571,19.8023581802845,35.6947267651558,18.6366618871689,18.929499655962,36.1854372620583,15.3636279702187,28.5933098196983,4.56220483779907,0,0.551872551441193,21.7326748967171,46.484259724617,36.2927897870541,42.3787507712841,348.668909341097,0,1.87037512660027,82.8632465302944,157.616795301437,2.0456191599369,0,0,0,3.78153350949287,34.5836490988731,27.1054340004921
7939.80581998825,8.02893704175949,1530.62783372402,5.50869855284691,210.967618733644,353.550898969173,7157.07077902555,3877.23899576068,125.519124209881,384.789405584335,335.771757125854,211.773561447859,24.6708382368088,19685.6653587818,424.667919546366,69.5422537624836,4785.42784371972,200.641072630882,869.307677268982,28.5970597267151,42522.7189685702,18.9857994616032,27340.2518537641,395.003687679768,1.18396365642548,867.64336797595,839.566504716873,46268.7661815584,26076.3474503756,0,2.85664066672325,181.113574147224,3215.99327155948,14050.9887372851,2072.14761948586,9970.30282330513,1040.1470593214,11827.9764757752,1461.47798001766,490.804581165314,640.467363208532,41.7095258235931,363.571329921484,38.8148752748966,74.5132899582386,96.1912107467651,178.011150121689,71.4618996679783,7.37505868077278,2.03284001350403,15.2419901788235,37.5368133187294,33.4026997089386,5.43133270740509,43.9512223005295,197.270857006311,340.218892991543,50.2523993253708,71.5906357169151,76.6564535498619,36.1390020847321,4.57275199890137,244.714608669281,21.4158535301685,46.560051381588,9.42927426099777,1.57673907279968,1.36820513010025,41.5972525477409,37.7497912943363,36.7278692722321,94.9700633883476,338.70611590147,0,2.77788609266281,172.77145409584,207.998933523893,44.526271879673,2.30140674114227,0,16.5516801923513,5.6880059838295,68.9700404703617,469.378099173307
