0,0.710597991943359,333.7304430902,6.82845535874367,0,7.23298788070679,5479.50830739737,489.820164129138,15.3544781208038,94.2193108201027,9.32079261541367,3.12563416361809,6.25925359129906,12304.0910959542,10.6738983094692,6.83355206251144,588.882105410099,8.45994603633881,19.5846920311451,1.24147379398346,319.264188230038,1.67119756340981,1270.99460232258,106.437486201525,0,76.745306789875,83.2104407548904,169.002555191517,12458.8650538027,9321.58513113856,0,7.59388628602028,53.1524969637394,110.412249177694,9.19064027070999,74.4375862181187,0.535950124263763,107.328477233648,26.2525438070297,11.3087290525436,1.06250289082527,0,25.7918749153614,0.481348782777786,4.41820961236954,2.50445145368576,3.42417001724243,0,0,0.33075949549675,0,0.459873855113983,2.06693562865257,0,0,4.5755213201046,2.12243184447289,3.75901898741722,4.66890183091164,0,0.542553126811981,1.07555460929871,1.30135309696198,0.658355712890625,4.91361343860626,0.433186918497086,0,0,0.800317645072937,0,1.70068544149399,2.55039748549461,15.2670106887817,0,1.96033668518066,15.0691794753075,16.2792295217514,1.26917624473572,1.32171350717545,0,0,0,3.03155553340912,0.93008029460907
0.710597991943359,0,1609.90405234694,0.70211786031723,0,3.86244651675224,23.0298022031784,13.7278334200382,2391.63341388106,14.3655596077442,336.482752263546,1.72704422473907,1792.15602055192,30.8817214667797,46.3141441345215,1972.23492768407,2086.04318067431,115.610652387142,129.012862563133,1.99205362796783,196.401548743248,5085.84482717514,529.339252173901,4296.14101964235,2444.14770126343,1704.47082403302,29535.276361078,329.309758812189,37.613169580698,32.8814381659031,371.125764369965,5.16553699970245,5.16863620281219,378.959697782993,196.529131233692,2198.24963894486,300.202152907848,865.256515622139,668.137141674757,15.1488463282585,18.4262006282806,239.397086441517,602.865160703659,318.686576545238,169.3926025033,232.790326088667,11.5782733559608,1.75524628162384,238.336689889431,6.29416280984879,889.872696280479,340.876094698906,11.8097890615463,4.59518903493881,2.97238749265671,13.5611255168915,2.81443953514099,77.8976052999496,3.55338770151138,174.493901014328,0,475.149869948626,9.69485792517662,6.31133657693863,50.4511226117611,749.181934595108,50.5910415649414,332.682504802942,0,19.3068322837353,189.60098028183,192.209288954735,131.162752658129,110.667252838612,1076.47364193201,4972.34191203117,29.1996809840202,12.8326234519482,12.5889131128788,192.347505033016,0.651963591575623,0.432078152894974,60.2718385159969,179.232984304428
333.7304430902,1609.90405234694,0,0.480811506509781,0,7.42419666051865,1543.31235229969,676.280524432659,29.6507047712803,16.6820378601551,54.386001765728,2.84409061074257,49.9167347848415,1771.13573226333,26.769228965044,324.519560098648,8211.64824947715,47.6107311546803,351.184577912092,0,3850.58431658149,269.285247117281,62378.2253099978,315.762789964676,9.37402027845383,34822.6676314771,33710.6243227422,1375.17542767525,1228.66870748997,2082.14908966422,12.3690143227577,6.44303598999977,96.8584765791893,550.821642994881,381.300255030394,2331.61545559764,132.533122003078,1280.11101236939,1383.29545661807,16.6228071153164,23.5693241357803,10.5694638490677,1969.38323494792,216.177941590548,828.78157684207,940.895124942064,10.0927603542805,6.14428216218948,1.63304296135902,3.7177577316761,547.64741808176,2370.60792097449,0,1.45421099662781,0,52.848442107439,0.474538922309875,21.4765866100788,0.933815568685532,2.53768807649612,0,2.129543364048,16.976876616478,1.3734022974968,330.504781484604,2365.56368201971,38.8895930349827,231.707301795483,0,91.1158101558685,446.821668893099,1985.63477480412,101.306131005287,3.1231541633606,995.644920572639,10961.8018641621,91.8501555323601,17.0163883268833,75.8763740062714,0,2.05520832538605,0,222.564833045006,351.444223165512
6.82845535874367,0.70211786031723,0.480811506509781,0,105.747968316078,187.874745666981,582.865579873323,295.697372436523,6434.17857626081,13389.2615557611,35.4097756743431,8325.97292053699,162.46517854929,212.970101624727,1133.721496135,0.600209355354309,4.81154891848564,16.0760313272476,16.9061340391636,40465.3463557959,2.65857860445976,12.7927564382553,6.65796560049057,4996.14031988382,0,8.10427904129028,5.88389474153519,5991.31981915236,363.016212999821,12.1244263648987,2.60712939500809,37.6778440475464,40.3851225376129,103.184329897165,44.775819003582,850.758440375328,7.94743630290031,122.508483767509,24.7223499119282,665.996888637543,66.8911575376987,6.58996638655663,86.1298410892487,0,29.6644378602505,8.57623910903931,196.090314239264,34.9804871678352,7.86104071140289,0,0,0,2307.48308190703,3.58764708042145,279.49231120944,235.15414789319,159.050033390522,2360.91847503185,2838.10299387574,2.85157963633537,1439.41777923703,0,72.8440841734409,18.7524835169315,1.87331792712212,0.388199388980865,0,0,903.793388366699,0,0,0,1058.90806633234,0,0,0,1876.27341890335,21.9546921849251,1.02536952495575,0,1.96328890323639,0,48.5129218101501,11.3568985462189
0,0,0,105.747968316078,0,1425.59171117842,93.7213520109653,241.697681099176,283.225076049566,302.621206194162,12.6893193721771,935.031614392996,141.289673894644,17.522459089756,2783.64388233423,77.2356285750866,6.3685250878334,3.34560120105743,4.86359077692032,56.2775686383247,134.806035757065,6.73381763696671,232.665792942047,302.365019619465,0,12.6375939846039,48.3611039221287,187.905776292086,41.4871717691422,130.543854862452,0.869496881961823,996.360666960478,2.27100229263306,667.611669331789,944.48964202404,436.504267930984,33.563469171524,21.3791809976101,80.8833201527596,11197.7959377468,3944.72002929449,8.5799874663353,29.0229303836823,4.72511863708496,12.1340790390968,26.4107335209846,14.2000411748886,3.60806494951248,10.6885869503021,0.493707418441772,0,0.666084408760071,14.1121334433556,0,12.7688173651695,10.2601164579391,3.98036360740662,19.0868009328842,28.4524419009686,0,34.78537940979,0,3.2481769323349,0.959159791469574,16.2423251271248,3.93854659795761,0,1.98493382334709,12.7794329226017,5.34080559015274,6.58510619401932,13.4597789645195,36.4520404040813,0,8.43323868513107,17.1137807071209,24.347856938839,2.20805633068085,4.10868349671364,0,0,0,6.44719916582108,757.841631352901
7.23298788070679,3.86244651675224,7.42419666051865,187.874745666981,1425.59171117842,0,1718.50791063905,28194.3472262919,1227.36435592175,22590.897324115,288.72367271781,19699.7359107733,1003.70425719023,523.936358690262,3294.53131994605,7.44093531370163,72.6326879858971,113.585441499949,124.339294433594,488.094988286495,15.6608234345913,0,34.9650043845177,256.388704955578,3.46150022745132,145.920523136854,37.7750331163406,162.41245123744,784.770254343748,54.1769925653934,41.5293584764004,923.196979045868,6.40901121497154,337.349177956581,2935.70253995061,2178.55374768376,42.7945444881916,371.535460650921,112.885509133339,8426.6661375463,1375.99501314759,139.730868726969,96.8438753783703,2.30174946784973,52.7999998927116,27.2975189983845,209.588143765926,27.8976258933544,96.3260542750359,0,0.897198140621185,0,232.313243150711,0,203.31481719017,56.9927978217602,73.2907940149307,234.755210727453,557.456941902637,1.83404392004013,555.106089562178,5.63042482733727,51.2928379774094,9.56785961985588,1.23876655101776,0.442375868558884,0.674279630184174,2.66977167129517,174.792452633381,0,0,4.1133451461792,214.731286019087,1.27284777164459,3.14539384841919,5.6747559607029,245.758095502853,16.7004698812962,0,2.55658316612244,0,0,35.0689499080181,266.459664583206
5479.50830739737,23.0298022031784,1543.31235229969,582.865579873323,93.7213520109653,1718.50791063905,0,23552.437445581,1551.52415409684,20688.2340987027,511.72849008441,199.515193864703,1926.5754467845,37049.1231665313,667.980765104294,69.6485233604908,718.858978629112,247.843288362026,392.14914649725,53.9589787125587,7526.39514440298,52.8086644113064,4354.94839051366,7027.75486326218,8.16871172189713,965.051813304424,464.51539683342,59474.5653548241,12544.4823485017,26262.0589639544,78.3284676373005,353.008825600147,1861.96346327662,2878.61876767874,1466.4343380034,12476.0565873682,236.151474803686,3942.92972496152,1036.04885843396,1565.86593645811,833.230098873377,156.877084195614,3828.52302491665,25.4557926654816,803.155703276396,167.622328668833,1296.23860040307,561.351686745882,207.802929967642,20.2590587437153,8.4120446741581,9.87179943919182,706.960456967354,4.97493273019791,321.274191200733,1306.33390593529,1507.9567194283,748.108669281006,1735.00517773628,150.873211562634,317.204778790474,6.45870503783226,1364.27221804857,42.6136365532875,114.207132548094,22.6897315084934,0,0.980438411235809,258.054130107164,30.2696374058723,37.95442289114,49.1007538437843,3608.72090834379,0,8.19473901391029,79.4176707267761,4222.15879815817,804.475849628448,109.091507405043,0,59.9324143528938,34.7772900462151,760.801431685686,513.421530634165
489.820164129138,13.7278334200382,676.280524432659,295.697372436523,241.697681099176,28194.3472262919,23552.437445581,0,1048.76395952702,26330.2598563731,720.371328830719,5354.97755758464,1065.52824047208,39236.3029787987,548.408641457558,14.420827537775,863.517743647099,228.176125407219,249.731087207794,679.722883611917,1032.27417626977,10.8971598148346,1776.57427170873,986.818536013365,13.4574037492275,484.259231418371,220.425643652678,1637.46709695458,6871.38130930066,4588.56797611713,83.6419567763805,2707.42914286256,77.6741815805435,1006.93953660131,258.915013313293,2490.3334685266,110.413241267204,695.181975960732,153.670671761036,3415.3786650598,567.932755470276,184.995909154415,902.443629026413,9.06753051280975,224.789600759745,57.4815134108067,417.192352235317,173.478372901678,71.7750541269779,7.83871534466743,1.29238623380661,2.22882503271103,287.255857467651,0.910543262958527,149.609928041697,575.460924595594,395.926042228937,405.821903735399,893.620980888605,27.7341421842575,212.451010018587,11.5258968174458,254.034758329391,13.067951798439,7.95923367142677,2.11643898487091,0.59433501958847,2.38248932361603,147.068011939526,2.19441142678261,4.50619220733643,5.71182298660278,1581.86826184392,4.5809953212738,12.4329324662685,33.0616137385368,1685.65367844701,119.140618950129,13.4333666563034,4.17627602815628,0,10.3267504274845,218.81984180212,33.3495904505253
15.3544781208038,2391.63341388106,29.6507047712803,6434.17857626081,283.225076049566,1227.36435592175,1551.52415409684,1048.76395952702,0,5977.42828321457,191.880880087614,5519.06545162201,776.004134654999,367.790446072817,1649.59500959516,412.350184470415,140.243570059538,76.1267413496971,69.7571194171906,1956.61272919178,141.361050218344,11850.0007784963,206.714381247759,30165.4023963809,592.895504921675,239.08106097579,3704.61598175764,7142.22867068648,691.216256856918,79.7814516425133,107.819432765245,119.169512301683,94.1603394150734,215.987122803926,162.749055474997,1419.3467836082,134.213306605816,304.149857491255,120.439710229635,1262.09354859591,109.520046055317,92.7627864480019,2485.64566424489,212.551547378302,431.833101391792,206.734079241753,395.741422027349,152.762832731009,103.525249630213,67.0435088574886,22.5738009512424,14.9038960933685,1620.14763647318,7.30144584178925,369.457945734262,718.212330281734,453.62931868434,4539.72377333045,1249.92733791471,104.799726217985,1191.14575091004,104.393827259541,560.7627581954,28.6694188117981,1183.18836346269,69.8249263465405,80.0555550158024,23.9083600640297,456.06075963378,414.019960463047,1083.80935451388,240.389380455017,4413.65170139074,34.6315003335476,232.475757807493,184.691662997007,2702.76527321339,703.993704795837,622.612705528736,47.9237711429596,20.7649726271629,58.9553046226501,415.904436945915,450.389246821404
94.2193108201027,14.3655596077442,16.6820378601551,13389.2615557611,302.621206194162,22590.897324115,20688.2340987027,26330.2598563731,5977.42828321457,0,1551.19435709715,9284.33976981044,3252.82833656669,5913.78509390354,1528.42930570245,18.2336822152138,435.980565011501,709.820798933506,963.683663249016,9962.83579874039,43.8059847354889,12.392206966877,123.843735098839,1160.13445672393,28.4881791174412,828.552461594343,278.532223939896,6810.58654780686,7002.73664668202,165.273873776197,195.040112882853,1192.26326295733,163.426158815622,2199.20418381691,640.35198789835,9567.74590289593,194.451868116856,2901.00821959972,518.580703139305,3319.49979090691,1452.15153363347,482.233921229839,776.604316562414,11.4523942172527,243.635067731142,66.0841203927994,965.011816471815,198.320536524057,150.302401572466,1.21491116285324,3.06153765320778,0,7427.68614137173,16.540223300457,1265.09925964475,1173.08322045207,1024.05422058702,3675.60557365417,13417.5058076382,18.8935705125332,5051.55637201667,14.4058205485344,428.438883036375,78.4957131147385,0.891958385705948,0,0,0,3358.27279508114,2.10086816549301,6.29005146026611,0.461946845054626,3130.97563442588,5.0880808532238,1.28293883800507,1.97059059143066,5728.51549527049,106.182672411203,3.02623382210732,0,6.31566780805588,2.03043136000633,256.088531196117,166.209631830454
9.32079261541367,336.482752263546,54.386001765728,35.4097756743431,12.6893193721771,288.72367271781,511.72849008441,720.371328830719,191.880880087614,1551.19435709715,0,649.032568246126,10214.1388944983,365.092414826155,34.9062409698963,30.1532934606075,1879.49814975262,23298.9746646583,11045.8369496465,88.2792564034462,134.770186752081,218.361912280321,402.673890203238,328.191041111946,905.303600907326,7563.30326518416,1373.07486307621,180.711562365294,3051.7626029551,135.548334479332,2047.05893820524,955.998022168875,38.5997960567474,10968.8360244334,104.589436352253,1179.24229440093,2464.88055807352,5441.14944237471,865.301600784063,266.446295499802,132.411173582077,1173.47806695104,121.138133317232,837.237885683775,68.5449584722519,42.9444836676121,7.68898189067841,1.35681891441345,414.512673616409,2.20735791325569,503.866306781769,27.2807729840279,7.83842802047729,0,1.2912220954895,16.6287629902363,1.37507230043411,85.7712236344814,1.00942921638489,1736.54135295749,5.69536435604095,5589.80142465234,1.66615718603134,0.542276978492737,4.58198615908623,53.0321161746979,385.559892058372,66.7657254934311,0,3.25438916683197,106.009322345257,24.6906560361385,116.16724550724,1065.85171040893,4966.41348198056,4251.11745768785,64.8466708362103,8.35520392656326,4.70591858029366,3329.8845320642,0,1.0327183008194,47.052209675312,49.578493475914
3.12563416361809,1.72704422473907,2.84409061074257,8325.97292053699,935.031614392996,19699.7359107733,199.515193864703,5354.97755758464,5519.06545162201,9284.33976981044,649.032568246126,0,1057.68696725368,743.332192242146,4861.1129668951,2.02404916286469,87.2398824989796,245.632106006145,277.368549376726,18886.7427797019,8.58198621869087,0,26.4440890550613,268.176035881042,13.4670587778091,255.201037853956,68.1260588169098,2092.24488791823,1410.66779488325,17.6499384939671,67.9669364690781,683.985241532326,2.95371732115746,669.081331551075,3139.21191608906,1250.45926296711,74.6902221143246,633.230848699808,134.717023581266,5281.49565500021,419.546714216471,177.173457026482,101.369353026152,6.05219680070877,42.703966319561,16.4402166008949,407.174075812101,42.9959572851658,80.5423618853092,0,1.52893459796906,0.83393657207489,1261.98893764615,9.34548377990723,502.138546943665,82.8091753423214,149.283473134041,881.824910163879,1748.82357379794,7.23432505130768,2556.84597221017,17.1245129406452,98.8770381212234,44.5686484277248,0,0.655044078826904,4.16893875598907,1.65213513374329,875.129018485546,0,1.40324521064758,0,239.876319557428,2.20609602332115,4.73455280065536,3.48812007904053,518.703001767397,13.4532124698162,0.770719766616821,0,4.00636640191078,0,69.2736569046974,578.543280601501
6.25925359129906,1792.15602055192,49.9167347848415,162.46517854929,141.289673894644,1003.70425719023,1926.5754467845,1065.52824047208,776.004134654999,3252.82833656669,10214.1388944983,1057.68696725368,0,415.711395591497,323.989812105894,221.917304247618,120.953025370836,213.875687688589,94.5597865283489,234.273865401745,292.559050023556,1149.96291670203,513.592738986015,1665.62372010946,9303.75438067317,510.329984724522,2610.21564486623,1484.31936699152,1802.16314181685,538.176297307014,4343.60712385178,787.231445372105,65.3134087920189,3697.55098456144,844.128112912178,3516.21661674976,2793.6997872889,4394.30608731508,3029.49400901794,6650.37006479502,2339.79758369923,3702.99224001169,1016.73230782151,1797.15469008684,1026.25543859601,287.012081682682,2198.485375911,378.906726717949,1584.76130864024,5.93087816238403,611.709571748972,15.3743328154087,125.784837424755,5.30616796016693,259.259767979383,408.625264406204,525.674641102552,179.238119423389,685.073577731848,3408.18548065424,222.484594762325,8136.55667117238,495.058181762695,36.6593042314053,39.9282051026821,17.9776611626148,198.501727163792,30.8065345883369,97.4793491661549,5.23289328813553,177.863315343857,36.9135299026966,775.526263743639,2415.95972779393,4739.98440283537,4836.61990740895,878.444869279861,214.236851602793,20.4249716699123,4704.96108451486,96.1207759976387,5.05431061983109,499.377673357725,309.527223855257
12304.0910959542,30.8817214667797,1771.13573226333,212.970101624727,17.522459089756,523.936358690262,37049.1231665313,39236.3029787987,367.790446072817,5913.78509390354,365.092414826155,743.332192242146,415.711395591497,0,81.3283275663853,38.4015169143677,2587.38991701603,141.470914721489,283.472960054874,162.40645045042,2369.21505460143,18.1242580711842,5596.33164438605,985.040019035339,6.82030141353607,778.858312487602,481.190263092518,1787.65149277449,26293.2050900459,25252.3565559387,44.3191055059433,783.511721760035,194.870088666677,1006.84048658609,134.238961517811,1209.61298361421,53.9960700273514,755.178536891937,181.235851913691,280.271998047829,131.925774633884,50.1388577818871,483.329960256815,4.4202575981617,91.0024543404579,31.5095979571342,185.788795679808,60.6004568636417,22.3924716413021,4.63203296065331,0.877677440643311,7.00274455547333,108.536382317543,0.603039026260376,56.1386990249157,253.82029992342,162.011369585991,118.627145081758,266.079026043415,8.2630620598793,54.453720510006,1.68479323387146,93.7407093942165,3.76149669289589,23.1253569722176,3.47251117229462,0,0,39.8484602570534,11.3737936019897,14.8747796714306,12.1342086791992,709.579946517944,3.50661769509315,19.6628382503986,74.6142638623714,794.269336551428,78.0730338394642,13.3295491039753,2.22991299629211,0,7.39858120679855,83.9484887719154,35.6284733712673
10.6738983094692,46.3141441345215,26.769228965044,1133.721496135,2783.64388233423,3294.53131994605,667.980765104294,548.408641457558,1649.59500959516,1528.42930570245,34.9062409698963,4861.1129668951,323.989812105894,81.3283275663853,0,169.666457772255,48.9597136974335,14.2827416658401,17.2765297889709,547.965236544609,477.174869447947,137.418640375137,480.873298227787,3247.42928990722,0.731992721557617,15.7578791975975,107.827117174864,1578.41720736027,191.473912388086,661.292404413223,2.18155044317245,946.467218220234,18.8381836414337,105.705803245306,1046.33503726125,228.853874504566,48.3973838686943,119.062740206718,86.7936345338821,8527.65513068438,128.961334586143,19.2834804654121,156.146003901958,40.4142429828644,50.8425295352936,114.438816130161,86.2176205515862,29.924694776535,47.9546582698822,3.45574140548706,2.67141652107239,0,43.5992837548256,3.7282378077507,61.1720816195011,35.3737106919289,25.9606876075268,83.8852503299713,122.47075098753,4.1830837726593,157.262899160385,0,25.3793041706085,3.11086863279343,50.1684702634811,4.86180078983307,6.34398782253265,2.54796576499939,48.1297299563885,27.4164064526558,18.7619273066521,26.8783423304558,153.036073893309,0,17.9034425020218,23.0483836531639,174.727967172861,28.1318405270576,29.8536414504051,0,1.07773208618164,5.37510615587234,28.666196346283,2539.62410742044
6.83355206251144,1972.23492768407,324.519560098648,0.600209355354309,77.2356285750866,7.44093531370163,69.6485233604908,14.420827537775,412.350184470415,18.2336822152138,30.1532934606075,2.02404916286469,221.917304247618,38.4015169143677,169.666457772255,0,526.803368866444,16.7507364153862,48.7543364167213,0,13080.3239537179,13755.2022057772,19300.4073799253,4964.44777059555,156.007743149996,366.575459778309,8778.78812050819,4232.4709661603,63.0225889980793,844.161476880312,20.945859670639,0,10.6788303852081,316.853096723557,2051.47598481178,12527.2545166016,1465.66227006912,2612.23428794742,2847.74790152907,53.4905655384064,19.3263143002987,20.9653158485889,3102.71133962274,516.713658422232,783.547262638807,728.977296918631,66.101341843605,36.8415588140488,13.0021302998066,23.1894926428795,122.927270919085,143.172024339437,0,4.94984078407288,1.85209038853645,78.6343159973621,23.5937459468842,35.7218726277351,4.89288279414177,17.6014996170998,1.69721734523773,20.0550474524498,63.1984593570232,18.5268141627312,8830.33665031195,184.738922595978,11.8948974311352,35.623903632164,0,1420.21968734264,2349.5802448988,2418.64226821065,1243.05191785097,9.26994830369949,104.954463243484,1483.86357524991,1109.06456869841,154.053431481123,621.742367833853,13.1842765212059,0,28.5922701954842,336.2496317029,1084.81795319915
588.882105410099,2086.04318067431,8211.64824947715,4.81154891848564,6.3685250878334,72.6326879858971,718.858978629112,863.517743647099,140.243570059538,435.980565011501,1879.49814975262,87.2398824989796,120.953025370836,2587.38991701603,48.9597136974335,526.803368866444,0,803.4910145998,10188.296518892,32.0335337817669,3995.04055166245,276.886584371328,15240.3982542455,361.730737477541,51.8831466436386,12990.9681470394,19533.3573670387,593.432177037001,5497.31457939744,4459.06827405095,185.930345952511,50.9911784231663,1163.4322411716,11555.6836146116,560.264830619097,4301.43463408947,642.66825953126,7952.75901275873,2327.64299178123,67.7226333916187,47.2188003659248,19.2976283431053,2251.77360165119,386.31768193841,774.944323867559,910.067438751459,20.3036019802094,7.86037564277649,1.87836235761642,4.05721080303192,590.685322999954,1946.2364192903,0,0,0,18.5669477581978,2.23565366864204,31.459154009819,0,4.25250321626663,5.01451486349106,10.0705842971802,8.13411384820938,2.59944784641266,180.691883713007,3449.15257158875,52.5786304473877,944.040017813444,0,78.6169275045395,217.292053341866,773.298286557198,70.4828444719315,36.3958760797977,3908.32016986609,11840.8580320776,56.76194652915,16.8094644844532,48.3632289469242,8.17365664243698,1.33651340007782,0.774692893028259,250.691206917167,351.343364715576
8.45994603633881,115.610652387142,47.6107311546803,16.0760313272476,3.34560120105743,113.585441499949,247.843288362026,228.176125407219,76.1267413496971,709.820798933506,23298.9746646583,245.632106006145,213.875687688589,141.470914721489,14.2827416658401,16.7507364153862,803.4910145998,0,5227.99101608992,25.5001001954079,55.5620338022709,68.1197049617767,134.1462482512,154.479616552591,459.094751268625,4292.2445242703,524.839953362942,75.7942608594894,770.872158646584,49.8373793363571,829.924699485302,170.453657656908,9.21592390537262,2237.14728227258,137.258420288563,1301.327952981,1835.72905734181,3758.68399178982,1045.6094340682,91.6298040151596,37.3124941289425,68.2090020775795,85.2717653810978,92.0728439390659,48.8921504914761,35.442169636488,0,1.29745614528656,14.7568466067314,0,21.7592785060406,4.93254604935646,0,0,0,0,0,22.2833842635155,0,131.73499751091,1.62522459030151,285.429478079081,0.641423523426056,0,1.61863267421722,26.4669380784035,288.777982592583,73.364896774292,0,2.75852438807487,6.47818088531494,7.24640956521034,1.65290486812592,120.848096817732,2650.53653663397,1792.75527495146,0,2.63497972488403,4.93741694092751,657.546969354153,2.14660406112671,1.27972364425659,22.9478811919689,110.467883646488
19.5846920311451,129.012862563133,351.184577912092,16.9061340391636,4.86359077692032,124.339294433594,392.14914649725,249.731087207794,69.7571194171906,963.683663249016,11045.8369496465,277.368549376726,94.5597865283489,283.472960054874,17.2765297889709,48.7543364167213,10188.296518892,5227.99101608992,0,54.8975313901901,386.933378636837,30.0646069347858,907.712325841188,171.67689460516,115.09128922224,14415.5098959506,3886.99818730354,190.88125795126,1259.35077634454,182.837183147669,514.436293900013,159.238963574171,122.493667513132,7788.14605218172,391.737157255411,4154.62162789702,1632.9227360487,10015.52038908,2928.13956201077,76.0093674957752,36.6704238951206,31.1368997991085,250.367904812098,117.612333297729,86.733998388052,117.309658735991,1.14643305540085,1.08159112930298,1.12160086631775,0,73.4156049787998,77.8598092794418,0,0.702371656894684,0,1.32250213623047,0,19.9791929423809,0,19.416147172451,2.40942108631134,53.6847696900368,1.61315685510635,5.25261402130127,14.06496322155,238.77233684063,111.056403815746,180.147212088108,0,8.59452164173126,17.2862366139889,66.0364617407322,4.46620455384254,48.0015867948532,1807.99460709095,2814.45714077353,5.48917663097382,8.3839368224144,8.69180166721344,119.902903139591,2.92938005924225,0.656180560588837,32.1131580173969,310.33812391758
1.24147379398346,1.99205362796783,0,40465.3463557959,56.2775686383247,488.094988286495,53.9589787125587,679.722883611917,1956.61272919178,9962.83579874039,88.2792564034462,18886.7427797019,234.273865401745,162.40645045042,547.965236544609,0,32.0335337817669,25.5001001954079,54.8975313901901,0,0,2.94262158870697,3.0084034204483,597.695206105709,1.4271132349968,41.6003981530666,18.099662065506,2383.04454764724,270.470488488674,3.29514953494072,17.6760647892952,70.3456993699074,3.59322443604469,87.4457301497459,13.5770150721073,321.14396700263,11.9446356296539,87.2100811302662,24.7663797438145,506.349926173687,64.8105728626251,24.8322402536869,86.4056897163391,0,32.9471572339535,8.10003656148911,188.947428137064,25.9414844214916,25.0543065071106,0,1.56130790710449,0.392552107572556,1655.24640619755,3.81713685393333,249.787469118834,131.380050927401,123.416507333517,620.298852354288,2153.4762763381,2.25385236740112,1305.36063945293,1.10735791921616,75.0537741780281,19.357915610075,0,0,0,0,699.454951509833,0,0.470486372709274,0,360.324382185936,0,0,0,1036.55227968097,17.1807932853699,0,0,2.22821769118309,0,48.1773339807987,4.73913517594337
319.264188230038,196.401548743248,3850.58431658149,2.65857860445976,134.806035757065,15.6608234345913,7526.39514440298,1032.27417626977,141.361050218344,43.8059847354889,134.770186752081,8.58198621869087,292.559050023556,2369.21505460143,477.174869447947,13080.3239537179,3995.04055166245,55.5620338022709,386.933378636837,0,0,1013.91511708498,65638.9999260008,1999.55886596441,26.6190409660339,1187.75417754054,2854.09779393673,23176.007001102,1840.71566441655,45046.9551683664,12.4330107867718,14.1840214133263,537.00872784853,12672.7576724589,3202.66926208138,12341.3048943281,680.848269850016,12418.4052446187,5287.11547341943,271.342856347561,89.690332442522,19.8156963586807,2738.15465328097,421.566321611404,741.840743660927,532.323709696531,58.4808316230774,48.9899982213974,10.4100278019905,23.8517988920212,31.9103528559208,50.7099033296108,0,1.68437731266022,0.385334193706512,88.4994606971741,32.6752916276455,23.9141910076141,0.477397471666336,7.87458822131157,0.778884053230286,4.29630094766617,99.2274140715599,19.6639989614487,3724.53235009313,126.544922739267,6.37765502929688,20.8318045139313,0,1153.42379745841,913.40947073698,979.376546323299,1148.67099148035,1.94931495189667,78.2097946703434,626.730430275202,1203.15021938086,260.089359849691,670.331369131804,0,0,39.196418941021,370.53080445528,1255.23644465208
1.67119756340981,5085.84482717514,269.285247117281,12.7927564382553,6.73381763696671,0,52.8086644113064,10.8971598148346,11850.0007784963,12.392206966877,218.361912280321,0,1149.96291670203,18.1242580711842,137.418640375137,13755.2022057772,276.886584371328,68.1197049617767,30.0646069347858,2.94262158870697,1013.91511708498,0,1953.88375878334,24196.6216717958,1168.34820362926,484.086913198233,17662.8663787544,1571.34866833687,35.3393642902374,128.598718911409,267.427744537592,7.94201755523682,14.0595273971558,148.513598412275,169.633075118065,1323.53383094072,302.472144544125,528.77506968379,284.579186975956,53.7529701590538,7.33410906791687,138.011329829693,1536.54815256596,328.722483038902,466.101372778416,451.64878064394,37.2739785313606,13.7004010081291,127.210625976324,20.7619624733925,254.36505100131,209.452754110098,45.1421765685081,1.67183148860931,2.49657610058784,79.258749961853,27.7712345421314,162.144370764494,5.0879074037075,112.252353936434,3.82824122905731,255.704871356487,53.0240135490894,3.21984350681305,1749.74021208286,281.143702626228,34.2297815382481,44.6334884464741,0,324.257580697536,1309.2159781158,1270.95924109221,1222.34483796358,96.5491327941418,592.726671695709,2560.25219792128,454.070445150137,112.476033896208,253.285036057234,173.509898364544,1.88996660709381,11.3059802651405,118.4151943326,373.325881958008
1270.99460232258,529.339252173901,62378.2253099978,6.65796560049057,232.665792942047,34.9650043845177,4354.94839051366,1776.57427170873,206.714381247759,123.843735098839,402.673890203238,26.4440890550613,513.592738986015,5596.33164438605,480.873298227787,19300.4073799253,15240.3982542455,134.1462482512,907.712325841188,3.0084034204483,65638.9999260008,1953.88375878334,0,1691.84830826521,15.1743752360344,4867.25343441963,44216.2619894743,6165.38796192408,6888.05710437894,21107.1759407222,14.0466130375862,26.3844131231308,1268.42991548777,11394.9816280603,6509.69714352489,31077.1923938394,1913.48621970415,23373.45069471,14974.045057714,284.280696600676,121.021138966084,54.1852720379829,5833.66670405865,672.900739490986,2330.49993991852,2601.01975676417,80.8735324442387,37.4783707857132,7.47290733456612,8.93063652515411,318.569927543402,1320.87679681182,0,9.74579682946205,1.42399898171425,188.221442341805,10.1834645867348,25.2461143732071,0,2.41390895843506,4.52234488725662,1.28413099050522,27.2399833202362,32.3329468369484,12510.2678718269,1008.75022722781,62.0765511244535,150.120871216059,0,923.296407073736,2903.45281779766,8069.28983154893,969.59989964962,1.48603555560112,484.196905374527,12087.7460975051,931.957468390465,37.7263716757298,370.192769110203,0,0,9.27989539504051,413.015801042318,3023.41339761019
106.437486201525,4296.14101964235,315.762789964676,4996.14031988382,302.365019619465,256.388704955578,7027.75486326218,986.818536013365,30165.4023963809,1160.13445672393,328.191041111946,268.176035881042,1665.62372010946,985.040019035339,3247.42928990722,4964.44777059555,361.730737477541,154.479616552591,171.67689460516,597.695206105709,1999.55886596441,24196.6216717958,1691.84830826521,0,810.637643188238,594.799867868423,6216.83730721474,16688.36385867,3360.1931168139,2000.5286218524,137.559002190828,203.6325981915,1327.44829535484,1618.13802102208,1807.19697976112,11064.4428980052,1201.63449847698,2649.05635017157,1088.3946788013,1872.09092187881,379.074295222759,188.968910068274,8532.92417940497,424.577646374702,1715.91892004013,563.561811327934,1517.54195973277,775.958371400833,316.577440649271,155.277729839087,54.5553912818432,45.8831488490105,1963.99102821946,17.5868182182312,373.699715673923,2503.15030926466,1741.00302249193,3945.36489513516,2923.22614791989,227.586609899998,475.189494073391,114.500482022762,2124.85000996292,77.0601745545864,1785.5739851892,184.900623708963,21.8850736320019,26.1445525884628,485.426087170839,647.207237035036,1172.58847826719,516.859788328409,12089.1388490796,35.1144335865974,166.584911525249,455.692054241896,9950.12929999828,2171.7640851438,1303.11852881312,67.2954943776131,97.0290090441704,172.946036547422,1446.63818848133,1096.35528925061
0,2444.14770126343,9.37402027845383,0,0,3.46150022745132,8.16871172189713,13.4574037492275,592.895504921675,28.4881791174412,905.303600907326,13.4670587778091,9303.75438067317,6.82030141353607,0.731992721557617,156.007743149996,51.8831466436386,459.094751268625,115.09128922224,1.4271132349968,26.6190409660339,1168.34820362926,15.1743752360344,810.637643188238,0,945.699750542641,12419.1063490212,62.6761938333511,34.1730520129204,3.08962339162827,5271.38393521309,16.6107789874077,0,498.03294339776,18.7497252225876,467.729664951563,606.436231702566,429.482240438461,177.740498363972,11.9383707642555,5.07475107908249,791.63829010725,245.79324734211,380.911387473345,107.250870287418,71.7325050830841,0.523758411407471,0,686.197779774666,1.75958371162415,647.343471825123,0.836300253868103,0,0,2.3542252779007,7.77198851108551,3.8517193198204,30.7736792266369,1.37626406550407,425.735719203949,1.78816080093384,2401.89928930998,10.2492735087872,1.65860751271248,5.74790060520172,57.1025528311729,120.708023309708,183.154927134514,2.07976359128952,12.0114855766296,71.3922465443611,24.3245603740215,19.6469532847404,2538.19625139236,2351.54556298256,6253.07760325074,7.34254202246666,10.9106194078922,9.03681316971779,822.05993449688,2.52432584762573,2.08698642253876,99.2922538220882,32.7998142242432
76.745306789875,1704.47082403302,34822.6676314771,8.10427904129028,12.6375939846039,145.920523136854,965.051813304424,484.259231418371,239.08106097579,828.552461594343,7563.30326518416,255.201037853956,510.329984724522,778.858312487602,15.7578791975975,366.575459778309,12990.9681470394,4292.2445242703,14415.5098959506,41.6003981530666,1187.75417754054,484.086913198233,4867.25343441963,594.799867868423,945.699750542641,0,44711.1177568734,414.700336873531,1235.56701725721,584.327526509762,742.564052730799,150.790089845657,84.000580817461,3467.10982975364,924.563152879477,10727.772020489,5812.12367254496,9386.46547943354,4702.83569765091,125.085476219654,65.9158443212509,116.792854905128,3075.11552762985,1066.72633692622,1045.98460549116,1136.1247972846,24.602388471365,16.4644347429276,20.8725116252899,16.1119555830956,910.079431384802,967.281099677086,0.865302294492722,0,0.937083840370178,23.3782044053078,7.59481284022331,45.8650588691235,1.05058261752129,227.232995033264,4.50707170367241,611.592243552208,22.4489941298962,8.72717976570129,96.0504614114761,3426.87467035651,1263.24612608552,2213.00522452593,0,108.001888751984,169.324279159307,387.999402463436,68.2547554969788,709.984089642763,16335.7166143954,26982.8969476819,25.0549355745316,71.8990128040314,64.9809005260468,1239.09750467539,6.51258414983749,0.984822869300842,388.59568053484,855.95864418149
83.2104407548904,29535.276361078,33710.6243227422,5.88389474153519,48.3611039221287,37.7750331163406,464.51539683342,220.425643652678,3704.61598175764,278.532223939896,1373.07486307621,68.1260588169098,2610.21564486623,481.190263092518,107.827117174864,8778.78812050819,19533.3573670387,524.839953362942,3886.99818730354,18.099662065506,2854.09779393673,17662.8663787544,44216.2619894743,6216.83730721474,12419.1063490212,44711.1177568734,0,1735.7443434,855.549983531237,868.34502518177,497.373156428337,31.5424256026745,123.943264484406,5085.41069099307,4225.38082435727,42408.7894798219,6766.73947510123,19254.5491164923,13460.4855047762,136.26176032424,108.765108525753,100.481821268797,9327.93771547079,1807.49953505397,3440.29673677683,4031.29708752036,81.9939910769463,44.8582296073437,58.3286714553833,21.5765148997307,4818.28279817104,3896.48232212663,15.927391320467,7.90391618013382,2.8774621784687,255.827759772539,17.2638518810272,91.1606298387051,2.24233919382095,120.009574383497,3.26530259847641,399.886033385992,88.5404236912727,21.9991840422153,4026.13333556056,7495.37178334594,974.41277807951,3740.44032885134,0.737913429737091,482.080223590136,3539.22526744008,7920.86912384629,888.807624340057,1567.15249040723,19362.8075704873,65829.6302551031,457.509415775537,124.307354092598,390.983017146587,496.372103244066,10.4343880414963,8.68704503774643,854.846338734031,2682.92440894246
169.002555191517,329.309758812189,1375.17542767525,5991.31981915236,187.905776292086,162.41245123744,59474.5653548241,1637.46709695458,7142.22867068648,6810.58654780686,180.711562365294,2092.24488791823,1484.31936699152,1787.65149277449,1578.41720736027,4232.4709661603,593.432177037001,75.7942608594894,190.88125795126,2383.04454764724,23176.007001102,1571.34866833687,6165.38796192408,16688.36385867,62.6761938333511,414.700336873531,1735.7443434,0,4876.70859348774,33888.2399514914,24.7789664268494,186.665710061789,2891.92032837868,4453.15371543169,2983.55973911285,13958.8825636506,891.910211235285,6647.64279708266,2306.60579565167,1458.00799158216,506.36490046978,89.0136327147484,9344.82407349348,358.93752014637,1613.27970200777,554.267572343349,1591.85242816806,846.452582597733,254.033740401268,126.984680205584,29.2695973813534,31.9286978840828,2728.99676635861,15.21967202425,418.684655815363,2315.98296925426,1658.56150330603,3160.29458358884,4249.87193059921,196.848419696093,1148.87490767241,7.55119189620018,1792.06720012426,98.5286896526814,1362.85140612721,212.15847375989,3.67773625254631,11.4098057746887,930.542009204626,588.899759978056,535.447537124157,447.435346931219,9951.20021060109,2.92107200622559,31.6122202277184,350.635644108057,9802.15485861897,2196.85572718084,1471.10666790605,0,80.948238670826,166.352810055017,1459.70312014222,1180.73344293237
12458.8650538027,37.613169580698,1228.66870748997,363.016212999821,41.4871717691422,784.770254343748,12544.4823485017,6871.38130930066,691.216256856918,7002.73664668202,3051.7626029551,1410.66779488325,1802.16314181685,26293.2050900459,191.473912388086,63.0225889980793,5497.31457939744,770.872158646584,1259.35077634454,270.470488488674,1840.71566441655,35.3393642902374,6888.05710437894,3360.1931168139,34.1730520129204,1235.56701725721,855.549983531237,4876.70859348774,0,30105.6199031174,251.652047455311,1143.25338882208,4646.79470977187,7427.79784229398,389.344506919384,3426.92404809594,174.917137026787,2633.88174566627,395.292377203703,1111.9098045826,934.791717708111,254.930761635303,632.306748479605,31.840419948101,150.867898076773,57.1149353086948,212.019799739122,53.8949792385101,49.4522079527378,6.87858060002327,8.83577030897141,14.3633765280247,106.875744998455,0,51.0683362185955,347.120027244091,105.90023496747,209.677611142397,181.355208516121,18.1723769903183,30.6390017569065,36.1204200983047,71.9063309729099,6.9860720038414,41.0316944420338,30.7786102890968,0,8.56175893545151,37.6074807047844,31.7990539968014,23.3479199707508,13.6367843747139,1184.4567129612,10.9956516027451,103.301551043987,207.118631392717,1059.89663749933,91.0379296839237,38.2592839896679,10.6874946951866,0,13.6415986418724,107.98860296607,146.308097600937
9321.58513113856,32.8814381659031,2082.14908966422,12.1244263648987,130.543854862452,54.1769925653934,26262.0589639544,4588.56797611713,79.7814516425133,165.273873776197,135.548334479332,17.6499384939671,538.176297307014,25252.3565559387,661.292404413223,844.161476880312,4459.06827405095,49.8373793363571,182.837183147669,3.29514953494072,45046.9551683664,128.598718911409,21107.1759407222,2000.5286218524,3.08962339162827,584.327526509762,868.34502518177,33888.2399514914,30105.6199031174,0,17.8555423617363,60.1007071733475,5675.36967855692,12545.0716795325,2275.55353400111,11516.3963239789,461.093291193247,7900.70659321547,2161.246591717,529.986706852913,221.710127472878,31.4506448507309,2005.84217783809,121.85468518734,506.144516855478,229.285371661186,86.973642706871,61.8914076685905,23.2638271152973,29.0694862604141,15.0057866275311,24.273801445961,1.53419709205627,4.89388620853424,0.994844317436218,142.628816783428,38.6616385281086,43.6322590410709,3.21462121605873,11.1625099778175,1.86538648605347,0,115.262228161097,24.4120568931103,552.899575144053,79.7621309161186,2.50815427303314,7.19824329018593,0.327183127403259,321.705493956804,181.875003248453,114.283983469009,1143.64029839635,0.891435861587524,35.9563122987747,171.170279949903,1268.37505334616,239.579433619976,367.306399464607,0,1.13375091552734,44.3638695478439,323.459086358547,844.510332494974
