0,0,0.0143086153988475,0.000387580424579111,0.000227368053974503,0.00785767031473769,0.228444837666099,0.0283483653624958,0.000258356928706083,0.00759833590293605,0.00393311017712346,0.00178023653572214,0.000266112677482206,0.472181775435248,0.000834904403028065,0.000298973491958216,0.0440417695143209,0.00139085033020242,0.00525371293621483,0.000828164961138347,0.0225592139058205,0,0.0680802233413993,0.00145446622823754,0.000396338392640025,0.00923589492287096,0.0165474008011332,0.00451236177697409,0.565590146604755,0.761044498621722,0.000386346059494406,0.00512564547210131,0.00121772926639684,0.0243055903422698,0.000598437959793657,0.00559704958505801,0.00121441063025436,0.0163522704452487,0.00292138145647038,0.00118337704834095,0.000385075415901065,0.000374994875135595,0.00121737833046406,0,0.000185326676337886,0.000193443844891227,0.000490557400705331,0,0,0,0,0.000115364879052061,0,0,5.72661190823973e-05,0.000117528463656974,4.07842388658702e-05,0.000142024865066821,0,0,0.000165271687358823,0,0.000122009807776523,0,0.00023343785600282,0,0,0,0,0.000567315531880543,0.000193337816177333,0.000123470017234313,0.00179466494361934,0,0.000133419352408636,0.000626430654337433,0.00136655168239332,0.000159928660187775,0.000507993343714372,0,0,0,0,3.35278431579322e-05
0,0,0.00152409992505532,0.000131594665128255,0.000246515653964666,0.00102424946630547,8.47367836585669e-05,0.000653152314022803,0.249415225126469,0,0.00346938959570843,0.0030565551467008,0.0242378880430712,0.000193694345141244,0.00625452461610607,0.0401671848808623,0.00168432477701549,0,7.91051634945393e-05,0.000485662431752515,0.00585746213186341,0.22492814950296,0.00361514325596623,0.241675106541245,0.185032445097948,0.00603601017390784,0.881350711839455,0.00678063712782578,8.39585224373938e-05,7.69044828429338e-05,0.00232079307917087,0.000484253671591413,0,0.00169048189705045,0.00145152361635564,0.00814635876815555,0.00164708775957991,0.00314754622004345,0.00308270783490727,0.0046561457512372,4.22233364844978e-05,0.000328166109964573,0.00717372949694143,0.000715446267436754,0.00277859572912201,0.00403666066340332,0.000437087897464618,0,0,0,0.182573248416906,0.00324454238429134,5.22966491427243e-05,0,0,0.000207469445404553,0.000136157384144056,0.00146329725990102,2.99482229210079e-05,4.38677823647022e-05,0,0.000671510425543731,9.77821560430171e-05,0.000116207095636958,0.00618374957232444,0.00222121412069083,0.000164486539872515,0.000524325684482545,7.72863904945018e-05,0.00174187775105025,0.0550280682679143,0.0124782877483803,0.00816841198488612,0.00137174400455799,0.0058771025858031,0.471445279088808,0.00136943289243087,0.000134566788692462,0.000758048778895236,0.000122710098107505,0,0,0.00160780987061938,0.000987594241487171
0.0143086153988475,0.00152409992505532,0,0.00072296538116117,0.000442814335568798,0.0208656754893314,0.675191175238155,0.134273782581694,0.000292514745685041,0.0192981718469894,0.00345950016939334,0.0010254130741922,0.000740878426611967,0.152634371139967,0.00464255721439379,0.00113148861015857,1.85450852539757,0.00184188978229656,0.0325526565061815,0.00100221447634904,0.687258687057167,0.00139440757831482,2.92612437869888,0.00566688144527522,0.000715399727486977,0.594868577548738,3.26072879098281,0.16472856736817,0.021807095193784,0.365419694028377,0.000110469218177867,0.00601633232944302,0.00215105173416219,0.142339458129919,0.0466827968133261,0.467600812402878,0.51231769431863,0.508788508442994,0.353177329787354,0.00608601612878194,0.00284666558684075,0.000772378548869691,0.18976774759789,0.0166130335799669,0.0551495248310083,0.101325019070854,0.00162670995015188,0.0020571212902598,0.000304893392103171,0.00241496447439641,0.0415693116679148,0.306896466119366,0,0.000474979021538538,0.00035865494588446,0.0115699698406162,0.00405504838751177,9.65989931402237e-05,5.01536697916806e-05,0.000401518511453253,5.84722821931124e-05,0,0.0100015392933957,0.000707775730013806,0.112300342847626,0.0640348321067267,0.000321402413759434,0.00454550566760567,0,0.0209466006346291,0.0195400355899779,0.469914627505412,0.00491783074351451,0.000448124634446848,0.0652714782605795,1.55354443347647,0.0030213953822633,0.00204925199842126,0.0247970355337029,0,0,0.000157111520834187,0.0311695375036373,0.0454859364372583
0.000387580424579111,0.000131594665128255,0.00072296538116117,0,0.00314353122475425,0.0168743300583909,0.0183427196011871,0.0123227816210543,0.207061561545916,0.266641529926386,0.00143518380036545,0.234157433553641,0.00119953658998233,0.0143836538376927,0.0550322065920112,0,0.000132886682090565,0.000697748489846564,0.000767826132480823,1.29817599387317,0.000308423957997459,0.000169064604716003,0.000480182459749609,0.145921111178309,0.00246259206279739,0.00102808696316853,0.000981954598330033,0.9809450093124,0.00860612905922662,0.000900857261396037,0,0.00248907847745168,0.000155464049857247,0.0041132230199553,0.00363452942468123,0.0222554594224821,0.000460046307981145,0.0121836455586266,0.00337310554005575,0.0492564776645902,0.00337001829601313,0.000671947861945108,0.00519531797211704,0.000107976365487587,0.00211644993224024,0.000793439799519449,0.0113641573677518,0.000817799371417662,0.000578306303454855,0,0,0,0.036648270038538,0.000619405652788627,0.00648215542104569,0.00734410538327593,0.00845974594614811,0.0758082123533676,0.0713576565522561,0.000196546618038332,0.032041177917423,0,0.0084591837909185,0.00861867881203534,0,2.38348030751616e-05,0,0,0.0163362079908849,0,0.000948353973692235,0,0.152212903760917,0,2.958416313425e-05,1.97378686443031e-05,0.138505112565119,0.000131232423694402,9.86445248380242e-05,0,0.000451191928089765,0,0.00127630118114969,0.000283847787937415
0.000227368053974503,0.000246515653964666,0.000442814335568798,0.00314353122475425,0,0.112027437921886,0.00418463372325713,0.0185207582192065,0.0210554029874386,0.0101258395730375,0.000638305285455242,0.070120391085526,0.00752328367096765,0.00373365931589103,0.337061792170951,0.000188649398111343,0.000105522729912508,0.000296990280548027,0.000149296736337703,0.00363650195249587,0.00098071590873672,0.000432985299986773,0.00126096971289077,0.0106365564263755,0.00614686522474366,0.000952433840729122,0.00430873062125917,0.00520762589222654,0.00081944450098209,0.00118688125944421,7.10361946785628e-05,0.0118319510740889,0,0.335560259685826,0.324449971644479,0.17698185005851,0.00269723470012746,0.0249993495738313,0.00835978916976611,1.24436900180038,0.870745002147391,0.00453243633950283,0.00752924543441521,0.00588732580034469,0.00152369453738131,0.00681200147286898,0.00289545404015442,0.0003842709543356,0.000588673870093757,0,0,0.000301568891103316,0.00128250302072223,0.000322156978732729,0.000622814201642912,0.00300658713012292,0.000985816913753905,0.000721507436922176,0.00293511285654457,0,0.00234175434100375,0,0.000500540467046791,0.00124099425368428,0.00117085449875068,0.000154109103057539,0.000168967113817674,0.000298681680295259,0.000534417884946936,0.00363082588256122,0.000277907836487549,0.00761803171058593,0.00845488015115409,0,0.000418048270157933,0.00352117674360276,0.00884635739455787,0.000381640965299511,0.00190051101086256,6.73112977231979e-05,6.53266406915605e-05,0.000173678262324619,0.00031659146383099,0.204490355357636
0.00785767031473769,0.00102424946630547,0.0208656754893314,0.0168743300583909,0.112027437921886,0,0.286215186405442,1.94857966305964,0.0893856651805582,2.1830806854304,0.0295956752582856,0.709150464461368,0.0361861896361546,0.159628995332507,0.430771720071456,0.000202286177937201,0.0141613752443567,0.0122525526535674,0.0119406325362899,0.0305836675028336,0.0111719197168606,0.00346886779432199,0.0339607976478544,0.0373369203800615,0.036491171046423,0.0186138938843241,0.0116712007716807,0.0505278377095688,0.0405143527539718,0.113057896235527,0.00211549827675753,0.0681817826241652,0.000971765345596042,0.0990803211324439,1.19268367297234,0.435227671115091,0.0142068677981467,0.0864361192024014,0.0287965008885265,0.814049448821346,0.0871734190507773,0.0222754088625617,0.0429564240164344,0.00122062778064668,0.0107493639763733,0.0101214429563381,0.058589687678041,0.00568912695025136,0.00556616011842358,6.43460563055456e-05,3.70063563836158e-05,0,0.0205649767696722,0.000916529247640568,0.0133924267453862,0.0211045091109174,0.016879668254468,0.0243382956350606,0.0540782793625468,0.00035946111666047,0.0473900175564982,0,0.0234100808505892,0.0335678873910037,4.05659129598916e-05,0.00016966571141243,0.000136125778164005,0,0.0163027933345322,0.000454510827821329,0.0022130612914158,0.000266032426958191,0.173218190757389,0,0,0.000161768089923927,0.146130585984844,0.00444470521666155,0.00254368879224089,0.000103811303571844,0.00243542261466075,0.000146547349678254,0.00436234600047166,0.0774019322562519
0.228444837666099,8.47367836585669e-05,0.675191175238155,0.0183427196011871,0.00418463372325713,0.286215186405442,0,1.30101714165062,0.0128950888817381,1.63237507569839,0.0267600646763871,0.0200746186505607,0.00996393795258424,2.20662229842917,0.0679604233245725,0.000592143108278122,0.0251687384703588,0.0137544968257338,0.0183772788756855,0.0096304534919185,0.591038290337575,0.00156128316619672,0.454509875762226,0.31764989858726,0.00916563799846558,0.0553364443206529,0.0656851447759325,3.96430121409256,0.61316449771316,0.661573881258877,0.00399224910908917,0.04084229407289,0.141595912305212,0.232596366546978,0.10750283089105,0.458632982156243,0.0318935896852937,0.48646205534605,0.155763370710211,0.114375943164727,0.0518237892807315,0.00703276226870754,0.0375712314943839,0.000495334084051287,0.0102598961417895,0.00506435586109995,0.0240299793964539,0.00397790500233904,0.00221918995824342,3.90565647285819e-05,0.000155627277404988,0.00199106530883586,0.00498011148246574,0.000577349777751726,0.00481432819544221,0.0200176187276352,0.0135922383344745,0.0168664647389224,0.0167547152067262,0.000204922355139178,0.010049611686337,0,0.0224657776749989,0.0106010435946403,0.00835960340740992,0.000141897491814014,0,0,0.00330952052518997,0.00354883321583947,0.0039219931113642,0.0137089711009035,0.119444071265855,0,0.00163074767382275,0.0248623962412258,0.114528193338633,0.00650959376712753,0.00830464035275006,0,0.00055322203452279,0.000713445895964551,0.0040186278702499,0.0143337832090487
0.0283483653624958,0.000653152314022803,0.134273782581694,0.0123227816210543,0.0185207582192065,1.94857966305964,1.30101714165062,0,0.0287530952602188,0.611291194474847,0.024124408081408,0.34428302223312,0.0125215144985377,0.965059433797194,0.0779281919866007,0.000315907468660298,0.0666403986204874,0.0132579793728507,0.0182453332087272,0.027826853230084,0.0517044545563194,0.00221977216065936,0.194643761665234,0.0397643186980802,0.0199437217181255,0.0306475111644998,0.0389727188884238,0.0708234538136719,0.0883887753264769,0.576071835250698,0.00255346552186166,0.107541777859345,0.00398972634315507,0.0773377989122286,0.00660335209764663,0.0983918372206641,0.0108179083397693,0.0733009571033968,0.0202110623954275,0.165131127204822,0.00965213971437425,0.00663321208823631,0.0591028939326996,0.000235739528345436,0.0158530504854388,0.00593274526376139,0.0483022048924731,0.00594273566529316,0.00385099559426691,0.000393096827478099,0.000199356486039591,0.000224769207578256,0.00782192834788431,0.00108077288604248,0.0122915242478797,0.0408011909087218,0.0217439601893432,0.0174666915111086,0.030677163753716,0.000113528972760779,0.0193723358310677,7.94070389068129e-05,0.0208159123514971,0.0235726191540298,0.00037300633222408,0,0,0,0.00630019482482828,0.000700913140533973,0.00278612895104094,0.000599086920266759,0.189194598942277,6.03567300638676e-05,0,0.00120579956781013,0.199753874999522,0.0103820686787656,0.00635313870464066,0,0.000976716267512365,0.000402683424929723,0.00770904109307435,0.00289845015238566
0.000258356928706083,0.249415225126469,0.000292514745685041,0.207061561545916,0.0210554029874386,0.0893856651805582,0.0128950888817381,0.0287530952602188,0,0.0469526524353796,0.00289760201534255,0.471247378440354,0.0183571853368011,0.0146671448207214,0.366991716514506,0.0107416867771478,0.000396491863272631,0.000787931934436025,0.00120516988228969,0.179329867900402,0.00748900693823917,0.695035115557258,0.00179523131421521,1.36955663664665,0.211116989717952,0.00311732340112233,0.319558635964636,0.309391242719687,0.00519509455358735,0.000859427148932494,0.00298285289246578,0.0047031766707113,0.000803842841543959,0.00924145207087817,0.00132390801808721,0.0214509561481614,0.000955118732490919,0.0107304095151154,0.0037355571635606,0.265735713522388,0.00272271161384817,0.00115094349325606,0.0408512621060158,0.00154613452374669,0.00823353135393942,0.00508829956147971,0.0414318817559273,0.003950380215508,0.00157316030758881,0.000807859467790689,0.00434435407186529,0.000816083365216459,0.0413258781612504,0.00138118587100297,0.0136660576758097,0.0172105687141578,0.0150508326819982,0.230095100673471,0.070746969063516,0.00129616811166444,0.0473699033155733,0.000161143653533209,0.0211103978210588,0.0226795986538711,0.0169148235008237,0.000283818727239573,0.00121636475007737,0.000999843080571936,0.0224861898066103,0.011415048856372,0.0653876615611227,0.0107634095128713,0.401949048764237,0.00181710267712167,0.00555380167157923,0.0248326553311289,0.193906609855085,0.00698321925659843,0.00677688232998233,0.000474856094292438,0.00131165989563531,0.000963222834850392,0.00422999492112786,0.0058078976125315
0.00759833590293605,0,0.0192981718469894,0.266641529926386,0.0101258395730375,2.1830806854304,1.63237507569839,0.611291194474847,0.0469526524353796,0,0.0415102329392868,0.400409132290793,0.0164038063886159,0.397782629646772,0.0581821567075436,6.99656625728044e-05,0.00466271186476265,0.0188877546335501,0.0225869149513852,0.207011907811972,0.0052853114348655,0.000977805302337094,0.0120842224471996,0.0302783962639983,0.0112647095922107,0.0291384504347596,0.0112920090803805,0.625557638651657,0.147609704395648,0.0279713671093249,0.0037254852388637,0.0553361868600033,0.00366241674536527,0.0987853355870033,0.216857955642245,0.34695411958675,0.0169554817029159,0.213945014093434,0.0359677870978242,0.163685324569453,0.0625644639910706,0.0100659374435557,0.0170356649231611,0.00042431324343757,0.00494909168131974,0.00209494068926953,0.0246077113866322,0.00330259581929222,0.00286742851229387,0,0,0.000114597505296129,0.0347749913624044,0.00143185168205257,0.0162421748872667,0.016086675796534,0.0191570666092708,0.0488071675937847,0.0913323381976766,0.000146055045559099,0.0516388539641854,6.93476243955347e-05,0.0158199844627329,0.0184404537315028,0.000101096521218413,0,0,0,0.0191547610757598,0.000136250050126353,0.000926630002394845,0.0001895409676359,0.221037238803389,0,0,0.000481758448658559,0.198976494851673,0.00118299495329401,0.000798774210621914,0,0.000549630177985796,7.64026833384513e-05,0.00189214909365565,0.0230396190015697
0.00393311017712346,0.00346938959570843,0.00345950016939334,0.00143518380036545,0.000638305285455242,0.0295956752582856,0.0267600646763871,0.024124408081408,0.00289760201534255,0.0415102329392868,0,0.0396689071985293,0.530236721407078,0.115268257104017,0.00319261280561708,5.04979006768286e-05,0.0785191181410892,1.50975376090786,0.447232986207997,0.00545805464370187,0.00342337153792887,0.00298277559084478,0.0112292972311662,0.0044443658580561,0.0389522158865309,0.745193820514338,0.0530406779923903,0.0105888970775478,0.049243591160237,0.0175509240385299,0.10850318918534,0.051185701701336,0.000369009172443953,1.41696869609585,0.00374769127137272,0.0977982856055174,0.236754369534372,0.603285510079203,0.0311549745973445,0.0155746374928043,0.00136939292779346,0.242474114499794,0.00418285881724869,0.0164142282401936,0.00332116288489119,0.00108388022257581,0.000904624219345832,6.36086081491768e-05,0.0675633803768123,0,0.00559843511025215,0.000348411091081077,0,0,0.000404992998767352,0.000269593779235184,0.000478529597551939,0.00327163169722419,0,0.316926076897793,0.000306062086435739,0.319740801200719,0.000566277054680014,0.000201765603887493,0.00071029310472718,6.51152710665703e-05,0.00725746590437962,0.00315261099803425,0,0.000159435657969373,0.00343474208990838,0.000210001801451316,0.0108991044402428,0.0281957693102727,0.0758619364939719,0.0444905634076605,0.00127745043578641,0.000524963213837895,0.0003992264889427,0.124490782386374,0.00510304106997796,4.42305592139065e-05,0.0226850291658513,0.00358622620388549
0.00178023653572214,0.0030565551467008,0.0010254130741922,0.234157433553641,0.070120391085526,0.709150464461368,0.0200746186505607,0.34428302223312,0.471247378440354,0.400409132290793,0.0396689071985293,0,0.018419203351558,0.140900141269002,0.816284571424565,0.000107046517883986,0.00314243923073006,0.0166330614233876,0.0184919376324978,0.611516852970256,0.00174911869178815,0.00521961605568073,0.00365546282638223,0.174550494701855,0.0286725810976856,0.0226539970027886,0.0100653609041867,0.16930791492269,0.0398778853620225,0.012211341521864,0.00330740820248637,0.056279184408785,0.000107619925073138,0.0551859109395967,1.06080178030234,0.156753552612032,0.00892901666368859,0.063090362408725,0.0119420109466377,0.474527119009253,0.0198353581587893,0.00973808757049052,0.0213396848201271,0.00070415282144572,0.00522942589456312,0.00529144466713864,0.0894128278474535,0.00291910522047553,0.00459623857855455,4.49567471735775e-05,0.000279845397561163,0,0.0873780140364963,0.00503624997563231,0.0334633517260622,0.0168807427218766,0.0224112935370151,0.0448259984235187,0.189718375784839,0.000456641548220116,0.156071284277347,0.000100008857880699,0.0172237354878546,0.0638366773686805,0,0,0.000161577241121924,4.4665876606065e-05,0.0576626339664707,0.000285956805480862,0.00111143436870171,0.00042041524875839,0.181845831001497,0,0.000232084441314733,0.000397543435497081,0.22427021668149,0.00168883921186304,0.000411959242599922,4.13370840462387e-05,0.000803727539848038,0,0.00276223268434273,0.330997710528486
0.000266112677482206,0.0242378880430712,0.000740878426611967,0.00119953658998233,0.00752328367096765,0.0361861896361546,0.00996393795258424,0.0125215144985377,0.0183571853368011,0.0164038063886159,0.530236721407078,0.018419203351558,0,0.0153209198475093,0.00581635284851557,0.00101925394017179,0.00026601294195798,0.00350890901877113,0.000546504112211615,0.00433158905531457,0.00510493297041855,0.0309908532848761,0.00170499374119302,0.0175505512844216,0.532071524530629,0.00765577611437925,0.145865968357944,0.0188718280984917,0.00512783881550331,0.00412131556969892,0.0451565570699296,0.0223228461808211,9.491774981035e-05,0.162760304241829,0.00117404130739648,0.0823393443541479,0.0918712290886786,0.451325202002771,0.0473705940734517,0.121859297613959,0.0534206379573561,0.519609629447853,0.0203269687832696,0.0503324966018463,0.0533241393793058,0.037197806658869,0.0272325332012402,0.0243394674924623,0.193626938039181,0,0.0173319479385636,0,0.00106490321827234,0.000246501183335149,0.00807568618433861,0.00472542375722203,0.0176390103229667,0.00529390529400264,0.00476380512406599,0.87480346310967,0.00669670960181865,1.14823956657244,0.0169781580380917,0.00270467308145404,0.00197049650851484,2.60205847649694e-05,0.0121055472931232,0.00399373682654028,0.000655649536526066,0.000312293810422054,0.00650731945450937,0.00120030025907589,0.0186697967741432,0.132780733079425,0.157637170530817,0.173210228255916,0.010677104757119,0.00219439475594099,0.00188304360602376,0.347934044079522,0.0336628845079028,0,0.0743247986285091,0.000611690581164181
0.472181775435248,0.000193694345141244,0.152634371139967,0.0143836538376927,0.00373365931589103,0.159628995332507,2.20662229842917,0.965059433797194,0.0146671448207214,0.397782629646772,0.115268257104017,0.140900141269002,0.0153209198475093,0,0.0196720724670005,0.00128829854182177,0.210089799591972,0.0619998479410202,0.0859305855465153,0.033503426848481,0.113894889030252,0.00582702723492159,0.370787908383425,0.0356120304252527,0.0161964396750023,0.121407274570916,0.101689678822432,0.0937618691110774,0.993212539817094,1.86584265332607,0.00904898789604832,0.115136280139972,0.00592976809699643,0.206219208378622,0.00600734951370528,0.14819966664188,0.0213040835254201,0.126905611229765,0.0296596313365828,0.0473089869858584,0.00974392258876861,0.00767542691007238,0.0426255706732955,4.25651868306219e-05,0.00859386933473589,0.00444049545374184,0.0339461188292863,0.0020900246393669,0.00255389433807588,0,8.53181067577599e-05,0.000347142041378051,0.00193376935682195,0.000385291925513428,0.00637693301178165,0.0249623603054346,0.00436185112429953,0.013806557416426,0.00632414522613709,0.000472919674065381,0.00594122498676063,7.65797390172867e-05,0.00424990002675717,0.0116868482379615,0.000946437396781816,0.000223854644023648,0,0.000212312746775961,0.0018232910777689,0.00191465095344276,0.00353869453514471,0.000924077640347552,0.143397314075424,0.000176302551246506,0.00029762337007454,0.00274073374399894,0.114281030264544,0.00486723567524786,0.0105222691736827,0.000210939089269012,0.00067540645771972,0.000864555933769263,0.0040128125305452,0.00111201097190865
0.000834904403028065,0.00625452461610607,0.00464255721439379,0.0550322065920112,0.337061792170951,0.430771720071456,0.0679604233245725,0.0779281919866007,0.366991716514506,0.0581821567075436,0.00319261280561708,0.816284571424565,0.00581635284851557,0.0196720724670005,0,0.00355496846621663,0.00319169213832746,0.00198216601789296,0.00209404095672016,0.0585918899546422,0.0513086923159019,0.00904133200635377,0.0352935987944598,0.221872590566536,0.0108544106870305,0.00585276192642252,0.0537561464404377,0.122380744168287,0.00404872870096108,0.023880145121637,0.000293078500982839,0.0151907597722143,0.000365232138389102,0.0137625868301952,0.481966941921079,0.050382093023696,0.0164018497523408,0.0403953730943685,0.074634742554495,0.658882404343363,0.0196486572977663,0.00397636740271078,0.0185790555441372,0.00707506123261046,0.00677093957377974,0.0121172505233721,0.0175784627873459,0.00377797337930686,0.00302277423123988,0.000161628237374854,0,0.000454896102411741,0.00623145132810732,0.000908570634106386,0.0049192120142159,0.00793235867225546,0.00411024535072362,0.00780957386311355,0.0201130289339522,0.000129299940829467,0.0172686533494587,0,0.00797599387019154,0.00992618495331522,0.0019824818861795,7.08027412296178e-05,7.52332785508994e-05,0.000648266471842438,0.00614749563101555,0.00548598355998085,0.00201631833656811,0.00971171209389697,0.0464287002216382,0,0.00217341242345474,0.00737194589836181,0.0518128740150775,0.00255674718139625,0.0068873487578225,0,0.000731836249786084,0.000712322744885489,0.00167312526758856,0.241458189451028
0.000298973491958216,0.0401671848808623,0.00113148861015857,0,0.000188649398111343,0.000202286177937201,0.000592143108278122,0.000315907468660298,0.0107416867771478,6.99656625728044e-05,5.04979006768286e-05,0.000107046517883986,0.00101925394017179,0.00128829854182177,0.00355496846621663,0,0.00133438360065468,0.000194225139446294,0.000185863825611299,0,0.28640117309961,0.587908597513593,0.301294833442738,0.127812539837657,0.0187281452168248,0.000906170126149191,1.11671413803786,0.0144582292946464,0.000944177241781121,0.00291708778160936,0,2.68483513132482e-05,0.000329110442612719,0.00634445885779809,0.0194121749321031,0.0852167835149108,0.0131440467998795,0.0221650011388962,0.0367581244598608,0.000681954513332796,0.000171757010826325,0.000187993131277984,0.0476181572428399,0.00253309428568672,0.0153674750010207,0.0104394919113643,0.0364152766720041,0.00127626179311343,0.000277457539821291,0.000482326604658687,0.00115390172279189,0.00135856687263343,0,0.000604529886831725,0.000582421991838041,0.00862593089970899,0.00264336581204253,0.0302984002773174,0.000432269890349984,0.000259988085989124,0.000537879973277071,0,0.00473822825653634,0.00735444834552013,0.187979979131423,0.00219334750822515,0.000349747549576843,0.000547532138516342,2.44310704405278e-05,0.147631809117276,0.144483923478907,0.160856618131443,0.32113297855993,0,0.000426785987162826,0.0185236909423787,0.0896520323038892,0.0100110067176866,0.0801681404901875,0,0.000427356433093226,0.00124758228217192,0.0100825166437495,0.0128880329434784
0.0440417695143209,0.00168432477701549,1.85450852539757,0.000132886682090565,0.000105522729912508,0.0141613752443567,0.0251687384703588,0.0666403986204874,0.000396491863272631,0.00466271186476265,0.0785191181410892,0.00314243923073006,0.00026601294195798,0.210089799591972,0.00319169213832746,0.00133438360065468,0,0.0284339432218927,0.626668965659285,0.000253936805213386,0.214813399728625,0.000260261716182322,1.133781790511,0.00236206401059115,0.000584335976102585,1.71942427991359,1.95375772746254,0.00917429489658246,0.107080485500839,0.148206499153372,0.000417630613235212,0.0100353787173988,0.00971978684725806,0.387863529437062,0.010877840069483,0.168970007000423,0.0904247893213967,0.1216269141164,0.0919605612846382,0.00411217000622798,0.00180465396130837,0.000892602659959154,0.00839041474664813,0.00139042666221273,0.00126277678500609,0.00459380720184306,0.000638590355003351,5.64343925198078e-05,0.000149431030863571,0.000197110855209946,0.0042873595792871,0.024296141904631,0,0,0,0.000687044134595901,0,4.48341535324276e-05,0,0,8.16329252657297e-05,0.000250690046522552,0.000168531952931541,9.17790914789615e-05,0.00158874439510696,0.00944519392783557,0.000527783421533305,0.00215824167658786,0,0.00136871268464881,0.000815807712800663,0.00863623882725559,0.0041468260889701,0,0.0436140032887328,0.156651683167272,0.00274049192159621,0.000102015578143394,0.0018465653751056,0.000683465609901157,0,6.52260649770916e-05,0.00154268630061486,0.0106435921341721
0.00139085033020242,0,0.00184188978229656,0.000697748489846564,0.000296990280548027,0.0122525526535674,0.0137544968257338,0.0132579793728507,0.000787931934436025,0.0188877546335501,1.50975376090786,0.0166330614233876,0.00350890901877113,0.0619998479410202,0.00198216601789296,0.000194225139446294,0.0284339432218927,0,0.273615266068964,0.00187162969569724,0.00243891821999188,0.000354952215124643,0.00748542828792774,0.00192567917320232,0.00130302844210334,0.389199688388532,0.0672186547122788,0.00483403302895933,0.0320226304439073,0.00852423666550373,0.030631525634907,0.0269967520937741,0.000218856741469526,0.448723281762281,0.00777423514845056,0.16881110274013,0.326671136171294,0.364897622953228,0.0678536678481771,0.00737701803213582,0.000554573216940719,0.00301669471348222,0.00393875002826887,0.000911248960852258,0.000100333887947631,0.00058029109845891,0,7.52782287289379e-05,0.000614896112872958,0,0.000387749453146255,0.000146313632640213,0,0,0,0,0,0.000291581067802387,0,0.00772005759753415,6.7200808587569e-05,0.0143276400386429,9.99789817040919e-05,0,2.64586863169551e-05,0.000111770063315606,0.00311048165989257,0.00377972453346659,0,0,0.0002913205346924,0.000325831600186599,0.000526361774336552,0.00150006015880578,0.0396043746776498,0.0371801774906375,0,0,0,0.0145753450745656,0,0,0.00018170422081356,0.0117489611715637
0.00525371293621483,7.91051634945393e-05,0.0325526565061815,0.000767826132480823,0.000149296736337703,0.0119406325362899,0.0183772788756855,0.0182453332087272,0.00120516988228969,0.0225869149513852,0.447232986207997,0.0184919376324978,0.000546504112211615,0.0859305855465153,0.00209404095672016,0.000185863825611299,0.626668965659285,0.273615266068964,0,0.00221521886701304,0.0147705666549295,0.000287672725191897,0.0735511957227029,0.00277052538264115,0.00070051986354335,0.396306892497174,0.137173943505566,0.00682695296303088,0.0594112050725046,0.0181669071516493,0.00292858333042122,0.0235782238963432,0.000904583939637089,0.843862325257116,0.0158132448890486,0.275514933497932,0.193147902723296,0.322188039046284,0.145048976158117,0.00610887138741245,0.00136299290628788,0.00187385165910906,0.00290874392231482,0.000570360857019735,0.00029664064608641,0.000600528128657446,0.00025124917253685,0.000245701206902898,0.000185434945559097,0,0.000719401088218326,0.00100533193223252,0,0.000153268863390863,0,6.27139826385379e-05,0,0.00151656350094074,0,0.000486880942364949,0.000111079597856322,0.00146927051418574,0,0.000153213666186714,0.000653983463984245,7.56107216621518e-05,0.00197779541414239,0.00233020743762254,0,7.41594804114966e-05,0.000195390269148195,0.00108127940337993,0.000809275270722952,0.00055504672798104,0.0262802719948946,0.0305476643006523,0,0,0,0.00415979139204804,0,0,9.92507262174488e-05,0.0175387710758603
0.000828164961138347,0.000485662431752515,0.00100221447634904,1.29817599387317,0.00363650195249587,0.0305836675028336,0.0096304534919185,0.027826853230084,0.179329867900402,0.207011907811972,0.00545805464370187,0.611516852970256,0.00433158905531457,0.033503426848481,0.0585918899546422,0,0.000253936805213386,0.00187162969569724,0.00221521886701304,0,0.000414225933786485,0.000371375483834511,0.00073961686242741,0.0486797532149017,0.0123574000517415,0.00266679937691265,0.00136972932719945,0.41798259855325,0.0175622230579889,0.00214265301332774,0.000587274492057043,0.00621183191393165,0.000169790115169325,0.0105863248248202,0.00584262720780136,0.0573944607615423,0.00228779949816203,0.0201161636240321,0.00628810324546937,0.0595604047483356,0.00957682079613794,0.00176563510217626,0.0103686128178463,0.00036661538600871,0.00279868606375142,0.00131949587434254,0.0265109794900166,0.00178874317569853,0.00231410667223099,0.000273058732037449,0,0,0.0520330869100905,0.00150427123967097,0.0194738419635635,0.0112726603927994,0.0190506771139795,0.0594368383048558,0.12960552460054,0.000240038085782599,0.0681886536773262,0,0.013644205077152,0.0200063919408555,0,0,0,0,0.0344977540883401,0,0.00156227486251056,0,0.197656986718378,0,0,0.000139517613822168,0.203181075562396,0.000966480907279464,0.000219473579080835,0,0.000202370413187003,0,0.00189607850074163,0.000824753591057019
0.0225592139058205,0.00585746213186341,0.687258687057167,0.000308423957997459,0.00098071590873672,0.0111719197168606,0.591038290337575,0.0517044545563194,0.00748900693823917,0.0052853114348655,0.00342337153792887,0.00174911869178815,0.00510493297041855,0.113894889030252,0.0513086923159019,0.28640117309961,0.214813399728625,0.00243891821999188,0.0147705666549295,0.000414225933786485,0,0.0903920034671294,4.24904870263565,0.11118820666266,0.0227509974833079,0.0466829194316787,0.915775239021488,1.66148220198545,0.0855948343637733,1.71154938707652,0,0.00454352292777286,0.046408953187095,0.959301530966855,0.187989375819109,0.610353858638631,0.0782678421792516,0.904099191575317,0.442131069193127,0.0238323289805422,0.00355794253375042,0.00167799622934074,0.135587546787337,0.00328553344998887,0.0373335948391203,0.0213327871444674,0.0834491229076306,0.00797858436204895,0.00403298472606326,0.00287016108897057,0.000594341799655768,0.00472005115864926,0.000290136222705892,0.00139364035488704,0.001788410240018,0.0466443656549137,0.00970901999050229,0.0330299869236744,0.00132759163040041,0.000755938128334972,0.00174205919713497,0,0.0272092647419901,0.0195205044143113,0.0707661225077703,0.00157774337650654,7.95081170879957e-05,0.000319542387006572,0.000262058726607614,0.102287565136582,0.101336914245447,0.0685061938642112,0.437270728291999,0,0.00237015871641121,0.0436200406445908,0.205138792192465,0.049631440736054,0.193628682230882,0,0.00176456859598209,0.00716313246157937,0.019131032517624,0.0487139630413042
0,0.22492814950296,0.00139440757831482,0.000169064604716003,0.000432985299986773,0.00346886779432199,0.00156128316619672,0.00221977216065936,0.695035115557258,0.000977805302337094,0.00298277559084478,0.00521961605568073,0.0309908532848761,0.00582702723492159,0.00904133200635377,0.587908597513593,0.000260261716182322,0.000354952215124643,0.000287672725191897,0.000371375483834511,0.0903920034671294,0,0.0385720146737042,1.34736691168868,0.191912266624326,0.00315172163400909,0.547729121821201,0.0608386351627909,0.0021521921173784,0.00132449191118009,0.00384698874552821,0.00208154632698118,0.000264973338325923,0.00624996392549074,0.00259948130000739,0.0223209782258025,0.0018421393270361,0.00805536395102403,0.00479317100453935,0.0182587008414337,0.00205808542503879,0.000723118048670747,0.0214348463445469,0.00215186888507148,0.00868128080637528,0.00720274301027556,0.0129282783897576,0.000387641797593409,0.000242872261640811,0,0.00147949070980846,0.0011951194648156,0.00021076309824301,0.000687040139573663,0.000370822894006079,0.00207071327847293,0.000669314658357621,0.0271496829062086,0.000203336273650855,0.000616721574446308,2.38543024904012e-05,0.000655327191773051,0.00203685777347569,0.00445672929661896,0.364286992714804,0.000484057244173306,2.77906329087407e-05,0.000356169856716776,0,0.0331805584880824,0.175209062206741,0.182501672554443,0.134988013859905,0.00134679227151829,0.0017299585754345,0.0808594575275885,0.0256041991571693,0.00219495106484682,0.0102927593862275,0.000218605557535291,0,0.000193696857474816,0.00218302974962895,0.00335668518318168
0.0680802233413993,0.00361514325596623,2.92612437869888,0.000480182459749609,0.00126096971289077,0.0339607976478544,0.454509875762226,0.194643761665234,0.00179523131421521,0.0120842224471996,0.0112292972311662,0.00365546282638223,0.00170499374119302,0.370787908383425,0.0352935987944598,0.301294833442738,1.133781790511,0.00748542828792774,0.0735511957227029,0.00073961686242741,4.24904870263565,0.0385720146737042,0,0.0188122447182428,0.0036131751535654,0.271991441424777,4.19546049083053,0.156080257881881,0.0921978965422449,0.704441923390122,0.000292007608501363,0.0117629486710969,0.0150224839908169,0.994507861509164,0.182525971601754,0.55186236861542,0.275658781635547,1.13180138297422,0.774200664401871,0.0223761564494771,0.00389531560285242,0.00191790307658355,0.053051891725332,0.00444369236114487,0.0186365622706413,0.0217278550953245,0.0376848048922038,0.00117402470746129,0.000658062076913637,0.000690365394273591,0.000809691206079386,0.0154481336000822,6.91529123658417e-05,0.00077874805375953,0.000674099591218567,0.00790172887382931,0.00156881561382267,0.00997771136628918,0.000489291283430999,5.20031262099326e-05,0.000573551304430631,0,0.00482252709103036,0.0061500421405612,0.107740036720233,0.00368864020930333,0,0.000541836519743505,0.000104424525070241,0.10020478466486,0.0615768045051043,0.149402842003139,0.182211603612853,0,0.0090089143592827,0.190403505548024,0.0670943272294185,0.00794752195007816,0.0741454172639525,0,0.000429129024459916,0.0013356302329288,0.0124518714031212,0.0547707177718
0.00145446622823754,0.241675106541245,0.00566688144527522,0.145921111178309,0.0106365564263755,0.0373369203800615,0.31764989858726,0.0397643186980802,1.36955663664665,0.0302783962639983,0.0044443658580561,0.174550494701855,0.0175505512844216,0.0356120304252527,0.221872590566536,0.127812539837657,0.00236206401059115,0.00192567917320232,0.00277052538264115,0.0486797532149017,0.11118820666266,1.34736691168868,0.0188122447182428,0,0.153852513827328,0.00509856585224561,0.330191792905092,0.882932413821715,0.0604673390048592,0.0103810709919777,0.00171963136263878,0.00876421148990331,0.0129951979302461,0.0322871205884122,0.0340371183704287,0.183633517211691,0.0164236740542971,0.0828128219907286,0.0383000245174472,0.146129856380523,0.00823373775861672,0.00313177577709366,0.441166708201152,0.00893895255170039,0.108684004219228,0.0470014995372671,0.237960543262786,0.0477337793189524,0.0172903370945889,0.00209880757425751,0.00568230075254111,0.000324775349255693,0.0255488063946227,0.0048896449431871,0.0564308599296316,0.21277883174333,0.153273766267489,0.447806226932397,0.0979892503826039,0.00518676293471146,0.0429063817603995,0.00015485225956527,0.243304298989977,0.0868618083994546,0.0679624606129332,0.00116040170634358,0.000975503673239563,0.00100126276732479,0.01598606202433,0.0428668113575582,0.113845460912099,0.0493648066711025,1.96209204169345,0.00053553517528719,0.00274394708865327,0.0263703970174321,1.19313357198355,0.0850332242322925,0.088183387793214,0,0.00974895822780858,0.00676875926362297,0.0484447378440562,0.0351182715496395
0.000396338392640025,0.185032445097948,0.000715399727486977,0.00246259206279739,0.00614686522474366,0.036491171046423,0.00916563799846558,0.0199437217181255,0.211116989717952,0.0112647095922107,0.0389522158865309,0.0286725810976856,0.532071524530629,0.0161964396750023,0.0108544106870305,0.0187281452168248,0.000584335976102585,0.00130302844210334,0.00070051986354335,0.0123574000517415,0.0227509974833079,0.191912266624326,0.0036131751535654,0.153852513827328,0,0.049279404705945,1.06740003196951,0.0685493762881553,0.00545533701540992,0.00281584274440963,0.114306234495345,0.0122905356734492,0.0011568310110687,0.0139912700248973,0.00243505381232955,0.0750407488700602,0.00671778957553139,0.0262651944597218,0.00550884711343072,0.296198843788819,0.0129493347722463,0.0345097643998858,0.0708219441524283,0.00921199883533094,0.0149917208327824,0.00884449423150666,0.259681022731582,0.00434603311381435,0.0488252061035266,0.000134378969105774,0.0598415835587029,0.000228743391861939,0.00147647542147048,0.00106953958161044,0.00634994649241839,0.00727711779149636,0.0130192825416498,0.00940116761722252,0.00580520414176834,0.130462537489578,0.00740491871349222,0.295693289367055,0.0149876784077529,0.0185700851356205,0.0101408872629231,0.000928538768419005,0.00469761615370593,0.00691603511178406,0.0010192510880554,0.00388150473478435,0.0126906478711777,0.00539072360974511,0.0372198642886576,0.147053188986291,0.0658768234882048,0.30886996422812,0.0271801461245632,0.00437444422721808,0.0152993730060252,0.0489291795123332,0.00757170039158074,0.00121080666921186,0.0218381318481578,0.00521367188062746
0.00923589492287096,0.00603601017390784,0.594868577548738,0.00102808696316853,0.000952433840729122,0.0186138938843241,0.0553364443206529,0.0306475111644998,0.00311732340112233,0.0291384504347596,0.745193820514338,0.0226539970027886,0.00765577611437925,0.121407274570916,0.00585276192642252,0.000906170126149191,1.71942427991359,0.389199688388532,0.396306892497174,0.00266679937691265,0.0466829194316787,0.00315172163400909,0.271991441424777,0.00509856585224561,0.049279404705945,0,4.09543188572378,0.0239629379151192,0.0694531785687428,0.039225969229378,0.0496026754268617,0.0322560913474817,0.00247153963790855,0.708671285522377,0.0647026833348973,1.19759263988176,0.866767013218697,0.61706275712949,0.418739426552195,0.0122459051713236,0.00330532006202305,0.00877918742383529,0.0487653161918112,0.0401022927688549,0.00843525627243811,0.0250389886539878,0.000732986461992579,0.00103116990947331,0.00208743939457987,0.000100950900598574,0.0728677965784397,0.0694499353376155,0,0.000895338181420293,0.000115795488907707,0.000261128685430771,0.000128578752825463,0.00154114306676968,0,0.0922441854378204,3.27546704418868e-05,0.212311317354945,0.000996314598678939,0.00069688201688696,0.00166558148769076,0.051385763284089,0.0631170431132545,0.109751108309666,0,0.00147708883860141,0.0010653650366651,0.0135260316974672,0.00295488345348186,0.0662339624261147,1.37180650064305,2.85505977299546,0.000684455321059623,6.92437188094378e-05,0.00335851725919392,0.177822894061135,0.000492413689847183,0,0.00924073163657423,0.073384822716856
