0,59.8603727221489,87.9167674183846,14.8643152713776,5.8472213447094,94.9255844056606,3593.44965735078,1979.66776514053,145.530258476734,178.262875258923,118.549398899078,25.3434003591537,110.761413186789,9972.67661845684,16.3842963576317,1.91821438074112,467.116420388222,38.9222786426544,37.5357821285725,9.78939181566238,216.78440824151,12.046229749918,429.614976882935,137.945760309696,23.3563678562641,81.3585311174393,458.404836714268,458.79390540719,9008.13135969639,7018.15769898891,18.2259005606174,152.055888473988,33.961834102869,1149.63968616724,64.119215041399,384.53525814414,43.1622612476349,249.058821618557,60.1520746648312,43.0248613655567,89.9252423346043,49.55155813694,21.0614348053932,0,1.29452133178711,3.24178785085678,1.47517144680023,0.449467927217484,1.39840450882912,0,15.9678290188313,0,0.484771519899368,0,0,22.130085170269,0,10.9077892005444,3.65966695547104,5.92543226480484,0.691523373126984,0.999874621629715,0,0,0,0,0.61031186580658,0,0,0,5.31041216850281,0,11.3328410387039,8.40133026242256,0.447273880243301,7.79022943973541,3.52473443746567,0,0.64389181137085,0,0,0,1.82244598865509,8.61096078157425
59.8603727221489,0,142.046568781137,25.6693055927753,14.8017601966858,59.6274815201759,141.602170050144,130.819267660379,2601.85524085164,36.3208355009556,1812.03124567866,126.838703691959,3262.55740526319,268.540128260851,267.630451977253,279.096471101046,2360.73740386963,473.796150684357,856.399848401546,6.85324859619141,115.172509610653,1435.57655671239,343.22506198287,1349.56448221207,2143.93830171227,676.241063371301,13324.3069816828,185.860498666763,294.307268232107,180.608901321888,330.915908306837,47.162559479475,35.5958216786385,4219.42620882392,430.453278809786,4121.95611721277,1539.58105123043,1725.98589977622,1963.76856207848,86.3700772225857,76.3214396238327,302.021992981434,1063.01543933153,655.065891563892,603.187891364098,531.738713741302,8.44346702098846,6.96549463272095,13.7439215779305,6.62229984998703,1798.45108178258,35.2959063649178,5.97844931483269,0,3.39036709070206,42.5720931589603,5.74378573894501,20.7169468402863,4.36792674660683,281.229893356562,2.76300597190857,168.551681250334,26.2915836274624,4.74661153554916,20.8985181748867,639.579372882843,78.4291368126869,374.75724580884,0,52.4177044332027,3.9451801776886,130.745399683714,44.9909624457359,67.3932880163193,388.787536382675,1059.23394739628,37.7218059301376,24.3603602349758,62.1321082115173,106.562261551619,1.23964035511017,6.86801439523697,163.845056176186,240.824088990688
87.9167674183846,142.046568781137,0,0,0,15.2609278559685,206.006943881512,363.722632884979,24.8130039274693,8.98765727877617,145.507805645466,2.54086482524872,42.2783569395542,310.108090609312,13.1795752048492,85.9385411143303,8216.43208003044,441.874230384827,893.870123773813,0,3380.49910992384,31.9378957748413,28847.863703534,60.4116028547287,28.3644846379757,23652.0280718654,26062.8365303576,936.318470656872,381.481176942587,1146.34023740888,45.0784250497818,6.29751858115196,13.7711584866047,1362.98587445915,63.1056468784809,606.017768770456,149.354477077723,745.159331053495,569.608697623014,16.8580924272537,30.2745977342129,9.1098138988018,197.88828009367,73.5479224026203,105.632214784622,80.8466249704361,0,1.81036460399628,0,0,22.254890024662,0.921664655208588,0,0,0,0,0,3.68480855226517,0,3.60039615631104,0,3.2081892490387,0,0,2.72155857086182,44.3142280578613,2.97514444589615,9.68567830324173,0,1.34965300559998,0,16.4641710817814,4.19919994473457,5.74280771613121,1.89187222719193,22.1422896683216,0,0,2.79853367805481,0,0,0,13.5653714537621,34.5559262931347
14.8643152713776,25.6693055927753,0,0,15.0050161480904,1310.41714482009,533.358444616199,670.817687913775,1264.29649749398,4538.29662457108,16.5232100635767,12127.3733997494,201.294464379549,128.234661504626,260.304879784584,0.70677387714386,0,0,1.67031013965607,22401.4283575863,0.399109154939651,52.1987673342228,2.56169435381889,2408.87715128064,10.2176624983549,0,7.17288339138031,11049.3076595962,81.7257940769196,18.6623509824276,0,82.4570967108011,6.67626464366913,377.681945964694,74.7662805616856,884.96403388679,27.4294636547565,74.075346454978,53.2881260961294,164.908203780651,65.3738553375006,24.3814207911491,43.1643770039082,5.30308213829994,5.26524215936661,2.64409297704697,55.9979247748852,0.335375875234604,9.66064146161079,0,0,1.22965860366821,128.169867426157,4.30145916342735,48.349468767643,28.2222112417221,10.4511914849281,110.893910497427,386.770787328482,0.402832418680191,181.258634120226,4.25747746229172,5.88880822062492,26.1627565026283,0.39659970998764,0,0,0,30.5025483369827,0.428684800863266,1.29363024234772,2.58005023002625,264.071817755699,0,0,0,303.340456217527,0,0.45616140961647,0,0,0,2.81123012304306,4.35525888204575
5.8472213447094,14.8017601966858,0,15.0050161480904,0,4686.90071584284,43.1737861633301,1362.62776336074,244.31656011939,70.8323584496975,2.04118585586548,296.908302366734,58.6826161146164,179.997045516968,8449.82135522366,10.2545720338821,0,0,0,12.9213664829731,2.93242859840393,16.3395618498325,12.4916929602623,63.1104529500008,3.01435330510139,0,9.8518198132515,29.514627456665,20.1429179012775,16.8353800475597,0,301.739978402853,0.660549342632294,1243.55690303445,85.9728457331657,658.434798926115,0,9.33868405222893,19.9920833110809,14496.2102636397,12093.8939622045,10.3414492607117,18.8193736076355,0,0,6.69765549898148,4.16642135381699,0,2.8887405693531,0,0,0,0.952180653810501,0,3.52214479446411,2.07157677412033,0,9.42248821258545,1.91601705551147,0,8.84745824337006,0,0,1.30571937561035,0,0,0,0,0.812136113643646,0,0,2.45052701234818,11.1188644766808,0,0.456301063299179,0,4.71635216474533,0,0,0,0,0,0,76.0931223034859
94.9255844056606,59.6274815201759,15.2609278559685,1310.41714482009,4686.90071584284,0,5368.86117197573,24789.2093196064,2550.97313566506,17359.5848879814,111.582861930132,13055.6322730482,653.886377483606,1044.07197871804,2805.68748553097,7.37252539396286,26.8405663073063,24.4472641050816,7.05985218286514,971.140135809779,46.9462905526161,127.174371391535,57.5520708560944,1525.80793324113,49.4475494772196,30.2082785665989,146.510935008526,2651.17181293666,343.685493841767,337.920874655247,12.9834279716015,1120.22685331106,32.4673883020878,949.931730598211,3681.52802118659,2466.28753811121,87.8618948608637,249.428594708443,155.304547905922,3055.1942165643,395.802511960268,68.6448021233082,103.965342417359,13.7674069702625,1.18557006120682,14.0071834921837,44.5970798134804,3.79286712408066,26.7096176147461,0,4.50383079051971,0,35.2417861521244,1.80212461948395,15.414965480566,57.9962793886662,7.17957350611687,169.819206938148,66.898850440979,4.2888001203537,65.6466645896435,9.91967049241066,2.84968972206116,25.2844232022762,0,0,0.919865667819977,0,11.8600122928619,0,1.34317511320114,1.2135112285614,450.297224387527,2.79866573214531,0,10.3443568646908,67.7514391839504,0,0.554329037666321,1.17024159431458,0,0,1.63022816181183,129.830874025822
3593.44965735078,141.602170050144,206.006943881512,533.358444616199,43.1737861633301,5368.86117197573,0,13449.5604071766,4750.33596977592,23228.8356400132,132.67765596509,555.711366668344,581.991971999407,6691.94065670669,428.9195997715,111.057571798563,466.301046341658,57.7485547065735,61.5680480003357,238.081781923771,742.249905139208,565.445283740759,901.351629018784,12036.4324758947,33.8977607488632,659.286065012217,480.559845864773,80427.0214965641,3140.34082590044,18696.2342315018,12.3659234941006,333.775889515877,315.230180770159,3201.0903159678,716.117699056864,5196.93366760015,189.361843883991,1039.11379435658,501.895571649075,420.299673199654,512.290339320898,95.1120650470257,1077.92224669456,17.9351213872433,164.654280841351,43.6217776536942,85.3697789907455,14.5516270399094,2.62988865375519,4.73397749662399,15.6852838099003,2.24932098388672,103.356033146381,0,272.382143348455,984.173781007528,202.452057480812,357.78648468852,701.42371237278,6.36454355716705,40.1210604310036,1.9234302341938,138.526513785124,20.1708998680115,6.4909442961216,0,0,0.932711362838745,18.9092536568642,55.4372250437737,69.2613195776939,50.8159862160683,1460.42946535349,5.00163522362709,0,3.3440335392952,560.126423120499,69.6834019422531,66.9415610432625,0.537946283817291,0,15.8582078516483,141.230764061213,60.3286907076836
1979.66776514053,130.819267660379,363.722632884979,670.817687913775,1362.62776336074,24789.2093196064,13449.5604071766,0,2763.60674989223,8527.51244479418,349.413631677628,2658.86677052081,937.241887688637,23832.2537413239,374.377689182758,16.2261969149113,1211.46226853132,99.4808069765568,99.629692107439,421.272003129125,661.481888622046,156.126179367304,1373.73112970591,1945.81815224886,94.0501863956451,254.138948559761,1001.04204896092,4506.33856241405,2951.0252507031,6828.12660785019,59.1747923195362,5234.32323023677,180.751143157482,3592.29559031129,390.103574544191,4505.1463367641,198.776235371828,1098.36909741163,363.167524039745,609.335027545691,792.72631379962,200.149775594473,155.041112422943,9.80410644412041,4.48609036207199,7.3340665102005,11.1468916088343,0.42729651927948,7.80613899230957,0,24.4465008676052,0,23.0065309405327,0,0.640852689743042,313.042471200228,0,224.484797403216,70.8613884449005,29.580461114645,13.6005478799343,31.2381080985069,3.38374841213226,6.98397675156593,1.25654554367065,0,5.90092423558235,3.56757110357285,0.678407192230225,1.64134967327118,20.3251062333584,1.20374286174774,640.8508259058,26.5930927395821,8.37512478232384,49.4645977914333,48.2030901312828,0.74627274274826,1.74037218093872,7.0944387614727,0.972556829452515,0,6.31536653637886,52.1890386641026
145.530258476734,2601.85524085164,24.8130039274693,1264.29649749398,244.31656011939,2550.97313566506,4750.33596977592,2763.60674989223,0,3785.14453648031,703.310456424952,3203.32913176715,2297.01436504722,778.315878286958,3245.16659474373,61.1799117326736,550.299317896366,203.983957648277,290.084722548723,319.960472375154,57.3720237612724,9658.82311749458,95.0567223131657,22728.0915538967,535.882985949516,173.459618091583,2615.31613454223,5553.44298553467,2516.99628540874,503.418739318848,89.6312381327152,330.962349206209,639.756191074848,3868.38227623701,5515.97911322117,16188.976393044,826.860672801733,1161.53626544774,781.402919083834,2747.80776184797,779.984504342079,170.337978422642,8486.9407466948,242.209660053253,1148.59622585773,577.096516549587,686.934236317873,330.409408032894,97.0536120533943,47.015264570713,266.131214171648,93.4500063061714,404.373889565468,23.8060521781445,282.561396241188,804.688374072313,408.440325319767,1685.47574028373,753.67824575305,114.836876928806,743.028063327074,106.657283395529,561.178326636553,219.304924368858,73.8208050131798,31.2397790551186,28.6776090860367,27.2548303306103,183.490677326918,139.620006382465,1031.38825595379,218.630851924419,5247.81120672822,93.0269555151463,31.3618769943714,148.578523606062,1272.53561681509,645.79165288806,327.681711286306,4.39112365245819,73.6192992329597,135.446605443954,1378.65784582496,1693.80788177252
178.262875258923,36.3208355009556,8.98765727877617,4538.29662457108,70.8323584496975,17359.5848879814,23228.8356400132,8527.51244479418,3785.14453648031,0,195.132108747959,6893.63637913764,1159.23059588671,1553.12191955745,522.399640411139,12.1883750259876,23.9444371461868,50.8229546248913,17.8200936019421,6266.95023162663,42.2299984395504,65.5597818791866,41.7007222175598,2916.15512655675,65.0025995075703,25.3040708601475,105.989092111588,23489.4971166402,703.838884159923,309.827332645655,7.41425424814224,547.904835492373,18.6212761998177,2477.80988647044,1039.25163376331,7692.34944410622,206.611176654696,455.71597546339,261.031203463674,643.156089812517,584.867398172617,179.997668609023,350.267632216215,15.2812123298645,1.70362904667854,14.4013124108315,137.485472142696,0.630190134048462,27.6192926168442,1.33675670623779,3.6208216547966,0,194.133054316044,10.2149451375008,76.2517074644566,229.310332626104,43.2603443562984,353.097771495581,645.562871128321,4.46900990605354,146.113497138023,11.2513829171658,9.65948468446732,61.7224385142326,0.392025381326675,0,0,0,63.3160400092602,0,12.9382410645485,1.308145403862,1507.179333359,10.2281001806259,1.8569723367691,5.45660710334778,604.87589392066,2.93055754899979,1.60585030913353,0,0,0,1.37499296665192,63.743190407753
118.549398899078,1812.03124567866,145.507805645466,16.5232100635767,2.04118585586548,111.582861930132,132.67765596509,349.413631677628,703.310456424952,195.132108747959,0,115.958578318357,19947.4725464582,715.383826166391,18.2715512216091,69.8988592922688,2090.56454464793,14412.6349208355,2069.83507478237,16.4559065401554,186.717488467693,419.582646220922,474.639768645167,165.843902856112,5533.35595184565,9849.61975182593,9305.00928890705,122.662386015058,612.093223631382,249.597879320383,4944.54553878307,304.75066190958,7.24031031131744,11485.2762934566,148.331757426262,1260.7833545506,4348.03889667988,2555.68035772443,1631.39268645644,44.9106249511242,35.8446165919304,2047.99144032598,338.300448924303,829.942608237267,952.501034736633,382.420365989208,7.32608982920647,28.3154881298542,95.2548440694809,3.58197051286697,187.913920849562,10.1614404916763,1.81084132194519,1.44882071018219,4.14710775017738,2.75570070743561,8.27299439907074,15.2545359134674,4.521569699049,7871.8812482655,9.00523066520691,6968.02108198404,52.5937879681587,0,2.73830735683441,77.8490475416183,1297.16844961047,336.383784085512,0,1.68843114376068,10.252078473568,4.70106571912766,7.16217201948166,1658.85349217057,2257.9799669385,3603.19675457478,3.22042348980904,134.174631357193,3.02202168107033,3175.57618513703,71.1210779845715,1.38605159521103,550.580077677965,85.2660166025162
25.3434003591537,126.838703691959,2.54086482524872,12127.3733997494,296.908302366734,13055.6322730482,555.711366668344,2658.86677052081,3203.32913176715,6893.63637913764,115.958578318357,0,743.156907424331,576.071146786213,4799.64948606491,10.5812388062477,5.44580274820328,21.4712117016315,6.89766496419907,14206.5463674664,8.15219977498055,213.136290699244,16.4978365600109,5988.72919248044,61.4195800572634,15.0912462621927,80.4962811470032,3893.64259964228,224.773618668318,36.0747366249561,3.4738627076149,434.477600589395,9.97061115503311,1115.59732116759,21724.2720223665,1925.08020485938,86.4866205155849,264.015982359648,173.149107098579,1187.65442349017,252.35467363894,68.8021696805954,145.80907446146,28.2867209017277,5.33834931254387,38.7020850777626,89.4149310290813,9.99176082015038,30.7481381297112,0,1.70482933521271,0,275.224421322346,6.03453809022903,77.6601464450359,13.1115583777428,24.7555589973927,122.31201428175,145.187735795975,7.96657755970955,1011.34677058458,12.4832717478275,9.28256964683533,45.8089374899864,0.839979350566864,0,3.98074698448181,0.822172939777374,311.830191105604,0.557759463787079,4.62907147407532,7.79631775617599,231.57990822196,4.73640224337578,2.71361309289932,6.46917945146561,133.672297298908,3.54343655705452,1.48513761162758,0,0,0,9.2283743917942,2714.10203465819
110.761413186789,3262.55740526319,42.2783569395542,201.294464379549,58.6826161146164,653.886377483606,581.991971999407,937.241887688637,2297.01436504722,1159.23059588671,19947.4725464582,743.156907424331,0,769.935279041529,370.804238706827,318.873034715652,60.2694553434849,267.602563977242,33.3732445836067,110.253795385361,256.567714035511,820.738484054804,468.990375101566,1017.57662922144,16618.2058360279,351.526948302984,4774.81062671542,761.075610294938,784.169911563396,414.069413363934,2307.23219594359,752.472047179937,85.6003254950047,3744.05934005976,552.899113804102,6314.01635214686,4311.89498126507,5615.64359104633,4986.7551176846,2504.8509734571,1524.40825116634,3258.1187722981,476.584770649672,470.488168030977,482.462400138378,221.123673468828,518.108856320381,73.5766987800598,206.768203824759,3.66579335927963,94.3168456852436,6.58179423213005,48.7816670536995,16.1645399928093,86.7896228134632,19.1728183329105,98.1357411146164,122.626141250134,148.593435436487,8897.13549032807,187.886333137751,5766.1986503005,104.104902952909,63.7763063311577,79.4750330448151,45.243564248085,311.318581730127,77.9564490914345,22.5335197746754,15.3274611234665,40.0748245716095,36.3433754444122,229.010794818401,1364.47774404287,840.266262680292,1361.23492506146,138.168080925941,115.959472328424,3.47499370574951,1688.77842012048,91.5682118237019,0.769834220409393,470.694464117289,185.691947370768
9972.67661845684,268.540128260851,310.108090609312,128.234661504626,179.997045516968,1044.07197871804,6691.94065670669,23832.2537413239,778.315878286958,1553.12191955745,715.383826166391,576.071146786213,769.935279041529,0,108.217859476805,32.0786857903004,1348.21491256356,262.01298007369,157.920626938343,105.697223871946,712.320860207081,67.8217262029648,1234.52851450443,550.016960084438,185.80450540781,398.82492877543,2033.96323412657,1522.09705190361,25347.2227035165,11060.252938956,137.358692139387,1846.29294866323,108.2502643466,4661.53729841113,270.944279074669,1842.0242420435,247.210408657789,981.450254797935,300.205944538116,275.907152235508,397.985076278448,190.513132631779,82.64388859272,111.29048421979,81.1373123824596,34.9056938886642,0.524745941162109,0,1.42010587453842,0,59.6707736253738,0,4.27692604064941,0,0,112.510903149843,0,41.3170780837536,29.051585495472,43.6502074301243,7.62700110673904,30.1570026874542,0,0.517709612846375,3.95194673538208,13.7210963368416,67.0603626668453,67.4072112441063,0,0,9.67583858966827,0,126.206022828817,63.6852584481239,58.8822735846043,323.882247895002,29.7316037714481,2.51667267084122,0.509268581867218,20.3958907425404,1.43386268615723,0,19.7252064943314,53.0333505570889
16.3842963576317,267.630451977253,13.1795752048492,260.304879784584,8449.82135522366,2805.68748553097,428.9195997715,374.377689182758,3245.16659474373,522.399640411139,18.2715512216091,4799.64948606491,370.804238706827,108.217859476805,0,468.262553215027,41.6408192813396,6.61530444025993,8.97808375954628,92.9375081062317,297.945476233959,689.331208050251,533.055678099394,1477.34125253558,42.9702900648117,7.85230404138565,446.212134838104,815.276769965887,295.563159048557,170.405353486538,3.02735376358032,77.6745491623878,56.812747657299,313.618122637272,11610.3065175712,520.992985486984,49.5277718305588,123.83036249876,200.86417683959,11342.410544306,72.0825344920158,17.4572804868221,136.211437821388,75.5305828154087,23.6958881020546,174.223118245602,63.0486757457256,8.80661949515343,14.9575901031494,0.736295700073242,10.9450989961624,1.5675128698349,31.1923815011978,5.21025198698044,30.6238785386086,23.604334205389,9.18936568498611,108.015143096447,73.1189328730106,2.09728080034256,82.4255256950855,8.62751722335815,7.21466773748398,34.5987537205219,99.6373085975647,0,1.48771464824677,2.67196020483971,24.0704969465733,16.6377269029617,58.3636281490326,35.5225955247879,278.042693287134,2.07077372074127,0.93575781583786,61.3090406358242,85.9214620292187,8.22084417939186,10.1814506053925,1.47870588302612,0.826204836368561,1.90489101409912,15.4550345540047,1906.28226563334
1.91821438074112,279.096471101046,85.9385411143303,0.70677387714386,10.2545720338821,7.37252539396286,111.057571798563,16.2261969149113,61.1799117326736,12.1883750259876,69.8988592922688,10.5812388062477,318.873034715652,32.0786857903004,468.262553215027,0,233.21557700634,26.3785244524479,22.3503711521626,1.51923274993896,15349.2526806295,3344.4763789773,7172.37004318833,8335.93939346075,18.4202515780926,85.125909268856,13674.3112945259,3482.178642869,45.5142558813095,590.872989088297,5.97507220506668,18.7787539958954,5.69018816947937,1636.12736171484,2904.45267981291,10436.6031558216,1003.72310131788,3129.64154142141,3573.54259520769,83.9360001087189,237.91246086359,36.9545205831528,1806.54427319765,347.934186786413,267.670165210962,431.762336313725,16.2034224271774,14.3518409132957,14.0943704247475,0,26.9442216455936,0,1.64471483230591,0,1.88564765453339,8.56349205970764,0,10.6546151041985,1.12041741609573,4.73274272680283,7.13974148035049,2.65890544652939,1.87308919429779,7.82619243860245,311.60621035099,12.1796182394028,0.569280028343201,2.55332267284393,0,18.4462944567204,38.9090656042099,32.300471663475,81.1375442445278,6.62808445096016,2.30413603782654,25.0065659582615,20.4150365591049,4.27696549892426,5.13435035943985,0,0,0,42.1139961779118,979.906646311283
467.116420388222,2360.73740386963,8216.43208003044,0,0,26.8405663073063,466.301046341658,1211.46226853132,550.299317896366,23.9444371461868,2090.56454464793,5.44580274820328,60.2694553434849,1348.21491256356,41.6408192813396,233.21557700634,0,2615.6446788013,12080.1895003915,0.857701003551483,3781.40526252985,266.210010498762,11433.831366241,385.426222741604,92.8249483406544,13520.871204868,35501.1433266997,1589.20038855076,2735.52705267072,4511.0861337781,121.798338830471,11.5100189745426,42.7220377027988,7642.06492774189,50.3841347694397,951.030170172453,182.292611241341,643.956567525864,475.759238779545,41.9041734933853,68.6783312559128,8.03254669904709,2227.65826129913,1434.36080774665,1245.21880054474,981.006038278341,4.65394419431686,7.52845013141632,7.53399530053139,0,529.203514933586,10.8988192975521,0,0,0,0,0,8.32328432798386,0,5.97119355201721,0.295277267694473,7.44732198119164,0.440980345010757,0,4.73801600933075,983.143587827682,75.754956394434,342.540145754814,0,4.68939453363419,6.81512632966042,106.789865076542,17.7249024510384,28.7085934877396,191.985717594624,619.153387397528,0.582477450370789,2.90718871355057,4.15013343095779,8.82533478736877,0,0,163.131576180458,1.51542222499847
38.9222786426544,473.796150684357,441.874230384827,0,0,24.4472641050816,57.7485547065735,99.4808069765568,203.983957648277,50.8229546248913,14412.6349208355,21.4712117016315,267.602563977242,262.01298007369,6.61530444025993,26.3785244524479,2615.6446788013,0,10813.8220913112,1.65135753154755,105.037308067083,107.089773267508,309.889578402042,47.2147822082043,1250.95088770986,17197.7799253166,9084.65013317764,49.0114204585552,251.196495741606,93.8864327669144,1188.65209594369,77.9548452496529,2.12147283554077,2693.45513051748,46.5917766094208,531.226999342442,362.869619548321,473.899818331003,558.752442419529,5.48044547438622,4.76644930243492,9.70692878961563,443.379122972488,749.040532499552,810.382698208094,596.01086589694,4.26255470514297,19.7524026334286,19.3415542542934,0.93682599067688,102.507503807545,5.76971554756165,0.850383162498474,1.32268333435059,0.532093346118927,0,3.78697091341019,2.73593354225159,0,273.301383495331,0,425.862334787846,24.5383716523647,4.46639657020569,0,40.5240893363953,974.181893259287,405.446232676506,0,3.86654555797577,0.831929922103882,19.8606525063515,0,824.474669158459,1179.85472634435,3021.2559350431,0,38.4588978886604,0.34510064125061,642.472444474697,16.4473024904728,0.861802518367767,130.64483499527,49.6871954798698
37.5357821285725,856.399848401546,893.870123773813,1.67031013965607,0,7.05985218286514,61.5680480003357,99.629692107439,290.084722548723,17.8200936019421,2069.83507478237,6.89766496419907,33.3732445836067,157.920626938343,8.97808375954628,22.3503711521626,12080.1895003915,10813.8220913112,0,0.57293176651001,196.589687854052,107.260897010565,697.815868109465,63.9902589023113,243.058574348688,17559.1405151933,12290.0883139968,102.959736555815,218.449355900288,219.067987382412,177.661253601313,12.9265905022621,5.35036811232567,1912.81363543868,19.2483457922935,164.491299837828,98.7408004105091,170.493099421263,161.511155128479,3.40539655089378,9.12750607728958,6.03255447745323,398.002968728542,495.572763592005,527.936234533787,417.323468446732,0,16.6116926670074,15.1380898952484,0.996600240468979,237.754935055971,4.35295251011848,0,0,0,0,3.67860442399979,1.70527696609497,0,18.5810783207417,0,30.1798661649227,10.155726224184,0.758190512657166,0,130.820228338242,192.479643523693,385.343100011349,0,6.26646602153778,4.97260940074921,22.9946832358837,0.998472452163696,153.709382802248,173.177481889725,1393.21099433303,0,13.6392199099064,2.19127863645554,32.7788354158401,7.71462339162827,0,130.132095485926,14.0100207924843
9.78939181566238,6.85324859619141,0,22401.4283575863,12.9213664829731,971.140135809779,238.081781923771,421.272003129125,319.960472375154,6266.95023162663,16.4559065401554,14206.5463674664,110.253795385361,105.697223871946,92.9375081062317,1.51923274993896,0.857701003551483,1.65135753154755,0.57293176651001,0,0.579750180244446,21.4774094521999,3.53052771091461,588.932928413153,6.57923260331154,0.673707336187363,2.27765184640884,5891.33543355763,50.0684153884649,13.0390027761459,0,56.2059612870216,0.300280749797821,239.360210806131,48.9372439980507,641.477682650089,15.6309014707804,35.5398223698139,26.8772556185722,89.370477989316,65.6787397712469,19.9481844007969,19.7114254832268,2.16768458485603,0,1.47544932365417,13.5370164811611,0,2.98036938905716,0,1.97536170482635,0,103.990482419729,0,5.99117997288704,2.62520602345467,3.08115363121033,29.4634238779545,165.334476739168,0,108.22479146719,2.55817055702209,2.06248807907104,1.91932761669159,0.398759186267853,0,0,0,5.11967688798904,0,0,0,59.0509780347347,0,0,0,35.2368977665901,0,0,0,0,0,0,2.01138210296631
216.78440824151,115.172509610653,3380.49910992384,0.399109154939651,2.93242859840393,46.9462905526161,742.249905139208,661.481888622046,57.3720237612724,42.2299984395504,186.717488467693,8.15219977498055,256.567714035511,712.320860207081,297.945476233959,15349.2526806295,3781.40526252985,105.037308067083,196.589687854052,0.579750180244446,0,325.396396815777,54818.9472029805,3636.23998269439,24.0194802880287,896.778229281306,6074.32898905873,17644.0368192196,1006.51369649172,33878.8904926479,13.5085892081261,47.4810136854649,59.2426455616951,14317.1581210643,1119.88421171904,2439.65463453531,176.316745102406,5757.43578913808,2430.27814608812,87.9598304629326,278.383634746075,32.0959610044956,566.551772117615,127.757698953152,133.503354460001,128.570774167776,2.35160964727402,2.19597411155701,0,0,27.6751821637154,0,0,0,0,1.001609146595,0,13.2862738370895,0,4.64574334025383,2.56778609752655,2.50683680176735,0,2.51405930519104,85.8170885443687,11.0080815255642,0,5.53931164741516,0,0.637163281440735,14.8102645576,14.7713118195534,45.5062704384327,5.94194319844246,2.02141392230988,22.1650531589985,4.13659530878067,0.750074207782745,4.26313769817352,1.50262320041656,0,0,12.1943471729755,295.412199944258
12.046229749918,1435.57655671239,31.9378957748413,52.1987673342228,16.3395618498325,127.174371391535,565.445283740759,156.126179367304,9658.82311749458,65.5597818791866,419.582646220922,213.136290699244,820.738484054804,67.8217262029648,689.331208050251,3344.4763789773,266.210010498762,107.089773267508,107.260897010565,21.4774094521999,325.396396815777,0,301.793915599585,13744.233850196,250.944320350885,122.784462809563,2564.14316511154,1452.36475560069,354.386047482491,525.371619343758,43.8120784461498,23.545869320631,148.34675359726,1647.2043389529,1573.11806446314,8998.30282324553,959.550789564848,1189.84618487954,1047.97291964293,206.148780465126,192.627797812223,71.9832406640053,4871.84867590666,521.160318911076,711.884027034044,635.366962999105,151.702043116093,58.9729243516922,12.6218308210373,3.5583211183548,151.362585812807,4.54607602953911,50.5733545124531,4.1412501335144,26.1488967835903,218.068820178509,21.4932251870632,869.281371891499,57.2428529262543,69.0355280935764,29.747710943222,34.9772946238518,40.1863531172276,30.4380723834038,987.716763406992,69.5888394117355,13.487184882164,21.8190003931522,6.77737459540367,86.9094029963017,963.401335984468,110.139732718468,1130.8527340889,49.2077759504318,26.0598115026951,146.218571722507,202.352423012257,61.605720281601,94.5094768106937,9.13564124703407,7.68799048662186,24.4072746634483,333.661719292402,1128.16592776775
429.614976882935,343.22506198287,28847.863703534,2.56169435381889,12.4916929602623,57.5520708560944,901.351629018784,1373.73112970591,95.0567223131657,41.7007222175598,474.639768645167,16.4978365600109,468.990375101566,1234.52851450443,533.055678099394,7172.37004318833,11433.831366241,309.889578402042,697.815868109465,3.53052771091461,54818.9472029805,301.793915599585,0,2450.61540070176,85.9414911270142,3862.92068007588,37086.9039138556,12723.7401813269,1790.6180832386,11216.9531642497,65.6198326349258,60.1243443787098,53.1844279766083,16953.2621209919,2491.70283475518,6081.81262490153,620.77996173501,9658.75255969167,5937.15295132995,106.584446340799,443.044531017542,58.5905805230141,2245.32122918963,577.66981998086,1135.42557838559,873.061522006989,2.60469120740891,8.74148654937744,11.0921754837036,0,71.4100303351879,0,0.936586499214172,0,2.52875518798828,3.20124709606171,0,9.41865172982216,0,21.6478086411953,0,11.0404621660709,0,5.79962468147278,162.2216989398,147.464561849833,2.32213145494461,13.5568273365498,0,25.4145551323891,11.7293565273285,170.427624374628,28.7285532951355,22.0429868996143,19.09212911129,93.7058747708797,4.84428757429123,0.756344735622406,5.71340668201447,1.64420330524445,0,0,89.7262397706509,779.600758612156
137.945760309696,1349.56448221207,60.4116028547287,2408.87715128064,63.1104529500008,1525.80793324113,12036.4324758947,1945.81815224886,22728.0915538967,2916.15512655675,165.843902856112,5988.72919248044,1017.57662922144,550.016960084438,1477.34125253558,8335.93939346075,385.426222741604,47.2147822082043,63.9902589023113,588.932928413153,3636.23998269439,13744.233850196,2450.61540070176,0,137.0118445158,64.0448786020279,3548.20079123974,32509.8659020513,1218.00844296813,2386.49485397339,14.8703963905573,166.292756646872,310.27995762229,4123.02754953504,1740.24189499021,9274.1085472852,468.292349666357,1955.2374881357,1263.7036459893,510.668267652392,532.343309000134,87.3768358528614,6942.35985043645,427.703266620636,887.440044105053,566.301077157259,472.833908259869,177.922279685736,34.4757299721241,27.8909507989883,72.3148175179958,32.4061805307865,620.756358712912,11.9248731732368,367.695046722889,572.939659029245,309.280626267195,794.635504901409,1070.93803754449,7.04321232438087,270.147480100393,18.6532521545887,246.513521909714,137.154362231493,502.776440501213,22.0334085822105,0,0.760799050331116,180.039906203747,119.467769056559,431.712715119123,182.349843919277,4477.67870143056,16.8358346819878,3.37149757146835,44.3673043847084,1382.33148577809,328.076326966286,174.089068025351,0,11.3931183815002,68.9265597462654,784.662064492702,707.193252801895
23.3563678562641,2143.93830171227,28.3644846379757,10.2176624983549,3.01435330510139,49.4475494772196,33.8977607488632,94.0501863956451,535.882985949516,65.0025995075703,5533.35595184565,61.4195800572634,16618.2058360279,185.80450540781,42.9702900648117,18.4202515780926,92.8249483406544,1250.95088770986,243.058574348688,6.57923260331154,24.0194802880287,250.944320350885,85.9414911270142,137.0118445158,0,1046.59680631757,9435.68746002018,44.0103753507137,134.362294465303,31.6652685701847,1231.43679440022,87.0791840553284,3.38699266314507,1599.46325334907,48.604689180851,470.731916129589,431.596083343029,1174.26931107044,466.51995074749,114.283870130777,20.7289651632309,1100.29843226075,56.2541553378105,92.4015295505524,183.58553442359,59.7778551876545,20.2075212597847,9.84236353635788,20.1181116104126,0,279.97326695919,2.78467473387718,2.75302425026894,0,6.4878277182579,3.60240286588669,6.43243825435638,20.7190212607384,6.71181878447533,1974.18470582366,14.772648781538,1872.18244624138,14.3536810576916,2.60524570941925,1.44027745723724,6.35833847522736,152.548339545727,57.5437327027321,0.529186725616455,6.87809658050537,5.4396145939827,7.61974215507507,20.0112127363682,1477.2179479897,325.996174424887,1127.36092635989,11.2929130196571,25.5346074104309,1.02114674448967,472.093109548092,21.087184548378,1.26001346111298,118.171685218811,23.7839805483818
81.3585311174393,676.241063371301,23652.0280718654,0,0,30.2082785665989,659.286065012217,254.138948559761,173.459618091583,25.3040708601475,9849.61975182593,15.0912462621927,351.526948302984,398.82492877543,7.85230404138565,85.125909268856,13520.871204868,17197.7799253166,17559.1405151933,0.673707336187363,896.778229281306,122.784462809563,3862.92068007588,64.0448786020279,1046.59680631757,0,73477.304065153,262.426038354635,347.373904064298,459.092121019959,2061.62481407821,102.799724906683,5.19989946484566,3824.94383434951,67.4085400104523,896.924442201853,541.872488245368,1009.8201829344,820.839458018541,6.26785165071487,17.3242255747318,19.5207489430904,347.342754364014,428.146638840437,411.662105500698,299.50402033329,0,8.64994069933891,15.2465211749077,0,111.867499649525,1.78367960453033,0,0,0,0,1.68917575478554,0,0,335.475750356913,0,586.905473977327,6.73998230695724,0,1.7585597038269,52.5823582708836,669.471692025661,197.974185407162,0,3.09527251124382,3.62969574332237,4.95508396625519,0.614939153194427,578.94535562396,1347.89310216904,2064.97098383307,0,20.0395931601524,0,787.965245842934,8.41442567110062,1.9499197602272,76.3550771474838,29.8242266476154
458.404836714268,13324.3069816828,26062.8365303576,7.17288339138031,9.8518198132515,146.510935008526,480.559845864773,1001.04204896092,2615.31613454223,105.989092111588,9305.00928890705,80.4962811470032,4774.81062671542,2033.96323412657,446.212134838104,13674.3112945259,35501.1433266997,9084.65013317764,12290.0883139968,2.27765184640884,6074.32898905873,2564.14316511154,37086.9039138556,3548.20079123974,9435.68746002018,73477.304065153,0,3469.94017103314,2188.85779851675,2144.30782300234,6509.87184968591,340.910387694836,48.6684440970421,32216.3961071372,3915.01119250059,27180.9420105219,8659.77603107691,14312.1708608717,16117.7804288268,218.111012339592,509.552967101336,202.799337476492,6040.21334224939,4164.242259413,3647.44868296385,3159.99045491219,46.5358806848526,61.8583670854568,86.4823918044567,11.5475479364395,2431.05287241936,92.2340455949306,2.3339978158474,0,2.29692399501801,20.0723757743835,13.1652155518532,39.9321373701096,1.79184114933014,918.154641449451,9.2132556438446,936.996737480164,71.4032548666,19.0133450031281,174.766066133976,2265.23804602027,849.77632406354,1831.76639044285,0,69.0991055369377,52.9836124777794,431.160069733858,90.2051064074039,1003.28866291046,1718.49674162269,5061.80586391687,52.0310190021992,52.0963720977306,48.6853378713131,1067.31578692794,25.2232205867767,5.05759680271149,655.014682412148,2135.32084834576
458.79390540719,185.860498666763,936.318470656872,11049.3076595962,29.514627456665,2651.17181293666,80427.0214965641,4506.33856241405,5553.44298553467,23489.4971166402,122.662386015058,3893.64259964228,761.075610294938,1522.09705190361,815.276769965887,3482.178642869,1589.20038855076,49.0114204585552,102.959736555815,5891.33543355763,17644.0368192196,1452.36475560069,12723.7401813269,32509.8659020513,44.0103753507137,262.426038354635,3469.94017103314,0,2131.67941951752,34280.6742790937,5.38142123818398,223.021026745439,835.452894121408,6884.71848845482,1764.8939576745,9456.26044611633,431.998476147652,3644.75477683544,1927.95592500269,515.304650440812,723.034112244844,87.7426469922066,2093.19895648956,130.427697300911,233.881396591663,184.280220478773,153.238513439894,33.364822268486,7.11483073234558,6.43640607595444,23.0426959097385,5.82401323318481,162.55240380764,7.88977628946304,108.765794873238,671.326504707336,69.5164750218391,439.500868827105,603.010663956404,0.523213922977448,141.621054649353,4.01550394296646,77.6992769241333,36.8789089918137,124.394382476807,4.62467896938324,0,0,38.2540379166603,50.2152638733387,91.0871850550175,56.4057451784611,1599.20716282725,10.3446519672871,0,6.77624866366386,651.713785797358,98.2652817368507,41.0100087821484,0,0,38.2157742083073,180.430002748966,236.680535376072
9008.13135969639,294.307268232107,381.481176942587,81.7257940769196,20.1429179012775,343.685493841767,3140.34082590044,2951.0252507031,2516.99628540874,703.838884159923,612.093223631382,224.773618668318,784.169911563396,25347.2227035165,295.563159048557,45.5142558813095,2735.52705267072,251.196495741606,218.449355900288,50.0684153884649,1006.51369649172,354.386047482491,1790.6180832386,1218.00844296813,134.362294465303,347.373904064298,2188.85779851675,2131.67941951752,0,18809.893694818,108.650318801403,1012.98309907317,8912.58332297206,12554.4926212728,1057.30400153995,2304.60478276014,195.137790799141,1810.11830052733,552.642278343439,261.543470442295,655.582717984915,136.228428691626,472.011168181896,99.1385631859303,96.4103735387325,52.5776170492172,16.4952485263348,2.6409740447998,5.04735940694809,9.2500564455986,68.1479524374008,1.11222279071808,16.9085717797279,0,6.52988260984421,454.600273430347,8.86099582910538,184.56326431036,68.6681812405586,30.3116103708744,4.93871209025383,24.0339929163456,16.2371136844158,1.91233390569687,2.92113715410233,8.58363521099091,40.7787245512009,47.388637304306,0.3629130423069,16.9183428287506,54.8845046162605,16.6712731420994,714.58233627677,50.5491604208946,52.2730237841606,245.703381150961,141.193350821733,31.4222584366798,62.7507550120354,16.693501919508,0.445833474397659,15.6781926751137,90.2460554540157,208.160082012415
7018.15769898891,180.608901321888,1146.34023740888,18.6623509824276,16.8353800475597,337.920874655247,18696.2342315018,6828.12660785019,503.418739318848,309.827332645655,249.597879320383,36.0747366249561,414.069413363934,11060.252938956,170.405353486538,590.872989088297,4511.0861337781,93.8864327669144,219.067987382412,13.0390027761459,33878.8904926479,525.371619343758,11216.9531642497,2386.49485397339,31.6652685701847,459.092121019959,2144.30782300234,34280.6742790937,18809.893694818,0,13.31066223979,336.808840543032,648.351849108934,10163.8603199273,547.674658089876,2419.35643333197,158.681663393974,1840.78168299794,533.055632859468,171.773060262203,366.363044440746,91.3708712458611,964.155706107616,43.0713277757168,199.348248243332,123.515093624592,29.7093333005905,11.3674001693726,0,0,18.2524341642857,0,3.0639556646347,2.29263055324554,2.67013764381409,43.6854878664017,0,57.7473396062851,3.68082389235497,3.33522912859917,4.7869558930397,2.81917917728424,2.12800455093384,3.66779527068138,31.681123226881,0.49692577123642,0,0,0,5.85448223352432,52.0548284351826,2.57304507493973,317.417221218348,9.8169929087162,1.18135726451874,13.6781305670738,46.7399136126041,9.57564103603363,28.630684107542,0,0,1.85334384441376,151.651775449514,81.6714231967926
18.2259005606174,330.915908306837,45.0784250497818,0,0,12.9834279716015,12.3659234941006,59.1747923195362,89.6312381327152,7.41425424814224,4944.54553878307,3.4738627076149,2307.23219594359,137.358692139387,3.02735376358032,5.97507220506668,121.798338830471,1188.65209594369,177.661253601313,0,13.5085892081261,43.8120784461498,65.6198326349258,14.8703963905573,1231.43679440022,2061.62481407821,6509.87184968591,5.38142123818398,108.650318801403,13.31066223979,0,61.1972485780716,0.970871150493622,945.660996317863,18.9069977998734,275.781126528978,248.023369520903,477.468587040901,260.427264332771,4.44089379906654,3.8186422586441,7.0428095459938,71.9048535525799,151.754671305418,152.437931060791,58.1158024966717,0,7.38695585727692,11.2726293802261,0.855952233076096,23.1690061688423,2.22041571140289,0,0,0.413421154022217,1.40212738513947,4.06912842392921,0.766232490539551,0.398312449455261,756.698827147484,0,857.417747169733,12.8442865908146,0,0,5.8469557762146,334.622507482767,41.5039541125298,0,1.45970204472542,3.47500675916672,4.00381207466125,0,385.833770990372,937.357269823551,1191.83370238543,0,16.0000867545605,1.88666263222694,981.357166200876,4.40250840783119,0,53.6023022830486,14.9324964880943
