0,0,76.1680356562138,1.84027668833733,0.504260420799255,44.4323379099369,9850.54803425074,1069.69357594848,1.30977749824524,161.719574600458,19.4553191661835,14.4350989460945,10.320029437542,7093.25233951211,0,3.85769256949425,390.656350821257,27.0034452080727,326.059864521027,6.07688155770302,332.988903701305,0.581853032112122,1781.81606268883,11.2307507395744,0,377.614566206932,74.1535327732563,136.847660452127,3921.08065328002,5592.58968704939,0,4.52615612745285,29.3270017206669,246.033805608749,12.6361893117428,81.9354402124882,17.8842716217041,134.531033068895,45.3298284709454,26.724317908287,1.35875254869461,0.444240748882294,1.9736499786377,0,5.91731661558151,1.23881506919861,0.706397294998169,0,0,0,0,0.661709427833557,0,1.24072659015656,0,0,0,7.90712356567383,0,5.03469014167786,0,1.0984902381897,0,0,0,0,0,0,0,0,0,1.24112331867218,26.4492540955544,0,0,0.500510096549988,6.62585863471031,1.560995221138,0.821129262447357,0,0,1.36639952659607,4.50957810878754,1.06572496891022
0,0,1.51647782325745,9.23507344722748,20.5895371437073,9.16509526968002,5.76798856258392,9.47291907668114,2429.91762265563,7.41968032717705,150.118106365204,9.28873929381371,1021.5652410984,13.1942765414715,108.891308009624,241.619052886963,5.24615362286568,2.99614250659943,1.8707869052887,1.54834401607513,11.4694370627403,2905.07851025462,26.3022918701172,4144.47601279616,5380.11076673865,124.972508400679,5888.34983226657,75.4882168471813,7.173574000597,0,94.2337138652802,10.977869451046,0,91.3821705281734,2.01220816373825,37.1230762898922,102.519697874784,70.9231163263321,4.70027148723602,47.2685872912407,0.54429817199707,282.594705492258,142.181760907173,220.347038269043,82.583739310503,31.4497013092041,11.5910492837429,3.32039642333984,191.145698845387,1.36398732662201,2375.99988639355,51.7116661667824,1.94338899850845,0,0,5.57506829500198,0.963755041360855,27.0392995178699,3.21864926815033,105.990517824888,2.39482781291008,387.095903068781,6.24019488692284,0,18.3894728720188,68.7227581143379,5.18868803977966,19.0843745470047,0,2.07566368579865,222.82369863987,56.2589221894741,67.9786478877068,204.808209955692,396.39895182848,4773.29699215293,16.5429580807686,3.60786008834839,2.09548020362854,51.3388943374157,0,0.677087664604187,49.5078200995922,6.98387879133224
76.1680356562138,1.51647782325745,0,0,1.82060271501541,28.1933551430702,3211.88764375448,1772.05981251597,2.2872297167778,37.324293166399,101.309381186962,0.926136434078217,49.6216785311699,1422.19316056371,3.09899747371674,103.835761010647,12265.7346942425,166.354122072458,1461.57481715083,0.923707067966461,2803.90245684981,14.1397043168545,37445.2758849263,51.2796456515789,0,37982.7840580344,24919.5763410926,3062.24326461554,168.982933908701,598.35865393281,0,7.74151012301445,11.3441001474857,1759.5536043644,579.860993504524,8498.63898548484,3540.50502541661,2405.29042682052,2436.02306845784,33.1886585950851,29.9730255007744,7.82650488615036,512.354316264391,105.984650999308,285.050334364176,220.785729259253,13.6047093868256,1.69898247718811,0,10.6954768300056,32.7958359718323,673.903026670218,0,5.56234496831894,0,80.199349552393,12.0755596756935,7.04115757346153,1.32427179813385,30.5261288285255,0,0,45.591528236866,0.960536122322083,82.4344676136971,141.386097401381,14.5660935044289,30.261549025774,0,30.0637500584126,83.4197942614555,862.210209131241,45.3206332921982,0,198.918952763081,3734.70509678125,66.3931456506252,2.1898021697998,6.47750121355057,0,0,0.766290187835693,153.579968094826,315.264808446169
1.84027668833733,9.23507344722748,0,0,126.582208365202,695.431366443634,291.595096498728,705.078881949186,2049.80902996659,16147.1470354199,38.1540790200233,11655.5265198052,122.54074165225,294.778784275055,720.438836276531,0.607932925224304,1.01532104611397,11.2134084105492,7.29079341888428,22539.0551377535,0.685227513313293,8.77347177267075,0.865736126899719,5250.01098933816,2.14772832393646,12.1609300673008,2.7908253967762,5419.55519935489,203.770725041628,5.92245990037918,1.36643728613853,48.8931469023228,21.9148815572262,126.783082455397,65.3660349845886,1463.46744143963,7.22611451148987,131.410900175571,48.9226710796356,583.502839595079,71.0765736699104,3.76960468292236,233.206018984318,0,135.162781119347,47.5949312448502,791.482895582914,19.7908801436424,2.83728030323982,0,0,2.12353777885437,1493.21455347538,72.1014797985554,420.915031820536,51.7948424816132,496.386663943529,365.665177971125,1383.50513595343,51.4086175560951,1591.54189950228,0,176.011290311813,271.092039018869,4.84738367795944,0,0.529525697231293,0.863127648830414,525.301735490561,2.53493803739548,2.51338785886765,0.515936613082886,1286.18936389685,0,0.414318174123764,0.470415711402893,1561.97013035417,114.39110994339,0.936581611633301,0,5.7781728208065,8.82559239864349,112.789429396391,10.0544842481613
0.504260420799255,20.5895371437073,1.82060271501541,126.582208365202,0,2073.12014558911,153.783803403378,312.232507318258,1016.10640788078,420.949980527163,36.7816061973572,652.863764047623,95.1363576054573,46.9042970240116,3178.89067032933,42.9428980946541,2.60098922252655,6.30629771947861,0,51.4591803848743,313.708998262882,43.9904113411903,408.347784757614,878.824351638556,8.72690162062645,16.5692549645901,46.1324731111526,443.973972499371,20.388724565506,108.604080915451,1.34337776899338,2418.91409304738,6.54444843530655,494.40389841795,822.004513084888,1123.58342221379,50.7832415699959,66.1081277132034,114.318152070045,19580.0953285396,3249.98073321581,10.2281475961208,65.5421200692654,46.3083167672157,19.065603852272,152.448341190815,275.13686311245,4.19692707061768,2.82606720924377,0,1.76016306877136,3.28545063734055,102.617111802101,23.4561498463154,90.3225898742676,8.01998800039291,43.9452467858791,58.9987150430679,130.098363757133,33.6389973759651,107.315969824791,0,19.2385593354702,62.8963994383812,2.7962566614151,1.91239285469055,2.76095849275589,3.13084745407104,29.9284217357635,8.97965437173843,2.9723334312439,38.5835509598255,80.9472394585609,1.30801951885223,16.9670132994652,54.8770613074303,101.35213252902,4.62630116939545,0,0,1.92118644714355,1.49189412593842,18.1939476728439,2951.74248096347
44.4323379099369,9.16509526968002,28.1933551430702,695.431366443634,2073.12014558911,0,4729.89410570264,17150.3351299167,1294.87414509058,32186.6901536286,180.159675002098,11454.2202047706,457.140709131956,1587.88107901812,5003.40978065133,7.7098953127861,70.7193264663219,77.2845605909824,79.6081059575081,734.787147045135,44.0519798696041,8.80459612607956,354.221869766712,1734.50501403213,5.37194103002548,190.596202492714,35.8617816567421,3358.89695104957,535.696769088507,151.864815592766,6.82953810691833,642.232316851616,24.5887775123119,376.573034018278,4103.01650366187,4106.05299016833,20.1420693993568,484.279255211353,290.441626191139,10966.6609920859,713.913748115301,53.9510959684849,330.702735930681,9.07807189226151,206.681802690029,102.385448932648,927.784770548344,47.3042522370815,23.448286652565,0,0,1.47823214530945,438.309059947729,48.1964479386806,286.70300924778,18.2027896046638,275.396464198828,241.712613344193,460.060126125813,192.424081355333,422.033255159855,5.88674175739288,148.683408796787,207.102228939533,21.2001147866249,0,0,0,142.118957489729,14.927851498127,2.69805216789246,23.3844742774963,1170.23614370823,0,0,3.79625827074051,976.494093894958,101.500037431717,5.09230196475983,0.380935996770859,14.77037525177,5.92341029644012,141.564570754766,661.894415438175
9850.54803425074,5.76798856258392,3211.88764375448,291.595096498728,153.783803403378,4729.89410570264,0,31672.0870715082,219.075126975775,37369.6177886426,465.812747567892,432.44211357832,785.316525161266,41929.0544272363,335.395243346691,40.079749494791,815.97145023942,308.38914591074,484.207155734301,133.313057512045,3222.36720049381,8.90100130438805,9256.17276701331,2907.4226885438,12.1616443395615,1424.49074658751,610.434384405613,98196.3169143796,10780.4203173816,10142.2232001722,31.1088935732841,338.262793362141,945.626748204231,3044.07166272402,1550.62107858062,8862.20195475221,538.834421873093,3722.89154449105,1697.93540850282,877.478884011507,567.328855574131,68.0031328201294,397.663444131613,23.9573715031147,143.15151399374,63.6003783047199,127.783046782017,25.9515777230263,27.7980914711952,0,0.493012458086014,34.4357179403305,78.3005699813366,3.55521467328072,24.2970968782902,8.97785997390747,53.8607622385025,110.619659662247,92.9787001907825,126.239221781492,33.7369146049023,14.5948100090027,23.8464136123657,23.8445232510567,126.494829177856,0,0,0,29.7472997903824,24.8717876970768,41.9611366987228,168.477298915386,701.567242890596,4.17347973585129,0.87593212723732,282.016781419516,609.944228291512,80.0562163293362,28.7667507827282,0,1.52410900592804,17.7223782539368,92.8919213116169,81.3674196600914
1069.69357594848,9.47291907668114,1772.05981251597,705.078881949186,312.232507318258,17150.3351299167,31672.0870715082,0,1160.83019271493,14267.3452511132,421.225858569145,2635.93718624115,869.962339609861,18270.5852497816,595.167185544968,28.4428173899651,2218.44745618105,241.702219247818,1934.0368334949,590.30213573575,863.453402072191,11.6042015552521,10300.1065001786,5207.47244298458,14.7024796009064,3702.12408043444,725.327003479004,7496.08567193151,1891.23476999998,5014.52448099852,26.8363905251026,534.209865659475,146.199180811644,1642.15393602848,642.1283185184,6472.62313553691,291.233623027802,2381.07051688433,1538.86639323831,3222.2509367466,649.432457536459,131.622950077057,1482.77451950312,34.1012477874756,734.254081368446,339.054829508066,977.637456089258,170.40272384882,42.8275476694107,7.5512393116951,0.487181633710861,16.9052276611328,586.283328771591,17.9048757553101,243.799516737461,54.9154616296291,820.477053582668,533.642929315567,756.008576840162,482.922570884228,243.417519778013,16.1038458943367,237.691922187805,77.7473853826523,51.5328985452652,0,0,0,168.420479178429,36.6012029051781,19.7457676231861,54.8633649945259,4615.06760284305,3.91116151213646,0.590661346912384,49.8124521374702,4202.87650439143,329.113385349512,19.806111395359,1.72221782803535,18.8949805498123,60.9167283773422,558.988922595978,97.3673197031021
1.30977749824524,2429.91762265563,2.2872297167778,2049.80902996659,1016.10640788078,1294.87414509058,219.075126975775,1160.83019271493,0,2295.97477829456,69.5145456492901,2687.13201209903,486.405529022217,403.637336879969,3775.63225656748,250.321832031012,4.54940170049667,23.5033628940582,11.5321564674377,627.604739874601,99.6990317702293,7701.40281316638,49.1140005886555,38158.7389551103,1252.58162364364,94.7265133261681,2473.09943661094,4064.60234025121,114.39390617609,45.1427099108696,106.969244092703,99.9519702494144,11.7638667821884,102.65099170804,31.4090822339058,820.280831158161,65.9323228597641,120.741375625134,55.3782078027725,2316.47367450595,45.8448811769485,193.293356239796,676.692351400852,43.5911710858345,264.33670771122,136.259020745754,456.651949375868,35.402095168829,48.4858060479164,6.26342523097992,20.3296426236629,11.4791221022606,1913.01724669337,144.998479425907,616.516777217388,125.69243568182,703.877785295248,3138.63669881225,1622.743183285,132.184875488281,1524.20668014884,54.1746091246605,633.590979158878,455.696245849133,501.080400586128,3.37980431318283,56.5232830345631,10.8559582233429,477.297661274672,189.945207238197,901.266292333603,242.173245042562,5204.50352531672,14.8391451239586,93.2031066417694,191.612120985985,3313.67210656404,546.091281414032,79.0869643688202,21.7535208463669,73.7050205767155,47.0496445298195,225.098416686058,140.800722658634
161.719574600458,7.41968032717705,37.324293166399,16147.1470354199,420.949980527163,32186.6901536286,37369.6177886426,14267.3452511132,2295.97477829456,0,966.567129433155,11207.0339123905,1360.69396397471,7139.04352298379,1212.53774681687,1.2081298828125,35.1152327954769,549.89893206954,233.913324266672,7502.93220925331,23.189338773489,8.98077657818794,141.30096539855,3010.70393756032,20.7928743958473,518.333020657301,77.6181346774101,23102.839908272,3384.74699798226,171.73798725009,51.7387829422951,586.520276278257,104.614228248596,1638.14702838659,642.458897173405,11776.5122170448,105.378348082304,1514.75863263011,608.221988409758,2569.69408041239,690.226380974054,136.722472578287,655.924055427313,17.9450248479843,360.412132173777,135.76696023345,1939.36554822326,75.4272837042809,46.0810701847076,1.33154004812241,0,0.823873668909073,2443.4818123877,113.463275492191,830.510274082422,80.1141500771046,757.323819905519,722.582731068134,1989.94106274843,295.513330489397,1890.37911435962,10.7715862393379,148.708974421024,456.327163666487,26.952171176672,0.593303978443146,0,0,752.88182285428,10.8893231451511,7.02822521328926,25.9713141024113,3118.36955526471,2.46571165323257,0,10.2177676558495,3823.60373699665,121.254743397236,8.53890079259872,0,7.91548389196396,24.0112833380699,262.461373835802,37.8537979424
19.4553191661835,150.118106365204,101.309381186962,38.1540790200233,36.7816061973572,180.159675002098,465.812747567892,421.225858569145,69.5145456492901,966.567129433155,0,219.024121195078,12368.3625583649,2372.59969457984,15.0574320554733,23.3786217868328,401.006883233786,16541.5189651847,1270.56622695923,84.4250466525555,97.0871286094189,37.7618084549904,338.807148724794,231.687721371651,485.77166596055,12030.1329266727,1075.78107398748,495.15059581399,3781.05642151833,76.4206138849258,1620.85565090179,1724.18042749166,14.1050693392754,14617.0533792675,126.399041295052,1583.3780516088,4641.61838182807,5749.84826239944,574.329190224409,97.8324869275093,44.9254996180534,1325.48937159777,17.2130497395992,1391.62200585008,54.8596812486649,12.7055305242538,22.0876846313477,5.49943280220032,608.280754566193,0,123.034896612167,2.80358004570007,3.43473383784294,0,1.15882611274719,0,0.939087688922882,14.1750665903091,0,876.290538787842,4.80711567401886,4449.47799864411,4.33370259404182,0,2.23345950245857,2.77261734008789,5.37444734573364,1.75354903936386,0,2.78390622138977,25.6647099256516,0.556391000747681,54.3406595289707,663.546055614948,250.129382818937,1683.61528846622,11.2712139487267,30.2393936514854,0,1269.3913243711,14.0090061426163,0,63.1179994344711,38.6142366528511
14.4350989460945,9.28873929381371,0.926136434078217,11655.5265198052,652.863764047623,11454.2202047706,432.44211357832,2635.93718624115,2687.13201209903,11207.0339123905,219.024121195078,0,288.821170926094,1659.26397630572,2562.55343100429,0,5.1970342695713,111.373805999756,51.8096359670162,15565.3647150993,7.87293362617493,26.928120136261,19.1213166117668,2605.04311701655,17.0237331092358,140.481381326914,37.3484089672565,1495.05645227432,527.783075481653,27.5940216183662,16.0058229267597,214.186074882746,5.07901650667191,325.623660326004,3086.14233478904,2622.41159939766,18.1064452528954,339.995265245438,157.28912037611,2643.90840768814,131.472518324852,38.5258047878742,136.302024394274,5.59736299514771,87.4880348742008,23.2341203987598,1069.59974440932,18.547440558672,13.065625756979,0,0,0.824098706245422,687.843341290951,82.8346337378025,494.060431927443,29.0087016224861,283.925472676754,300.787350982428,971.605105519295,99.9798446893692,2767.25309532881,4.59870174527168,160.703820347786,291.290912479162,5.22043550014496,0.369882822036743,5.64467653632164,1.76964205503464,710.341540247202,2.37762066721916,9.0664324760437,4.02850511670113,471.895951777697,0.5747190117836,7.29676207900047,5.9752231836319,590.312239646912,92.4206946492195,2.17878705263138,2.80992916226387,13.0322510898113,4.14780014753342,58.3381484746933,590.971360117197
10.320029437542,1021.5652410984,49.6216785311699,122.54074165225,95.1363576054573,457.140709131956,785.316525161266,869.962339609861,486.405529022217,1360.69396397471,12368.3625583649,288.821170926094,0,1360.62605392933,53.9055903553963,416.584494143724,19.3796801269054,128.4684856534,34.594877243042,105.187664747238,554.294101297855,507.408611118793,793.889266252518,900.64316290617,5769.3498069346,659.250375986099,4105.97754088044,2072.45258554816,952.855350136757,411.147818952799,2242.03918498755,923.998439282179,46.3376703858376,5325.48594000936,418.337944597006,2512.91490712762,2670.51872727275,9979.01933085918,1215.41121438146,3551.91310036182,2106.30483293533,5071.36228057742,375.036463320255,2798.39968127012,542.985427349806,198.970260709524,1367.48075959086,144.301563620567,2115.26479676366,3.24918162822723,451.666574567556,5.51653051376343,8.58894854784012,10.8501101732254,25.4102475345135,17.2240065932274,129.212955236435,82.7289834618568,69.3191814124584,2494.78941258788,33.3640533089638,11545.4773238599,170.547291278839,26.6162577271461,47.9922520816326,2.56353604793549,14.966172337532,3.82334280014038,6.68970674276352,8.71821790933609,88.9046829640865,53.2262876033783,307.002638876438,2799.68878519535,1293.71777057648,6020.31330505013,215.520024627447,194.627459079027,9.40994077920914,2734.45187804103,97.688998490572,13.2621466517448,281.248782932758,120.288780719042
7093.25233951211,13.1942765414715,1422.19316056371,294.778784275055,46.9042970240116,1587.88107901812,41929.0544272363,18270.5852497816,403.637336879969,7139.04352298379,2372.59969457984,1659.26397630572,1360.62605392933,0,128.194924682379,31.9726946353912,2498.7137503624,1070.62997147441,2418.72758950293,437.296688497066,1487.84784582257,5.69731548428535,12636.5668302774,1679.45383283496,48.688444018364,3892.0566662848,780.761832028627,4467.27511951327,16599.7585789263,11774.8568155169,132.455157607794,268.10512727499,212.565276533365,2516.71421614289,495.678244411945,5197.14313787222,327.864205271006,2142.22241353989,1212.81263276935,862.913839966059,823.985545247793,216.621573090553,348.078971147537,38.5860476791859,316.833123981953,134.088620215654,287.729765444994,62.9445101618767,99.5220599770546,1.71036446094513,7.22431486845016,4.45139634609222,28.789269477129,1.70072066783905,12.4208025634289,3.08889299631119,27.336035490036,192.975427359343,9.73583561182022,442.635152488947,38.4089173972607,77.1976678371429,28.2984094619751,17.0512357056141,61.1018074452877,0,0,0,14.2011007666588,9.94610124826431,5.23308056592941,44.7577397227287,1473.84691023827,23.931320130825,5.53390729427338,61.985958725214,774.130101919174,55.7979515492916,4.21255493164062,9.7579784989357,34.3921371400356,22.4125308394432,155.33859282732,35.0983301401138
0,108.891308009624,3.09899747371674,720.438836276531,3178.89067032933,5003.40978065133,335.395243346691,595.167185544968,3775.63225656748,1212.53774681687,15.0574320554733,2562.55343100429,53.9055903553963,128.194924682379,0,29.188872218132,4.11477383971214,7.15705746412277,3.62837219238281,299.72006508708,261.031106829643,213.899355530739,137.991901040077,4068.51510733366,55.4196459650993,14.4736143648624,167.69405657053,1338.20242294669,57.2433091700077,194.123186469078,0.595981657505035,168.97190362215,8.99751558899879,56.3708443939686,1949.38445806503,350.706266582012,20.8481380343437,33.5617954432964,35.0839476585388,4371.32666903734,37.4844281971455,10.0952435731888,93.7947509288788,30.1584084033966,35.2731122970581,135.646950423717,481.727166265249,2.71034049987793,2.47581303119659,0,2.19768649339676,4.37032747268677,252.849085837603,37.3148521184921,209.424076557159,8.64102292060852,117.643660753965,145.81374925375,277.617392808199,30.3546567559242,302.287485659122,0,84.9437353610992,141.718048095703,17.2720853090286,1.53171801567078,4.75591909885406,5.48675453662872,84.8576228618622,8.75470817089081,24.5586239695549,20.850654065609,220.111684501171,0,15.6295546889305,33.7662159204483,210.309082001448,48.6588976979256,1.54671132564545,0,6.8911480307579,3.49168455600739,17.1370361447334,1017.80427965522
3.85769256949425,241.619052886963,103.835761010647,0.607932925224304,42.9428980946541,7.7098953127861,40.079749494791,28.4428173899651,250.321832031012,1.2081298828125,23.3786217868328,0,416.584494143724,31.9726946353912,29.188872218132,0,203.021941095591,25.4980301558971,125.283925771713,0,10406.2452339828,7522.86771863699,4470.24727514386,7156.47990089655,148.569251507521,121.795530021191,17785.5734818578,7287.07302811742,12.008341550827,87.4005418121815,9.6025727391243,8.09418094158173,1.92187249660492,627.011006981134,948.06721124053,5585.10996738076,1597.53625288606,2044.8799906671,2184.74711698294,14.3519662022591,46.6220506727695,41.3503591418266,801.725913345814,119.018917739391,522.379558742046,218.836813926697,78.0800667405128,12.1643416881561,7.88559901714325,3.80731245875359,38.7715272307396,165.074900507927,1.44590109586716,10.4493351578712,1.35516023635864,29.8390750586987,6.68190279603004,56.3387592732906,3.12695491313934,232.375004649162,2.06070417165756,5.60762929916382,17.1631138622761,15.004228323698,8512.07333800197,22.224949657917,1.46449887752533,7.10835435986519,0,1242.82772448659,3638.70276796818,7339.01556640863,1310.55281087756,3.45106643438339,44.4982487857342,4578.86560049653,1585.33847561479,130.020108222961,187.748137116432,0,5.20743200182915,56.8741848468781,326.322074443102,314.606594800949
390.656350821257,5.24615362286568,12265.7346942425,1.01532104611397,2.60098922252655,70.7193264663219,815.97145023942,2218.44745618105,4.54940170049667,35.1152327954769,401.006883233786,5.1970342695713,19.3796801269054,2498.7137503624,4.11477383971214,203.021941095591,0,576.589102774858,8236.17526510358,0,1246.54273986816,135.480458468199,10083.7626555562,164.338460206985,5.65198156237602,8841.7599978745,18008.9578405917,622.824468791485,1696.14063878357,713.410998612642,3.25654450058937,8.98659256100655,160.808992415667,8306.11636418104,296.985733002424,4425.46508333087,1878.70509946346,1795.26104706526,2262.06929159164,55.9314505159855,15.9448438584805,3.71038240194321,69.340823829174,36.5253961086273,27.5103305578232,42.6554592251778,0.672378838062286,0,0,0,40.5793485641479,97.1890481114388,0,0,0,0.840807676315308,0,3.29145413637161,0,8.31371718645096,0,0,0,0.964239001274109,38.9986414313316,22.7875261902809,2.05461573600769,5.41014942526817,0,5.22721630334854,53.2517294883728,120.321042060852,3.87025237083435,0,117.316424936056,1101.11711737514,5.91258746385574,0,1.4754291176796,0,0,0,17.0736647248268,173.864448964596
27.0034452080727,2.99614250659943,166.354122072458,11.2134084105492,6.30629771947861,77.2845605909824,308.38914591074,241.702219247818,23.5033628940582,549.89893206954,16541.5189651847,111.373805999756,128.4684856534,1070.62997147441,7.15705746412277,25.4980301558971,576.589102774858,0,7380.72259235382,36.9861697256565,169.588616251945,3.88732373714447,518.13299882412,97.4618964493275,12.5170642137527,11419.4030478895,1566.51546645164,270.048270583153,1732.86143606901,63.6143810451031,92.3947295844555,266.807971745729,13.3049744963646,6658.83399879932,449.139213174582,6872.33675307035,4880.25107106566,5341.97416189313,3019.34802344441,40.2023410201073,40.586228787899,19.8035821318626,15.6014074087143,33.7396015226841,5.50588819384575,33.8360728025436,2.62647423148155,0.713459312915802,0.53833931684494,0,5.68126499652863,1.34484040737152,0,0,0,0,0,6.18341290950775,0,17.018487483263,0,25.3203595280647,0,0,0.519727110862732,0.577803790569305,0.857694327831268,1.43214964866638,0,0,1.53159141540527,3.01190349459648,0,25.0307506322861,295.491527140141,333.0940323174,0,0,0,72.4848925173283,0,0,4.20072576403618,219.629205137491
326.059864521027,1.8707869052887,1461.57481715083,7.29079341888428,0,79.6081059575081,484.207155734301,1934.0368334949,11.5321564674377,233.913324266672,1270.56622695923,51.8096359670162,34.594877243042,2418.72758950293,3.62837219238281,125.283925771713,8236.17526510358,7380.72259235382,0,17.7672939300537,876.284553438425,29.4904100894928,2899.71917206049,89.5338022112846,6.3701691031456,5064.27654671669,6915.43761262298,420.091860622168,2212.03069119155,451.286419481039,18.8377909660339,55.5832611918449,126.292012155056,8507.97845780849,327.486964374781,6114.86401158571,3308.51943737268,4120.92469140887,2424.71622097492,42.0323825180531,27.2968737185001,7.59114682674408,20.8686865568161,25.295853883028,16.9402322471142,19.5566154718399,0,1.16139245033264,0,0,26.5458876490593,29.8221244812012,0,0.986106753349304,0,0,0,4.09182989597321,0,6.58311581611633,1.34485244750977,6.47587621212006,0,0,15.2458902895451,6.38804507255554,0.600100576877594,0,0,1.72448018193245,19.778481990099,26.2574315369129,2.07033643126488,6.34299898147583,114.917139589787,547.351955831051,5.31975522637367,0,0,5.46584671735764,0,0.594886422157288,9.99655801057816,152.12044852972
6.07688155770302,1.54834401607513,0.923707067966461,22539.0551377535,51.4591803848743,734.787147045135,133.313057512045,590.30213573575,627.604739874601,7502.93220925331,84.4250466525555,15565.3647150993,105.187664747238,437.296688497066,299.72006508708,0,0,36.9861697256565,17.7672939300537,0,1.30792021751404,1.31232225894928,9.12579753994942,900.006456285715,4.72238254547119,44.8753697872162,4.49219441413879,1405.86387735605,186.344659924507,11.1885650157928,4.5926499068737,52.2394869625568,5.67719674110413,99.8511897623539,39.4625976979733,1020.0007378161,7.9306823015213,94.6541622877121,26.3246954083443,353.431745409966,53.9353041350842,7.11494255065918,171.963870316744,4.59924191236496,102.043660253286,34.0361342132092,418.602892011404,12.8551762998104,3.8545104265213,0.647482693195343,0,0.956009984016418,557.617724567652,30.3976625204086,192.061562538147,16.7615900635719,304.170884013176,129.038416385651,549.904850155115,45.9781702756882,1006.07465529442,0,143.413281649351,122.266740262508,4.78471645712852,0,0,0,192.240790098906,3.04987794160843,3.51430428028107,6.01631325483322,579.573813080788,0.932715505361557,0,0.562049090862274,794.754693061113,63.2568847537041,1.60177266597748,0,8.10600626468658,4.01078176498413,85.9854782819748,6.22687792778015
332.988903701305,11.4694370627403,2803.90245684981,0.685227513313293,313.708998262882,44.0519798696041,3222.36720049381,863.453402072191,99.6990317702293,23.189338773489,97.0871286094189,7.87293362617493,554.294101297855,1487.84784582257,261.031106829643,10406.2452339828,1246.54273986816,169.588616251945,876.284553438425,1.30792021751404,0,182.141392499208,56665.8302618861,771.723999023438,26.2504283487797,1114.00045314431,2906.05640134215,38120.9583999217,1652.463945508,20128.3583511412,3.26111072301865,61.7406005859375,442.785113185644,21043.6887896955,5819.60805639625,21011.5052133501,1749.30800995231,16866.6149634719,7920.12794086337,134.786210596561,206.614255279303,25.7308179736137,819.493211150169,57.6386690139771,363.766341537237,169.804501324892,211.743236720562,18.0658941268921,6.67186123132706,2.85761332511902,2.71227988600731,53.3132825791836,0,13.4343163371086,2.04629302024841,23.2226566970348,17.4739532470703,84.0386490821838,0.453112125396729,201.169714689255,3.42070257663727,0,24.4544814527035,19.5182910561562,1210.2535059154,2.90983262658119,0,0.541137456893921,1.20437002182007,800.552528381348,570.700055480003,825.155973225832,1615.32272836566,0.876532733440399,4.85666710138321,495.177414298058,1883.60722970963,316.49478366971,246.805431962013,0.656702220439911,7.18627870082855,104.067690134048,366.695469796658,827.584003537893
0.581853032112122,2905.07851025462,14.1397043168545,8.77347177267075,43.9904113411903,8.80459612607956,8.90100130438805,11.6042015552521,7701.40281316638,8.98077657818794,37.7618084549904,26.928120136261,507.408611118793,5.69731548428535,213.899355530739,7522.86771863699,135.480458468199,3.88732373714447,29.4904100894928,1.31232225894928,182.141392499208,0,507.991870105267,17371.7813071609,1673.62315043807,110.21521744132,17497.6163287759,768.070090085268,3.07055014371872,3.24733430147171,58.9588785767555,6.52086359262466,0,104.562761694193,20.3811920285225,340.976188540459,236.181937426329,135.630879163742,85.0064932405949,89.388598382473,1.12431240081787,194.417649686337,431.521963477135,127.61216455698,193.02974396944,181.256067872047,15.9140114188194,2.02151894569397,80.8002957105637,4.56550753116608,199.802560150623,205.163514763117,16.4354648590088,0,0,21.8803812563419,8.69431662559509,40.4301063120365,1.37477803230286,51.9087443947792,4.19192016124725,95.3734870553017,15.9316639602184,2.28161835670471,1800.28980195522,140.409338772297,5.76559597253799,36.0258244872093,0.594145774841309,158.565267533064,2949.48635333776,1267.27938938141,394.785739719868,30.0120819211006,187.748065859079,5614.82287269831,300.466022580862,8.77862876653671,22.0975822806358,11.4386078119278,0,0.741126120090485,117.483373463154,78.0995706915855
1781.81606268883,26.3022918701172,37445.2758849263,0.865736126899719,408.347784757614,354.221869766712,9256.17276701331,10300.1065001786,49.1140005886555,141.30096539855,338.807148724794,19.1213166117668,793.889266252518,12636.5668302774,137.991901040077,4470.24727514386,10083.7626555562,518.13299882412,2899.71917206049,9.12579753994942,56665.8302618861,507.991870105267,0,1077.98136034608,51.0235140919685,12211.4383966625,22018.1296752691,21908.8785942197,5143.17360201478,7568.70081198215,7.91780298948288,82.1424086391926,435.809492945671,15364.6746631861,7547.63428723812,39129.2871194184,12696.56515643,24070.4700048566,23496.2646569312,229.694685190916,231.246358990669,59.9700267016888,1061.75721403956,170.825917929411,663.384517997503,523.780890971422,114.445300638676,22.9418486356735,7.57782369852066,4.0486553311348,8.0724179148674,575.536181867123,0,23.4897501468658,2.4009807407856,56.7384202182293,6.3708199262619,24.4341793060303,0.457648068666458,407.619813352823,1.06390535831451,0,24.3987328410149,16.5498319268227,6289.69229465723,54.8901411294937,3.08628123998642,12.2707636654377,0.772848904132843,1019.77167785168,1758.98596283793,7559.65076652169,1038.76468273997,1.09457004070282,60.7414322793484,8342.78195896745,1458.54280224442,124.566004157066,157.429393976927,0.559957802295685,3.63438701629639,59.6271686851978,397.917636066675,2389.5116802454
11.2307507395744,4144.47601279616,51.2796456515789,5250.01098933816,878.824351638556,1734.50501403213,2907.4226885438,5207.47244298458,38158.7389551103,3010.70393756032,231.687721371651,2605.04311701655,900.64316290617,1679.45383283496,4068.51510733366,7156.47990089655,164.338460206985,97.4618964493275,89.5338022112846,900.006456285715,771.723999023438,17371.7813071609,1077.98136034608,0,1626.30151680112,393.20641836524,14400.0022673607,15272.8420436978,630.292643934488,134.686158150434,89.3005707263947,211.014292836189,99.925176769495,617.906483650208,424.281729698181,4678.26612216234,333.294483989477,841.36461108923,537.583606630564,1974.4929587543,157.137877494097,284.283274620771,3801.70013153553,176.272451549768,1834.68393263221,666.009739518166,1247.10437330604,250.746279329062,57.2989312112331,21.2246676683426,161.101786196232,181.062280982733,2745.77324825525,99.4403459131718,658.121617347002,265.385655164719,2295.96835771203,4686.96624428034,2627.17696905136,548.988185554743,1067.49114251137,46.4176059961319,2063.50471416116,335.277247518301,1815.15465816855,30.4728549420834,9.47207659482956,4.64799407124519,1036.90646696091,703.577523112297,3065.19727519155,1245.90755662322,16513.5500092804,34.0702616870403,114.379539519548,2396.9697612524,10226.6569232345,2213.28503462672,264.982848525047,1.8227806687355,151.957141548395,285.562755197287,1426.25809346139,457.791389554739
0,5380.11076673865,0,2.14772832393646,8.72690162062645,5.37194103002548,12.1616443395615,14.7024796009064,1252.58162364364,20.7928743958473,485.77166596055,17.0237331092358,5769.3498069346,48.688444018364,55.4196459650993,148.569251507521,5.65198156237602,12.5170642137527,6.3701691031456,4.72238254547119,26.2504283487797,1673.62315043807,51.0235140919685,1626.30151680112,0,548.544059962034,6185.52112537622,65.4735457897186,31.3164201974869,1.51179623603821,867.077355831861,32.8708137571812,0,330.829003602266,3.08982127904892,66.4732091426849,294.730646789074,239.14317291975,21.3623897731304,60.9256815910339,0,346.088102638721,110.127352803946,706.750580579042,72.8085151016712,45.7189117074013,46.3390340805054,0,982.28109151125,0,2418.57463032007,25.9487149119377,0,0,1.9805805683136,0.455112099647522,6.47003948688507,19.7287676632404,0,536.813882172108,0,2972.90401110053,10.042306214571,5.21504616737366,8.66564002633095,40.9731740653515,12.3925879597664,20.2605924904346,0,0.61227548122406,152.647814899683,33.7689730525017,35.11396291852,1960.31002146006,1412.66866189241,8129.39657747746,14.6269491910934,31.0280390381813,0,438.970840454102,10.6163889169693,0,73.0555741488934,0
377.614566206932,124.972508400679,37982.7840580344,12.1609300673008,16.5692549645901,190.596202492714,1424.49074658751,3702.12408043444,94.7265133261681,518.333020657301,12030.1329266727,140.481381326914,659.250375986099,3892.0566662848,14.4736143648624,121.795530021191,8841.7599978745,11419.4030478895,5064.27654671669,44.8753697872162,1114.00045314431,110.21521744132,12211.4383966625,393.20641836524,548.544059962034,0,31278.3387717903,878.549761593342,2441.11770890653,472.350688099861,2054.55989143252,418.450337052345,43.8743610084057,5699.60359576344,947.057397991419,21194.4795867205,24850.6850730777,10248.6835068166,5410.86823675036,92.2848808765411,70.8878940939903,142.208828389645,331.84887188673,2044.61803719401,348.791629314423,183.414917379618,8.17807820439339,0,86.2503317892551,0,742.896258503199,105.800577431917,0.712096095085144,1.61362874507904,0,2.65415880084038,1.87770628929138,35.5352541804314,0,411.691650271416,0.678519070148468,2123.88426503539,1.12739598751068,1.96076059341431,21.0432001948357,100.521244227886,106.785952091217,114.410925358534,0,5.74680945277214,152.1811209023,87.2640981376171,25.6541903913021,1103.62857547402,10289.0968824625,20587.1245051324,6.23622745275497,12.8935161232948,2.36771020293236,3460.69137626886,2.08257621526718,0,199.887478768826,481.51890617609
74.1535327732563,5888.34983226657,24919.5763410926,2.7908253967762,46.1324731111526,35.8617816567421,610.434384405613,725.327003479004,2473.09943661094,77.6181346774101,1075.78107398748,37.3484089672565,4105.97754088044,780.761832028627,167.69405657053,17785.5734818578,18008.9578405917,1566.51546645164,6915.43761262298,4.49219441413879,2906.05640134215,17497.6163287759,22018.1296752691,14400.0022673607,6185.52112537622,31278.3387717903,0,6456.27950960398,488.195511549711,262.487418115139,1909.31798839569,34.7987053990364,36.2963064312935,8984.49200537801,3198.81790354848,47891.7796268463,21002.9135217071,13689.9181419909,11753.0391100347,165.718489915133,88.5353459715843,123.739245593548,7851.90576824546,4922.04546505213,4081.43796235323,2865.8090288043,102.986679971218,27.2447458207607,166.506360262632,55.9326438307762,13700.2609159648,6223.64779743552,5.12066200375557,32.0617969334126,2.10056102275848,610.236125648022,114.03326228261,265.322638809681,3.27621594071388,595.285051256418,3.62725484371185,2207.33974969387,343.942469060421,37.2863764464855,3195.52534362674,3461.42661431432,349.123468518257,905.170143187046,0,600.772132098675,5638.18189361691,10154.7798848748,1211.46332874894,2357.84923490882,22473.4121927619,134406.344356656,1162.79088574648,74.7243139147758,151.072908908129,1912.41159668565,12.511768758297,10.718624830246,2508.41506662965,2030.03877457976
136.847660452127,75.4882168471813,3062.24326461554,5419.55519935489,443.973972499371,3358.89695104957,98196.3169143796,7496.08567193151,4064.60234025121,23102.839908272,495.15059581399,1495.05645227432,2072.45258554816,4467.27511951327,1338.20242294669,7287.07302811742,622.824468791485,270.048270583153,420.091860622168,1405.86387735605,38120.9583999217,768.070090085268,21908.8785942197,15272.8420436978,65.4735457897186,878.549761593342,6456.27950960398,0,5685.14814782143,32660.9724117517,15.4516915082932,508.03785353899,2783.79373046756,5968.62975347042,5487.38087290525,29714.6418320835,1282.09087285399,8869.91975432634,4175.8817665875,2196.92202329636,1148.74747368693,130.427406936884,4431.80211117864,144.453308492899,1738.16992455721,781.672685027122,1508.37699401379,279.322869926691,34.0433407127857,9.68337613344193,11.7180980741978,220.001862674952,2160.2514282465,95.4645053744316,515.269497573376,188.872524768114,1457.10640719533,1899.52900999784,2213.57340869308,756.80526265502,815.321412831545,3.12618020176888,949.228298634291,290.594865858555,1614.77281394601,4.14366644620895,0,0,610.985367566347,467.09866809845,1030.74203315377,1301.46949958801,11975.1348298192,2.82553279399872,11.6861153542995,1832.56280192733,9237.30741658807,1857.02817350626,390.138696223497,0,48.8314378857613,290.823583006859,1460.27143254876,670.338197380304
3921.08065328002,7.173574000597,168.982933908701,203.770725041628,20.388724565506,535.696769088507,10780.4203173816,1891.23476999998,114.39390617609,3384.74699798226,3781.05642151833,527.783075481653,952.855350136757,16599.7585789263,57.2433091700077,12.008341550827,1696.14063878357,1732.86143606901,2212.03069119155,186.344659924507,1652.463945508,3.07055014371872,5143.17360201478,630.292643934488,31.3164201974869,2441.11770890653,488.195511549711,5685.14814782143,0,19876.9303771257,184.294012665749,609.336346119642,3172.47540107369,7528.32056686282,306.289620816708,2076.83191734552,255.562581449747,2002.47727742791,501.443299531937,247.738295555115,454.567626386881,117.321148514748,181.116383105516,26.7774121761322,100.703967452049,48.7578209042549,78.3274289369583,21.6079619526863,43.2770228385925,0,7.41021192073822,2.1444428563118,9.67595341801643,0,2.31850934028625,3.01880413293839,3.58624565601349,105.708726555109,7.42883002758026,133.131089031696,7.11297509074211,67.3543957173824,6.92089462280273,7.20402193069458,24.3103294968605,0,0,0,7.35293555259705,12.9733530580997,18.7882497310638,14.5072512924671,541.715013235807,15.9838638305664,7.44858852028847,28.8317920863628,350.281146496534,58.481861948967,13.6004932224751,3.87289452552795,7.21358442306519,16.1062917709351,73.33130428195,33.9425556361675
5592.58968704939,0,598.35865393281,5.92245990037918,108.604080915451,151.864815592766,10142.2232001722,5014.52448099852,45.1427099108696,171.73798725009,76.4206138849258,27.5940216183662,411.147818952799,11774.8568155169,194.123186469078,87.4005418121815,713.410998612642,63.6143810451031,451.286419481039,11.1885650157928,20128.3583511412,3.24733430147171,7568.70081198215,134.686158150434,1.51179623603821,472.350688099861,262.487418115139,32660.9724117517,19876.9303771257,0,4.33519214391708,74.9661068916321,6000.06842592359,11841.7215279937,1950.50155973434,7294.6602704525,199.486461341381,7304.62455749512,1747.9320589304,181.282440155745,305.873326659203,6.49943202733994,245.171231299639,9.94535103440285,109.437918037176,49.0253514051437,49.1398707926273,13.0465108454227,4.52759820222855,0,1.06314992904663,16.4063399732113,0,1.62245756387711,0,1.8127404153347,15.2086831331253,74.7784552872181,2.79721516370773,52.5397945642471,0,0.891725361347198,21.6405969560146,5.43766719102859,92.8832056224346,0,0,0,0,54.7196189761162,40.661400437355,47.8870683312416,444.945171147585,0,0.47589185833931,44.6676726639271,433.551024466753,105.21415168047,20.9625752866268,0,5.85195657610893,24.8962302207947,90.5172289311886,154.305977165699
