0,0.298226982355118,230.993378371,64.4890565276146,13.8184737861156,155.162485092878,7408.09777601063,2500.09559759498,5.07606112957001,259.548731505871,31.6245768964291,88.8681371212006,55.2237236201763,14366.293654412,9.34909278154373,0,824.135364800692,15.511138021946,103.788866043091,104.850742548704,141.108710080385,7.84772115945816,462.57911619544,63.2307265996933,18.0587474107742,55.2870042026043,39.1451062560081,300.761127859354,14129.4731948972,6343.1951752007,1.08047688007355,189.18198761344,133.746928364038,330.649345129728,79.6203517913818,364.848211228848,85.7453581690788,519.350496411324,72.8947274386883,36.4064073860645,51.2946463227272,14.7059302330017,26.6824947297573,6.05734315514565,8.54693746566772,9.83699524402618,6.41864547133446,1.2898782491684,0.521174788475037,0,1.10693725943565,1.80551511049271,0,1.38179516792297,0,1.05782067775726,0,8.25299996137619,0.791771650314331,30.6093268096447,3.75588867068291,0,3.91413831710815,2.62117797136307,19.1184900105,0,0,0,1.22361552715302,2.27783787250519,5.34348928928375,2.02523124217987,67.3895909488201,0,0,5.49422067403793,39.4303458929062,3.62151908874512,9.48779761791229,0,0,0,11.04336181283,18.6735152602196
0.298226982355118,0,82.9624344706535,7.81235349178314,0,11.9801123440266,11.1212551891804,3.79643949866295,2293.78413140774,4.71167266368866,79.1269960999489,11.8072775900364,2005.07573470473,0.999060899019241,19.0734387636185,662.01178252697,43.7292504906654,18.245925962925,12.322295665741,6.96270945668221,82.9472614526749,2946.919726789,113.097312629223,2855.47258847952,2264.85891729593,359.561267018318,18087.6097530723,367.93006503582,9.02930480241776,9.52990862727165,73.6140000522137,5.44134423136711,1.22401285171509,66.2110119462013,23.5280745923519,259.203768849373,202.44297298789,142.919134676456,46.26110881567,17.3197803795338,7.71162861585617,44.5364747047424,97.1901106238365,56.632695287466,38.4334240555763,32.3086685836315,2.87509107589722,2.42534250020981,25.3531975150108,0,1220.34278845787,47.5395721197128,0.275177091360092,0,0,0.475093364715576,1.26815405488014,22.8698560297489,0,54.6922709941864,0,33.8315427899361,1.28302597999573,0.423978090286255,108.462480098009,33.3327934145927,30.446899831295,13.804130256176,0.622960567474365,3.89920610189438,51.6426699459553,39.7082302868366,71.0766484737396,133.40201368928,155.124964773655,3014.6432517767,17.2390997111797,2.69900357723236,2.20504230260849,18.0831090807915,0,0.487300157546997,57.8473862409592,15.2203015089035
230.993378371,82.9624344706535,0,5.65282136201859,66.9118334949017,88.1605533957481,1461.3056551218,572.303127020597,14.7929825186729,18.6636772453785,79.5332691073418,7.99353364109993,376.599566400051,752.636548936367,40.9198818206787,214.45338049531,32036.9295953512,92.4295175671577,762.347846865654,14.8006322681904,4417.00077587366,96.8733868896961,23229.1602698863,77.3549561202526,45.8524116277695,16638.4173859954,49214.672013551,505.15901350975,640.292897611856,3293.5457970202,10.0778267383575,35.3189674317837,106.389096945524,2793.0180824697,1308.84576570988,12871.8899089396,11054.4296031892,7983.50484731793,2201.37377679348,205.097263544798,430.902269601822,35.4540193676949,2082.45279785991,777.054196119308,613.176854819059,487.49270761013,55.8887147605419,22.9825583696365,3.38454604148865,1.42983636260033,326.17327234149,1652.23568594456,0,12.7840337157249,0,13.5499338805676,2.0194730758667,24.4460687339306,0,40.9717833399773,0,6.27072018384933,6.85481411218643,6.03476664423943,198.400197029114,705.951058626175,13.9882013499737,106.480735212564,0,47.5486870110035,145.40225699544,797.971810907125,98.0210788846016,20.5441352128983,668.898609787226,12426.050457418,51.9750326573849,4.88536387681961,26.657634973526,3.94024130702019,0.757157385349274,0,787.149858921766,775.892160147429
64.4890565276146,7.81235349178314,5.65282136201859,0,31.8339472711086,647.202747866511,980.171068757772,603.794648617506,1970.49797713757,10100.8072102964,37.6958279013634,2578.04273506999,276.125333994627,349.600889056921,315.910625398159,0.371723115444183,7.73683962225914,6.67019385099411,5.89695689082146,12182.4937393367,4.67355838418007,13.7926155030727,9.45362338423729,5760.72210268676,54.3021733164787,1.69865846633911,15.1503680348396,27836.9752613306,556.436310783029,83.6444422602654,0,212.564387992024,9.59298661351204,143.749252319336,143.889297038317,1686.05960771441,65.3874381184578,369.906856074929,79.5948496758938,706.965315818787,293.433710694313,8.74026662111282,406.413936793804,3.42693156003952,252.418611377478,32.1843857169151,615.121374428272,31.4778581857681,4.87547212839127,2.10369545221329,0,0,1281.81612814963,17.8230754137039,28.4916291534901,114.420884728432,123.250602602959,753.802312850952,945.101868748665,108.716416478157,362.12772756815,0.706397414207458,56.2887379825115,352.673373103142,8.60011956095695,0,0.343433380126953,0,866.597080349922,3.60371917486191,6.0967837870121,1.05145812034607,3405.36676728725,0,0,0,2058.67742115259,26.6661051511765,14.6398068666458,0,0,1.23114097118378,88.0948557555676,35.2458152472973
13.8184737861156,0,66.9118334949017,31.8339472711086,0,1980.3090415597,291.47808983922,277.398384124041,19.6774297058582,190.03422793746,15.4951255321503,349.092662811279,27.4737792909145,46.2615894079208,5426.33733123541,58.4070411920547,85.6896028220654,6.43297696113586,11.4542370736599,77.4347748160362,588.667895227671,5.6613637804985,700.011072903872,38.8869570791721,14.4457680881023,13.0238450169563,121.806608527899,265.151080310345,102.511921793222,339.050483494997,1.76084303855896,101.968451291323,19.9865222275257,2081.34961619973,772.22118473053,363.775315493345,66.7435248196125,200.467090696096,77.1877997517586,19627.4795464277,10456.4121894836,4.95159721374512,29.8577960729599,36.7058362960815,20.7671639621258,77.2864180207253,9.0056759417057,1.82157224416733,1.77220463752747,0,0,6.28838515281677,2.4040270447731,0.541212379932404,1.42902946472168,4.21144324541092,0.543463289737701,8.98950508236885,0.465367138385773,17.8310705423355,6.53528055548668,0,0.490189254283905,0.950875014066696,26.5322248935699,2.53912365436554,1.50679957866669,0,4.10150533914566,2.10869604349136,2.84645554423332,33.7997924089432,68.3332199454308,1.86694991588593,8.47303223609924,53.1866444051266,25.6658375859261,0.525753200054169,4.88604736328125,0,0,0.987587153911591,4.73431658744812,426.292480051517
155.162485092878,11.9801123440266,88.1605533957481,647.202747866511,1980.3090415597,0,11332.6449292153,25332.7964528799,246.189857751131,38320.0827953368,51.0540529191494,12631.4268985987,181.986521035433,1658.16614021361,5201.87924727798,4.79300627112389,139.333999335766,12.5731547772884,21.301164329052,1053.3824133873,101.9077796489,43.6782129704952,219.917401820421,552.835462391376,106.219125747681,10.3795386850834,44.255333930254,3274.9245365411,520.099180519581,660.005691975355,3.56180420517921,2240.04712349176,19.9295431673527,160.230408459902,18514.2247053683,1494.0297587961,68.2605028748512,353.11185130477,82.1789370775223,3128.66513851285,466.788498073816,19.665264993906,197.092721939087,16.781040430069,158.320374548435,41.7049869894981,153.395409673452,30.1285966336727,3.34625339508057,0.900880455970764,2.0874445438385,0,64.3061113357544,1.38886296749115,1.57662045955658,27.3726610541344,42.6391325592995,85.1005763709545,47.2414963543415,141.261258393526,82.0138491094112,1.12361454963684,47.7263882756233,36.6934045553207,39.8311855792999,0,0,0,25.1952891051769,9.48536026477814,25.9392118155956,10.2492169141769,798.470576047897,0,0,8.14968031644821,408.765324056149,36.7274051904678,49.950372338295,0,0,3.3488517999649,86.9378056824207,624.829492032528
7408.09777601063,11.1212551891804,1461.3056551218,980.171068757772,291.47808983922,11332.6449292153,0,26742.2690998912,306.243731677532,15810.3795912713,339.459206655622,482.378567367792,1333.8660055995,40474.5684609264,339.886207044125,43.3122530281544,858.46046385169,168.814996480942,317.491590455174,797.903074532747,5481.29784163833,129.893721908331,3861.53445693851,6790.00028789043,247.087057799101,147.750040799379,255.094195574522,81148.6311042607,7873.15836523473,26302.3369119167,18.1990567445755,1202.96482494473,399.971128553152,1297.45587795973,1634.17050594091,10328.3554322422,579.384362280369,3337.8704392612,753.727890789509,2702.48064130545,1550.3162394464,110.133550196886,700.844484806061,27.0627548694611,349.245437890291,102.958438873291,282.977009445429,49.3028402328491,14.0388005673885,2.08419996500015,0.957756638526917,3.41190457344055,50.0156515538692,13.3839593529701,2.55238127708435,56.7738669216633,68.1000078618526,243.755793511868,59.8538003861904,334.133812040091,31.0003483593464,2.98904010653496,127.561149716377,82.9842520654202,188.0868691504,4.38520509004593,0,0,25.509014248848,64.3605867922306,58.3200328350067,54.6803972423077,1875.3668551743,5.7704214155674,0,56.4333821833134,929.696819067001,101.794507533312,169.66973978281,0,1.43904918432236,8.57624781131744,166.110889598727,481.6977237463
2500.09559759498,3.79643949866295,572.303127020597,603.794648617506,277.398384124041,25332.7964528799,26742.2690998912,0,102.326691627502,9429.33058251441,82.1314575374126,4333.25246949494,197.260309636593,34358.4008824527,1094.89800730348,3.48883479833603,1144.274854213,35.5104523301125,107.328102201223,1050.63424181938,423.820034474134,29.0362605452538,1243.50113022327,438.286306530237,89.8644399940968,79.6189115047455,65.5236056149006,1748.1827916652,2222.62780794501,4770.32917848229,5.12337678670883,2023.83655114472,75.9907024502754,377.355695605278,120.613236367702,1588.42570862174,179.69206058979,836.758609592915,164.98199659586,880.698520869017,261.127425119281,35.1119827032089,166.871521443129,8.73369365930557,126.471607506275,20.6292744278908,105.666870296001,14.9194700717926,4.27367302775383,0.96002209186554,1.20680737495422,0.805996298789978,27.7673479318619,2.34654754400253,0,8.42140609025955,15.5707504451275,88.3791240751743,9.50005897879601,108.463240802288,47.9909422695637,1.31826809048653,26.1938585042953,12.4123094975948,34.3915781676769,0,0,0,5.96460795402527,7.74325057864189,14.4256455600262,7.28649932146072,607.70834389329,0.64327734708786,1.04541492462158,7.31835234165192,221.874956220388,15.094892591238,34.5516161322594,0,0,0.974127471446991,39.0890975296497,42.0675581097603
5.07606112957001,2293.78413140774,14.7929825186729,1970.49797713757,19.6774297058582,246.189857751131,306.243731677532,102.326691627502,0,190.613047361374,45.3233790397644,3513.15623807907,1244.83273297548,73.5447238683701,4263.88792133331,259.62162488699,9.65661260485649,12.2264031171799,15.6237355470657,1552.79069754481,354.359123587608,10070.1407511234,146.818095445633,41990.5364078581,1050.6092698276,98.6111431419849,2900.7016056776,6225.08420479298,60.590255856514,94.4058358967304,27.6489295661449,95.0612086951733,5.12848103046417,44.9729205965996,55.9646899104118,2295.56261456013,77.5835145413876,127.839297115803,23.815171957016,2317.85274022818,66.691693931818,23.039767563343,957.050958245993,35.4508073627949,748.83982989192,126.008701741695,578.372598320246,97.3889439404011,17.6461288630962,21.2205010950565,29.031614035368,6.93625736236572,549.419926226139,42.3194443583488,26.6019779741764,266.477956950665,322.385489046574,5882.22242668271,412.861654788256,271.652939260006,236.754238456488,13.1987006664276,408.569207936525,200.763354837894,1197.29654183984,13.2439106702805,18.9457698464394,9.54156768321991,211.138973742723,145.072160214186,552.66077953577,234.669421672821,7880.34420153499,16.1401482224464,14.78656026721,216.09638056159,2939.39765778184,334.934698998928,470.14519956708,2.85543042421341,10.888945043087,12.5072594583035,370.443417847157,155.584578156471
259.548731505871,4.71167266368866,18.6636772453785,10100.8072102964,190.03422793746,38320.0827953368,15810.3795912713,9429.33058251441,190.613047361374,0,370.482357606292,9727.50525429845,858.255640029907,2500.14742432535,253.050927340984,6.43798384070396,44.3071627914906,140.403868168592,174.073889911175,6094.01255822182,42.1322943270206,10.6636488735676,55.3842126131058,638.002381801605,94.2197030186653,55.4738906919956,28.760597974062,17926.9915035069,2308.41775110364,197.099867865443,8.56893941760063,1410.89633326232,4.8019243478775,714.396111160517,4512.7188372016,4266.41216477752,330.977613151073,1671.14985319972,229.826886475086,1469.30565372109,1137.72266280651,110.913592785597,237.99268758297,8.919438123703,124.292972505093,21.5326723754406,159.836857706308,18.9937334358692,11.6308052837849,0,0,0,91.056293129921,5.46221971511841,0.899672091007233,49.9088179767132,37.6519045829773,144.918439418077,101.655936717987,94.2234466969967,596.970453292131,3.12647718191147,18.7253247499466,67.2912151813507,16.2898922562599,0,0,0,74.387404769659,1.40084052085876,8.21402561664581,1.08815121650696,985.221444487572,7.07392376661301,0,1.72271072864532,438.557668566704,10.7021442651749,3.14989924430847,0,0,3.61670553684235,55.5274459421635,294.553640067577
31.6245768964291,79.1269960999489,79.5332691073418,37.6958279013634,15.4951255321503,51.0540529191494,339.459206655622,82.1314575374126,45.3233790397644,370.482357606292,0,373.141628861427,12867.4252355993,288.497370183468,24.5638855993748,6.11053261160851,1408.50540032983,18323.9026228189,4844.52760991454,179.014519780874,63.2167713046074,48.0243645906448,134.424041837454,67.4459565877914,2691.53525772691,6606.76836228371,1456.78010800481,182.922686636448,4016.91147887707,388.649964883924,1397.57232683897,2903.70613607764,21.3156094551086,13592.9480704963,75.8964715301991,854.789687395096,4018.70995000005,4720.55205285549,734.199356108904,70.9651579856873,100.508085250854,4622.74637055397,69.9236655533314,947.202692359686,90.1814396083355,34.9849966168404,8.04531145095825,10.0728153586388,1216.57386368513,0.99770599603653,502.32017865777,3.82443028688431,3.24112123250961,1.45891761779785,0,0,3.84002709388733,38.4166557490826,0,3332.09356951714,7.13117870688438,3267.10892671347,31.4713263809681,4.28272998332977,11.1440662443638,1.73522657155991,114.575161337852,13.2202577888966,5.3941425383091,0,84.2989427745342,1.43386423587799,33.0799990594387,1675.17915415764,322.098884046078,1476.0780954659,1.56982612609863,143.199616074562,0,661.271181613207,75.5062199234962,1.24559164047241,583.977234840393,41.7874126434326
88.8681371212006,11.8072775900364,7.99353364109993,2578.04273506999,349.092662811279,12631.4268985987,482.378567367792,4333.25246949494,3513.15623807907,9727.50525429845,373.141628861427,0,605.373183757067,1626.83907425404,7090.67143011093,0,37.8794709146023,143.031892687082,161.317759126425,22667.9578773379,33.538900822401,28.6008257865906,27.9952912628651,1022.24033752084,159.839017391205,55.4231472015381,39.8576539158821,1212.97236305475,1495.55838361382,117.848061412573,7.15230497717857,2136.2732270807,2.31561303138733,630.032412171364,20599.9002444446,4197.48207238317,306.303591698408,1270.53077739477,182.333176255226,7889.51543167233,709.031545042992,106.142839789391,334.72312477231,12.1462223231792,92.887538433075,41.5843152105808,806.360494881868,21.9823157787323,15.0649983584881,2.7947239279747,0,0,1262.14880740643,48.2085407078266,128.578659325838,31.2120809555054,97.5267509818077,532.372734546661,780.184916108847,203.628191739321,1582.18216341734,3.99444180727005,75.0500327944756,460.118721336126,24.1871211528778,0,1.71806672215462,0,570.564529061317,8.13385829329491,6.9858720600605,13.3692913353443,1573.79249855876,0,0.966050148010254,6.7881178855896,1606.0100980103,43.6392060220242,28.1612283289433,0.488798767328262,1.13830798864365,1.2693772315979,39.5135231018066,3050.63485997915
55.2237236201763,2005.07573470473,376.599566400051,276.125333994627,27.4737792909145,181.986521035433,1333.8660055995,197.260309636593,1244.83273297548,858.255640029907,12867.4252355993,605.373183757067,0,334.852793097496,52.5436869859695,351.918540000916,325.991949170828,725.948172062635,204.675364345312,468.516342997551,861.555653482676,1297.46550241113,1517.18910032511,1207.02544271946,19000.4328958988,975.824114948511,9346.17971923947,1620.84037786722,1439.4210627079,1060.19509711862,4072.95165431499,1359.76214247942,37.3465648293495,4016.78494465351,231.779736727476,5637.84011673927,10360.6463205814,12224.7705250084,3902.84019303322,816.053928762674,859.322767645121,18068.7152709961,261.254692852497,1558.69423148036,264.739442765713,205.03058347106,75.8145462870598,113.108157515526,1525.98189970851,0,966.708168655634,12.2923492789268,7.43974134325981,2.8328857421875,2.31237086653709,6.14125683903694,21.592843234539,47.6759136915207,9.61673864722252,5282.29759305716,28.2418328225613,4586.63394767046,65.1792299747467,10.5840147733688,52.4026792943478,16.5854098498821,283.890511959791,34.2422865629196,11.2212045788765,8.00247120857239,131.127605497837,28.1596002876759,209.165591567755,3570.94606074691,665.199764579535,4409.98813685775,64.4735674858093,169.324315160513,22.4661704301834,973.805890768766,90.2672782838345,0,821.462465882301,179.683686256409
14366.293654412,0.999060899019241,752.636548936367,349.600889056921,46.2615894079208,1658.16614021361,40474.5684609264,34358.4008824527,73.5447238683701,2500.14742432535,288.497370183468,1626.83907425404,334.852793097496,0,112.236561238766,4.57249647378922,1846.2834931612,122.651269614697,263.791790723801,873.715924113989,444.455783486366,36.0068203806877,1543.43169143796,298.807400345802,93.3675644397736,180.492587387562,127.23256239295,1203.29521226883,21726.3749590814,12164.3541397154,19.6434686481953,1232.83070717752,120.637912362814,712.321845456958,180.893569409847,1847.26706317067,300.855499535799,1407.36888734996,230.019078940153,318.306003779173,314.011356025934,93.027540743351,129.565131425858,10.3579337596893,70.3268371224403,20.9328506588936,76.8538823723793,11.9410155415535,6.98327067494392,0.588673114776611,3.41860204935074,2.14770048856735,19.7208005487919,1.44147258996964,0,6.8771448135376,3.51942229270935,58.1812233924866,1.01250958442688,100.388171344995,20.2747630476952,6.73435366153717,10.7580680251122,15.2848549485207,30.3295450210571,0,0.567918062210083,0,0.513662576675415,9.42866012454033,6.27038776874542,1.85864800214767,358.593987196684,5.73435699939728,4.80832093954086,25.8188580870628,150.512306690216,9.36829948425293,33.9500113129616,0,0,0.595475316047668,29.4420807957649,47.354718118906
9.34909278154373,19.0734387636185,40.9198818206787,315.910625398159,5426.33733123541,5201.87924727798,339.886207044125,1094.89800730348,4263.88792133331,253.050927340984,24.5638855993748,7090.67143011093,52.5436869859695,112.236561238766,0,17.8017594218254,53.9721345603466,16.4495441615582,20.0822049081326,466.141894757748,152.624511778355,40.7207054793835,144.993043363094,1851.94491013885,25.6422115564346,12.1770203411579,78.8005276620388,500.217373490334,138.939409434795,237.193824261427,0.963164895772934,512.006416678429,7.12969499826431,83.9433088898659,6274.79131549597,385.940799146891,67.2197083830833,168.775071144104,47.0821509361267,17429.3171755672,115.695963591337,12.4625393748283,67.0324895083904,40.8840002417564,27.0365781188011,115.203349947929,68.3423136174679,6.49416518211365,0.521726012229919,1.0784550011158,0,3.42696419358253,101.347293883562,6.69021242856979,2.30424356460571,4.15681886672974,2.10766613483429,120.269563138485,51.911893337965,16.19591614604,49.1518974304199,0,12.59268912673,26.99905616045,38.0889071822166,1.50564563274384,2.49932533502579,1.85954588651657,41.4147771894932,7.51384878158569,3.02560511231422,46.7361264228821,214.153492927551,0.882408559322357,10.0237203836441,54.359994828701,183.280420064926,8.40039169788361,9.06201964616776,0,0,1.36759805679321,15.3271547853947,662.656692802906
0,662.01178252697,214.45338049531,0.371723115444183,58.4070411920547,4.79300627112389,43.3122530281544,3.48883479833603,259.62162488699,6.43798384070396,6.11053261160851,0,351.918540000916,4.57249647378922,17.8017594218254,0,50.8094033300877,0,11.3511965274811,0,13885.1465629935,6182.0192348063,9236.39095461369,10775.3629725575,344.61016190052,36.8017339110374,14560.0786835849,3191.76050040126,43.468660980463,78.8702404499054,5.72821563482285,6.16547387838364,16.8237460255623,60.0265421271324,541.300944924355,5458.41721478105,3004.5273141861,784.831523895264,475.656900912523,90.695010304451,102.709802389145,33.7224868237972,1097.32540282607,124.292940050364,415.794638216496,184.730092763901,175.357681959867,31.6740670800209,28.1225088238716,4.72897911071777,42.1331347227097,336.420932471752,1.06569799780846,13.7897300720215,1.22416803240776,11.5944624245167,10.9145384430885,426.394149243832,1.57989400625229,199.72237727046,2.65976196527481,2.87178829312325,32.4208535254002,30.6716940104961,9948.18079251051,74.515374392271,2.2887955904007,5.53220620751381,7.43663275241852,337.699971854687,2273.34307992458,3011.37830850482,1342.65463337302,5.95735874772072,26.7935381829739,4469.97686305642,514.667011737823,17.1822307109833,87.8329279720783,0.629400253295898,0.794655203819275,1.05014872550964,236.021657317877,230.955489993095
824.135364800692,43.7292504906654,32036.9295953512,7.73683962225914,85.6896028220654,139.333999335766,858.46046385169,1144.274854213,9.65661260485649,44.3071627914906,1408.50540032983,37.8794709146023,325.991949170828,1846.2834931612,53.9721345603466,50.8094033300877,0,421.68126347661,12059.716098547,28.4417091608047,2814.43836799264,31.310923576355,20300.0330695808,84.5136479735374,23.4086782038212,6326.13578405976,6175.1142975688,292.467042952776,3698.7659829855,8671.15324899554,7.91994327306747,130.504185855389,778.81441667676,18433.7836801708,716.782782971859,7603.95706287026,10193.0625465214,10033.7678741813,1855.30379632115,163.85466787219,472.285144358873,38.2388255894184,231.290458917618,152.677386671305,65.0085940063,87.2819345891476,10.9069531857967,4.55698192119598,1.42294299602509,0,49.0049256086349,150.766870945692,0,1.60814833641052,0,0,0,4.84410256147385,0,16.0069364607334,1.43771874904633,3.2678507566452,0.509069085121155,3.8757392168045,39.4600938260555,112.997197806835,12.716049939394,16.9265627563,0,3.97236612439156,27.9552780389786,72.0636788010597,26.2339859008789,18.3309769630432,186.506897181273,1584.51860055327,9.59494876861572,0.751471221446991,1.56127738952637,8.78395876288414,0,0,125.618827998638,422.85972687602
15.511138021946,18.245925962925,92.4295175671577,6.67019385099411,6.43297696113586,12.5731547772884,168.814996480942,35.5104523301125,12.2264031171799,140.403868168592,18323.9026228189,143.031892687082,725.948172062635,122.651269614697,16.4495441615582,0,421.68126347661,0,1768.20073199272,74.6082530915737,27.1341144442558,5.43415051698685,81.8130870759487,18.3793600797653,209.864819169044,8790.85877716541,1591.82343924046,37.8191294372082,1587.76203364134,210.00792080164,901.309712707996,867.307514637709,19.0255848765373,1914.37533262372,65.9576714038849,920.613927930593,3366.94526895881,2078.3410885334,598.93361774087,50.9254751801491,28.3890942931175,203.453848510981,100.457438766956,921.705422997475,120.021124184132,84.4392282068729,1.4939686357975,2.08897936344147,101.427615731955,0,145.223578959703,3.72870707511902,0.40899533033371,0,0,0,5.10902389883995,2.07447445392609,0,2024.49520030618,1.46277564764023,1412.36499854922,23.4013353586197,6.10120195150375,1.28006446361542,4.20348861813545,390.980235010386,45.5121143460274,0.755509197711945,0,20.3781468868256,0,1.89569792151451,415.722769916058,946.26262781024,2000.88695582747,0,61.3323319852352,0.389431864023209,1093.76965898275,10.8364301323891,0,233.11004498601,53.3908177912235
103.788866043091,12.322295665741,762.347846865654,5.89695689082146,11.4542370736599,21.301164329052,317.491590455174,107.328102201223,15.6237355470657,174.073889911175,4844.52760991454,161.317759126425,204.675364345312,263.791790723801,20.0822049081326,11.3511965274811,12059.716098547,1768.20073199272,0,101.411523193121,317.996548265219,5.7737443447113,1049.15594160557,40.4605141878128,36.5897810161114,5350.76100713015,1389.22673565149,85.2756515443325,2102.47528237104,872.582866996527,44.4729180037975,479.43539467454,82.7778122127056,12341.4940188527,285.234126955271,4803.97308084369,7699.02947613597,6647.02203992009,2433.24204304814,78.1216097176075,137.977577388287,39.9615177512169,87.0042074322701,200.078746199608,31.6542370319366,51.0937772989273,2.16781342029572,2.02080351114273,7.63163679838181,0,30.0101201534271,36.8669057190418,0.913028717041016,0,0,0,0.761536419391632,2.55460524559021,1.02047324180603,177.341170817614,2.20697119832039,128.065569609404,3.56809490919113,1.77727335691452,1.06190714240074,45.042143702507,154.256409585476,80.754966378212,0,1.24801766872406,7.65304517745972,9.10658621788025,0.749764084815979,66.0934088230133,562.644119054079,1526.80046513677,0.440404772758484,12.7928205728531,0.563848733901978,146.064503699541,2.0049147605896,0,58.7309867739677,272.603744804859
104.850742548704,6.96270945668221,14.8006322681904,12182.4937393367,77.4347748160362,1053.3824133873,797.903074532747,1050.63424181938,1552.79069754481,6094.01255822182,179.014519780874,22667.9578773379,468.516342997551,873.715924113989,466.141894757748,0,28.4417091608047,74.6082530915737,101.411523193121,0,24.7371857762337,20.2779577970505,40.8667017221451,3613.9290792048,120.697751611471,35.7014837861061,49.3181877732277,6551.43810459971,1126.23861226439,116.920760422945,5.12526801228523,457.430213242769,5.65091687440872,288.494833022356,224.495471030474,2446.15425738692,174.178032577038,582.789926469326,129.453285098076,1228.30417641997,457.187389105558,49.4975825250149,786.344006419182,14.4434238374233,430.711210072041,70.1989350020885,793.775897830725,83.340363830328,12.9896246492863,3.63285273313522,0,0,1371.02876001596,37.993650585413,24.6316227912903,152.554744303226,224.680482536554,615.931041359901,829.659845560789,241.784664720297,520.355115771294,2.33150106668472,260.359246134758,396.245579957962,22.7461495101452,0,0,0,430.067967444658,10.529784142971,16.4432388544083,7.13565137982368,3959.03262528777,2.72927123308182,0.372599989175797,0,2735.31139582396,164.192210033536,32.5428656935692,0,0.916415750980377,2.93375331163406,201.988952696323,74.0948377549648
141.108710080385,82.9472614526749,4417.00077587366,4.67355838418007,588.667895227671,101.9077796489,5481.29784163833,423.820034474134,354.359123587608,42.1322943270206,63.2167713046074,33.538900822401,861.555653482676,444.455783486366,152.624511778355,13885.1465629935,2814.43836799264,27.1341144442558,317.996548265219,24.7371857762337,0,638.235891729593,56601.8422214091,4981.7081669867,368.751393526793,221.486724078655,1599.70186057687,13898.2278531194,949.972788661718,21018.4680994451,1.8746258020401,51.2233296185732,341.840629994869,5670.93213891983,3740.05932018161,22721.9946912825,2427.02362889051,17855.0509306192,4918.16771286726,695.538323283195,1381.69573128223,73.4812565147877,678.361880242825,104.268286257982,216.259366393089,208.421479970217,334.966581791639,50.1636718809605,13.8448594808578,25.7226426005363,10.0792184174061,37.098415851593,0,31.2933396697044,1.18738996982574,30.2484150230885,36.6618854105473,299.290005475283,1.44452437758446,427.829172819853,7.54557758569717,3.00867640972137,124.740140169859,28.6152498424053,4767.36897605658,44.8124259710312,1.13532721996307,5.64623725414276,6.29112231731415,886.56082868576,1105.46421855688,1116.62442758679,2851.5292815268,5.42621791362762,7.42617902159691,452.384679794312,1354.67633938789,89.956935852766,673.611243367195,0,4.70868098735809,7.05102300643921,116.887040227652,1465.6757247746
7.84772115945816,2946.919726789,96.8733868896961,13.7926155030727,5.6613637804985,43.6782129704952,129.893721908331,29.0362605452538,10070.1407511234,10.6636488735676,48.0243645906448,28.6008257865906,1297.46550241113,36.0068203806877,40.7207054793835,6182.0192348063,31.310923576355,5.43415051698685,5.7737443447113,20.2779577970505,638.235891729593,0,714.831709563732,21011.2087039649,1014.08522596955,100.02933678031,8811.33782678843,2678.5642387867,37.9660122394562,75.2583086490631,42.9390753805637,30.0026786029339,3.93426406383514,47.7178416848183,42.5879787802696,478.571792691946,177.082773298025,151.828746527433,44.9026594460011,161.675276517868,19.5607877373695,26.675252199173,454.934826225042,62.1801042556763,158.15763515234,65.8920583128929,43.5721657276154,16.2120877802372,13.2020560503006,3.23002016544342,292.226089954376,71.394043058157,4.68980032205582,4.14913195371628,0,7.73744997382164,9.68078488111496,336.069677680731,4.67133465409279,44.1876331269741,2.51398539543152,14.8793407976627,23.6280691623688,15.614023655653,1973.72695356607,67.5182026922703,6.91886526346207,4.88197487592697,2.52663695812225,66.9176694452763,1251.43164327741,433.806820213795,767.85453671217,19.0585153102875,31.2424511611462,1990.94267603755,209.991039633751,18.5767283737659,41.4749970138073,5.47081941366196,0,0,114.646560311317,50.6905698478222
462.57911619544,113.097312629223,23229.1602698863,9.45362338423729,700.011072903872,219.917401820421,3861.53445693851,1243.50113022327,146.818095445633,55.3842126131058,134.424041837454,27.9952912628651,1517.18910032511,1543.43169143796,144.993043363094,9236.39095461369,20300.0330695808,81.8130870759487,1049.15594160557,40.8667017221451,56601.8422214091,714.831709563732,0,1157.25566038489,437.165717750788,1517.20755058527,30438.9165058732,2961.8144402504,1969.2095733881,14992.2136346996,2.51914662122726,97.0329083502293,414.716099977493,10579.9447847903,6819.36226555705,47706.9291750491,25875.0520164371,32906.0165355206,9934.70010408759,1158.6321439147,1955.66847518086,149.975999444723,2028.94588896632,267.659706115723,631.100247442722,520.376702278852,261.10336342454,80.5900829434395,49.4840786159039,3.99831247329712,42.5990397632122,713.436885386705,0.413853973150253,41.7054526805878,0,15.5210928320885,13.9204366803169,280.224277049303,4.4080708026886,466.549322515726,1.58578944206238,23.0962291955948,71.0740106701851,51.9772651195526,9154.06764999032,174.845740109682,5.93113133311272,27.8560318946838,18.7279340624809,385.359392225742,1453.05969887972,3557.59880366921,1350.56499049067,11.2924323678017,49.7172677516937,7881.84015867114,609.615298420191,33.168804705143,96.2745595574379,3.38096910715103,3.88779515028,1.80123859643936,421.374772191048,3515.11232742667
63.2307265996933,2855.47258847952,77.3549561202526,5760.72210268676,38.8869570791721,552.835462391376,6790.00028789043,438.286306530237,41990.5364078581,638.002381801605,67.4459565877914,1022.24033752084,1207.02544271946,298.807400345802,1851.94491013885,10775.3629725575,84.5136479735374,18.3793600797653,40.4605141878128,3613.9290792048,4981.7081669867,21011.2087039649,1157.25566038489,0,1172.45791214705,89.8120682835579,8632.23839265108,28844.4355072528,495.028593450785,248.539554297924,20.3364666700363,255.897085666656,47.6120070517063,232.509027600288,214.368438094854,3044.52772215009,361.587681025267,513.27821752429,129.787869662046,1761.48252522945,244.856729090214,31.7442607283592,3529.8875310421,116.551189035177,2400.6999117136,420.625869065523,1567.63065639138,324.969596534967,31.6634786128998,58.8473635613918,85.089861959219,42.8814623653889,1464.49166202545,77.1874644458294,54.4067803919315,627.582221001387,983.771516919136,5228.69931071997,1503.82103252411,701.446829050779,293.616905659437,6.99436151981354,1293.27735829353,466.650920599699,3507.90531075001,37.8247492313385,0.785145878791809,3.39291480183601,616.673799976707,554.679057240486,1728.26830878854,822.030306607485,21723.6225768626,13.0550194680691,11.0464672148228,1032.50888460875,9354.95268082619,1046.36414755881,979.765520721674,0.352539747953415,34.4905605316162,44.715422719717,1187.93111982942,190.609938174486
18.0587474107742,2264.85891729593,45.8524116277695,54.3021733164787,14.4457680881023,106.219125747681,247.087057799101,89.8644399940968,1050.6092698276,94.2197030186653,2691.53525772691,159.839017391205,19000.4328958988,93.3675644397736,25.6422115564346,344.61016190052,23.4086782038212,209.864819169044,36.5897810161114,120.697751611471,368.751393526793,1014.08522596955,437.165717750788,1172.45791214705,0,917.04035910964,13852.6960787773,1025.7382940352,183.02392783761,205.305814504623,1609.10574823618,240.641272038221,17.1695570647717,535.397701114416,16.6518539488316,870.303820669651,2096.48951488733,1403.71656492352,314.942829817533,812.095839112997,143.805690318346,1780.0622806251,248.71129822731,240.865193784237,226.581055223942,72.966578990221,451.968763440847,34.1487853229046,475.802897274494,4.32278218865395,724.645742803812,10.5710758566856,5.56854993104935,2.59893071651459,2.74454507231712,7.96187967061996,31.9288468360901,34.8747837543488,15.4622050821781,1414.945302248,37.2476739883423,1454.28538134694,82.8974512517452,33.4993844926357,96.5283240973949,12.9280155301094,235.502391636372,30.9404387176037,21.3662605583668,20.9946349263191,69.2544866204262,53.6387414038181,192.653551965952,2768.63208916783,417.643193781376,3815.34637117386,142.789068520069,155.727485001087,57.5084413588047,223.249569088221,75.363139718771,4.64112257957458,564.230332136154,32.6486931443214
55.2870042026043,359.561267018318,16638.4173859954,1.69865846633911,13.0238450169563,10.3795386850834,147.750040799379,79.6189115047455,98.6111431419849,55.4738906919956,6606.76836228371,55.4231472015381,975.824114948511,180.492587387562,12.1770203411579,36.8017339110374,6326.13578405976,8790.85877716541,5350.76100713015,35.7014837861061,221.486724078655,100.02933678031,1517.20755058527,89.8120682835579,917.04035910964,0,42736.7529095709,232.335637629032,812.949220478535,604.878184109926,3761.87503683567,284.10465195775,44.925931841135,2832.18992960453,334.794009715319,6303.82293248177,16392.1589789689,4330.08612558246,1833.68080809712,54.7756449282169,79.857362806797,147.554956078529,907.49002751708,2877.44824555516,684.046914696693,523.922514766455,11.9265258312225,18.3490636348724,61.0502446591854,0,1193.94047653675,688.466996610165,0,1.51086986064911,0,1.54505798220634,19.4994595944881,22.5283936560154,0,2882.58219015598,3.08727389574051,2082.42635378242,81.5417506992817,13.877114802599,15.0026208460331,852.226032018661,2657.67069029808,1390.86838459969,2.28852117061615,3.46930688619614,95.0634616315365,78.734497487545,23.6026827991009,1393.10588690639,8812.96926116943,34754.9331190884,1.61650145053864,172.796640336514,2.35091596841812,2041.55999562144,20.3166320323944,0,1029.6567953527,296.330626934767
39.1451062560081,18087.6097530723,49214.672013551,15.1503680348396,121.806608527899,44.255333930254,255.094195574522,65.5236056149006,2900.7016056776,28.760597974062,1456.78010800481,39.8576539158821,9346.17971923947,127.23256239295,78.8005276620388,14560.0786835849,6175.1142975688,1591.82343924046,1389.22673565149,49.3181877732277,1599.70186057687,8811.33782678843,30438.9165058732,8632.23839265108,13852.6960787773,42736.7529095709,0,2042.43462464213,529.398359984159,788.202977776527,3221.04879173636,145.581318318844,56.9891432523727,5598.67915707827,2503.54314759374,27772.3017174304,18505.6034804881,15786.2409300506,5082.56476324797,407.776416271925,668.074918210506,121.967095136642,8922.22488063574,3442.80997139215,3107.33797743917,2190.79311415553,272.201689630747,145.59931203723,126.345049262047,0,7098.07102057338,4779.1299392581,0,45.0029609203339,0,63.8159874379635,21.8266827464104,237.201094776392,2.73233318328857,2276.10548746586,4.95293435454369,1640.10681858659,87.6603276729584,65.6775416433811,3933.19142827392,2720.88923227787,2201.06454202533,1337.86160749197,1.11334627866745,266.405570477247,2557.01900544763,4699.42244693637,715.523378074169,2416.04260703921,9028.38155138493,96004.6752583981,235.926473915577,144.669420093298,62.8255754709244,1615.24403399229,12.2479236721992,0,3525.72895720601,1750.79207742214
300.761127859354,367.93006503582,505.15901350975,27836.9752613306,265.151080310345,3274.9245365411,81148.6311042607,1748.1827916652,6225.08420479298,17926.9915035069,182.922686636448,1212.97236305475,1620.84037786722,1203.29521226883,500.217373490334,3191.76050040126,292.467042952776,37.8191294372082,85.2756515443325,6551.43810459971,13898.2278531194,2678.5642387867,2961.8144402504,28844.4355072528,1025.7382940352,232.335637629032,2042.43462464213,0,2534.8325740099,36718.3508363962,4.28874030709267,853.822122037411,348.598543316126,936.771901071072,1803.94568875432,15243.030708462,937.197268813848,3201.62338256836,809.151001483202,2941.37131437659,1352.64613687992,114.548115670681,3376.09935975075,137.556493937969,2287.50796499848,527.789259672165,2128.12865331769,368.295545458794,68.4567753076553,104.641631871462,22.4369028508663,29.2203658521175,922.640305221081,75.4733558893204,35.1069838404655,579.327103227377,680.092838466167,3308.50063121319,978.962848752737,1634.30022719502,360.651605635881,7.38590577244759,941.660090118647,562.012378364801,2373.45493924618,87.7527757585049,0,2.9810876250267,481.589390695095,1004.00847691298,891.86612033844,966.522984802723,18661.512296319,6.13800248503685,1.71446490287781,402.590511769056,9122.19322907925,770.106519311666,2650.47008314729,0,14.2031824290752,64.8230762183666,1196.10038408637,639.725956529379
14129.4731948972,9.02930480241776,640.292897611856,556.436310783029,102.511921793222,520.099180519581,7873.15836523473,2222.62780794501,60.590255856514,2308.41775110364,4016.91147887707,1495.55838361382,1439.4210627079,21726.3749590814,138.939409434795,43.468660980463,3698.7659829855,1587.76203364134,2102.47528237104,1126.23861226439,949.972788661718,37.9660122394562,1969.2095733881,495.028593450785,183.02392783761,812.949220478535,529.398359984159,2534.8325740099,0,25851.5951679945,153.74154534936,3082.57970878482,14132.806052804,7916.36721232533,611.266463220119,3109.34641724825,1540.41263249516,6670.62462428212,734.348653376102,496.860490471125,1024.30058047175,450.149832367897,171.963308393955,39.4950745999813,73.5694956481457,33.5229504704475,84.9207164645195,11.4142660796642,50.7724277675152,1.64489495754242,18.3405164182186,5.76635122299194,10.0101636648178,6.79699963331223,0,5.86955332756042,5.73980015516281,64.6587971746922,3.70248889923096,188.779303222895,20.5535824000835,43.368968129158,7.51948830485344,19.2823114991188,220.613984853029,3.57505851984024,9.89638742804527,4.12995541095734,1.50888687372208,33.0104133486748,82.6946693658829,30.95146048069,536.366131842136,32.9273977279663,30.9521240890026,137.042096465826,255.769013434649,14.8529160618782,37.68341755867,16.3419187068939,0.611430048942566,0.36438375711441,49.2186583578587,259.049606025219
6343.1951752007,9.52990862727165,3293.5457970202,83.6444422602654,339.050483494997,660.005691975355,26302.3369119167,4770.32917848229,94.4058358967304,197.099867865443,388.649964883924,117.848061412573,1060.19509711862,12164.3541397154,237.193824261427,78.8702404499054,8671.15324899554,210.00792080164,872.582866996527,116.920760422945,21018.4680994451,75.2583086490631,14992.2136346996,248.539554297924,205.305814504623,604.878184109926,788.202977776527,36718.3508363962,25851.5951679945,0,19.0591285228729,442.092741936445,3746.85712432861,10284.3057979345,2693.00554072857,10227.0903064013,1302.57176804543,13546.5850796103,2032.84569892287,863.241085499525,1618.26267901063,150.306958466768,337.565249174833,47.2453422546387,113.402098834515,114.70314887166,146.823253214359,32.5242340564728,15.2783086001873,4.11870822310448,7.92820590734482,10.6409019827843,0,17.2202115952969,0,9.71199607849121,13.2740024626255,91.5232530236244,0,274.458622217178,3.9748221039772,2.59792631864548,31.3867746889591,24.4971885681152,341.37760913372,12.3286208212376,0,1.59170812368393,1.90414762496948,111.779893040657,94.7758940756321,82.0645693540573,773.355484127998,5.43885490298271,3.60867959260941,145.944323420525,433.890202522278,36.5932908952236,158.474657028913,0,1.23955354094505,6.86656957864761,68.0291796922684,942.139868706465
