0,0,0.0030907819149362,0.000244958244538951,3.64324520626545e-05,0.000967714519791099,1.03732896015033,0.0243870922637925,0.000317859103234923,0.00775333705812053,0.000906536845694444,0.000659721555865216,0,0.512842870337162,0.000187929828149295,0.000196263274635708,0.0407868364028002,0.00129290344978061,0.00782212501007604,9.96734357094286e-05,0.0159026262491347,3.14859668209434e-05,0.00965971063091541,0.00314039561923391,0,0.0319479180261691,0.00211581572338796,0.0114236168506592,0.468970821240432,0.955594812597039,0,0.000401177798256159,0.00150153552667754,0.018676841728638,0.000135539503136516,0.00152372587266732,0.00050273771531719,0.00966688527394268,0.00211882336527543,0.000118690519757986,6.25953114542246e-05,2.73722295367837e-05,2.79418209937096e-05,0,0.000195538182754231,0.000112539974816894,0,4.27388959214687e-05,0,0,0,0,0,0,0,0.000343662163142633,3.31591242915869e-05,0.000168016344199824,0.000118914110081422,0,0,0,0,0,0,0,0,0,3.60067313216925e-05,0,0,0,0.00080853152756572,0,3.12583349378228e-05,8.42865720129847e-05,0.00082016424792328,3.62611713085413e-05,0,0,0,0,7.08820524436952e-05,0.000109055596673274
0,0,0.00437895419582191,0.000217591075865436,0.000313769789387464,0,7.24599742411968e-05,0,0.199974030073816,6.31707397874356e-05,0.00284418251402554,0.000330685954519916,0.022542002492215,0.000168575570639646,0.00180995025158066,0.0241002989268167,0.00343296470993445,0.000371126350221896,0.00299048968015525,5.23736638035774e-05,0.00856568866286622,0.504518646736089,0.00410347968193835,0.322895873784469,0.39131737778973,0.0229703690097081,1.22069576229358,0.0220029287203331,0.000111197596040618,4.89605991588592e-05,0.013739747645447,0.000144057168821096,0,0.0024577716876841,7.66956881875875e-05,0.00670210105432828,0.0120986284573537,0.00660675360594974,0.00315448582180742,0.0033137387516816,0,0.0367027624846625,0.0128082481577472,0.00771470004326275,0.00492331508910247,0.00760591331832111,0.000182383661021602,0,0.00378895957814903,0,0.241846770939531,0.0163279128024246,2.39769670501351e-05,0.000104865155745744,0,0.00114327385732653,8.44760051796913e-05,0.000859937182245603,0.00010460053530705,0.00773825193974496,5.41121133315802e-05,0.0263268384986879,0.000401817176353943,8.58138096738341e-05,0.00761329485061326,0.007587633576673,0.000681115139928103,0.00294308938100642,0,0.000971305845112421,0.0219050722184304,0.00522745187446444,0.00252961067953067,0.0137850392047269,0.0389315335679539,0.480015613767248,0.0025981713079109,0.000209361032064831,0.0012489111984572,0.015284749030748,5.02198459677219e-05,0,0.000893476492092726,0.000947594930979062
0.0030907819149362,0.00437895419582191,0,6.14830394133926e-05,0.000270230480083251,0.000644014706347335,0.215540525254977,0.0171761818844111,0.0017252711637945,0.00185641249570825,0.00321457945395839,0.00132130394270583,0,0.0370509909600753,0.00840293462862192,0.0111519423739438,0.618816396003107,0.00675097386124696,0.0564955954726909,0.000108763792708337,0.523921432540629,0.00825240147807118,4.0618004117281,0.0175182785419645,0.000110752686804819,3.17532469589755,1.84325110901003,0.307063445458897,0.0265569765095538,0.116475953116871,0,0.000791209249653636,0.0155308391112452,0.217131143843982,0.0562724173946344,0.392473842165307,0.146083214085632,0.26644625586237,0.20241492828757,0.00321760952681671,0.00142618271852869,0.00410431140220299,0.0431538114215316,0.0122616436367568,0.0193060409203103,0.0237708073423201,0.000472381547944593,0.000129049450403285,6.99696666746378e-05,0.000318046181097257,0.00769520099430813,0.189675110874598,0,0.000501215771323514,0,0.0124034021040145,0.000344602456017638,0.00029030421072067,0.000130390780513323,0.000690103205827415,0,0.000327184093012762,0.00197609864645866,0.000582795473607636,0.0297519223245379,0.0268649197562133,0.000125535013290596,0.0035209811948042,0,0.00622867571015091,0.0370827799536872,0.0666344135073746,0.00672005197409318,4.01688037301302e-05,0.0249230716984516,0.664798805925715,0.0188752985236133,0.00563814069379186,0.00859357463818808,5.90684413546085e-05,4.34116446763039e-05,0.000675251902271116,0.00707051105068387,0.0241340465814774
0.000244958244538951,0.000217591075865436,6.14830394133926e-05,0,0.00166576566351956,0.0182234618011095,0.0144683067363047,0.0183236770428152,0.0810863792321299,1.13656545500036,0.00269187073115387,0.269986260194124,0.000285924173034501,0.019750545935124,0.00721389409070533,5.06547698035955e-05,0.000188729322900414,0.00123622177698014,0.000697399192122471,1.97510321324889,2.94541382313132e-05,0.00025681228800354,0,0.176659210429794,0.00014765111580801,0.00149188157659259,0.000749956332668521,1.37884669722385,0.0121601116016337,0.000177256138235092,0,0.00177743421137335,0.000219428859254241,0.0105086456621048,0.00357558653361987,0.0294535562467187,0.000936831032697666,0.0114863696550038,0.00299896218188226,0.0287712687482716,0.00308352913159284,0.00111617167193023,0.00955019642732793,0.00018889198781271,0.00315775556733462,0.000324627037840104,0.0169672171559019,0.000952408954993484,0.000337952769017541,3.36447427507758e-05,0,0,0.0360737721264822,0.00247244335681102,0.00192967323778138,0.012368944665902,0.00349633023737841,0.0150192535471915,0.0381584594908206,0.000169169342242706,0.0276075400057845,0,0.00343722985994216,0.0127737161783412,0.00024206274492172,0,0,0,0.015773773889259,0.00010722196180811,0.000283712850536776,0.000121439988406801,0.116116259032358,0,0.000176553282272541,0.00014446447917757,0.0591386583114636,0.00519075912875999,0.000279228671903765,0,0,0.00040239790884099,0.00307433930021186,0.000605036535194063
3.64324520626545e-05,0.000313769789387464,0.000270230480083251,0.00166576566351956,0,0.15925345588307,0.00371061177712488,0.0064522815601395,0.0429836900329627,0.0177566525278873,0.00369351478418088,0.118235309498891,0.000219697393315339,0.00122811641749799,0.511285613657233,0.000472351518338179,0.000119774739976931,0.00151443333072024,0.000464731473202014,0.00862215374623907,0.00600142091692317,0.00135478173359673,0.00861898007322071,0.0259289726505804,0.000141484907987976,0.000813818718176414,0.00192828570763153,0.0118234153696715,0.00132950836339556,0.00080338488339901,0.00019906894969759,0.0712513251567921,0.000115596434215116,0.0653176587018833,0.038737986846431,0.034719136897851,0.00172845810453815,0.00376484019593168,0.00229754074860497,0.912948592134963,0.754750247926855,0.00305950102109025,0.00230171613487997,0.00166210574913423,0.000502043366135168,0.00331422495319922,0.0032807033511302,7.87626869455339e-05,0.000336927691477132,0.000135509834271288,0,0.000570806439532792,0.00062650623145256,0.0003676892962883,0.000198945609769249,0.000694599708386063,0.000285005180668139,0.000762792345101776,0.00192208255110524,0,0.00398001768884725,0,0.000217210691063309,0.00243472710656552,0.000509633067065048,0,0.00016228825655036,0.000128135797845411,0.00110897910509964,0.000798611597970629,0,0.00250635417764657,0.00492304401097707,0,0.000172497773229956,0.00060413402366631,0.00466545664746445,0.000281225217069125,0.000197154372480118,0,0.00010636257563076,0,6.9956461869359e-05,0.0838313465083803
0.000967714519791099,0,0.000644014706347335,0.0182234618011095,0.15925345588307,0,0.190842171695333,0.793012754934649,0.0120409663718053,2.85573418129793,0.0129766367386125,0.744941517712635,0.000460295048732185,0.087213305080304,0.303954732118901,4.69196933142662e-05,0.00194138819035073,0.00637714828397574,0.00360848045021966,0.045543006385906,0.00125876219712309,9.7429910768843e-05,0.00154093866143475,0.0113627414231459,0,0.00636280685662607,0.00279797555301247,0.0926576698791501,0.0298749215621912,0.00312312575156311,0.000610675014313424,0.0359987016486474,0.000403546129160488,0.0177163718587348,0.43976796211458,0.0952943504659817,0.00372323564647537,0.0195143411677494,0.00652037293554586,0.396207278565807,0.0937890993176708,0.00371409756887059,0.00231764258140025,0.000187106138570714,0.000644870587882114,0.000164253356409884,0.0020051420389029,0.00025811339337399,0.000257676053411102,2.60287349796295e-05,5.21143705893755e-05,0,0.00115936408873465,0.000299999765589977,0.000279283538121378,0.00240395653565802,0.000493168413571036,0.00197044254764916,0.0047404526951642,0,0.00330012925351728,0,0.000373443097233939,0.00161617362676367,0.000145508321551657,0,4.57542224351406e-05,0,0.0004092000844962,0,0,7.29078302291272e-05,0.0146695372849417,0,0,0,0.0100333418127313,0.000572631135566938,0,7.79713634017467e-05,0,4.28552517326594e-05,0.00113578265761646,0.0250241762993131
1.03732896015033,7.24599742411968e-05,0.215540525254977,0.0144683067363047,0.00371061177712488,0.190842171695333,0,1.23351783186816,0.0721492101284968,2.1317796910772,0.0372549096513594,0.0178264382333357,0.00161492179402512,3.17248891850425,0.0271788807761815,0.00127283996251501,0.209897576348879,0.024042569676293,0.0412774202546831,0.010180971529456,0.265243996206977,0.000928684414491021,0.191837799420113,0.272843590828824,0,0.404560360501192,0.0287971265149997,5.06226618100133,0.69616760124931,1.13560137774586,0.00138205957897736,0.0202072279826036,0.0492350034794835,0.256541280076913,0.0738771977384397,0.253534136780948,0.017354120486245,0.277030551419769,0.0903916819330606,0.0431718343133578,0.0287342154732116,0.00576183664641818,0.0292291587103478,0.00100316535733428,0.00951347300394134,0.00208507591615323,0.0111385175857535,0.00171315402045727,0.00065604325836072,0.000346319705708957,0.000150136761004472,0.000691077146207356,0.0144479241566814,0.00156032299469212,0.00133629984475247,0.0340023180303215,0.00727734055420958,0.025751376530556,0.0551811945097311,0.000130740340820026,0.00779454961613676,0.000268255539539743,0.00779107862946104,0.00629368847413342,0.00281109024220668,0.000196883199974763,0,0,0.00759155305482846,0.000363817008113622,0.00180284126764397,0.00397961222414335,0.16741519651544,0,0.000312270569991184,0.00581860353383721,0.144090416104661,0.0114484413791262,0.00096826435227876,0,0.000586776279862034,0.000461028418784952,0.00930627625749874,0.0101022536121696
0.0243870922637925,0,0.0171761818844111,0.0183236770428152,0.0064522815601395,0.793012754934649,1.23351783186816,0,0.0186305870323377,1.58606654392754,0.0667692865621431,0.337034127306294,0.00367759142703134,2.00871543323121,0.0139406464611033,0.000105912022473264,0.0503445763331155,0.027162812703091,0.0180327134685156,0.0584360538358557,0.0281497967104077,0.000115821146611428,0.0147587537460045,0.0269122661665015,0.000107715820686603,0.0953826717037472,0.00661297083557695,0.144639656150422,0.0717044769826349,0.195035424432621,0.00259795406411554,0.0382202239838631,0.00190084777915489,0.0592434333490274,0.0561121793707662,0.32407967724334,0.0166557177226294,0.0739758924266834,0.023779597006859,0.266122246639952,0.0491566954438831,0.0222949853194535,0.00742403822267331,0.000782598288328459,0.00264255233336633,0.000604015151056147,0.00391759006331927,0.000751398521400068,0.00130345624735347,0,3.2565554032445e-05,0.000119544561932182,0.00208312560248767,0.000483687235443592,0.00041814535642364,0.00907553195605214,0.00165908043722064,0.00720047872582977,0.00936167329528077,0.000112639019245815,0.00450396314359648,0.000242779153846741,0.000656457810806238,0.00263741855423705,0.000874992120006813,0,0,0,0.00186069763119715,0.000163904200888347,0.000377708624761498,0.000336718509827817,0.0488460658331144,5.37135991875172e-05,0.00028013690705185,0.000874421058319822,0.034764468331616,0.0022836546479415,3.22504591903448e-05,0.000360045823948359,0.000132294661335159,6.6380589693737e-05,0.00334270021602727,0.00533211102392224
0.000317859103234923,0.199974030073816,0.0017252711637945,0.0810863792321299,0.0429836900329627,0.0120409663718053,0.0721492101284968,0.0186305870323377,0,0.0982629377114628,0.00317032419714231,0.221672229392814,0.00175196016630339,0.0190083432329891,0.184532803190272,0.0560145792572721,0.0016442607362701,0.00149718158400206,0.00127824975689034,0.0378446626982775,0.0310909983223003,0.482720778725548,0.0320599203707787,2.95703315450216,0.126155592408034,0.00827344118971182,0.452482652043604,0.671989827261362,0.0376424005850508,0.00217220198481163,0.00103306475505592,0.00307799981233695,0.00561958656862241,0.0160332773274845,0.016160858989116,0.0682385987879885,0.00719958903949016,0.0274075646393261,0.0123388746522807,0.270380829987766,0.00389609086807947,0.00299348295321792,0.0737611357488482,0.00522218071376587,0.0197135206867178,0.00862112641196891,0.0336372053300526,0.00413945957789099,0.000705799897964107,0.00162650045983274,0.00459112847851352,0.00142959605582663,0.0327850145089863,0.00371236734508056,0.00486403894681528,0.0839716474050702,0.0113720677447299,0.279498723303115,0.0882739946760091,0.00243130436063409,0.0361353457287119,0.00234737252724169,0.0231915253788042,0.0274801039996989,0.11598869025464,0.00119237868374787,0.00117664219472742,0.000882277210659647,0.0168996740525678,0.0236903500904313,0.120223237599688,0.0474009745297408,0.572507733425423,0.00201572202629401,0.00878799145277048,0.0361906324258323,0.312027451023334,0.0379465847051094,0.0342125242160656,0.000666657902073682,0.00159746095374558,0.00309422815518604,0.020603551142002,0.012422996835374
0.00775333705812053,6.31707397874356e-05,0.00185641249570825,1.13656545500036,0.0177566525278873,2.85573418129793,2.1317796910772,1.58606654392754,0.0982629377114628,0,0.103263556176157,1.1844932166816,0.00564622610135015,0.951031540991265,0.042249199639717,7.78216369335058e-05,0.0122912256912959,0.0568243444378985,0.0368661830385842,1.14371753073433,0.00137146484943627,0.00021687205576148,0.00269445436162635,0.107910215244293,0.000104468407555628,0.0573430938667879,0.015315261833202,1.04455393872708,0.331496619502316,0.0106264468688484,0.00465467464500911,0.0424601999866956,0.0021687984378617,0.183022134638464,0.0424680004821235,0.409516165189432,0.0158052356927125,0.162980349080237,0.0307624041192563,0.151251225808506,0.0369141832880775,0.0127707080897219,0.0182262024064313,0.000888732615460351,0.00483676379231222,0.00138137893796041,0.0236703193739856,0.00165406047822757,0.000554960358598387,0.000302181274506533,0,0,0.0188968180084475,0.00360396532125128,0.0020503761417596,0.0216373677404151,0.0042185406189333,0.018894569324069,0.0781803326122556,0,0.0439583254038699,0,0.00442729521360423,0.0205690035227876,0.00131620955777247,0,0,0,0.012161083973209,9.56952553152921e-05,0.000328962077257967,0.00065865714285419,0.138970252717294,3.90984342948675e-05,0,0.000205008026896965,0.11592635907914,0.00706036181763168,0.000339819107588029,0.00015764905358727,0,3.71448613746405e-05,0.00702025089608323,0.00396751321224538
0.000906536845694444,0.00284418251402554,0.00321457945395839,0.00269187073115387,0.00369351478418088,0.0129766367386125,0.0372549096513594,0.0667692865621431,0.00317032419714231,0.103263556176157,0,0.0782843549989888,0.652234312529574,0.133494014532371,0.00372988887377268,0.000632207733315539,0.0434074183437257,0.806392194071543,0.0942391813052315,0.0119347730299321,0.00446834000599561,0.000578544772123361,0.0206021672989626,0.00772794589963011,0.0896655605822277,0.37161135206324,0.0656488570619928,0.0230483284036334,0.162506073775294,0.00776067022382846,0.0836033212516777,0.326762148120433,0.000443738152458477,0.788767136335629,0.0140272474038506,0.197772987510708,0.241226083278846,0.626921359020202,0.101392469534373,0.0462318867881737,0.00711027647865323,0.403757621468259,0.00149812516129972,0.0156461048968005,0.00419022198279734,0.000796174589914323,0.000279502054997551,0.000329915079967785,0.034871534386117,0,0.00771529185805462,0.000778519748477933,0,0,0,0.00042981372304399,9.28167063391446e-05,0.00188379710370132,0.000471471236437356,0.0579176367922174,0.000107759944367266,0.188596670457229,8.92522709175228e-05,0.000163188368729758,0.000831089273772263,0.000168255947656727,0.001067357388977,0.000368129115298176,2.91214908137083e-05,5.02536256046057e-05,0.00477716293891351,0.000277272141744745,0.00528530722081136,0.0345871854104451,0.0693180429257605,0.12799076717665,0.00154509230466396,0.000100977498318672,0,0.121309120013346,0.000164616052309895,0,0.000823943469066598,0.0033271292128313
0.000659721555865216,0.000330685954519916,0.00132130394270583,0.269986260194124,0.118235309498891,0.744941517712635,0.0178264382333357,0.337034127306294,0.221672229392814,1.1844932166816,0.0782843549989888,0,0.0041234824241634,0.300256977830894,0.272754611597037,3.51037583807945e-05,0.00754954534563662,0.0437793974546516,0.0273467556217484,1.72156681512825,0.000486686494293153,0.00129587953100896,0.00172280513285137,0.0680136599175211,0.000189101465185904,0.0436958305193583,0.0154009168265686,0.250411944801654,0.135923239750692,0.00309221167277816,0.00318534151924553,0.0308182734658255,3.32310103622556e-05,0.0685296165468727,0.10703491753036,0.189282255209816,0.00729883483120477,0.0568451526312989,0.00703950251433609,0.672860291836192,0.00966163368764814,0.0144293140683894,0.00926727332943291,0.00134476156828787,0.00115132005525415,0.000446507847781706,0.0333107382290233,0.000462046728233457,0.000851533473023857,0.000128592208852517,8.60553804286003e-05,0,0.016442587914137,0.00546348903980608,0.00420935962571137,0.00516440137684528,0.00332706059020996,0.0134887388337088,0.0251483485876051,0.000889559864212142,0.0733963384454375,0,0.00275366075083001,0.0276605573262441,0.000630030729469144,0,0.000464998954402208,9.25153238567827e-05,0.0116810082876638,6.64269281574964e-05,0.000317705370861649,0.000323432661524772,0.0445462216236203,3.56152348520994e-05,0.000296498818519783,0.000236870896948123,0.0363800488977723,0.00174092300237883,0,0,0.000269164154305005,0.00026665642839222,0.00183494623907502,0.0103243053325003
0,0.022542002492215,0,0.000285924173034501,0.000219697393315339,0.000460295048732185,0.00161492179402512,0.00367759142703134,0.00175196016630339,0.00564622610135015,0.652234312529574,0.0041234824241634,0,0.00593060691872372,0.000211503765498543,9.03337247549299e-05,0,0.00356435983166198,0.000226349238470554,0.000599378292910767,0.000125049703139281,0.00547780246147518,0.000242924528350091,0.00206612961497845,0.397459710323489,0.0238948870774272,0.107654570633562,0.00161642356797236,0.00391283293574029,0.000114592401308787,0.121179026355634,0.0159289438434245,0,0.0233335880809164,0.00100487892201244,0.0179646109646631,0.120139034088334,0.0684848089953006,0.00682227193426891,0.00319876683386633,0.000722071869523406,0.441818146746814,0.00254905181064887,0.0331810249917669,0.00525913991507494,0.00147221666009903,5.93630955943823e-05,0.000357415058025777,0.046312027435141,0,0.0111927047751984,6.13026541389942e-05,0,0,0,0,0.000222322804748106,0.00104514765314846,0,0.0891398502284908,3.52547830978394e-05,0.338207382562848,0.000626608640002775,0,0.000583769055343724,0.000329182565626669,0.00604946382196448,0.00111273518637374,0,0,0.00645180018877858,9.76197277473926e-05,0.00219111354786857,0.0895525285648222,0.218707062068158,0.473565909256151,0.00018171226924088,0.000727543268845605,0,0.218293758202414,0.000362649221779442,0,0.00120977540018425,0.000107426611121941
0.512842870337162,0.000168575570639646,0.0370509909600753,0.019750545935124,0.00122811641749799,0.087213305080304,3.17248891850425,2.00871543323121,0.0190083432329891,0.951031540991265,0.133494014532371,0.300256977830894,0.00593060691872372,0,0.00781969849077945,0.000118471675697946,0.234821641987872,0.063450568095084,0.0762623715753434,0.0658959857289488,0.111313402025613,0.000122955470519113,0.0673907288661245,0.0551774260541954,3.00930276506305e-05,0.302035266336122,0.0212350707803809,0.258919473568719,0.848714631749713,1.56669247397922,0.00384645406166452,0.0568887916666651,0.00641217677958058,0.189615781203142,0.015197225744097,0.203898857637217,0.0137560751795382,0.121516461052069,0.0290294997139096,0.0599548277932875,0.0165787072374209,0.01137231078152,0.00694737830942906,0.000339743452610898,0.00215189401569379,0.00072239290401108,0.00299852545643779,0.000316252143869269,0.000495162043444252,0,7.36516806522843e-05,0.000482220780575275,0.0016117292366251,9.83547966394666e-05,5.99276912053466e-05,0.00949989763776576,0.00116952852115531,0.00788366253608984,0.00676389147040025,0.00017567987542758,0.00300964723933849,0.000105532589860082,0.00120122897377941,0.00173922670294163,0.000634889030269504,0,0,0,0.00106083071262405,0.000152889329510689,0.000146261398140383,0.000388589529027152,0.0491542873433604,0.000104641806615543,0.000563130993359232,0.00120598242053988,0.0331340413591747,0.0021652387508008,0.000429261700941229,0.000213645209072781,0,0.00024294704531157,0.00312160522326886,0.00209942351385505
0.000187929828149295,0.00180995025158066,0.00840293462862192,0.00721389409070533,0.511285613657233,0.303954732118901,0.0271788807761815,0.0139406464611033,0.184532803190272,0.042249199639717,0.00372988887377268,0.272754611597037,0.000211503765498543,0.00781969849077945,0,0.00427895241432378,0.00471469563395239,0.0030670765650259,0.00502668196505688,0.0204368264106458,0.0373817482092181,0.00429170643364116,0.0615447168566506,0.10881903479939,0.000819903010481867,0.0132132271005631,0.0481036906547459,0.0854383522334709,0.0101562274315923,0.00296044112224514,0.000232157800767184,0.0327542080611094,0.00092664819198985,0.00642157513195116,0.365391971153863,0.103620194818479,0.0349185285200529,0.0115290730053345,0.0323581454847848,0.406968958670622,0.00826885109159401,0.00591834495038423,0.00678856473715161,0.00226581135908468,0.00198346895802206,0.00401618643281083,0.00658540710490364,0.000596061290288186,0.000312064565800571,0,0,0.00111773487674574,0.00281289552952608,0.00107466122139286,0.00104543436269281,0.00511754337027384,0.00115186322032185,0.00516842260079385,0.006917214438082,0,0.00677754190849453,0.00012081640112524,0.00125923536162202,0.0045740421714785,0.00131968318918448,0.000128889180644679,0,0.000210698171704578,0.000912716780555544,0.00108734342385154,0.000985966840914368,0.00287182493032142,0.021797067502779,0,0.00114961145496197,0.00427867236800471,0.0200998119357454,0.00171955392564595,0.00085409843094529,5.83114469488144e-05,0,0.000250711558903456,0.00139296157821307,0.0965705977233797
0.000196263274635708,0.0241002989268167,0.0111519423739438,5.06547698035955e-05,0.000472351518338179,4.69196933142662e-05,0.00127283996251501,0.000105912022473264,0.0560145792572721,7.78216369335058e-05,0.000632207733315539,3.51037583807945e-05,9.03337247549299e-05,0.000118471675697946,0.00427895241432378,0,0.00735450568203362,0.000818534819834795,0.00497882561773946,8.63080754348278e-05,0.621904949949018,0.539796412235431,0.544396754186457,0.272177413876547,0.00393692148926756,0.0101370877165137,1.15526939717362,0.231414874785262,0.000632564363730026,0.00263754852802801,3.90202457401037e-05,0.00024386899911139,0.000178639832363844,0.0238943936547938,0.0458153452430197,0.286255197769039,0.0938689954156715,0.109542094810332,0.081527616839942,0.00332001458916757,0.00205511754983165,0.00661307158303985,0.0285456552078929,0.00583818081748786,0.00977953862426129,0.00992212096146816,0.0019503845973413,0.000182803779787516,0.00079266047159617,0.000826377935155943,0.00558345970629106,0.0103909652491281,0.000108179742241311,0.000445674099396563,0,0.0181119793306905,0.00114403781697348,0.00499339699662198,0.0012857626503589,0.000332943745516014,0.000357122811523688,0.000366417461289906,0.00626347524626117,0.00112011201015447,0.738634249325309,0.00453576487011392,6.15698354206443e-05,0.000792864793726134,6.96800712007999e-05,0.0592359093197721,0.206551162195376,0.523687539763517,0.109979771602719,0.000316775782771611,0.00458601134591211,0.198531295412913,0.098119242133248,0.00864613402287985,0.0160778991455844,3.48434982963204e-05,6.9385534411645e-05,0.000671481787745416,0.003652307855405,0.0131694969570741
0.0407868364028002,0.00343296470993445,0.618816396003107,0.000188729322900414,0.000119774739976931,0.00194138819035073,0.209897576348879,0.0503445763331155,0.0016442607362701,0.0122912256912959,0.0434074183437257,0.00754954534563662,0,0.234821641987872,0.00471469563395239,0.00735450568203362,0,0.0964374968705108,0.571436946476282,0.00218309590512264,0.322395440049701,0.00774504943834879,0.982856315248408,0.0118720965244457,0,0.440329038519098,1.24594193691304,0.152812615082836,0.220059122263282,1.03382933105855,9.29046810472492e-05,0.00748180424782468,0.0181865724535559,1.06950895636252,0.0332673381322596,0.297056377613842,0.173710257173541,0.399600811929764,0.192723102873903,0.00563041754169377,0.00227725324525744,0.00255277983800374,0.0130259729238768,0.00518751989732302,0.00634245003853749,0.00872760320203443,0.000151294949945235,0,0.000115017822131205,7.34262845255849e-05,0.0043585153426708,0.0519754173483505,0,0.000397058050017118,0,0.0029550824021103,7.25090203611851e-05,7.81434767968534e-05,0,1.86339643248797e-05,5.54920070938826e-05,0.000234310666414094,0.0003653212191612,0.000158542185844183,0.00506531011029564,0.0120940331515594,0.000265933305905938,0.00177975081157213,0,0.00146983541172397,0.00662666593007435,0.00859693178794893,0.0011468196264891,5.02153157295704e-05,0.0250469102067664,0.180992936766518,0.00222465870927332,0.000963760574073745,0.00214069225731105,0,0,0.000214284824169135,0.00191492035364893,0.0162388390753236
0.00129290344978061,0.000371126350221896,0.00675097386124696,0.00123622177698014,0.00151443333072024,0.00637714828397574,0.024042569676293,0.027162812703091,0.00149718158400206,0.0568243444378985,0.806392194071543,0.0437793974546516,0.00356435983166198,0.063450568095084,0.0030670765650259,0.000818534819834795,0.0964374968705108,0,0.339423582526558,0.00753462614303872,0.00742743147381815,0.000190715819745875,0.0208351370631225,0.00385009184290022,0.000392490068270302,0.137102864775864,0.0721893149824621,0.0126570849475469,0.0768092380217003,0.0189259949799972,0.00476472268263211,0.0909713334717269,0.000890280018972968,0.233396914155326,0.02193686696922,0.260800822676439,0.330920133266214,0.54200815207925,0.193376416198169,0.0225343018130344,0.00245827129325358,0.0101119138248893,0.000857145135650156,0.000648445969281936,0.000348497567364335,0.000293200958250726,0.000210330503029263,0,0.000721207600756051,0,0.000355983228019333,0.00142833954184198,0,0.000138774634288502,0,3.43483118063688e-05,0,0.000985058985383461,0,0.00153371568328323,0.000280080241322971,0.00318401159862417,0,0.000108902550127721,0.00025008655382514,0.000428781361467886,0.000612735165280831,3.55486319619417e-05,0,0,0.00016687836096015,7.41351283723591e-05,0.000127955530021632,0.000610269975368023,0.0111795387852518,0.0166025688406982,4.24907772947073e-05,0,0,0.0038971639409763,0,0,0.000162553397127509,0.00600322577428942
0.00782212501007604,0.00299048968015525,0.0564955954726909,0.000697399192122471,0.000464731473202014,0.00360848045021966,0.0412774202546831,0.0180327134685156,0.00127824975689034,0.0368661830385842,0.0942391813052315,0.0273467556217484,0.000226349238470554,0.0762623715753434,0.00502668196505688,0.00497882561773946,0.571436946476282,0.339423582526558,0,0.00347397763126149,0.0412290130262118,0.00201110758443814,0.116638548836071,0.00299020550628587,0.00014090433699553,0.629862026630273,0.454345389710253,0.0228591016018586,0.0910068774664868,0.10188606319259,0.000428926543016649,0.0350788509699427,0.00461257853744803,0.614835034278591,0.0306000066336305,0.431642215117788,0.330795364429451,0.581348727991323,0.223952961200312,0.0109481711796635,0.001888792679107,0.00135332443987667,0.00670609863085317,0.0037293041479646,0.0034781293176795,0.00423666514749137,0.00020025179487896,0,0.000222590701220131,0,0.0070831646560142,0.0153391641310213,0,0.00033956749480536,0,0.00104483793796417,0,0.000479706064253342,3.50688189190507e-05,0.000151358280996728,3.88619600580215e-05,0.000394933819250524,8.14676627831696e-05,0.000208115927568865,0.00102964971052934,0.00493076949111422,0.000127470578514171,0.0031873604219751,0,0.000391935795729792,0.000719069705868363,0.00232118914754916,0.000566049968418884,0,0.0577191894771848,0.123357991321151,0.000559868076746583,0.000172081909951639,0.000922089138587391,0.000310737927504539,0,3.41425634903192e-05,0.000633340620037293,0.0163140964779154
9.96734357094286e-05,5.23736638035774e-05,0.000108763792708337,1.97510321324889,0.00862215374623907,0.045543006385906,0.010180971529456,0.0584360538358557,0.0378446626982775,1.14371753073433,0.0119347730299321,1.72156681512825,0.000599378292910767,0.0658959857289488,0.0204368264106458,8.63080754348278e-05,0.00218309590512264,0.00753462614303872,0.00347397763126149,0,0.000117945215883422,0.000592491947108567,0.000398405691000581,0.045656707838281,0,0.00634473218585565,0.00246811573146347,0.692254214796068,0.0258199019405292,0.000960119319655466,0.000558133253506434,0.00414386681588207,8.78875513556954e-05,0.0140647943574185,0.0033244549461358,0.0488651362649118,0.002766088936963,0.0127949294085896,0.00158752526059959,0.0582156673241056,0.00329610831690325,0.00269611852992999,0.00242712652886942,0.000472818728510213,0.000727517316453529,0.000264000561594546,0.00792475987295175,0.000278398021278691,0.000144993334145784,2.24096137109875e-05,0,3.76917827648163e-05,0.00802105466333977,0.00135983229686531,0.0007004127463902,0.00470239744258369,0.000589155141472733,0.00420435549109185,0.021745982108671,0,0.0160844949521131,0,0.00094933986336175,0.00743869237278203,0.00029017354061532,0,0,0,0.00191324098807415,0,9.23204061656474e-05,6.23075406596422e-05,0.0560300468955343,0,0,0,0.0194839885050193,0.00113130678442006,0,3.00302314189196e-05,0,0.000123802339816237,0.000710521792454788,0.000117218039253461
0.0159026262491347,0.00856568866286622,0.523921432540629,2.94541382313132e-05,0.00600142091692317,0.00125876219712309,0.265243996206977,0.0281497967104077,0.0310909983223003,0.00137146484943627,0.00446834000599561,0.000486686494293153,0.000125049703139281,0.111313402025613,0.0373817482092181,0.621904949949018,0.322395440049701,0.00742743147381815,0.0412290130262118,0.000117945215883422,0,0.0882636008835036,3.21452533069564,0.0485276819647095,0.0013645175761256,0.412389813754537,0.549160416375993,0.569389185693441,0.111765978788059,1.83563866658874,8.88413195918682e-05,0.000950183899162699,0.0602924775963367,0.976779898975904,0.311819861417155,1.26109810870779,0.148905539534479,0.891809987092248,0.450103227771035,0.0295872020620692,0.0118027299855743,0.00807727220694963,0.0180760804043555,0.00345947476174435,0.00355149686011705,0.00692588079205525,0.00373525574414153,0.000576288558321285,0.000547847626728558,0.00118861334065356,0.00157100955174108,0.00745048647658177,2.50979388260842e-05,0.00252146388934276,0.000123552094494343,0.0148533146296866,0.00194827545268721,0.00808255219741791,0.00108102600465187,0.000109662659072244,0.000274021752498985,0,0.00928184420285832,0.00243592647453215,0.144501883665635,0.00120982967705143,0,0.000107451707802367,0.000106179912653291,0.0487476142613597,0.0666033458157643,0.061733792625319,0.0723853013253178,0.000137701865504885,0.000984483433307638,0.0517028164379332,0.0551211687137018,0.0132641922944494,0.0240040223433719,0,8.902834502089e-05,0.00108190695140709,0.00401830724492549,0.0691640332306029
3.14859668209434e-05,0.504518646736089,0.00825240147807118,0.00025681228800354,0.00135478173359673,9.7429910768843e-05,0.000928684414491021,0.000115821146611428,0.482720778725548,0.00021687205576148,0.000578544772123361,0.00129587953100896,0.00547780246147518,0.000122955470519113,0.00429170643364116,0.539796412235431,0.00774504943834879,0.000190715819745875,0.00201110758443814,0.000592491947108567,0.0882636008835036,0,0.139668494997223,1.25895190070936,0.238761708926355,0.0171745180579727,1.32683335398849,0.155015279920031,0.000928077268198752,0.000176243999138737,0.00470418796258512,0,0.000442608715848648,0.00593156852259402,0.00274715465350332,0.021684865009731,0.011129040614875,0.0135285124979029,0.00607162974451757,0.00776459811228709,0.000278630112090659,0.0039242923514179,0.0229831091132245,0.00521630125743683,0.00699918111918156,0.00723632504896898,0.000717111569152663,0.000299000525088358,0.00113761835835412,0.000113562871131528,0.017128988151538,0.0282081801063471,0.000258072864521193,0,0,0.00526994070543461,0.000469348968773961,0.00326002560342056,0.00142959908647206,0.00103607942090986,0.000257281912205255,0.00357656968758139,0.00213684368996669,0.000562489465495658,0.275134614324391,0.00288918793423555,0.000275212311669207,0.000873614696902171,3.33477940292716e-05,0.0191603182891315,0.210403875722749,0.111735228993327,0.0482767962600959,0.00242549028235305,0.0193978470144112,0.405969410280595,0.0376628428484645,0.00206916849034119,0.0044689586037232,0.00224947157866905,0,0.000255457281188417,0.00224293794546426,0.0025486042944288
0.00965971063091541,0.00410347968193835,4.0618004117281,0,0.00861898007322071,0.00154093866143475,0.191837799420113,0.0147587537460045,0.0320599203707787,0.00269445436162635,0.0206021672989626,0.00172280513285137,0.000242924528350091,0.0673907288661245,0.0615447168566506,0.544396754186457,0.982856315248408,0.0208351370631225,0.116638548836071,0.000398405691000581,3.21452533069564,0.139668494997223,0,0.0697840334255515,0.000838785120698833,0.57370196704874,2.79193704466543,1.19696686801203,0.085617296680307,0.934198685279429,0.000191595294173694,0.00210301258244662,0.0305061499964423,1.42958159201783,0.614801634432964,3.2135383912881,0.635314224573722,2.21055698832181,1.3160995329628,0.0403224200139536,0.0202987118530293,0.0252676063791702,0.0511013146734901,0.00928103052384767,0.0163137683796119,0.0297997228765194,0.00245426925570251,0.000519954459653664,0.000608591505354214,0.000299712991028321,0.0054348731760034,0.0599248242147697,0.000128608693885791,0.00466467002404275,0.000463243319331884,0.0212405104114081,0.000960196889497149,0.00517745179118838,0.00114008992520632,0.000509270009375185,0.000538129720587039,0.000190589476437425,0.00379580732883898,0.00481877643559017,0.766323341266795,0.00767855443497374,0.000157526934306431,0.00147183674719671,9.22289100363137e-05,0.0700912996323138,0.163085633996105,0.69418397019685,0.0998705009557649,0.000558154916853595,0.00587731636617825,0.46001383355295,0.107038621224464,0.00507218110991611,0.0143103848449301,5.74271486562968e-05,0.000118447036236,0.000627829625175249,0.00620910491984161,0.185585205069728
0.00314039561923391,0.322895873784469,0.0175182785419645,0.176659210429794,0.0259289726505804,0.0113627414231459,0.272843590828824,0.0269122661665015,2.95703315450216,0.107910215244293,0.00772794589963011,0.0680136599175211,0.00206612961497845,0.0551774260541954,0.10881903479939,0.272177413876547,0.0118720965244457,0.00385009184290022,0.00299020550628587,0.045656707838281,0.0485276819647095,1.25895190070936,0.0697840334255515,0,0.126425793947026,0.0205214377252303,1.10077405839392,1.64422836105948,0.211145508499951,0.0152030830358165,0.00115451259168085,0.00493629905785536,0.0482626612836686,0.102858471544563,0.0894353418974683,0.380844651389696,0.0424345900848171,0.149977492707442,0.070884458354603,0.216667923257637,0.0197224274851783,0.0227970171250921,0.200768783381209,0.0139082713679304,0.0548138159940721,0.0207882323195941,0.0855858315295104,0.0142166840982704,0.00530211693793124,0.00353325376306202,0.00430613693050649,0.012697603609405,0.0521769827990375,0.0102819538013034,0.0100122029350165,0.202662970955241,0.0306901173175631,0.226623536391405,0.181537584331591,0.00301213859347396,0.081974009164553,0.00240515269260862,0.0457905573570484,0.059031402358188,0.135820359942454,0.00234112150119894,0.000527214046743572,0.000845205864983012,0.0368706399162403,0.0351910591761243,0.125970340097446,0.0762669088353639,0.928659203971586,0.00106461611880084,0.0075162769650043,0.11198932791826,0.699010408318015,0.0771863396931242,0.0468443990867108,0.000535164656646192,0.0019601566251474,0.00626658438016456,0.0621896905955386,0.0304827078743419
0,0.39131737778973,0.000110752686804819,0.00014765111580801,0.000141484907987976,0,0,0.000107715820686603,0.126155592408034,0.000104468407555628,0.0896655605822277,0.000189101465185904,0.397459710323489,3.00930276506305e-05,0.000819903010481867,0.00393692148926756,0,0.000392490068270302,0.00014090433699553,0,0.0013645175761256,0.238761708926355,0.000838785120698833,0.126425793947026,0,0.0130120009311564,0.412302357557357,0.00647464396289642,7.05144194230319e-05,0,0.0299296217591602,0.000137886426568246,0,0.000605820962708664,0,0.000158681272544765,0.0119044902482229,0.00631520954245362,0.000363600869612479,0.00276296449672718,0,0.204414433906934,0.00256546211177172,0.00720736786527886,0.00298885571553662,0.00156820943670759,7.62372868119596e-05,0,0.00709443237760065,0,0.0343499007056045,0.000296541423731733,0,0,0,0.000260772466993022,0.000117590636660099,0.000831066307981636,0,0.0125747364554591,5.64190070756435e-05,0.078856185807164,0,0,0.00147014959632377,0.000748731079424455,0.00158960980354371,0.00150682654701734,0,0.000250445094909513,0.00392401724851148,0.000642735264324045,0.00212872872050713,0.151016289713353,0.0759563497432048,0.326147765307536,0.000644152654196381,3.22772127634287e-05,0,0.0391820871096337,0.000131404398229074,0.000111765480268908,0.000475333606326747,5.90283026056528e-05
0.0319479180261691,0.0229703690097081,3.17532469589755,0.00149188157659259,0.000813818718176414,0.00636280685662607,0.404560360501192,0.0953826717037472,0.00827344118971182,0.0573430938667879,0.37161135206324,0.0436958305193583,0.0238948870774272,0.302035266336122,0.0132132271005631,0.0101370877165137,0.440329038519098,0.137102864775864,0.629862026630273,0.00634473218585565,0.412389813754537,0.0171745180579727,0.57370196704874,0.0205214377252303,0.0130120009311564,0,4.99193044726045,0.206569248268294,0.208312440724935,0.506841969374128,0.0672977264242158,0.0780172377090501,0.0180524280456476,0.367830081324829,0.0851632145490858,1.11803778159156,2.28036317919669,0.904724716587075,0.469306466744478,0.0244749533593963,0.00619147686553563,0.0978967967394165,0.0981014962256355,0.0858707598450407,0.0578929059390082,0.0571989484107561,0.000814696898550094,0.000780163480373916,0.0135374540575518,0.000526050742408896,0.0804460641888124,0.230953379076607,0,0.000452145485870743,0.000187464627221775,0.0139915121344661,0.000556687010631204,0.00361331173108572,5.11031962659598e-05,0.0535733228820507,5.70821773130536e-05,0.103551593042533,0.00185928201566808,0.000445658495242929,0.0104756428645868,0.0670793376363319,0.0322947609764819,0.0350574171988922,0,0.00537353701697807,0.0164994061715204,0.0264283408188044,0.00691234554575263,0.0185585577662941,1.23539458985846,2.11967594604094,0.0121963269672009,0.00355955884886089,0.0115319447757321,0.116073749284691,0.00068857487965101,0.000471078838114798,0.0114267488454866,0.033738533208735
