0,7.54091265191435e-05,0.00651694605851186,0.00101554397622277,0.000567993952254057,0.00485819620795484,0.468307145624122,0.137488692299474,0.000542594188217238,0.00542703251899024,0.000150954723190218,0.00149290549188094,0.00018586694117251,0.848738201019835,0.000566952805747435,0.000226996544381201,0.0238099873691724,0.00012166253500168,0.000288530460660756,0.000570499756341413,0.0142437294308239,0,0.0375917342850382,0.00362147725099474,0,0.00083963157665543,0.00574866845410291,0.01336350373089,0.591916095590555,1.0010910551,0,0.000615794269922048,0.00398093568137425,0.00991461641916922,0.000780521633306325,0.00817323255579512,0.000690862725598737,0.00823480012712006,0.00314334445145583,0.000752724675260812,0.000649642370531857,4.66164567587972e-05,0.000453181506760851,0,0,0,0.000128672952072188,0,0,0,0,0.000207252161390126,3.40907686712444e-05,0.000152759655191183,0,0.000150584897295236,0,4.65378306154907e-05,5.22547820387483e-05,0,0,0,0,5.36977156817019e-05,0,7.69223518285006e-05,0,0,0.000126000086050138,0,0,0.000105391019700199,0.000879077255145866,0,0,0.000770933993681922,0.00111191313249673,0,0,0,0,0,0.00010355529650408,0.000551722261565775
7.54091265191435e-05,0,0.00751277206067124,6.36628621819615e-05,9.16648498008252e-05,2.95015207449197e-05,0.000232228407145158,0.000154359788264453,0.170953181215292,0,0.0130561673483764,0.000662332417675316,0.0684685178907654,0.000220710960117221,0.00116105619229547,0.0458003303891195,0.00913640783024525,0.00062210007892704,0.00309989394509448,0,0.00237804254120578,0.255012519911941,0.00347732949858801,0.0872186060545085,0.302079480499151,0.0163637710990897,1.12794063191564,0.00156728407678855,0.000203250651453078,0.000188301713605314,0.00462691509375455,0.00020935486173886,8.69588230955008e-05,0.0110106925079123,0.0016746917996434,0.0202509998949272,0.0116206512216873,0.0104516460959243,0.00404069031296935,0.00183185580663133,0.000137298583078325,0.0226647753802561,0.0148886318168826,0.00499579196354632,0.00544261096571672,0.00273262223212668,0.00103001976612908,0.000113243980549097,0.00219354332156915,0.000102363012223304,0.15063377277484,0.00601178052609007,0,0.000337629587267041,0,0.000202029445167988,0,0.00649845251256508,0.000160564528823241,0.00423341652382797,0.000135871554375439,0.0189929438169791,0.000301320608019173,0.000459327951629936,0.00658092820155419,0.0159883714908453,9.38155821075435e-05,0.0123350207399528,7.809636464867e-05,0.000444621499249131,0.0181468651560489,0.00295103969508087,0.00591905380530936,0.00767615691497297,0.0299603517488596,0.333616153699146,0.000915137437404483,0.000141182055295497,0,0.00143422522697469,5.19842971501052e-05,0,0.00487365446426864,0.00296268039097899
0.00651694605851186,0.00751277206067124,0,0.000378651601484612,0.000655870990123779,0.00215581839902526,0.0697950478326078,0.0431007262924215,0.000181595518155843,0.000975019464686455,0.00043495976470755,0.00121895945523074,0.00384185806107503,0.0466185516580371,0.00453314861754882,0.0058198649314043,2.54609063905566,0.00159864912314144,0.0646512289642385,0.00042120744535686,0.160090569463159,0.00116727476438599,3.02527055416273,0.00826392467916233,0.000511176965492219,1.1876390958924,2.88575250467823,0.0550634467503671,0.0158323703319862,0.100972101056563,0.000179950019964993,0.000820124785118791,0.00148928621945827,0.182893023559366,0.0365810905824096,0.25835916560313,0.489562405118083,0.144436520533326,0.106019746298514,0.00384994226822025,0.0049520320148034,7.68995299212932e-05,0.0732888527180372,0.0267030877196881,0.0158696752415817,0.0190892163303205,0.00296423988717064,0.000621777953436911,0,0.000125363785137355,0.0314078857131336,0.174870900415517,0,0.00153061331541297,0.00018557149369666,0.00110158072603442,0,0.00067288289960593,0,0.000363805783868372,0.000109472068752944,0.000190207658793628,0.000123843323320523,0.000342304325447514,0.00832277250573555,0.136648767769199,0.000986931246112944,0.0376072978743403,0,0.00256119865832782,0.00431040839369891,0.0216130113362835,0.00354473052141838,0.00188997697445321,0.198870550615197,0.937195484477211,0.00303961439281571,0.000217396288919896,0.000875246374943511,0.000140413582408696,5.91494822613001e-05,4.34409513845146e-05,0.0130201778974524,0.02693579091332
0.00101554397622277,6.36628621819615e-05,0.000378651601484612,0,0.00647271323331665,0.0324633192898602,0.0718598874373377,0.0716184370179914,0.596821808842468,0.936736634233582,0.00324802657932795,0.40425748785306,0.0111252360734263,0.0661114259781014,0.0342875199323124,8.99777224715204e-05,0.000278747819743947,0.000803526843746706,0.00107495157019426,1.59907041376819,0.000243568072020486,0.000146114177210808,0.000320564845514178,0.423840214494033,0.00265110080110075,0.000967865883934858,0.000397433526578903,0.617618303568636,0.0280874395437886,0.0038873282089206,0.000111864777184129,0.00617492820217751,0.00254748050336501,0.0497870412263095,0.0116362983359504,0.159033141002117,0.00266516330522372,0.0268426179772832,0.00691235663768548,0.138933792183252,0.0124035532022592,0.000335684958477512,0.0815455618640639,0,0.0109379270298962,0.00337479680564079,0.156047352811431,0.00452449955438551,0.000370976213765696,0.000367811940354377,0.000374847598708928,0,0.208534883930284,0.0019922857801421,0.0215767310123559,0.0858681612862101,0.0115241796539368,0.0936421298250036,0.192552264989577,0.00229293449574061,0.0990210200436865,0,0.0113067094959402,0.0233923960248604,0.000767589919968501,0.000109460007907153,0,0,0.0628727182353004,0.000856075336211201,0.00301798225440992,0.000691013080138684,0.324695132073716,4.77529295957983e-05,3.35661843458116e-05,0.00133503946678601,0.366636088471455,0.00950028507582626,0.00128262153898361,0,0.00117434612476612,0.000971802248486714,0.0184394368913994,0.00531089895679915
0.000567993952254057,9.16648498008252e-05,0.000655870990123779,0.00647271323331665,0,0.0934090232789683,0.0153716743152544,0.0114793672702641,0.0215915629311688,0.0230796057543077,0.00445957372704183,0.0615037978849881,0.0109126628903106,0.00591534220374856,0.646585290990422,0.0103556288280404,0.00462206999012086,0.000920597685017081,0.00149216103977825,0.00727046044648164,0.0226353095122843,0.000683933555863321,0.0413652391819741,0.014241821952803,0.00371449198092888,0.00147122885568135,0.0084573393913315,0.0189857758749316,0.00408016645830947,0.022944788457203,0.00017552181796582,0.102566229232925,0.00122225931945743,0.417284251659447,0.161280620111333,0.177283968352048,0.0094112199173104,0.0180627420756525,0.00835957691906143,1.11068823356747,0.604440558964086,0.0012945029472602,0.00653839009096936,0.00118125359939447,0.000432145190955117,0.00238556575324509,0.0122308009220788,0.000137160243735552,0.00035054429289025,0.000102200829885781,0,0.000549201136360168,0.00156746059759771,0.000907096490735234,0.00128112940573904,0.00144960049169563,0.000153563128556371,0.000874322922590837,0.00168906605020195,0.00136256001283002,0.00401642847531767,0.000132706701947421,0.0001147388142699,0.00177484481563903,0.00118028392180812,0.000404462688414127,0.000123226934816092,0.000559537656003356,0.000636460752625123,0.00193485606637563,0.000219307961808682,0.00291532827788572,0.00723597075812814,0,0.00090174045651847,0.00336097603978895,0.00818195414019951,0.000218549387464643,0.000813572305389197,5.65835493317842e-05,0,0,0.00029064855180195,0.0957338755381507
0.00485819620795484,2.95015207449197e-05,0.00215581839902526,0.0324633192898602,0.0934090232789683,0,0.235637674234885,0.869262528804238,0.016143504379325,1.31339884690877,0.0123908626673963,1.18343120618112,0.0305934148963559,0.0885020549651112,0.459560681455934,0.000626334548184916,0.0046327277270869,0.00529379708109557,0.00501870967999841,0.0756743135947802,0.0036206032721354,0.00021583214377673,0.00986046594366108,0.0255246018249266,0.00856604518313647,0.00471944442029416,0.00304351289784406,0.0717651348067966,0.0207059215066429,0.0419990947943106,0.000453711266198203,0.0227750559929748,0.00141661955388549,0.0829930571171073,1.52129046928661,0.417934899635431,0.012431031436838,0.0540706893685407,0.0210549810601637,1.05558976704977,0.0462323549523963,0.00321997241533697,0.027842587845801,0.000106817817757428,0.00239767587311832,0.000685485942883119,0.0566845368213629,0.00112805661543321,0.000496809975466728,7.38934530022443e-05,0,0.00014455610333404,0.0127413939696504,0.00110042579673977,0.00627818204721099,0.0164785107638655,0.00224646174323866,0.00737005598351635,0.0130969905316226,0.0020364694994355,0.0273464232817505,0,0.00116624023452663,0.00757608208064724,0.00389100704077897,5.23088780554533e-05,0,8.44532712768312e-05,0.00620192581445406,0.00301303154389623,0.000625315279379845,0.00179698765398224,0.0457786264850775,0,8.53313777323962e-05,0.000478963904734269,0.063641689302304,0.00135469471003593,0.000866179403473498,0,0.000367628231088906,0.00036897981223394,0.00185788453416598,0.136470801719926
0.468307145624122,0.000232228407145158,0.0697950478326078,0.0718598874373377,0.0153716743152544,0.235637674234885,0,2.05278563322934,0.0292377297818578,2.10024276595356,0.017573853250462,0.0306610391529486,0.0294101559122619,2.71562729225697,0.0283117784411573,0.00230569330171788,0.0210416048397893,0.00622071909404183,0.00722964509677877,0.0185670104973777,0.0308820067952535,0.000119934862087995,0.172233548404408,0.256742644343895,0.00279403897080245,0.0144429425195407,0.0384300900764775,5.80041456836305,0.262580468305943,1.03728829149814,0.000528506452420458,0.0236262311577005,0.0282190015117002,0.211426087626307,0.0570329533239816,0.348656117155065,0.0306390296566256,0.177514865155326,0.0575049336025798,0.0615657997716947,0.0343817340965427,0.00207281537718331,0.0368976709088836,0.000290427261709809,0.00460756416102033,0.0020909200016968,0.0251538126167372,0.00223950366591428,0.000155077423004448,0.000190219092571542,0.000216856164843351,0.00475969483829833,0.0216909466526025,0.0018867777125763,0.0031360256827655,0.0260998132035331,0.00229213318948357,0.0202734719006607,0.0285113104815839,0.002312982826461,0.0151198895686,0,0.00376370360735673,0.0040046143458986,0.00610418374951952,0.00115780948708752,0,0.00010472342065233,0.00986615070800245,0.00106439208587536,0.00241601333442214,0.0140863472786934,0.0864338691435847,0,0.000138527076324627,0.0295585278894152,0.10178939045216,0.00355776439636672,0.000962026606224045,0,3.55902032923848e-05,0.000173157315576389,0.00594859386790452,0.0217971815254757
0.137488692299474,0.000154359788264453,0.0431007262924215,0.0716184370179914,0.0114793672702641,0.869262528804238,2.05278563322934,0,0.0088108587765396,1.50741275359611,0.0470001609969552,0.636006589981771,0.028103376734607,1.95590464856127,0.0184044562821748,0.00221587993109459,0.0927716649411407,0.0142940292722902,0.0155042179411124,0.190007853102942,0.0667659884481437,0.000209326045447141,0.16862187060023,0.0407074994647023,0.00508665638162155,0.0186415535662743,0.0324917919483823,0.193916648738036,0.191557162705438,0.880247867882664,0.001259013240605,0.0155597843142679,0.0078023763930937,0.176786492442507,0.0189262989659339,0.254897675464363,0.0194490672691537,0.112513880381998,0.0422346831969272,0.0851851187253294,0.0400460348873483,0.00365740078531207,0.03070066693099,0.00020918551737319,0.00229139395814141,0.00130145440072963,0.0315482972918081,0.000397035778144121,0.000533502950902105,0.000105363789097369,0.000146158470787108,0.000677631290632739,0.00501894382378079,0.000898129153383746,0.00251272511481896,0.0239890953498964,0.000908111764084817,0.00483900142233014,0.00732374020700674,0.00287264980260094,0.0129829375193883,0.000597958119355381,0.000549647108957649,0.0037482011175306,0.00338646817500867,0.000124249096302107,3.76141357468367e-05,0,0.0026393358592705,0.002364548607457,0.00100198538961338,0.00225085939189601,0.0686825987841165,0.000112408754965186,0.00031269462227942,0.00400247644565909,0.092764203335518,0.00163788761936572,0.000872905408021285,8.95332706938389e-05,2.8548014782682e-05,0.000450059537607044,0.00204741644683443,0.0057123819483912
0.000542594188217238,0.170953181215292,0.000181595518155843,0.596821808842468,0.0215915629311688,0.016143504379325,0.0292377297818578,0.0088108587765396,0,0.0891633240654657,0.00254065382439068,0.230728932653552,0.0198631721929412,0.00627259105714694,0.245391534328951,0.0200240731641032,0.00329601588708593,0.00018912298993212,0.00205764962040555,0.120307967331752,0.00341416399253121,0.875855298879964,0.00161881232981417,3.35225929479652,0.0942335760798875,0.00492977363980415,0.401453038563211,0.38752125119633,0.00818882514638597,0.00376151642582859,0.00257223176629484,0.0013882450230775,0.00193308420559823,0.0109441152216291,0.00297359597056863,0.0487893085750121,0.00363507304843673,0.00851151249413956,0.00297877094554241,0.275410904310681,0.0023421625316459,0.00474267187464258,0.0800465270311306,0.00166872635875844,0.00896080118513159,0.00375371641257324,0.0287530266179407,0.00323604411702052,0.000783477801868871,0.00136306399521269,0.00750639536897035,0.000363100762562722,0.0819032681178306,0.00231720955467403,0.00611265572246718,0.074511142288114,0.00605682042128119,0.243245224198614,0.0766064542756368,0.00484979228748865,0.0273676711332591,0.00526772746200806,0.0134672219473172,0.00912857864271694,0.0695552726875664,0.00239861806302804,0.000276686402565181,0.00178604362328984,0.0227330309572569,0.0129239996052644,0.1131604462494,0.0304828301088661,0.669158918370164,0.00141455045812841,0.0063060470457252,0.0557726915864246,0.403647332030948,0.0130151377757084,0.00594858064662276,0.000503686514746383,0.00147605897455503,0.00229041802669419,0.0119924874578476,0.0114549571118387
0.00542703251899024,0,0.000975019464686455,0.936736634233582,0.0230796057543077,1.31339884690877,2.10024276595356,1.50741275359611,0.0891633240654657,0,0.0328806136406497,1.2169431906392,0.0384163712055521,0.54026199669794,0.029846874599967,6.68532634215653e-05,0.00251093400954459,0.010441119459391,0.0112930778667345,0.67239600022446,0.00170468229879052,0,0.00354816812675066,0.0756038482810281,0.00463908793723358,0.0105553700040135,0.00504075712714214,0.740866616724016,0.118132234141037,0.0263624423347487,0.0007332857464035,0.0487002876812418,0.0071228345803979,0.250242811638111,0.0478103855431056,0.435510077443055,0.0134389427332293,0.136968038738228,0.0248964382374645,0.147546202159906,0.048248019901275,0.00420720455792939,0.0798069638158117,0.000218860917669922,0.00835632560334292,0.00352531327085023,0.102523298718397,0.00278532911328816,0.000321282528305352,0.000341948633806675,0.0001118753244178,2.88664667602181e-05,0.0826864475531151,0.00232685050467837,0.0124823769680499,0.074339510633492,0.00564967993919666,0.0366676237513485,0.105341091070904,0.00166838051280406,0.0617631126957799,0.000109859587091833,0.00600612277371867,0.0146686487744576,0.00124549658345392,0,0,0,0.0324825356540679,0.000755241185150728,0.000705803129557207,0.00141165399075253,0.192047876982884,0,0,0.000766416502982944,0.262588907540422,0.00752736178472678,0.000725394981289953,0,0.000331704052885786,0.00107293683473537,0.013666551471247,0.0143675103236508
0.000150954723190218,0.0130561673483764,0.00043495976470755,0.00324802657932795,0.00445957372704183,0.0123908626673963,0.017573853250462,0.0470001609969552,0.00254065382439068,0.0328806136406497,0,0.0484339962886167,1.29092143967139,0.0354580765393306,0.00154049096071726,0.00132511348439876,0.0109659200727882,1.30690475127944,0.207196197133992,0.0147237113934736,0.000921121272280558,0.00425053129166272,0.00368177896687957,0.00502574299105289,0.170178361308394,0.382980179194125,0.0201484096414733,0.00634611564527776,0.0108427196910533,0.00832965201698059,0.0709208145739368,0.0692744883795951,0.000134219189671188,1.161418798412,0.0119661087711777,0.177064165556802,0.725345150161304,0.787764109305069,0.0994692888075716,0.0150233394083419,0.00412789499712708,0.495940747936749,0.00259596766457784,0.140463761771443,0.00812242019084916,0.000698599866289646,0.00152162900638526,8.24641446934935e-05,0.0936452890025875,0,0.0222717513517552,0,0.000206892330140263,0.00015139734662056,0.000218473322449148,3.73201874677539e-05,0.000190885665726751,0.0126422092713928,0.000265765657473862,0.223269594329803,0.00141649382797706,0.723107102282724,7.64162311683893e-05,0.000100609177845508,0.00155198295023085,0.000265494072213232,0.00235016683448645,0.000360479657270103,5.80604359374345e-05,0,0.00911176370222296,0.000137564495897338,0.00439804787615257,0.0438723121135533,0.0559304824282432,0.0979385525556212,0.000432582716155425,0.000164082761630416,0,0.0714010919504265,0.00010480498272264,9.18448591255542e-05,0.00676825731125639,0.00589954729967722
0.00149290549188094,0.000662332417675316,0.00121895945523074,0.40425748785306,0.0615037978849881,1.18343120618112,0.0306610391529486,0.636006589981771,0.230728932653552,1.2169431906392,0.0484339962886167,0,0.0291969347445894,0.196661185544564,0.626183556700172,0.000198295388090223,0.00376336796987522,0.0168953716870188,0.018912719911925,0.95611778804292,0.00264384769674833,0.00276489782909084,0.00410935708792979,0.0938110702388326,0.00419525298051691,0.0210994929882264,0.009668169766824,0.0321066908108115,0.0380091025877926,0.013993307559744,0.0010934096807995,0.0564228882236961,0.000618559418232321,0.205404147274367,2.34401492973014,0.447907800451679,0.0173030132804282,0.0923882842988393,0.0208234024274817,0.920201270086592,0.0322960554957687,0.0039923164804609,0.0339828312249906,0.000283067959447891,0.00411271503642099,0.00187493608587036,0.111221305127889,0.00229176940602428,0.000937775359052107,6.8780303077221e-05,9.19908193852304e-05,0,0.0483332002973996,0.00365418742762196,0.0216246178750014,0.0178463270158223,0.0105140218207992,0.0200699659052453,0.0797924572178923,0.00408057463144742,0.213956186809937,0.000473455930288672,0.00907348015830135,0.0181988477714078,0.00124289616899875,9.09334099572596e-05,0.000633440887420416,0.000750830629946843,0.0392829498254239,0.00129203878912921,0.00103523106298866,0.0013977439121753,0.064842111477808,0,0.000425289808609336,0.0013332525635872,0.0788937132016291,0.00337363381816351,0.000778873009386316,8.83844390937386e-05,0.00192391456557777,0.000173863783222511,0.00543778995734647,0.789467425083603
0.00018586694117251,0.0684685178907654,0.00384185806107503,0.0111252360734263,0.0109126628903106,0.0305934148963559,0.0294101559122619,0.028103376734607,0.0198631721929412,0.0384163712055521,1.29092143967139,0.0291969347445894,0,0.0200021219947032,0.00450257108676475,0.0359054799279205,0.00970300301990219,0.00646128671113114,0.00717834258338441,0.0155012795034347,0.0303283701242843,0.0302983959601352,0.0576100174262911,0.0580054044868154,0.740339835159945,0.023117037194669,0.273909647293339,0.0815308786516353,0.0132671910996197,0.0363270083551495,0.0485046121971647,0.0154102073120639,0.00236256567467056,0.305867004298571,0.0325196019823548,0.277425588299557,0.278776151497192,0.705042921480309,0.165146657590276,0.141428010350651,0.216348830648325,0.903754529827322,0.0280171285836358,0.168313727202979,0.0210873961064528,0.0123829886264954,0.0219444496205038,0.0100381071117089,0.0898785600954375,3.1221640013352e-05,0.0628741378040578,0.00126707991387519,0.00118106389093937,0.000653145827601656,0.00403650073071982,0.00723902795429339,0.00237486144267432,0.0304012886477064,0.00397142069753423,0.31874806161797,0.00522174263078238,1.22558467357294,0.00234001011754793,0.00149316631848271,0.0150722684529969,0.00116595038501307,0.00178004379698157,0.00265582350877267,0.000748662909145981,0.00690912758648048,0.0183553923434465,0.0106866744308227,0.0248014185624991,0.139026879588192,0.0745259705934783,0.300646532349969,0.0292023227064116,0.00208001745358676,0.000332367637257695,0.086549049675521,0.00172808544266272,0.000592918425266862,0.0133227168983602,0.0147208216436524
0.848738201019835,0.000220710960117221,0.0466185516580371,0.0661114259781014,0.00591534220374856,0.0885020549651112,2.71562729225697,1.95590464856127,0.00627259105714694,0.54026199669794,0.0354580765393306,0.196661185544564,0.0200021219947032,0,0.0142512102376982,0.00181855203542128,0.158673652306702,0.0115073989595177,0.015103556994666,0.0943981326213325,0.101702352524812,3.5453598597154e-05,0.250282136052244,0.053861298206539,0.00480293680735031,0.019755167859447,0.0428237483933887,0.221225373006438,1.76479457932873,2.28951532093996,0.000925934277727038,0.0450788065128747,0.0356695625381056,0.213105466784773,0.0202020608460168,0.217793310595019,0.0217625374643024,0.125588047745069,0.0415292364293248,0.0347144963901418,0.0173048180898986,0.00136106789880591,0.0179051723629547,0.000224365437235787,0.000979501183685627,0.000246704691978603,0.0180238431835345,9.95711907038692e-05,0.00023602679273808,9.41096048659534e-05,0.000214457815203816,0.00111905047195001,0.00316225271751363,0.000822365329883161,0.00107728939456941,0.0165674879887248,0.00020620814382559,0.00570359207365198,0.00162964803873497,0.0009670241041702,0.00733787653455773,0.000261766259386107,0.000161053430343553,0.00199689205260095,0.00211541818147225,0.000301349472362071,0,0,0.000558288769836917,0.00176971615959872,0.00191777462924081,0.00210121128596058,0.0542519391560649,7.14365193659365e-05,0.000141483581245422,0.00472443688728194,0.061510477633069,0.000670123923469528,0.000411034633676112,0,0,0.000124589248191834,0.00242889299872346,0.00577625906357021
0.000566952805747435,0.00116105619229547,0.00453314861754882,0.0342875199323124,0.646585290990422,0.459560681455934,0.0283117784411573,0.0184044562821748,0.245391534328951,0.029846874599967,0.00154049096071726,0.626183556700172,0.00450257108676475,0.0142512102376982,0,0.0259458852223787,0.0153626887665063,0.00157551457574657,0.00352608659210093,0.0134613971810622,0.107140156325702,0.00470196419681911,0.120156185741481,0.177621142330054,0.00171429772881397,0.00883127875549595,0.0482936885701619,0.116708257533685,0.0155461328543408,0.116599682515564,4.87793940648437e-05,0.00477178585062047,0.00554826669215135,0.0230675306277052,0.799187014421297,0.107211686311818,0.0383072760238148,0.0294331142872187,0.0244866157356084,1.08092720409642,0.0200236549386587,0.000329753062120229,0.0111248629368051,0.00313253377239388,0.00225831069774931,0.00535470703840753,0.0234635889848156,0.0004295716779522,9.81581496990326e-05,5.03110734292865e-05,0.000567079120282799,0.00157386925774764,0.00581197458433601,0.00310205017445601,0.00430071029162291,0.00552348853737951,0.00102862771387899,0.0051196861514418,0.00750373881392082,0.000918960329098422,0.0121314820721386,0,0.000578687011641383,0.00321939740850742,0.00366854491312435,0.00191492547305524,0.000204826922311128,0.00217876215921608,0.0035687994071604,0.00331615869603341,0.00139717385701969,0.00891263547909493,0.0206821134967551,0,0.00297741762254216,0.0110805435017632,0.0241382465970364,0.00174253715652606,0.00198258695249331,9.41508447898623e-05,0.000190426351719573,0,0.00168415051074833,0.298342932188819
0.000226996544381201,0.0458003303891195,0.0058198649314043,8.99777224715204e-05,0.0103556288280404,0.000626334548184916,0.00230569330171788,0.00221587993109459,0.0200240731641032,6.68532634215653e-05,0.00132511348439876,0.000198295388090223,0.0359054799279205,0.00181855203542128,0.0259458852223787,0,0.0404333812726925,0.000498253752407864,0.00402633178956149,9.29148147162199e-05,1.00102354357387,0.724791575139997,0.431414041261386,0.855599092238621,0.0519913994962878,0.00868258742780801,0.67541246593803,0.364863837710697,0.000735678471652597,0.00844845903862576,0.00144791943323016,0.000237665040006101,0.000551428029784739,0.041536333319296,0.0930580212037024,0.653582748846702,0.181864350444331,0.185307568586721,0.136879875389815,0.017413531135029,0.0136744920245891,0.00318024314840153,0.0611243476224638,0.00785847504356834,0.0172179603184314,0.00901464686240451,0.0390664978887167,0.0011801647933265,4.55815064516365e-05,0.000563566646409363,0.00536275263643086,0.016154370617562,0.000197198576695919,0.00345058567341559,0.00289252155004562,0.0234144486327007,0.0024459223796141,0.00914443671126364,0.00199956389032778,0.00360067129253853,0.00203663036276817,0.00246832186170399,0.00351025059586306,0.00190915043736747,1.23348869845483,0.0089794027861659,0,0.00238397159533586,0.000386504281234115,0.143743998792739,0.339766184447488,0.765564205822,0.248531929624915,0.000810041538432118,0.00576546178117682,0.783205848814911,0.133308563528283,0.00228566429718146,0.0134916984223753,4.23548746234775e-05,0.000752048621608094,0.000290218412067771,0.00618430670865792,0.0675123961088647
0.0238099873691724,0.00913640783024525,2.54609063905566,0.000278747819743947,0.00462206999012086,0.0046327277270869,0.0210416048397893,0.0927716649411407,0.00329601588708593,0.00251093400954459,0.0109659200727882,0.00376336796987522,0.00970300301990219,0.158673652306702,0.0153626887665063,0.0404333812726925,0,0.039383633237535,0.851435363579697,0.000334151568491116,0.309855115375932,0.00905113449353134,1.89538263881496,0.041959690024191,0.000658910558714211,1.10172429850851,2.7389994252224,0.0563558299126821,0.160955401619704,0.288563018589627,0.00024862764728409,0.0048946409341844,0.0164035551491737,0.759720719740929,0.0615862259480517,0.444830945698818,0.317266084122104,0.314512616560788,0.174275447682204,0.0132527683942529,0.0117410326281819,0.00030223945706895,0.0254267162887834,0.00739244565595816,0.00520803581830025,0.00600936306889943,0.00182920336476268,0.000180790838706076,0,0,0.0171403534295147,0.0503856401705962,0,0.00269594478683218,0,0.000485327555345327,0,0.000124511241908729,0,0.000850222390342682,0,0.00123239971341063,4.01377019523084e-05,0.00034555761847204,0.00571609616273482,0.0350018663908173,0.000172152793677986,0.011806310603392,0,0.00135135238778797,0.00580981618786633,0.0140178152680681,0.00116678074061005,0.000494381740396753,0.0548648802791511,0.314117482429654,0.000787982539785087,0.000114670552765786,0.000142085633680761,0.000869838928368358,0,0,0.00513208236322644,0.0403052596622444
0.00012166253500168,0.00062210007892704,0.00159864912314144,0.000803526843746706,0.000920597685017081,0.00529379708109557,0.00622071909404183,0.0142940292722902,0.00018912298993212,0.010441119459391,1.30690475127944,0.0168953716870188,0.00646128671113114,0.0115073989595177,0.00157551457574657,0.000498253752407864,0.039383633237535,0,0.37696812792367,0.00573076616349165,0.0012402823819006,0.000537519918903261,0.0052798569008576,0.00103086288892416,0.00266164610551688,0.355214741772669,0.0499607184940778,0.00157153567629154,0.00467213984903686,0.00305418244578977,0.011197481145167,0.0198032587353834,0.000149944288594306,0.375494718049025,0.0188309847876983,0.266887542201327,0.365627774020871,0.265145730540714,0.11132879821126,0.00522131907646221,0.00471384601833583,0.00621337127601155,0.00161625240328196,0.0052889622123629,0.000306823928708136,0.000661616046681315,0.000285471143035978,0.000183812412130177,0.00108307389393678,0,0.0014429705510638,0.000118929876495719,5.63068658411205e-05,0.000399210920449495,4.96148166585863e-05,0,0,0.000254272574795961,0,0.00907544470910951,0.000186788500308752,0.0441458062528957,0,0,8.15185167219642e-05,0.000187728871481359,0.00132646593767268,0.000682156174005523,0,0,0.000270853316248715,0,3.78315312909633e-05,0.00179367196890504,0.0359753016153578,0.0521904513877163,6.06091377143562e-05,0,0,0.0157116529108084,0,0,0.000255105157565057,0.00975577070502489
0.000288530460660756,0.00309989394509448,0.0646512289642385,0.00107495157019426,0.00149216103977825,0.00501870967999841,0.00722964509677877,0.0155042179411124,0.00205764962040555,0.0112930778667345,0.207196197133992,0.018912719911925,0.00717834258338441,0.015103556994666,0.00352608659210093,0.00402633178956149,0.851435363579697,0.37696812792367,0,0.00552975662861196,0.00969354514488779,0.00220264471930596,0.0527340834645702,0.00556287901707868,0.00118260179533398,1.05639520598325,0.328938631925918,0.00469054636709179,0.00633239867477651,0.0057158340579717,0.00206110611225353,0.0209058696498532,0.00032547488551043,1.15838454058196,0.0362347091144702,0.497529320576407,0.31230756902068,0.33433958073241,0.167070022005899,0.00730920735392346,0.00592984507409776,0.00025868544126153,0.00485646860952048,0.00458509004343751,0.00170037620444603,0.00346677083113915,0.000436611841104731,0,7.20662829158902e-05,0,0.00506490902369751,0.00346305469715094,0,0.000979723237791508,0,0,4.59453403646648e-05,3.90883074609041e-05,3.9722607042104e-05,0.00311418990586798,0.000160190625785768,0.0190636815280568,0,0,0.000285119884116352,0.00795541291196747,0.00127773224988878,0.00921020557250769,0,0,0.00116355293873569,0.000682996548273206,0.000238233788169652,0.00117442781417206,0.0859783280260445,0.132738465443756,0,0,0,0.0090763228612137,0,0,0.000926910367743152,0.021341005226615
0.000570499756341413,0,0.00042120744535686,1.59907041376819,0.00727046044648164,0.0756743135947802,0.0185670104973777,0.190007853102942,0.120307967331752,0.67239600022446,0.0147237113934736,0.95611778804292,0.0155012795034347,0.0943981326213325,0.0134613971810622,9.29148147162199e-05,0.000334151568491116,0.00573076616349165,0.00552975662861196,0,0.000254221755869627,6.56516476019323e-05,0.000903044803355085,0.0601812507779923,0.00262206964613405,0.00597218598264623,0.0021194119359491,0.0369060294810501,0.0244527998869496,0.0066118335422828,0.000647691809824348,0.0163380508457054,0.000724062786392868,0.069631906319084,0.0105918539736406,0.188920720089309,0.00541029322306394,0.0379164405342878,0.00831684306959862,0.0790839945661253,0.0170327095591432,0.00173790668309118,0.0393844564839602,0.000325635097749635,0.00456582411564055,0.000916615458017944,0.0435641806834487,0.0017518834807297,0.000180636411828756,0.000152007024777919,0,0,0.0617456361914661,0.00093625292713696,0.00558218013755874,0.0296373067009259,0.00288222254155489,0.0103306157090123,0.0302685950324974,0.00179164337788885,0.0315674377123295,0,0.00277782097009842,0.00714378090835918,0.00120409833811928,0,0,0,0.0134808993981266,0.00100730053948495,0.000128788695348292,0.000715762747769386,0.0789573412122913,0,0,0.00021956371420601,0.10479677305627,0.0038096022323657,0.000472399827852756,0,0.000331229751716047,0.000545649892393395,0.00456368269805478,0.00379213755104431
0.0142437294308239,0.00237804254120578,0.160090569463159,0.000243568072020486,0.0226353095122843,0.0036206032721354,0.0308820067952535,0.0667659884481437,0.00341416399253121,0.00170468229879052,0.000921121272280558,0.00264384769674833,0.0303283701242843,0.101702352524812,0.107140156325702,1.00102354357387,0.309855115375932,0.0012402823819006,0.00969354514488779,0.000254221755869627,0,0.0339203278641729,2.96495475024899,0.071496781761542,0.0115357103150388,0.02451368022071,0.174522912709602,0.467579984841308,0.149060165655491,2.49317518061823,0.000172560085076809,0.00162707529455091,0.0206538527703582,1.09779342383742,0.272926009419739,1.49379230772312,0.18808159409514,1.0788287629585,0.486186137376974,0.047634794846178,0.0292184106205628,0.000847831089811025,0.0280144974044137,0.00309484190425566,0.00247216525203066,0.00451267204992091,0.0268276873469345,0.000733149581376553,0.000427097147974342,0.000181291604062349,0.000583043557320684,0.00552170475990985,0,0.0125816770612126,0.00142383687452531,0.00794672692147352,0.000723467228074297,0.00176028392229057,0.00122940549311986,0.00110004158191941,0.00190725448442172,0,0.000785177451335281,0.00269411250890556,0.162520848519747,0.00220885677565667,8.93595560734871e-05,0.000201817395317465,0.000343249412843287,0.0654010402917445,0.0583189473757685,0.0718315947064534,0.0928905784466,0.000157768769509733,0.000280799854930118,0.039966268326203,0.0710294750871164,0.0013096077150797,0.00567258454488471,0,0.000125664484607011,0.000319408063846603,0.00123015477676855,0.18118274479508
0,0.255012519911941,0.00116727476438599,0.000146114177210808,0.000683933555863321,0.00021583214377673,0.000119934862087995,0.000209326045447141,0.875855298879964,0,0.00425053129166272,0.00276489782909084,0.0302983959601352,3.5453598597154e-05,0.00470196419681911,0.724791575139997,0.00905113449353134,0.000537519918903261,0.00220264471930596,6.56516476019323e-05,0.0339203278641729,0,0.0266996416669587,0.840957887529549,0.173864037631878,0.00710121771505919,0.87926873952447,0.0148134513130655,0.000232344378664359,0.00066533480426386,0.00331726134564589,0.000246994748112232,0,0.00604173426128055,0.00167314902526185,0.0179300955193652,0.00716799148501368,0.00817224115667355,0.00417136367404157,0.0087445221846157,0.000171665636415451,0.00637465067663203,0.0277631096614007,0.0039964699762754,0.00897673947752328,0.00293775542784416,0.00214070856180644,0.000470849538266897,0.00141673186390489,8.09444685134292e-05,0.0095416621810449,0.0158645339624968,0.000307842914011255,0.000359453341759712,0.000117510060274721,0.00376670158284709,0.000204702541835695,0.00786290374049465,0.000210559800297484,0.00233883864903766,0.000145333150953636,0.00751155362213403,0.00149756936088485,0.00022719990657866,0.263859787024351,0.00900330628936193,0.000108824329257131,0.00403908148743789,0.000146071531789929,0.0222678916312354,0.244984489449492,0.102589177388597,0.0772818743086985,0.00250668451468322,0.0133818870186027,0.328882531704169,0.0291944701948413,0.0013499121690366,0.00262858317077327,0.000742812894399345,0.00028030924999553,0.000209733473791823,0.00570107374983008,0.00266032836921939
0.0375917342850382,0.00347732949858801,3.02527055416273,0.000320564845514178,0.0413652391819741,0.00986046594366108,0.172233548404408,0.16862187060023,0.00161881232981417,0.00354816812675066,0.00368177896687957,0.00410935708792979,0.0576100174262911,0.250282136052244,0.120156185741481,0.431414041261386,1.89538263881496,0.0052798569008576,0.0527340834645702,0.000903044803355085,2.96495475024899,0.0266996416669587,0,0.136730541043659,0.0127601362813532,0.272587357476379,3.13108972394437,0.73490548006661,0.201647880495043,0.979135239213482,0.000229725320351944,0.00433142378561898,0.0233473917019567,1.10184854565873,0.507601238746073,2.64139737287116,0.92299705326712,1.9097062699821,1.10769578708596,0.126683167608154,0.0778706774244224,0.00246248855435211,0.105161599533661,0.0174782644909748,0.0335748966971821,0.0197443299666001,0.0231771918331043,0.00153874072297018,0.000422138708428592,0.000961444125033693,0.00874980538045357,0.155249554175096,0,0.0249715256805644,0.00115823189298452,0.0127303530101208,0.00177520495201388,0.00240575783146839,0.000830475712907835,0.00283519510066421,0.0016884379708458,0,0.00478892650602761,0.0023177487705833,0.380099668120224,0.0437564952014205,0.000278630685386226,0.00548610203688292,0.000529809857453972,0.0553599046079573,0.0716031523910071,0.451936484202272,0.0627542334977143,0.000136628605497122,0.00858923187567024,0.870902138777255,0.0443422402776809,0.00119217049558639,0.00661474084279687,0,0.000413990948794752,3.46425211329758e-05,0.0185401316700168,0.425475767054368
0.00362147725099474,0.0872186060545085,0.00826392467916233,0.423840214494033,0.014241821952803,0.0255246018249266,0.256742644343895,0.0407074994647023,3.35225929479652,0.0756038482810281,0.00502574299105289,0.0938110702388326,0.0580054044868154,0.053861298206539,0.177621142330054,0.855599092238621,0.041959690024191,0.00103086288892416,0.00556287901707868,0.0601812507779923,0.071496781761542,0.840957887529549,0.136730541043659,0,0.0646883212689924,0.0161770657080992,0.800201155315121,0.783828144452525,0.091104001669057,0.127029053589159,0.00128672282719272,0.00686483282091367,0.0308353502950451,0.0892386421662354,0.0727667925642548,0.534571957061547,0.049901333746039,0.0981162430962552,0.0518388916460896,0.237992179348395,0.0199275118079205,0.00390806896192766,0.516426878921618,0.00478428808252525,0.0540435935829014,0.0225344754753454,0.212490612717844,0.0209345878643125,0.00208852915765133,0.00442419428582838,0.00806529696431678,0.0151557759209154,0.127327829022357,0.010136494120762,0.0262949213449435,0.330008233047844,0.0292700114080436,0.260587378534684,0.163737929200329,0.0240454439193553,0.0764944692455734,0.0019658258989934,0.0552779208597255,0.0270222631245338,0.251126762978958,0.00964717120482917,0,0.00221148399786431,0.0543778307809951,0.127243716981719,0.191540503748678,0.115177655966785,1.84251553737771,0.000366604483914003,0.0115292087503379,0.205096253608701,1.71990424325276,0.0569540906775798,0.0367097809818648,0.000356060121300966,0.00584798320527759,0.00875559567959818,0.0724422645776696,0.0673890117728033
0,0.302079480499151,0.000511176965492219,0.00265110080110075,0.00371449198092888,0.00856604518313647,0.00279403897080245,0.00508665638162155,0.0942335760798875,0.00463908793723358,0.170178361308394,0.00419525298051691,0.740339835159945,0.00480293680735031,0.00171429772881397,0.0519913994962878,0.000658910558714211,0.00266164610551688,0.00118260179533398,0.00262206964613405,0.0115357103150388,0.173864037631878,0.0127601362813532,0.0646883212689924,0,0.0256084648115017,0.563379979041269,0.0350906649037336,0.00326305825409734,0.00510432189524585,0.0258429384099602,0.00174657021206176,0.000628768703160077,0.039697502763984,0.00134317062233514,0.033117029328393,0.0394718644798616,0.0928950181208184,0.00751394032657047,0.0500161784723139,0.0116727706363487,0.332831675656739,0.0253691947612277,0.0364502472739295,0.00681767646832142,0.0015744956697279,0.0507053171096169,0.000378972431995481,0.0700829852480266,0.000137249614122361,0.0539456716648084,0.00388415746782066,0.000655494035836473,0.000483156773684397,0.00336202839423294,0.0081888235198536,0.00174392908624564,0.0113465993931601,0.00351368427060895,0.0790878873626737,0.00458145441439369,0.330566613388813,0.00250605905171374,0.00215456207213384,0.0543434062752664,0.00287110271802868,0.000597262023556128,0.00496059327164575,0.00120502122587061,0.0218424110570451,0.0091997945807456,0.0729967488714267,0.0236952836082372,0.172953630782539,0.047385076720645,0.352024149092365,0.044079880569423,0.00261503707506771,0.00571927479143571,0.0129896276525301,0.00120804180944043,0.000220536644857139,0.00652640492818569,0.00146033813056377
0.00083963157665543,0.0163637710990897,1.1876390958924,0.000967865883934858,0.00147122885568135,0.00471944442029416,0.0144429425195407,0.0186415535662743,0.00492977363980415,0.0105553700040135,0.382980179194125,0.0210994929882264,0.023117037194669,0.019755167859447,0.00883127875549595,0.00868258742780801,1.10172429850851,0.355214741772669,1.05639520598325,0.00597218598264623,0.02451368022071,0.00710121771505919,0.272587357476379,0.0161770657080992,0.0256084648115017,0,2.36879971713349,0.0116242052646353,0.00768538354609364,0.0161078935909078,0.0318038268349788,0.021188786901585,0.00050602972565864,0.437150007275946,0.0657175371557239,0.917318826629738,1.11571674015238,0.477206230269665,0.231329274969072,0.0104778883388704,0.0108808118879746,0.0100107695181243,0.0483743499283395,0.0511160320491925,0.0214712819948833,0.0184549505843578,0.00195297137747121,0.000921808911072402,0.00325555028389184,0,0.0459726003507911,0.0233215437862015,0,0.00194530415845263,0,0.000123776407249406,0,0.00630745969030781,0,0.0689895137950346,0.000863790181155312,0.507920387227843,0.000332453620036423,0.000368428086200357,0.00370322970487901,0.0644739480262652,0.0114877404920337,0.101321968486139,0,0.00036366010470809,0.00986770534621994,0.00346951633372511,0.00226327986952577,0.0549461248873379,0.868037032673313,1.57943045685107,3.37882312440127e-05,0.000194349641545772,0.000223816959461868,0.164653840559624,0.000118736273492604,0,0.01465072339045,0.039268062308995
