0,0,3.77216351032257,1.06867110729218,1.31614696979523,15.7685150504112,3053.31056267023,758.822216451168,10.9721349477768,18.9962616562843,5.77672591805458,1.8390936255455,0.775015592575073,9324.19723767042,1.03148150444031,10.9775302112103,15.4086183011532,3.48628285527229,5.2353423833847,0.471648126840591,43.8932395279408,0,37.1369268894196,21.2495109736919,0,8.89114627242088,4.18047505617142,178.411090165377,7124.96768549085,3581.51444712281,0,1.97573387622833,32.7991064488888,57.123544305563,5.5238935649395,23.2303294837475,0.432809263467789,90.1338431239128,19.5730716884136,3.2367405295372,1.52902218699455,0.378566294908524,1.53553712368011,0,2.20125150680542,1.24633741378784,4.05242872238159,0,0,0,0,0,0,0,0,2.07102635502815,0,0.519196093082428,0.491469204425812,0,0,0,0,0,7.5008370578289,0,0,0,0,7.53212505578995,1.79999616742134,5.16661101579666,10.5824474096298,0,0,0.501346230506897,7.1970351934433,0,0,0,0,0.861851930618286,0,3.41609537601471
0,0,80.5151760280132,0,2.59743636846542,4.43563440442085,5.19703352451324,19.7629706859589,4193.92511475086,0.938841581344604,1198.84822574258,0,3920.34495225549,4.25694125890732,56.8077955842018,364.254220813513,98.2195018827915,11.2976504564285,20.5539650917053,0.372720181941986,21.7531906366348,3467.85260438919,100.894350081682,1815.1982024312,2816.49661785364,301.138382017612,18282.8286577761,37.9192936718464,6.01188662648201,2.1688911318779,56.2689046263695,3.49722477793694,0,110.807146519423,16.4875840544701,223.326520591974,90.2450048327446,142.271943420172,58.8395730853081,19.9798698425293,2.43680590391159,444.545509338379,205.501634418964,106.801051467657,90.6323300600052,91.6412563920021,3.85389214754105,3.39467990398407,18.159231454134,0,1835.72771686316,190.603645265102,0.612851023674011,0,0,4.31395080685616,1.19504255056381,33.1847149431705,0,98.7479918599129,1.26684033870697,318.095924824476,1.46447211503983,0,126.072036981583,138.932915985584,21.614884853363,87.768052816391,0,18.1022925376892,177.877091169357,55.0135164856911,72.0817608237267,144.394291937351,384.104385524988,5178.56067731977,16.5665437579155,7.88407295942307,4.6731054186821,105.975840628147,0.52510666847229,0,41.4630827605724,19.3586304783821
3.77216351032257,80.5151760280132,0,0.568018555641174,7.6418524980545,18.3382163643837,292.042372196913,69.7480671405792,15.3443998098373,51.9699519872665,350.973737716675,25.181823939085,136.820646315813,68.7813249230385,10.9795750379562,70.0370696187019,16976.1423509121,1563.97780153155,2042.31786891818,9.54189440608025,2595.75655958056,38.6686690449715,44300.6002613604,67.0610314309597,4.89816346764565,62322.7517100275,13399.8505540788,361.29398059845,52.9607687592506,344.214860290289,20.7963542342186,7.6855309009552,14.3041529357433,2211.60582327843,594.77144664526,5953.01121482253,5694.89718618989,3783.68762022257,2524.80138030648,22.2281689047813,22.9855434894562,4.11594334244728,970.568137049675,282.865906119347,416.844018220901,444.234960734844,10.5475946068764,0.64724588394165,0,0,399.100950151682,2329.37439575791,0,0,0,31.8714857399464,2.97884595394135,20.5864564180374,0,80.789182394743,1.49651873111725,56.1097418963909,2.18843573331833,1.26820755004883,222.433101952076,949.87700214982,46.6878233850002,215.682004839182,0,67.7818714082241,91.663072437048,395.613287597895,127.719272881746,70.1714819669724,1134.20393386483,9138.22285822034,30.3894028663635,2.00648087263107,24.5825772881508,77.0395279526711,0,1.70108556747437,142.253770172596,415.58809068799
1.06867110729218,0,0.568018555641174,0,123.888069927692,577.346352934837,311.200572580099,586.512042477727,4191.07592242956,20297.7998108268,54.1851958632469,5235.65618976951,55.5125023424625,140.090304732323,1016.26803407073,0,0.514595687389374,14.5111208260059,4.39575883746147,21314.6032387614,0,0,3.17574682831764,5767.77056202292,0.327518701553345,24.6469856202602,3.968854367733,12811.0596313179,124.120997458696,1.06138244271278,0,13.4394151866436,3.32676446437836,141.592275470495,33.9955660998821,352.483668357134,3.08582931756973,105.445602566004,1.23754361271858,1247.16058319807,16.7857518494129,1.23191201686859,142.468064785004,1.01574462652206,41.0694826543331,3.81220036745071,523.729440242052,22.736430555582,4.56120842695236,0,0,1.10374867916107,825.995239645243,24.4103733301163,179.819672077894,599.405150473118,119.331363230944,522.54923915863,1654.64316809177,18.7016252279282,526.987236738205,2.59825497865677,40.9220831990242,239.685687690973,0,0,0.661677777767181,0.62923789024353,266.028800219297,3.20674395561218,1.739790558815,0,749.528744786978,0,5.99750310182571,0.383837431669235,1882.48383739591,35.3791137337685,7.28840914368629,1.22893208265305,3.69317469000816,1.72860431671143,41.6669318974018,3.07207536697388
1.31614696979523,2.59743636846542,7.6418524980545,123.888069927692,0,3461.22373595834,121.687505304813,46.9728963077068,192.651118695736,202.75284487009,5.16200619935989,357.357301592827,70.0572795271873,10.6870284974575,3050.46820163727,94.8609759807587,2.26124542951584,2.74688214063644,0,66.4159541726112,321.083012282848,12.3916589617729,686.61325097084,474.937634021044,0,28.1812818646431,128.005689144135,392.692701727152,16.9867990016937,84.8527749180794,0.405787348747253,826.087710916996,13.62951156497,324.848479598761,3294.18633505702,312.472197681665,132.357615947723,51.716237872839,139.806177556515,6397.20194292068,862.386020630598,6.12197083234787,71.8303924500942,122.111437141895,17.6488354802132,236.782744079828,82.6495627760887,1.95099472999573,0.892805755138397,0,1.54412424564362,42.845032453537,19.7766900956631,5.89700508117676,12.6346032619476,49.7666158080101,12.3762581944466,12.58218562603,60.7716152966022,7.03810304403305,22.5700450241566,0,6.13785803318024,18.5312060117722,38.9578386545181,8.31027281284332,4.16901642084122,3.64680421352386,10.6657603979111,52.0358580648899,7.79899775981903,99.9754337668419,31.5232818126678,2.43372613191605,25.1463114023209,161.758393287659,83.8549181520939,4.43367516994476,21.2546640634537,2.68217813968658,2.3900573849678,3.71321737766266,9.76036274433136,2581.93195390701
15.7685150504112,4.43563440442085,18.3382163643837,577.346352934837,3461.22373595834,0,13929.8869623244,17071.4494711459,503.958745539188,30662.393138051,442.588276386261,11111.8985325545,1334.12334907055,2227.38502112031,4710.59255558252,7.29470890760422,17.164723277092,97.9854519665241,18.0708591341972,917.102274298668,126.673177957535,15.7349402010441,73.6387496590614,211.385853618383,3.47952672839165,219.375436007977,56.3402911126614,2305.03512188792,977.947302848101,127.396353691816,17.5263627767563,405.629741191864,47.5515884160995,1672.94448283315,2914.68469887972,5016.08049741387,157.266837894917,761.892894506454,75.9962705671787,8859.49732992053,2595.29859378934,76.7872220575809,159.354849755764,5.92552918195724,48.4029565751553,64.4828902184963,580.001433759928,43.8518142402172,11.0957736968994,0,0.609754145145416,2.51528120040894,154.289403796196,29.8157765269279,61.8692108988762,383.251502931118,66.9893649220467,187.246733605862,556.924269378185,95.8521701097488,132.92299759388,8.71224445104599,26.2338651120663,175.720694839954,26.8285272121429,0.368367880582809,0.874204814434052,0,79.6623382270336,18.5545127391815,2.08522701263428,11.7994610965252,608.757873207331,2.45758551359177,0,8.74056914448738,739.789325356483,23.8442497253418,41.9031911790371,0,12.4926931858063,10.64211332798,34.5406241416931,177.047514438629
3053.31056267023,5.19703352451324,292.042372196913,311.200572580099,121.687505304813,13929.8869623244,0,28523.5721604526,1480.62645787001,32224.1932683289,1339.39995464683,388.409282147884,1200.34630024433,42192.4251177907,778.138107419014,57.3011038303375,481.681670248508,592.86118465662,235.029482126236,171.290368795395,8415.76192456484,13.4194602370262,2607.36324867606,930.46754193306,7.74302795529366,1388.77112194896,567.297798454762,53229.9250446409,8805.739120543,16822.0797760785,52.4347342550755,245.676831811666,1558.5414879024,3683.76194682717,1955.04830372334,7878.66851648688,251.788345396519,4959.11570811272,718.071318954229,1359.92268112302,546.676549702883,24.6928098201752,967.167840868235,9.97365647554398,270.777141928673,113.273316949606,647.125524431467,146.670604079962,18.1975722014904,5.48349261283875,6.62304785847664,21.4908731877804,408.880478650331,24.4827574789524,104.130659610033,2178.65688768029,381.679907649755,674.176157712936,1704.48484414816,87.5490050017834,97.7646554410458,11.142809510231,229.012924104929,123.458740741014,77.2776998281479,1.92042934894562,0,0,193.672708123922,56.9213579297066,31.7313722968102,59.9750564396381,1944.11456868052,1.50130417943001,1.2045105099678,181.058614760637,4120.92198646069,230.822380393744,114.313963234425,0,2.06372106075287,30.681815713644,212.935158580542,144.135164350271
758.822216451168,19.7629706859589,69.7480671405792,586.512042477727,46.9728963077068,17071.4494711459,28523.5721604526,0,809.193875789642,14666.9297323823,1207.20470952988,6199.43425635993,1671.45765307546,31885.445933193,464.185765117407,17.3403064310551,156.286488413811,230.479051738977,72.6410156488419,945.084512472153,1219.24444654584,47.7597464025021,626.18620544672,353.41736972332,11.5574359297752,489.774889588356,196.200650840998,3598.48789536953,5908.06112322211,5428.3686889112,44.9497181475163,713.385513305664,77.8697482049465,1870.57436019182,219.678402751684,5525.61158335209,241.164394497871,1284.71948802471,224.099170893431,2266.06525146961,410.123937487602,95.8838945627213,378.674023002386,7.00961780548096,96.1016581654549,103.73432546854,567.305047750473,47.4496693909168,31.6182600557804,1.7891081571579,3.71477463841438,1.0121696293354,56.5523985624313,14.2740828692913,32.3230084478855,553.111221879721,73.8639377951622,481.214192658663,173.93730121851,145.010249942541,105.774960905313,35.737879306078,38.183985799551,89.3116510212421,98.7779159247875,0,0,0,37.0389874279499,55.2421874403954,21.3766411840916,16.3482834994793,1741.11139461398,6.25684997439384,0.585581958293915,16.9239233732224,914.335706084967,40.534673422575,119.901379048824,5.0463695526123,23.1382566690445,10.4580321013927,52.3736140429974,20.4819590449333
10.9721349477768,4193.92511475086,15.3443998098373,4191.07592242956,192.651118695736,503.958745539188,1480.62645787001,809.193875789642,0,4841.80084991455,365.607680380344,1141.75261092186,907.244120687246,254.349906116724,1289.79721701145,357.595617055893,33.4746254086494,80.7833249270916,17.9571298956871,997.718558967113,73.9906250536442,12874.3446310759,72.1885730624199,37985.6254776716,905.005826622248,284.395321935415,5999.3894790411,12161.9667681754,550.785584896803,54.6155568659306,38.2798936367035,58.9096462726593,142.627131968737,484.366820693016,293.795447587967,1944.80290126801,82.4427391290665,485.961144179106,76.3937900364399,1195.74845531583,81.5877977311611,18.6441188752651,943.257620573044,13.9367685317993,183.219063878059,115.406370520592,841.376589357853,114.659580826759,30.6967686414719,17.9643967747688,80.5503422617912,28.7302757501602,1355.396356076,106.937123090029,295.689834296703,1191.34605383873,464.07607743144,5262.66682457924,3175.83810380101,187.410230845213,537.42976257205,39.0049600303173,269.322881102562,483.837025314569,726.584923475981,12.3409421741962,21.960885822773,5.91489624977112,429.576890647411,200.520832389593,695.304679870605,265.387712836266,5391.79687026143,28.1798360943794,49.2359545230865,408.965976327658,5030.77286189795,465.234284728765,208.387980222702,16.2488173246384,39.9049097001553,63.4731263518333,194.871550351381,189.220206081867
18.9962616562843,0.938841581344604,51.9699519872665,20297.7998108268,202.75284487009,30662.393138051,32224.1932683289,14666.9297323823,4841.80084991455,0,1300.13440799713,6765.67309173942,1115.00966718793,4627.82862079144,1308.19562864304,0.654874205589294,70.2372326850891,414.805017143488,110.923960655928,12727.1353252828,83.4061621725559,3.88225141167641,102.431754797697,1203.01430341601,2.16625961661339,914.12512499094,188.10159561038,9053.40163862705,2887.87596407533,98.6397770643234,24.606927216053,234.698500573635,59.6368209421635,2509.41955167055,696.337486803532,7195.73506310582,133.823325335979,2506.29953220487,98.0777361392975,1832.7626953721,371.76244071126,17.3574559092522,485.715328544378,1.07275342941284,151.336972028017,45.380120664835,1474.86904039979,51.1193554103374,10.6008103191853,0.923299431800842,1.28467696905136,0,1565.24640369415,139.991486638784,225.306081056595,2504.43163788319,235.419132679701,1155.13501822948,4614.24757489562,32.567156046629,1358.47878915071,7.4016780257225,88.0984206795692,574.314962357283,10.2170657217503,0,0,0,689.948764711618,5.80677843093872,6.87491965293884,1.9897226691246,2262.32792115211,1.2373058795929,0,0.472321212291718,6148.35147416592,52.0774614810944,14.7231118083,0,4.88838279247284,8.64272278547287,106.205868780613,43.336885035038
5.77672591805458,1198.84822574258,350.973737716675,54.1851958632469,5.16200619935989,442.588276386261,1339.39995464683,1207.20470952988,365.607680380344,1300.13440799713,0,728.763415068388,8268.51218429208,347.69822371006,21.8300647139549,26.2385838031769,1455.33177632093,11548.0013352334,1928.68710017204,163.735101103783,588.195239245892,203.324726849794,840.796411067247,166.668176114559,1105.91996026039,8419.31470158696,2024.10636261106,677.463833779097,925.15737849474,555.263906002045,823.439752668142,200.856214493513,37.7950792014599,11445.6977028549,275.90366718173,5258.75821962953,2309.84169769287,8391.01383140683,1573.78662356734,196.398970752954,34.3112041354179,2033.25329616666,114.081302732229,198.422121226788,138.950190156698,58.3842024505138,49.6500637829304,8.55651295185089,335.543984174728,0,230.481620073318,25.3827806413174,0,1.46794819831848,10.4164482653141,37.0229631960392,40.2276268601418,200.573594897985,20.1256452798843,2269.02360400558,29.6338112056255,5254.36492833495,72.1745190620422,7.83555072546005,19.2781597673893,11.5102042555809,13.7077589035034,11.8804961144924,4.82388189435005,2.88684251904488,163.587935596704,14.4857797622681,163.592807918787,933.595670878887,268.651042938232,1660.18870174885,18.1567895412445,162.452298998833,14.6227769851685,1097.36285999417,44.4740133583546,1.03030705451965,364.153214424849,233.320925354958
1.8390936255455,0,25.181823939085,5235.65618976951,357.357301592827,11111.8985325545,388.409282147884,6199.43425635993,1141.75261092186,6765.67309173942,728.763415068388,0,351.836017280817,1500.68669843674,3437.85630711913,4.12922406196594,32.4987798035145,247.957902282476,51.8183187246323,12914.540559262,23.2569934725761,0.697716414928436,66.3094796538353,1021.55193543434,3.90267524123192,587.428067088127,93.2391912937164,1845.70729276538,1160.86709928513,34.8207323551178,25.9825673401356,90.5445204377174,1.19998955726624,1172.17881503701,8539.28936162591,1990.62599256635,76.519161850214,633.967084437609,47.5664936304092,2757.28708806634,69.4119976460934,17.1018543243408,63.186153113842,3.63132345676422,16.2185658812523,26.9403549432755,512.573956847191,16.2736130952835,4.37098640203476,0,0,0,394.676376521587,61.2003304064274,88.7407832443714,215.31803843379,56.6335390806198,147.697304010391,800.679859727621,8.93352252244949,1560.41804847121,5.34900265932083,14.7728835046291,228.331797659397,5.82414662837982,0,0,0.676256537437439,222.238635927439,1.89358180761337,0,1.5318917632103,240.926233500242,1.45584046840668,0.598209083080292,0.724951446056366,629.483808368444,10.3775418698788,7.75105768442154,0,4.10096600651741,0,11.4962024688721,825.69749546051
0.775015592575073,3920.34495225549,136.820646315813,55.5125023424625,70.0572795271873,1334.12334907055,1200.34630024433,1671.45765307546,907.244120687246,1115.00966718793,8268.51218429208,351.836017280817,0,210.928750604391,201.650926560163,236.702319771051,47.2059192955494,122.871884912252,35.0534877181053,100.410073578358,523.470957100391,948.765400111675,576.636901170015,814.667065292597,6562.19822591543,904.661800265312,9450.4013043046,2334.3995655477,448.242440670729,131.574433773756,1971.32168361545,811.899908214808,33.5668239593506,2360.68317741156,1661.56049156189,8644.47995299101,2320.2766494453,7802.13576185703,3275.57697167993,5144.42643430829,537.37545761466,4459.58856597543,1426.15020692348,825.605579137802,855.833070963621,835.995576918125,2488.13081857562,488.639607340097,744.128235667944,11.2464673221111,828.972133934498,61.3944672942162,31.8799161314964,13.0572187304497,172.616403669119,504.799133956432,670.883450806141,479.850951105356,290.496966093779,6108.48052230477,166.702719777822,13527.0949865878,459.509725213051,97.5970080792904,253.640855014324,22.9899037182331,62.4974714517593,33.5097650289536,54.18234410882,389.247224658728,558.19645512104,185.108404040337,785.976299405098,4671.67490386963,1109.1845561862,8120.91013380885,766.486067056656,666.207979947329,338.387341380119,4406.06739795208,338.484435588121,50.2245871424675,828.126126825809,657.66475507617
9324.19723767042,4.25694125890732,68.7813249230385,140.090304732323,10.6870284974575,2227.38502112031,42192.4251177907,31885.445933193,254.349906116724,4627.82862079144,347.69822371006,1500.68669843674,210.928750604391,0,76.2053392231464,22.3856360316277,218.138603627682,90.1339075863361,60.4821875691414,239.723054289818,1004.5954182446,11.261018127203,626.03015178442,132.90299358964,0.875305771827698,216.35769200325,88.4799717664719,1742.03824427724,19152.7726007402,15249.2392815351,9.59481105208397,803.966687083244,49.3612630963326,803.852975398302,45.6979663074017,776.709043055773,33.1795955896378,906.716392308474,192.010230988264,129.25276234746,21.2833044528961,11.319069057703,154.846688210964,1.89873439073563,11.5396470725536,14.0327615141869,125.094311505556,4.38288080692291,4.77304250001907,0,0,1.59989240765572,9.90152555704117,0.393480539321899,6.15781420469284,208.449415445328,5.24154424667358,189.294486612082,38.4143589735031,6.7781437933445,18.7706483602524,6.14608305692673,3.18500465154648,20.6992156505585,36.1955481171608,0,0,0,2.33514979481697,29.3826183080673,12.4404481053352,19.7677988708019,632.729616761208,2.55609154701233,0.543109476566315,9.52882587909698,379.932374626398,8.38299578428268,63.1050400435925,5.09223020076752,0.90800404548645,8.81680002808571,29.3118792772293,4.4583832025528
1.03148150444031,56.8077955842018,10.9795750379562,1016.26803407073,3050.46820163727,4710.59255558252,778.138107419014,464.185765117407,1289.79721701145,1308.19562864304,21.8300647139549,3437.85630711913,201.650926560163,76.2053392231464,0,202.73081690073,12.426370203495,9.29801917076111,3.91025421023369,627.487734168768,735.308966249228,132.550886571407,1039.14189368486,3372.24780836701,14.4628157615662,40.9781451821327,196.607012033463,2623.49765890837,107.381772369146,224.175136983395,0,59.5618016421795,32.7627226114273,94.0564649701118,4661.68022334576,548.903376966715,205.93676173687,213.685201734304,121.556869924068,6173.91349592805,34.1451614499092,2.85714066028595,152.518137097359,103.020919531584,54.482610553503,228.97076356411,681.084481567144,27.4602301120758,9.58782416582108,0,5.33369827270508,15.7984571754932,190.372302442789,52.5112281441689,83.0692717432976,251.316768020391,88.1939338445663,115.598246097565,677.625196665525,24.3604369163513,146.973917782307,2.49587506055832,32.87540102005,243.982544928789,88.574345946312,2.40607473254204,3.57927682995796,4.2513307929039,88.1906444132328,80.3802907764912,20.232631534338,116.173102319241,309.057033717632,0.877053499221802,25.6331354379654,128.832217931747,563.822744876146,42.7741126418114,54.0275522172451,0.574074923992157,7.27252554893494,7.69630515575409,24.9398531615734,2063.67617848516
10.9775302112103,364.254220813513,70.0370696187019,0,94.8609759807587,7.29470890760422,57.3011038303375,17.3403064310551,357.595617055893,0.654874205589294,26.2385838031769,4.12922406196594,236.702319771051,22.3856360316277,202.73081690073,0,206.164596229792,32.519776403904,24.4364982247353,0,5085.97211068869,6373.07155233622,11695.8853046,6485.6671884656,37.1308209598064,258.230493366718,10728.4776823819,5212.01797953248,124.928548276424,224.483686983585,4.7326819896698,1.67796140909195,130.303944468498,299.516273707151,1064.15058666468,7942.92659637332,964.274544864893,1400.44767457247,1016.39702269435,164.236181646585,31.4846848547459,3.22840797901154,1237.96773472428,285.736026495695,316.215870350599,383.673345565796,41.4429855048656,11.9417897462845,9.86591452360153,1.40057915449142,228.227128356695,258.659796416759,0.772523462772369,0,0,115.404488444328,17.4878622591496,282.796156406403,5.41446882486343,24.461379557848,0.589980006217957,2.63376957178116,27.5419371724129,9.19322299957275,11088.5855780244,84.4577961266041,5.73219618201256,18.8267307877541,1.95206838846207,2565.04706078768,3563.61727434397,7855.43302351236,2198.55379605293,9.99098366498947,54.0025037229061,6243.61360913515,1290.50818052888,130.148945897818,370.435065478086,2.15935432910919,0.410364836454391,63.5753065943718,84.306853055954,318.918521910906
15.4086183011532,98.2195018827915,16976.1423509121,0.514595687389374,2.26124542951584,17.164723277092,481.681670248508,156.286488413811,33.4746254086494,70.2372326850891,1455.33177632093,32.4987798035145,47.2059192955494,218.138603627682,12.426370203495,206.164596229792,0,2726.53843963146,7272.0547748208,9.30050238966942,4297.9838193953,84.9499748647213,14818.3750284016,241.636847198009,1.76814758777618,11351.9876588583,16782.9767923057,552.245811879635,146.850870251656,2663.52424633503,16.6303532123566,4.75021022558212,58.3925950825214,7664.85440567136,107.977529287338,1595.70291936398,2006.0943543613,1561.262919873,653.942173182964,21.5900529623032,5.05716562271118,1.5430254638195,276.938205808401,105.40810123086,148.72273132205,140.212082713842,2.38561314344406,1.08093440532684,1.68480485677719,0,238.410081923008,732.763836711645,0,0,0,4.8961298763752,0,8.14453321695328,0,24.8823249936104,0,22.5365450084209,0,3.11429369449615,69.5823255479336,289.359234184027,24.2067025601864,81.1647385954857,0,17.5694609582424,54.238994628191,135.553587436676,21.1795364022255,27.093038469553,506.624288350344,3781.47085425258,6.68565368652344,0.491639405488968,8.506043612957,45.0129259228706,0,0.819975078105927,43.9492878317833,79.6313189864159
3.48628285527229,11.2976504564285,1563.97780153155,14.5111208260059,2.74688214063644,97.9854519665241,592.86118465662,230.479051738977,80.7833249270916,414.805017143488,11548.0013352334,247.957902282476,122.871884912252,90.1339075863361,9.29801917076111,32.519776403904,2726.53843963146,0,7281.01689201593,47.7493926584721,620.889696925879,19.6233104169369,1218.73808810115,59.3669892251492,3.43212354183197,17386.2607505023,2387.00848180056,291.827334851027,192.773000717163,438.80952206254,18.8467981815338,32.1705802679062,27.2688271105289,5072.98966318369,251.816706508398,4377.30910345912,1704.78361648321,4444.71624538302,2027.35488757491,41.3245503306389,12.2475096583366,10.3570809364319,54.628702968359,31.0409229397774,21.9868573248386,53.2183246612549,3.36672705411911,1.20404398441315,5.15782827138901,0,22.1117390096188,66.1020796597004,0,1.28599905967712,0,0,1.4053313434124,35.0861162245274,0,83.8912321329117,4.42821863293648,71.9231824278831,0,1.62600809335709,6.82276654243469,28.2066553235054,5.96994024515152,22.2197367548943,0,0,3.62267312407494,11.9451985061169,0,20.2879920303822,144.519598156214,511.685310959816,0,3.55819922685623,0,57.6024918556213,1.96599715948105,0,11.9571824371815,182.771535873413
5.2353423833847,20.5539650917053,2042.31786891818,4.39575883746147,0,18.0708591341972,235.029482126236,72.6410156488419,17.9571298956871,110.923960655928,1928.68710017204,51.8183187246323,35.0534877181053,60.4821875691414,3.91025421023369,24.4364982247353,7272.0547748208,7281.01689201593,0,14.683986723423,765.947489589453,6.88070008158684,1410.3824878037,45.6979991197586,0,19714.8956413567,2814.35985866189,139.722071945667,52.1561200022697,564.71778601408,5.12920543551445,3.77020412683487,15.4402532875538,4106.97989824414,88.2613232433796,1557.93572473526,747.743866622448,1253.76567095518,546.829437553883,6.71823060512543,4.98288351297379,0.47389629483223,39.6757380068302,27.3089838027954,16.6022921800613,27.1592358350754,2.77929627895355,0,0.918503105640411,0,33.9433465898037,88.8156877160072,0,0,0,0,0,2.33484363555908,0,18.8584430217743,0,19.3012026250362,0,0,9.23124605417252,46.5154096484184,5.64223381876945,31.7520407140255,0,1.36145502328873,5.306471824646,19.251454859972,3.09248912334442,12.0965836942196,172.382517933846,586.42581564188,0.919726848602295,0,0,31.0732371509075,0.622211039066315,0,9.03224673867226,62.6241595745087
0.471648126840591,0.372720181941986,9.54189440608025,21314.6032387614,66.4159541726112,917.102274298668,171.290368795395,945.084512472153,997.718558967113,12727.1353252828,163.735101103783,12914.540559262,100.410073578358,239.723054289818,627.487734168768,0,9.30050238966942,47.7493926584721,14.683986723423,0,5.0434113740921,2.9263032078743,11.7431874573231,580.72066450119,0.745330572128296,145.327568292618,28.2157377302647,3848.65375578403,240.915159225464,7.75414836406708,4.68297091126442,22.8363105654716,1.59978428483009,199.791763663292,25.6757508814335,547.033043473959,10.9741864204407,137.362851470709,3.97151929140091,753.609586089849,11.9527648687363,5.14248418807983,66.71904489398,0,14.1149420440197,6.28053137660027,262.652711242437,18.5332871079445,0.95396688580513,0,0,0,401.827477544546,28.7327498197556,59.4099026322365,250.379007905722,38.8595944344997,118.073765486479,746.144352227449,6.51989907026291,267.819563388824,2.94754195213318,12.1228201389313,152.779599010944,1.4685063958168,0,0,0,109.18525120616,3.29869350790977,1.20734345912933,0,219.79764944315,0,0,0,702.631406188011,10.3740821778774,2.87609529495239,0,0,0.435095280408859,16.7384766936302,2.59859621524811
43.8932395279408,21.7531906366348,2595.75655958056,0,321.083012282848,126.673177957535,8415.76192456484,1219.24444654584,73.9906250536442,83.4061621725559,588.195239245892,23.2569934725761,523.470957100391,1004.5954182446,735.308966249228,5085.97211068869,4297.9838193953,620.889696925879,765.947489589453,5.0434113740921,0,206.050055742264,92944.4516947865,454.285743534565,1.10933136940002,2270.77474701405,3700.08276197314,8920.79852581024,692.473270624876,20762.4590044022,13.8578970432281,23.1110215485096,516.01366224885,15877.4336123765,3483.72953665257,11325.4314550757,1178.61002424359,19541.7078142464,5946.41876208782,665.601740181446,207.921914815903,3.18380895256996,424.401914089918,59.5547012984753,140.080580979586,148.43151769042,40.4934651255608,18.0719499886036,9.68123617768288,2.51066595315933,32.2897626161575,119.657439529896,0,1.42754751443863,1.14084574580193,57.896407097578,12.3253392875195,88.4858620762825,1.3850012421608,15.3477775156498,3.7857486307621,0.48980700969696,11.3390071988106,16.2777993083,2089.59093180299,24.6684273481369,0,1.83208036422729,0,1347.45525097847,440.53467220068,1743.00758814812,807.607484519482,3.42963400483131,14.6500947475433,1330.00824296474,688.568989008665,114.118069678545,329.328234344721,2.54183328151703,0.61366993188858,59.9841776788235,76.5688223540783,608.058532088995
0,3467.85260438919,38.6686690449715,0,12.3916589617729,15.7349402010441,13.4194602370262,47.7597464025021,12874.3446310759,3.88225141167641,203.324726849794,0.697716414928436,948.765400111675,11.261018127203,132.550886571407,6373.07155233622,84.9499748647213,19.6233104169369,6.88070008158684,2.9263032078743,206.050055742264,0,554.942446678877,21441.3932575881,950.126214325428,183.093825787306,11769.3970218897,634.082359552383,45.6335750520229,25.104647308588,19.8083433806896,5.59961718320847,25.0896901488304,79.8398696482182,57.2242908477783,506.057118862867,117.408505469561,163.920093953609,68.921221613884,89.8758889436722,8.02362298965454,32.8038092255592,442.413598507643,134.309167027473,123.441620439291,148.270825505257,7.97691190242767,6.32069271802902,3.96656793355942,0,444.165819019079,111.566428184509,3.84446638822556,0.636807203292847,0,23.1819962859154,0,165.467153906822,1.70173940062523,35.6024486422539,1.21302700042725,77.8745583891869,7.75317895412445,3.77830922603607,4077.57938337326,70.4133628308773,3.9425145983696,6.80494832992554,1.18123471736908,523.085171490908,3700.34606251121,1448.94564479589,954.584110438824,26.6767300069332,77.3069967329502,3627.37109789252,324.924434870481,26.261104285717,65.7025586664677,18.8741710782051,0.538458943367004,9.02561450004578,27.444119989872,66.9617814421654
37.1369268894196,100.894350081682,44300.6002613604,3.17574682831764,686.61325097084,73.6387496590614,2607.36324867606,626.18620544672,72.1885730624199,102.431754797697,840.796411067247,66.3094796538353,576.636901170015,626.03015178442,1039.14189368486,11695.8853046,14818.3750284016,1218.73808810115,1410.3824878037,11.7431874573231,92944.4516947865,554.942446678877,0,1835.76693877578,1.98939460515976,10841.6940072179,32850.7330161631,7260.2435003221,497.896396666765,7276.53456401825,25.2359452843666,10.6284002065659,292.043643176556,14268.7090390027,7332.66816008091,41493.1449325383,8477.75346744061,25942.6735004187,15138.3163215816,750.908211529255,225.687144607306,12.4067321717739,2404.04573440552,714.638196259737,892.162370800972,1029.45282158256,47.2203127741814,9.08045142889023,7.13295495510101,3.53066954016685,261.814509361982,1616.06966304779,0,4.40613716840744,1.03164744377136,202.022769778967,3.09181591868401,101.6235011518,5.29909715056419,57.6519799232483,9.30309021472931,18.3578607439995,22.7547622919083,13.7459279894829,8227.96217963099,461.973541557789,62.6914959847927,69.1462443768978,0,1988.33514195681,1781.62206330895,10422.8811190426,1346.98422211409,31.1897117197514,280.087368100882,16848.6610552967,843.3650867939,46.5982440412045,225.819636970758,19.2909823954105,0,32.1504524946213,133.791226506233,2910.37804728746
21.2495109736919,1815.1982024312,67.0610314309597,5767.77056202292,474.937634021044,211.385853618383,930.46754193306,353.41736972332,37985.6254776716,1203.01430341601,166.668176114559,1021.55193543434,814.667065292597,132.90299358964,3372.24780836701,6485.6671884656,241.636847198009,59.3669892251492,45.6979991197586,580.72066450119,454.285743534565,21441.3932575881,1835.76693877578,0,290.609778255224,348.585096508265,6802.3158762753,13430.1701982319,698.269240349531,328.397574365139,7.07170352339745,26.8079933524132,418.094261467457,630.817633539438,763.283081233501,4164.83990857005,416.0986725986,1296.86683568358,469.970800191164,2609.80099487305,91.802726328373,8.91565942764282,2779.55026236176,121.72012630105,704.436097979546,396.660307049751,798.69998601079,219.587616741657,49.1238961219788,29.6621788442135,193.450317621231,244.288249820471,533.336679339409,21.5478744208813,130.244381278753,2661.30511781573,766.727399647236,3149.39189603925,1587.73388519883,208.461286604404,107.804936766624,21.1595996022224,673.867913722992,193.359543800354,2924.91983091831,50.5085804462433,0.360066384077072,3.52254039049149,167.595087349415,1025.4279769659,1090.14995154738,1474.02697214484,8019.52013429999,13.9677517712116,33.7015441656113,3064.7461437583,7411.34877595305,1129.75383996964,947.746093302965,3.39225393533707,18.2216665148735,187.348486334085,532.399591803551,303.193411499262
0,2816.49661785364,4.89816346764565,0.327518701553345,0,3.47952672839165,7.74302795529366,11.5574359297752,905.005826622248,2.16625961661339,1105.91996026039,3.90267524123192,6562.19822591543,0.875305771827698,14.4628157615662,37.1308209598064,1.76814758777618,3.43212354183197,0,0.745330572128296,1.10933136940002,950.126214325428,1.98939460515976,290.609778255224,0,99.1267656981945,6969.43349725008,1.23531752824783,2.58524531126022,0,76.8268295824528,1.49715977907181,0,44.2715418040752,0,31.4030289053917,32.9656777381897,58.2189880609512,3.48496645689011,9.18043088912964,0,537.024919986725,36.3911200463772,109.822890102863,37.6885882616043,20.2400532364845,0.754957675933838,0,14.9828677773476,0,418.376971125603,20.4244093000889,0,0,1.70830500125885,0.583783864974976,1.29411798715591,60.6033670008183,1.52332758903503,149.949580699205,0,775.110904932022,2.19457191228867,0.832677841186523,8.5676161646843,6.81631171703339,14.4622517228127,20.2981917262077,0,3.77919602394104,63.3509012460709,6.75952768325806,22.5414805412292,1973.79759395123,331.554038405418,2903.3505243063,4.85914492607117,14.0007355511189,1.54883348941803,230.420527398586,0.792252242565155,0,28.7745529413223,1.96065682172775
8.89114627242088,301.138382017612,62322.7517100275,24.6469856202602,28.1812818646431,219.375436007977,1388.77112194896,489.774889588356,284.395321935415,914.12512499094,8419.31470158696,587.428067088127,904.661800265312,216.35769200325,40.9781451821327,258.230493366718,11351.9876588583,17386.2607505023,19714.8956413567,145.327568292618,2270.77474701405,183.093825787306,10841.6940072179,348.585096508265,99.1267656981945,0,31150.126435101,810.526826858521,462.718989521265,947.694949567318,801.372996300459,73.3238218128681,76.6875332295895,8789.07992067933,1250.49166059494,18978.8600001633,9480.03423899412,11340.6563679576,6551.04385986924,106.8387978971,46.7540568709373,71.018301397562,836.987735569477,1201.50017431378,519.166340053082,478.723146408796,30.6497751176357,15.1713262498379,176.145628303289,0.489534884691238,938.319131910801,996.706577003002,0,1.21206712722778,7.55624493956566,5.93802338838577,24.7947133183479,96.6187694072723,3.11476963758469,2067.29540550709,12.0879742205143,2702.69698876143,52.2942975461483,5.16661289334297,67.8255977332592,655.214158058167,287.429747581482,795.885921478271,1.37776619195938,35.8497664630413,141.509727865458,216.420192271471,32.6075921058655,1216.85117077827,5016.32108747959,17789.3494619429,3.96419441699982,141.026380002499,10.3095134496689,1900.14621216059,34.6812672019005,0.851829320192337,385.258617341518,822.394731193781
4.18047505617142,18282.8286577761,13399.8505540788,3.968854367733,128.005689144135,56.3402911126614,567.297798454762,196.200650840998,5999.3894790411,188.10159561038,2024.10636261106,93.2391912937164,9450.4013043046,88.4799717664719,196.607012033463,10728.4776823819,16782.9767923057,2387.00848180056,2814.35985866189,28.2157377302647,3700.08276197314,11769.3970218897,32850.7330161631,6802.3158762753,6969.43349725008,31150.126435101,0,4062.65228405595,193.532634317875,685.933015316725,2413.36591845751,20.4871730208397,74.4305713176727,5180.12773448229,3061.77214565873,29468.826531738,10652.5900018811,16204.8274985552,11069.4682494998,196.660338640213,106.575586140156,164.443020492792,9343.20331853628,5813.82487642765,4364.21744081378,4060.84591180086,88.9414345622063,41.0060110092163,469.231056571007,6.77920895814896,13940.8802118003,11098.9392320812,1.33064144849777,1.37380039691925,11.5595412552357,295.43354177475,55.10801628232,340.87175399065,9.1884785592556,4215.52200815082,16.89430809021,7178.9833419323,109.123883247375,17.9385661780834,6658.17029586434,5524.73987033963,1037.27642399073,3346.93088895082,0.472950994968414,1062.3611677289,6690.24863147736,9563.284755826,1644.74614593387,5894.25254708529,20015.1152097881,153238.914987087,547.336694061756,273.86901652813,247.43598562479,5052.44735178351,47.2953043282032,12.5548093914986,1642.18166005611,2118.64685070515
178.411090165377,37.9192936718464,361.29398059845,12811.0596313179,392.692701727152,2305.03512188792,53229.9250446409,3598.48789536953,12161.9667681754,9053.40163862705,677.463833779097,1845.70729276538,2334.3995655477,1742.03824427724,2623.49765890837,5212.01797953248,552.245811879635,291.827334851027,139.722071945667,3848.65375578403,8920.79852581024,634.082359552383,7260.2435003221,13430.1701982319,1.23531752824783,810.526826858521,4062.65228405595,0,5086.59261468053,15346.7079814672,11.860445946455,171.717149466276,2720.57111248374,4768.66742745042,4583.73520770669,17023.6194967031,1026.79406392574,8892.37827718258,2410.31175109744,2928.30468761921,647.333592623472,15.0541416406631,4339.40301033854,104.754602819681,1093.20498639345,532.711030900478,2203.2057184279,489.690530627966,79.2219820022583,32.285060942173,57.669897377491,180.558260202408,1668.46190318465,98.7552901804447,352.890532135963,6353.1245123744,1167.8138666451,3801.436822474,5560.37083005905,296.11175224185,452.548888713121,9.89705538749695,938.988136082888,513.586156845093,2910.46012756228,25.9865081906319,0,2.63898277282715,700.392188549042,2161.7075279355,949.964146107435,1552.66024464369,11016.2632284462,3.08627995848656,4.38047820329666,1757.88890606165,15506.2000808716,1392.72644242644,1623.85963585973,0.598508417606354,17.5791907906532,284.471759229898,1037.88650077581,573.922492742538
7124.96768549085,6.01188662648201,52.9607687592506,124.120997458696,16.9867990016937,977.947302848101,8805.739120543,5908.06112322211,550.785584896803,2887.87596407533,925.15737849474,1160.86709928513,448.242440670729,19152.7726007402,107.381772369146,124.928548276424,146.850870251656,192.773000717163,52.1561200022697,240.915159225464,692.473270624876,45.6335750520229,497.896396666765,698.269240349531,2.58524531126022,462.718989521265,193.532634317875,5086.59261468053,0,18301.2693650126,33.2361034750938,844.381617665291,5710.85667514801,6349.92538368702,157.161229491234,1359.84826633334,94.9315629899502,2139.95922031999,312.554562568665,258.646735727787,98.1576726734638,20.8693370819092,194.219383150339,1.15886691212654,40.0906721353531,22.3179437220097,135.372505664825,9.6312902867794,12.7056165337563,0,2.20518165826797,3.64674890041351,8.2801621556282,1.81820201873779,2.69089341163635,201.641302496195,19.5624889731407,256.90466350317,42.503596663475,26.1530996263027,13.3061036467552,4.14753580093384,10.4752064943314,26.8448762595654,210.24093657732,0,0,0,4.60445332527161,112.86848911643,81.7019848823547,86.9596217274666,811.626806676388,1.81620380282402,0,18.5946483016014,449.951716512442,23.6247864365578,83.6362898945808,1.73522365093231,0,16.227772295475,23.2335909903049,26.8779639303684
3581.51444712281,2.1688911318779,344.214860290289,1.06138244271278,84.8527749180794,127.396353691816,16822.0797760785,5428.3686889112,54.6155568659306,98.6397770643234,555.263906002045,34.8207323551178,131.574433773756,15249.2392815351,224.175136983395,224.483686983585,2663.52424633503,438.80952206254,564.71778601408,7.75414836406708,20762.4590044022,25.104647308588,7276.53456401825,328.397574365139,0,947.694949567318,685.933015316725,15346.7079814672,18301.2693650126,0,21.4136582314968,18.6606609225273,8979.82371783257,14714.6466891468,789.992673426867,1254.04073724151,98.6406327486038,9860.08541312814,1515.22110626101,226.958966225386,98.9835790097713,4.58858105540276,57.1304250657558,5.04095277190208,12.0964332520962,23.6259635686874,6.49790558218956,1.70344471931458,2.29762721061707,0,1.39020544290543,9.57168790698051,0,0.749904274940491,0,12.2083357274532,1.19262671470642,21.5891881287098,3.81949004530907,2.41888785362244,3.28625029325485,1.27640354633331,0.812832713127136,3.96701955795288,208.326391875744,5.91416534781456,0,0.57718414068222,0,132.788236290216,87.3153368830681,126.178444862366,120.965384304523,2.11438941955566,4.7927593588829,76.8895432054996,113.705176323652,7.08854356408119,16.6352113485336,0,0,6.11816889047623,6.0050733089447,122.39534085989
