0,0,93.1407131254673,0,0.870526313781738,46.7877620458603,2112.83873540163,747.819753438234,18.5449375808239,20.6949052512646,36.4855490326881,5.13620528578758,0.646495223045349,11026.9519484341,4.03380560874939,0,560.774696201086,26.6294142901897,60.2383257448673,1.82117405533791,85.400364279747,1.5807204246521,185.76952457428,72.8722813427448,1.08144962787628,40.1984210312366,80.529837757349,98.3318080604076,10165.8351496756,4513.88943979144,0,13.5754967331886,59.3897584080696,395.220405906439,13.2207952439785,88.4017780423164,29.3745604455471,233.324457287788,84.8208323419094,18.7313443720341,11.616176456213,4.50276803970337,11.9677564501762,0,4.145174741745,0,4.02984100580215,0.911739706993103,0,0,0,1.42854931950569,0,0,0,17.2053237855434,0.950780838727951,3.05084472894669,0.38188761472702,0,0,0,0,0.46165606379509,6.85810276865959,2.46872788667679,0,0,0.385075986385345,2.34686067700386,1.17018735408783,3.43663036823273,47.4147138595581,0,0.605372548103333,12.5033728778362,29.457798987627,3.57753378152847,6.17407885193825,0,0,0,0.419444411993027,2.7159857749939
0,0,10.5367080569267,3.61965960264206,10.5699729919434,1.44568708539009,4.052963078022,1.01487994194031,1184.09060624242,3.95979076623917,511.541212677956,9.19328528642654,2745.11354255676,4.00580197572708,73.1848563551903,474.941582977772,41.3119823336601,29.9312092661858,74.4542745351791,2.2945511341095,18.8075683414936,2868.69213363528,135.60318878293,4064.15747255087,4356.94394779205,222.534292668104,13498.4052786231,133.364845424891,4.84923407435417,0,60.824843943119,0,0,220.594275414944,8.48853066563606,153.318530738354,60.5582458376884,67.0402381420135,42.9420678019524,106.122268915176,0.82661497592926,125.031904459,397.282245904207,186.738383173943,126.602470546961,128.921694457531,3.93926894664764,0,123.411453723907,1.40074664354324,1508.08076310158,157.235521942377,0,0,0.882625102996826,19.6028543412685,2.29290235042572,10.1375123262405,0,169.531201899052,0.450833678245544,532.81678006053,1.798369795084,0,35.8810297548771,303.602240949869,38.1970202028751,172.259807348251,0,13.3825812041759,36.5690221786499,107.081876039505,43.6038019657135,93.9966341853142,756.96202391386,3583.89282798767,22.2308144271374,4.29701098799706,10.4125964045525,17.2699795365334,0,0.987322807312012,75.0708463788033,25.2889575362206
93.1407131254673,10.5367080569267,0,4.38640087842941,5.81172162294388,122.908766597509,3806.54011431336,1939.46859118342,29.1003901064396,141.734049052,196.712289482355,12.3419305086136,0.695468425750732,1609.7808187902,30.6772616505623,106.384604036808,33351.0632415116,299.637942552567,1968.54844152927,6.61017271876335,6524.66387787461,25.7032880783081,55354.03825894,269.91691955924,1.66759842634201,21262.8238612115,11674.9109341204,2973.98961159587,578.736077576876,2356.43268248439,14.7758585214615,12.605239212513,37.4353500008583,1652.45387414098,373.708937883377,8618.63689339161,2928.31745731831,4060.78371810913,3205.32055264711,115.231819719076,130.355157464743,3.38761648535728,1510.30945611,171.708247303963,615.000092417002,490.735952496529,24.5746793448925,13.9018607437611,3.06900355219841,3.63596549630165,270.357610464096,1709.68346309662,0.348957389593124,6.29281520843506,0,172.746297717094,5.95724433660507,20.0995509922504,0,5.21406745910645,0,0,13.1411452293396,6.3835226893425,242.349242776632,1097.84317195415,23.8901441991329,149.592804729939,0,156.765481472015,60.8674914836884,1853.29683062434,301.63283509016,3.14649969339371,384.442278593779,5784.13543507457,271.894358992577,19.9379197657108,163.192063301802,0.526279628276825,0,1.49671587347984,204.746101170778,174.252852082253
0,3.61965960264206,4.38640087842941,0,70.7471777498722,402.162910819054,104.740276843309,331.062733918428,1377.62847912312,6669.85284939408,27.680266469717,10120.0990583897,2.35042762756348,119.442471444607,358.642774134874,0,5.31589484214783,14.9934597909451,8.22471016645432,13545.7852352858,1.5912512242794,3.7916074693203,4.37266618013382,2953.885509938,0.441152930259705,9.91096037626266,4.64093106985092,15412.5691622496,81.3701158761978,5.90032860636711,0.473304480314255,26.6151320338249,1.10913053154945,203.278409570456,21.4661031961441,264.146828591824,16.3167806565762,54.4065314233303,28.9148416221142,384.297082781792,28.7064191997051,13.3322130441666,78.5589514374733,0,22.1720694005489,3.08860069513321,319.450059354305,8.51535129547119,6.13642013072968,0,0,0,1152.19731706381,29.765891700983,147.960452914238,153.845028907061,148.687109798193,431.687775820494,2059.51801413298,1.9634462594986,381.147978544235,0.395752936601639,19.171914100647,150.067059665918,0,0.356859475374222,1.01402834057808,0.531248033046722,509.483260661364,2.81341743469238,0,0.688826620578766,628.020457059145,0,0.426459312438965,0,1491.61140421033,11.6402099132538,4.51319873332977,0,0,0,23.8369980156422,0.563209354877472
0.870526313781738,10.5699729919434,5.81172162294388,70.7471777498722,0,1391.13676330447,73.1903744935989,84.4390079379082,864.558770656586,178.030243784189,2.74530911445618,975.019160121679,4.84183782339096,12.9681526720524,3395.15839511156,9.30882227420807,11.5856546759605,0,2.9212618470192,61.3673222064972,135.051657766104,38.8544799089432,131.80067974329,404.597955971956,7.94611090421677,7.25191402435303,49.676398485899,224.856502830982,10.9305829703808,72.8422115445137,1.55195534229279,1142.13000145555,3.14395073056221,1220.30864587426,1907.90109491348,377.243515431881,25.2220721244812,18.7921125292778,46.2629906535149,11420.6272336841,8316.89562863111,5.03140664100647,121.63034543395,133.283563911915,43.5437409877777,369.697468101978,483.386458992958,1.06564688682556,4.47063004970551,0,6.8235005736351,9.92215931415558,103.513815671206,29.1730907261372,154.343425095081,50.9543710052967,49.2691269218922,67.3243117630482,153.333654135466,4.89988631010056,174.732814282179,0,15.0569279491901,151.396076023579,3.17865204811096,9.93280988931656,18.8762067556381,33.9617331027985,137.829076290131,12.2018154859543,0,30.7283723950386,84.2401241958141,1.36340522766113,59.2695906758308,64.073705136776,231.556708276272,5.13822567462921,23.5865727961063,0,2.53225097060204,2.01183426380157,16.7428077459335,3367.19056141376
46.7877620458603,1.44568708539009,122.908766597509,402.162910819054,1391.13676330447,0,9344.30013307929,13839.5623952746,509.940963894129,25035.3081252575,254.311351329088,11453.2292576432,20.1747304201126,919.275178670883,6537.38101154566,1.21852368116379,119.70275580883,89.4886299967766,106.466939896345,323.700144231319,39.7651399075985,1.18081429600716,119.619340151548,221.790099531412,0.859823107719421,119.908645063639,47.5141377449036,3368.25345316529,449.403614640236,371.234912574291,17.4098907113075,223.555752307177,9.52716585993767,1333.57192841172,2373.35792565346,2852.44864708185,112.057866692543,294.154751509428,304.512723356485,10669.0055141747,2666.15856274962,156.939187973738,176.029545754194,1.02453675866127,163.570353507996,49.4564419984818,543.429666280746,54.5021726489067,69.5806991159916,1.27051773667336,0.863040447235107,0.701704055070877,206.177766650915,57.0473493039608,182.225321978331,221.925917625427,141.273083627224,213.03249797225,255.201492547989,2.81609189510345,316.688507348299,0.778447926044464,35.7311413884163,220.741837829351,5.96307840943336,0,0,1.07318425178528,192.586828142405,0.873742550611496,0,8.21618947386742,615.997348159552,1.17601072788239,0.83634877204895,5.76048740744591,815.543871194124,26.2704513072968,10.5442907214165,0,23.4861763715744,3.72417986392975,51.0878948867321,220.347095549107
2112.83873540163,4.052963078022,3806.54011431336,104.740276843309,73.1903744935989,9344.30013307929,0,36517.1443174481,519.930540472269,32368.9450892806,1170.45185771585,579.98918223381,140.541441559792,29578.8532876968,821.42109900713,21.7997994124889,1756.94200831652,617.68963983655,655.474845141172,135.439436256886,2013.48741751909,9.04546332359314,4374.58089390397,1499.50903689861,5.06300276517868,1576.25192931294,1200.92696624994,54677.2631117404,11007.1131337583,25500.1919085979,76.6937505602837,705.328119575977,614.900543481112,7268.444052279,1768.85983401537,11889.8965854347,759.91980394721,3931.35925534368,1744.23575940728,3086.1981369257,1279.32392328978,226.634737074375,1951.48738780618,10.4123685956001,524.121768176556,171.955431729555,1125.1234433651,262.468761414289,97.2591697871685,6.36181402206421,16.7317180633545,40.1800397932529,169.770875245333,24.3874127268791,114.831516593695,2457.34496456385,619.719826042652,482.773501753807,493.282045513391,19.8895211815834,95.7200701832771,8.3423228263855,223.872690498829,145.284904003143,166.046672344208,19.175834685564,0,0.457340747117996,279.329273939133,228.751081585884,34.6439906358719,219.746342033148,4479.16812440753,1.10366785526276,4.75849214196205,132.1148224473,4184.9658383131,413.992852985859,424.485268563032,0,13.1731739938259,20.2584240734577,361.026314228773,252.046577900648
747.819753438234,1.01487994194031,1939.46859118342,331.062733918428,84.4390079379082,13839.5623952746,36517.1443174481,0,322.441849678755,20999.7088968456,230.809057712555,5703.49877148867,15.8722366690636,17669.7133076489,383.682193905115,5.9769466817379,2817.63900387287,141.427623301744,384.789071440697,462.863484144211,346.55660584569,3.02749440073967,2433.39948692918,453.630859702826,0,661.601895689964,499.525925189257,4776.54375571012,3019.59404101968,10855.3143962026,16.903755992651,689.843434303999,64.3534200489521,2330.94220849872,209.812949419022,3979.50556358695,266.854469388723,1291.7247236371,806.709547519684,4247.31805381179,1034.15995642543,195.091886490583,378.483226895332,3.79580518603325,235.846541970968,97.4389025866985,362.06748047471,82.051042675972,74.3598603308201,1.27260506153107,4.42782151699066,5.91023951768875,62.8032597303391,6.94193574786186,48.5340987145901,754.806329369545,211.622298419476,242.835314512253,91.6592121124268,1.57636439800262,37.4754943847656,2.52582919597626,40.9002323150635,57.3757871091366,9.74991184473038,0.600395560264587,0,1.02323126792908,63.8508655428886,9.66442580521107,4.655533015728,24.5856491029263,1831.55842483044,0,6.30008715391159,37.6757643520832,1368.40167710185,56.5533072948456,22.9041609168053,0,38.5241893529892,3.55035734176636,93.6254570186138,29.0724523067474
18.5449375808239,1184.09060624242,29.1003901064396,1377.62847912312,864.558770656586,509.940963894129,519.930540472269,322.441849678755,0,3019.07495298982,95.442030787468,3884.68763673306,655.567555040121,177.661054223776,3849.34489834309,95.7401388585567,44.8339875042439,33.2429288625717,36.2430510520935,1399.13934642076,17.9657596349716,6425.96069401503,63.0640089213848,29363.6750021577,1562.52265194058,94.2681185305119,3331.50328525901,8149.15366977453,407.686306506395,36.3159104287624,48.4694365262985,42.5261276364326,57.2411301136017,312.895096093416,89.110440403223,656.764675319195,40.2720402777195,185.255915671587,81.8004443645477,2289.40453764796,57.2515423297882,43.9338736832142,500.695248842239,41.0103456676006,130.169774025679,52.7833188176155,605.703680753708,61.0943738818169,22.3676722347736,8.05730599164963,18.1797947585583,15.2547573745251,660.932544738054,81.2529141306877,272.209509909153,644.517365902662,279.638458460569,4146.99658629298,539.529646396637,55.7745585739613,839.107265353203,95.7248323559761,104.571806460619,456.718880087137,930.860306739807,16.0433719456196,20.745138078928,20.0139821767807,535.363571882248,489.793026268482,293.486694723368,191.494493275881,5241.20655804873,16.3233378529549,45.8698196411133,124.620493233204,3391.03705319762,201.44014787674,117.206539213657,7.43860945105553,28.1517139673233,11.0799959003925,104.55069988966,65.0580510497093
20.6949052512646,3.95979076623917,141.734049052,6669.85284939408,178.030243784189,25035.3081252575,32368.9450892806,20999.7088968456,3019.07495298982,0,902.75575864315,8617.55555519462,85.6631740033627,3454.22209003568,948.724793612957,0.347517937421799,269.910662472248,434.849234223366,372.517630785704,6010.19679820538,31.288342833519,4.94340735673904,151.257534921169,2308.95798274875,2.57282423973083,449.448901206255,190.97557169199,20182.0185644627,2179.99955052137,348.641960591078,54.9289135336876,635.267449319363,12.0698423981667,4261.46408566833,430.517877072096,6782.10589322448,456.023893654346,1576.63542702794,708.547059357166,2558.01102513075,729.297070473433,249.223312318325,484.793433636427,7.86859482526779,207.697360634804,62.6192238926888,1322.47243869305,106.882728755474,69.5554613769054,2.0628969669342,0.591886639595032,0.423155605792999,1490.44285967946,103.340295553207,447.885490447283,1475.53158664703,914.912403851748,1444.26520133018,2367.28054773808,2.0961292386055,1000.39076438546,0.703775584697723,57.4460914731026,454.476612627506,6.3562870323658,0.431782156229019,0,0,1745.32885104418,11.8802706897259,1.3824570775032,8.74219205975533,4242.27899166942,2.15124356746674,0,4.33124330639839,7346.7810985446,77.9618242383003,29.6593512892723,0,1.69990137219429,1.28705608844757,140.671795099974,25.3576699793339
36.4855490326881,511.541212677956,196.712289482355,27.680266469717,2.74530911445618,254.311351329088,1170.45185771585,230.809057712555,95.442030787468,902.75575864315,0,330.938917130232,7713.83001741767,693.869456887245,15.0347002148628,13.3403739929199,2140.40908172727,20260.4069987833,1804.26225706935,45.6013795435429,155.996497899294,85.6985501646996,585.959350317717,152.289587169886,531.043457686901,6547.85701912642,1351.20923188329,312.688533395529,750.134358555079,300.236967384815,1199.54835951328,346.335152983665,27.9637095928192,14819.3259530365,263.233176797628,3109.09659543633,8140.46016567945,7138.54697811604,2115.47340539098,120.292968213558,19.4941531717777,5894.38714081049,42.9190439283848,2928.0685813427,46.5993913412094,18.7796631455421,10.4976872205734,2.47156190872192,895.099598526955,0,60.5790410041809,15.5292627215385,0,1.19552218914032,1.07557165622711,14.7835565507412,0,26.6840761899948,0,2834.73047155142,1.33794224262238,7651.43327715993,0,3.96029078960419,0,14.6896624267101,237.359334737062,9.52479898929596,0,2.05791142582893,15.4131664633751,13.9431011080742,48.6334493160248,414.339268952608,2761.53193691373,1323.72608482838,21.517431139946,0,0.412928491830826,1767.74227574468,1.62811553478241,0,9.27631163597107,117.642141282558
5.13620528578758,9.19328528642654,12.3419305086136,10120.0990583897,975.019160121679,11453.2292576432,579.98918223381,5703.49877148867,3884.68763673306,8617.55555519462,330.938917130232,0,32.9383252859116,1015.89663550258,3650.13937798142,0,58.6259378194809,191.633169591427,128.978315860033,8633.70107871294,4.03608983755112,18.1621671319008,8.82916408777237,1870.78327044845,5.1258210837841,163.232598632574,63.7900895476341,11088.0089859664,569.009968280792,57.7377476990223,16.4271138906479,220.014772981405,3.28171697258949,1237.29207909107,2647.65931922197,1211.52047067881,159.386824131012,362.34128266573,202.792414605618,2685.6398961544,144.774716556072,110.901251107454,143.018520772457,4.95486405491829,88.154293268919,43.4927464723587,1102.34494885802,38.2594332098961,38.9068997204304,0,0.803672254085541,0,1186.7173807025,166.532882422209,719.609655439854,242.488502383232,285.264383584261,921.532114923,1044.61984455585,15.7263849973679,1287.25263810158,0,68.6669788360596,730.34306615591,3.67530584335327,2.54756861925125,9.8573622405529,8.64491978287697,1028.90217667818,1.26387369632721,0,4.40770673751831,936.057062149048,0,6.49754324555397,1.21220108866692,2734.36413985491,26.9645968675613,7.01330709457397,0.52551406621933,14.0272546708584,0,62.3337916731834,197.19594091177
0.646495223045349,2745.11354255676,0.695468425750732,2.35042762756348,4.84183782339096,20.1747304201126,140.541441559792,15.8722366690636,655.567555040121,85.6631740033627,7713.83001741767,32.9383252859116,0,38.8365335464478,21.791418671608,82.051775187254,0.548746228218079,24.0328851342201,7.22112718224525,7.46026796102524,0,964.3001986444,19.8498040437698,1273.50864645839,5618.79779487848,190.920163542032,3502.28127065301,66.0542531311512,72.5752131938934,11.3152078092098,1544.96007281542,30.7968984246254,1.90612763166428,2113.29514196515,10.5089914798737,145.536981344223,4392.34526717663,635.497392207384,165.708049505949,56.6663930118084,0.711971640586853,4600.54367691278,12.8595375418663,4571.56816381216,47.6214817166328,12.0829778313637,2.44869101047516,0.736417651176453,1197.47595140338,0,139.367023944855,1.32396757602692,0,0,0,0,0.404085487127304,9.9769698381424,0,7880.08247074485,0,24388.7190210521,1.70030730962753,0,1.51440620422363,4.06971645355225,380.460105538368,11.9566996097565,0,0,46.261467307806,0.508011937141418,9.46287232637405,2265.39857840538,6712.53593242168,3912.44898825884,0.419606238603592,0,0,6017.95259878039,2.51811563968658,0,19.0414245128632,5.7299382686615
11026.9519484341,4.00580197572708,1609.7808187902,119.442471444607,12.9681526720524,919.275178670883,29578.8532876968,17669.7133076489,177.661054223776,3454.22209003568,693.869456887245,1015.89663550258,38.8365335464478,0,81.75690305233,5.24832436442375,4718.74595409632,465.447203010321,782.596623986959,145.635829329491,509.947927057743,7.79906180500984,2482.9335180819,447.145407378674,2.62083265185356,782.737008213997,924.08382704854,1877.07988494635,17276.3480331004,25862.9199016988,42.2661843299866,485.903316527605,159.360314816236,3289.39813539386,98.5560423433781,2123.58125939965,494.167499184608,1863.37006151676,812.040286719799,588.580199986696,308.662957131863,141.868927150965,224.596700310707,14.975838124752,139.071470707655,55.3807886838913,152.065581679344,50.0881889164448,47.0557897388935,1.36691844463348,4.60217541456223,7.48022973537445,11.6639671325684,2.17024892568588,12.462142854929,382.948831021786,91.6939112842083,138.347090989351,9.48963966965675,1.88774859905243,11.4455006718636,4.11339670419693,10.2718144655228,10.4826906323433,14.0945813059807,4.45541870594025,3.46558594703674,2.52888014912605,18.4135545790195,8.36022606492043,5.70667296648026,21.6943528354168,941.543540507555,1.93348705768585,34.4375413656235,94.7207547724247,665.860802441835,40.9874522686005,28.2634373009205,1.94307088851929,25.4085465073586,1.18697646260262,37.1684818565845,10.2426571846008
4.03380560874939,73.1848563551903,30.6772616505623,358.642774134874,3395.15839511156,6537.38101154566,821.42109900713,383.682193905115,3849.34489834309,948.724793612957,15.0347002148628,3650.13937798142,21.791418671608,81.75690305233,0,3.74652868509293,27.8089009821415,8.11173099279404,8.0191565155983,305.07089728117,73.906154602766,234.96012160182,82.8130096495152,1962.16840535402,81.9964960217476,11.9820514321327,184.371607929468,1202.22682967782,177.751132696867,401.688908338547,1.49510431289673,58.2614842653275,18.9264265298843,270.461154252291,1501.35406765342,709.907880634069,19.231823682785,46.0169862508774,67.8369630277157,3498.5167966187,29.0191382169724,3.76479753851891,147.018809407949,14.5078425109386,49.5998394787312,49.325802564621,721.20491489768,19.2226225733757,10.5349749326706,0,0,1.84574979543686,214.268331468105,86.11127358675,251.214683622122,168.885424643755,126.21533703804,259.135628312826,289.163033306599,8.11042657494545,415.127879738808,3.54455643892288,43.3565991818905,295.053341656923,10.2877767682076,1.04200255870819,7.25268298387527,4.90721094608307,283.32117164135,9.62252855300903,1.82301694154739,10.4595005214214,417.890929937363,0,6.30351629853249,12.6955990195274,661.548098474741,23.1216204464436,19.5809205174446,1.17615187168121,8.88877987861633,0.634328484535217,33.1866899430752,573.732740074396
0,474.941582977772,106.384604036808,0,9.30882227420807,1.21852368116379,21.7997994124889,5.9769466817379,95.7401388585567,0.347517937421799,13.3403739929199,0,82.051775187254,5.24832436442375,3.74652868509293,0,105.468879371881,10.3321269750595,23.2997524142265,0,4348.3788895905,4936.68287017941,7281.1129592061,6934.62607893348,291.452112555504,82.8294313549995,7545.64055132866,6430.19016951323,5.5100824534893,83.7648413479328,5.39284884929657,0,0,454.867649674416,165.809151768684,3644.44209995866,558.109122604132,1155.07261869311,716.860491603613,46.0344731509686,49.5584115982056,0,583.724256962538,68.5519879460335,261.196553558111,207.758249521255,46.9027782976627,5.32661661505699,18.7425096929073,0.564914464950562,69.7930584251881,133.258382201195,0,0,0,157.971629798412,17.3589767515659,27.6368379592896,2.26323372125626,2.06591045856476,1.84083127975464,8.04480713605881,12.6702024936676,10.9801303446293,5795.00684604049,98.096769541502,2.38901755213737,30.4095432162285,0,2476.26092681289,1326.21839979291,7753.35579052567,985.092343270779,2.6084041595459,75.3157868683338,2464.535551548,507.292092204094,10.4173753261566,208.393006682396,0,0.668172895908356,4.53706935048103,111.221240460873,58.273347556591
560.774696201086,41.3119823336601,33351.0632415116,5.31589484214783,11.5856546759605,119.70275580883,1756.94200831652,2817.63900387287,44.8339875042439,269.910662472248,2140.40908172727,58.6259378194809,0.548746228218079,4718.74595409632,27.8089009821415,105.468879371881,0,2622.51476845145,18071.259309262,10.3856114149094,2558.60170277953,85.599338799715,28493.2397534251,246.693786859512,6.7754091322422,5706.87698164582,27884.5753447413,1007.98399576545,4039.45631954074,10610.7427937984,3.52387776970863,38.050862133503,130.885664761066,12817.2738654613,309.72826063633,5789.70683723688,5553.47566455603,5950.05629301071,3375.87272375822,117.640703678131,110.196586489677,14.5493407249451,1054.09897178411,126.734447747469,432.144777238369,302.354218125343,10.1153048872948,7.23479253053665,2.2153571844101,1.44108283519745,213.638817280531,1178.05257031322,2.71045413613319,5.17198687791824,0,66.4620684683323,0.496344327926636,8.03106454014778,0,2.24665856361389,0.602735698223114,3.38909560441971,3.84257647395134,3.22088348865509,119.698809981346,829.936910390854,24.7002018988132,161.392925918102,0,76.3064721226692,40.7668494880199,1182.86975955963,113.440974622965,6.22100895643234,580.097756594419,4952.78837960958,83.0305603444576,1.49987217783928,60.8274368643761,0,0,0.689415752887726,150.210008740425,174.102705836296
26.6294142901897,29.9312092661858,299.637942552567,14.9934597909451,0,89.4886299967766,617.68963983655,141.427623301744,33.2429288625717,434.849234223366,20260.4069987833,191.633169591427,24.0328851342201,465.447203010321,8.11173099279404,10.3321269750595,2622.51476845145,0,11030.9345331788,27.0321768820286,163.612322002649,18.2597154974937,596.241279423237,66.7482597231865,116.831449866295,2554.61407506466,3290.85275092721,150.081510543823,479.10225430131,229.359956383705,243.628754556179,134.304806560278,5.77162012457848,6225.67792350054,416.491627424955,6275.48809546232,3706.93124476075,4399.31741821766,3048.24919062853,75.4939841926098,13.2232410907745,9.97583383321762,97.9697696566582,83.8807116746902,33.2787775099277,24.5508109033108,0.804643273353577,0,2.51571643352509,0,103.595136851072,29.4240331947803,0,1.28276896476746,0,0,0,9.26619440317154,0.431992560625076,7.31953299045563,0.526245951652527,21.6868992447853,1.14081716537476,3.81525421142578,1.01976013183594,46.3583424389362,74.3956717848778,53.2847034037113,0,0.437945395708084,11.3285641074181,10.9595183432102,1.91734969615936,40.1043489873409,1065.20195561647,1428.86502820253,0,0.472749471664429,0,56.4618899524212,1.40493923425674,0,18.2621923685074,300.526660919189
60.2383257448673,74.4542745351791,1968.54844152927,8.22471016645432,2.9212618470192,106.466939896345,655.474845141172,384.789071440697,36.2430510520935,372.517630785704,1804.26225706935,128.978315860033,7.22112718224525,782.596623986959,8.0191565155983,23.2997524142265,18071.259309262,11030.9345331788,0,15.240809828043,444.354216873646,20.9867779910564,2063.7906152606,96.673064827919,44.36998462677,16066.0621471405,8479.3136241138,223.649455040693,663.254517376423,558.052569270134,41.2564726173878,71.9006840884686,22.7236803472042,10817.6095740497,412.824919044971,7934.21033453941,4294.76225087047,4756.24392533302,3582.35665842891,72.2697203159332,24.3133973777294,5.67052441835403,431.50630196929,142.816847354174,174.857636123896,162.270768165588,6.99911272525787,2.74950218200684,0.75573194026947,0,375.606466650963,373.487928211689,0.566054224967957,6.679203748703,0.789300799369812,3.29590034484863,1.55620574951172,11.8278801441193,0,2.25236541032791,0,3.35829010605812,1.79925918579102,5.3748242855072,10.7193493247032,427.624082237482,127.929028570652,388.321171492338,0,8.85033005475998,15.9937618970871,92.587234377861,8.49775323271751,62.3280873298645,2589.74658429623,4219.28803393245,5.24341714382172,2.41000697016716,6.10502123832703,15.3057938218117,0.743154525756836,1.15949559211731,111.837490797043,293.267867207527
1.82117405533791,2.2945511341095,6.61017271876335,13545.7852352858,61.3673222064972,323.700144231319,135.439436256886,462.863484144211,1399.13934642076,6010.19679820538,45.6013795435429,8633.70107871294,7.46026796102524,145.635829329491,305.07089728117,0,10.3856114149094,27.0321768820286,15.240809828043,0,0.543604135513306,3.42001232504845,5.68502300977707,3054.3345028162,1.12509548664093,28.7354037761688,15.7296542823315,10188.4103595018,119.986629247665,18.7009484171867,4.17097708582878,40.8983804583549,0.903541654348373,257.727896928787,16.0819729566574,393.768225193024,26.0527344048023,70.6871730387211,39.7815678119659,401.009790480137,40.2977387011051,9.4766474366188,100.308705061674,0,27.4603140056133,7.89757889509201,381.571677535772,31.4985454976559,12.4082112014294,0.439363539218903,0.539371192455292,1.79090976715088,819.10187959671,51.2364863753319,160.166144073009,289.404595702887,240.287354886532,553.648819863796,890.254139304161,0,436.365935891867,0,39.0464534163475,183.817288398743,0,0,0,0,609.283365309238,1.83128607273102,1.75002014636993,1.27378433942795,1050.40157997608,0,0,0,2310.14171350002,15.3309295475483,6.36571389436722,0,0.984064042568207,0.597567081451416,65.9210526049137,2.33881467580795
85.400364279747,18.8075683414936,6524.66387787461,1.5912512242794,135.051657766104,39.7651399075985,2013.48741751909,346.55660584569,17.9657596349716,31.288342833519,155.996497899294,4.03608983755112,0,509.947927057743,73.906154602766,4348.3788895905,2558.60170277953,163.612322002649,444.354216873646,0.543604135513306,0,172.740942686796,56908.6396554112,1524.27684691548,12.4726295471191,1034.37045204639,2196.41837769747,24837.2883192003,1128.14080351591,16839.2764860094,3.69973522424698,13.855733782053,187.048334240913,9840.50641781092,2526.98067700863,28486.6374200881,4289.10110765696,15107.1740857661,9273.52735179663,611.259762018919,456.422945916653,8.45749428868294,287.372451215982,44.7936996221542,82.3980695605278,87.2749136090279,89.50441801548,8.57284462451935,19.2039489746094,0.422089129686356,12.9051040709019,73.4024214148521,0.688548445701599,3.60777670145035,3.39934203028679,105.014404922724,7.69906425476074,41.2602799832821,7.98266103863716,0.819832563400269,2.78466546535492,0,3.99983376264572,32.1592053174973,2032.1868506968,45.5561701953411,0.838147938251495,8.63990414142609,1.35941246151924,2838.13296222687,261.236159086227,2376.96692332625,1044.62398663163,0,24.4840907156467,448.947342902422,745.887024492025,38.4491283297539,473.648714065552,0,1.52429974079132,21.3442597985268,65.182233184576,411.908433824778
1.5807204246521,2868.69213363528,25.7032880783081,3.7916074693203,38.8544799089432,1.18081429600716,9.04546332359314,3.02749440073967,6425.96069401503,4.94340735673904,85.6985501646996,18.1621671319008,964.3001986444,7.79906180500984,234.96012160182,4936.68287017941,85.599338799715,18.2597154974937,20.9867779910564,3.42001232504845,172.740942686796,0,693.330613344908,36942.8064073026,2132.24117991328,67.9662788808346,15120.361900419,1394.16377183795,17.3843125998974,8.82593363523483,36.6562280058861,0.426411420106888,2.4299453496933,102.760254889727,20.7837747633457,299.172552496195,50.279600918293,76.6160061657429,54.6768841147423,282.093407899141,7.83423542976379,23.7210710048676,660.26767757535,89.3518150150776,237.168699353933,179.954198479652,73.405263543129,6.93156147003174,32.1363987326622,0.451502948999405,435.132418453693,179.820693224669,2.21589761972427,5.52091062068939,3.099998742342,87.5879153609276,7.96956539154053,94.8031895458698,4.88372892141342,52.661295235157,1.46976161003113,142.556820273399,7.74705305695534,18.5604019761086,2798.32813975215,157.107975721359,3.85683792829514,50.7718605995178,1.47159832715988,664.172899961472,1167.87371402979,1900.99419999123,1031.83661046624,51.5115948915482,106.063715755939,4218.30686482787,346.3025418818,17.6598388254642,76.0929527282715,4.33816063404083,0.577958643436432,2.2100151181221,86.6360323429108,24.5830116271973
185.76952457428,135.60318878293,55354.03825894,4.37266618013382,131.80067974329,119.619340151548,4374.58089390397,2433.39948692918,63.0640089213848,151.257534921169,585.959350317717,8.82916408777237,19.8498040437698,2482.9335180819,82.8130096495152,7281.1129592061,28493.2397534251,596.241279423237,2063.7906152606,5.68502300977707,56908.6396554112,693.330613344908,0,3685.56894007325,50.396719455719,3351.85560208559,36962.9693278074,11981.1940543354,1421.08659288287,21639.9045895636,13.1979162096977,17.5320277810097,115.455416083336,13843.0129738748,2648.38768464327,39969.8693216443,6791.69331267476,28245.105635047,15687.7116937041,637.127744883299,819.465799421072,17.5403706729412,2078.51481455564,176.30762347579,964.955802112818,691.750129520893,80.4695237874985,17.0486376583576,43.2175063192844,6.14786759018898,149.362874209881,708.022445142269,1.60795670747757,5.51597845554352,2.59053525328636,551.026693165302,27.2379673421383,36.4479447901249,0,4.6900754570961,0,3.30406039953232,34.2413546741009,22.2522599101067,7717.96009704471,447.768584430218,13.2786596119404,87.5412392318249,0.592123508453369,4921.66647669673,913.991037577391,19329.7481417656,1457.94816756248,0,244.71243801713,6851.10556837916,983.441739290953,39.0756356418133,506.717855930328,0.54751455783844,5.85129556059837,6.99591636657715,402.337757363915,578.907512456179
72.8722813427448,4064.15747255087,269.91691955924,2953.885509938,404.597955971956,221.790099531412,1499.50903689861,453.630859702826,29363.6750021577,2308.95798274875,152.289587169886,1870.78327044845,1273.50864645839,447.145407378674,1962.16840535402,6934.62607893348,246.693786859512,66.7482597231865,96.673064827919,3054.3345028162,1524.27684691548,36942.8064073026,3685.56894007325,0,3287.00998571515,319.292667627335,13119.9102859497,30845.5811245441,1320.11063337326,221.222925126553,68.5464016795158,54.1385851204395,260.699178814888,1220.46800294518,388.421314120293,4300.18514570594,533.909204006195,1037.23653534055,595.233106821775,1649.28203082085,191.943288713694,46.3123667240143,3970.02841874957,128.326915234327,1000.11354756355,404.585044175386,1680.49993544817,388.174856215715,116.099327594042,37.0106988549232,136.90500074625,206.59734287858,602.322766363621,59.9070181846619,159.594182163477,4186.54193758965,933.115910857916,4012.05589714646,1055.45644417405,98.4710866510868,349.960774511099,186.293473124504,401.16852620244,385.945087462664,4287.35541936755,174.619289398193,6.29788622260094,46.8020144402981,656.968787968159,3916.45235180855,1709.39141845703,2596.54917404056,19273.8808653653,32.7713452577591,138.636180967093,1870.11798816919,11197.385142386,1188.86761319637,1628.42931771278,7.15329372882843,83.5341477394104,113.782521516085,719.673481732607,202.805756777525
1.08144962787628,4356.94394779205,1.66759842634201,0.441152930259705,7.94611090421677,0.859823107719421,5.06300276517868,0,1562.52265194058,2.57282423973083,531.043457686901,5.1258210837841,5618.79779487848,2.62083265185356,81.9964960217476,291.452112555504,6.7754091322422,116.831449866295,44.36998462677,1.12509548664093,12.4726295471191,2132.24117991328,50.396719455719,3287.00998571515,0,291.767390459776,10531.4877710938,88.0513243377209,5.13761377334595,0,308.454265236855,2.69777131080627,0.5158651471138,775.569474071264,7.47684675455093,68.242322653532,64.5432336330414,30.2806890010834,20.9498346447945,112.897580087185,0.943233847618103,305.324466258287,68.1573607027531,248.798308551311,34.8542539179325,21.36606118083,2.5112310051918,0,298.973768055439,0,435.025317668915,15.8356866538525,0,0,0,3.38842564821243,0,15.7238031923771,0,506.81309235096,1.72624725103378,3684.83403301239,0,0.68656861782074,9.72972801327705,25.9957872331142,58.4992991685867,38.0457531511784,0.77980500459671,0.959288656711578,30.8967243134975,17.059625685215,28.6960462927818,979.673856765032,1097.22206762433,2424.81170859933,4.69723397493362,0.434200197458267,1.18147087097168,588.090247511864,1.19298601150513,0.827367186546326,20.8863398432732,3.12236332893372
40.1984210312366,222.534292668104,21262.8238612115,9.91096037626266,7.25191402435303,119.908645063639,1576.25192931294,661.601895689964,94.2681185305119,449.448901206255,6547.85701912642,163.232598632574,190.920163542032,782.737008213997,11.9820514321327,82.8294313549995,5706.87698164582,2554.61407506466,16066.0621471405,28.7354037761688,1034.37045204639,67.9662788808346,3351.85560208559,319.292667627335,291.767390459776,0,65759.6417177022,611.012130647898,602.140565276146,583.176841169596,901.285648167133,162.930511415005,15.6645271778107,3439.94752344489,508.188140422106,11591.0535888374,15108.6469587982,5012.95617353916,3478.59003013372,111.312247157097,45.2283989489079,26.6545657813549,2477.22932964563,1925.11036422849,1078.5790360868,829.259997963905,14.333310931921,6.56590062379837,5.83732527494431,2.25465443730354,1781.0349059701,2125.52095228434,1.14128309488297,1.86866623163223,0,57.077984303236,5.53326976299286,35.2645779252052,0,420.25201612711,2.67670291662216,1412.07803428173,16.2992092072964,6.44052773714066,56.7774457335472,2517.75400575995,1512.65126737952,1659.6921851635,0,61.7328346967697,149.877592593431,419.47201448679,70.7160931825638,663.159647166729,19853.3878194094,26312.9892951548,65.8639968335629,8.20307993888855,46.6231080591679,2046.41859281063,1.84265887737274,4.30564445257187,613.715811938047,333.714446365833
80.529837757349,13498.4052786231,11674.9109341204,4.64093106985092,49.676398485899,47.5141377449036,1200.92696624994,499.525925189257,3331.50328525901,190.97557169199,1351.20923188329,63.7900895476341,3502.28127065301,924.08382704854,184.371607929468,7545.64055132866,27884.5753447413,3290.85275092721,8479.3136241138,15.7296542823315,2196.41837769747,15120.361900419,36962.9693278074,13119.9102859497,10531.4877710938,65759.6417177022,0,4793.51780301332,634.908118456602,1200.82122781873,1794.1681240499,38.0930358767509,20.8569982051849,7711.42051953077,1586.63703042269,34937.2542577684,7896.82282924652,16520.632253319,13374.7083566785,498.944488495588,363.37283834815,36.1740064620972,15379.4362150133,2541.37051701546,5976.44839590788,4839.41375538707,118.099194824696,42.1060447394848,28.6378087997437,25.8342091143131,11925.9493050575,11487.5901419818,0.790920227766037,18.7012705802917,1.10453841090202,760.201962679625,45.1672077476978,74.1770343780518,3.03503888845444,407.177139878273,0.703401744365692,3090.48303535581,100.130367487669,22.6412307024002,4406.84156218171,10681.052904278,1010.39804986119,3930.01409760118,0.980848252773285,1239.09383136034,1994.29554209113,15414.2322917283,1702.10688859224,1637.43215072155,23277.6996181607,104591.153596133,1041.24500733614,66.8366685509682,538.465181827545,2522.75845077634,6.41078293323517,16.4710001647472,2405.57375356555,962.266430079937
98.3318080604076,133.364845424891,2973.98961159587,15412.5691622496,224.856502830982,3368.25345316529,54677.2631117404,4776.54375571012,8149.15366977453,20182.0185644627,312.688533395529,11088.0089859664,66.0542531311512,1877.07988494635,1202.22682967782,6430.19016951323,1007.98399576545,150.081510543823,223.649455040693,10188.4103595018,24837.2883192003,1394.16377183795,11981.1940543354,30845.5811245441,88.0513243377209,611.012130647898,4793.51780301332,0,2975.14854583144,14862.511485815,17.0136505067348,268.894000798464,747.84272262454,6205.73441332579,2117.37569218874,19793.9400568902,1491.57270282507,5369.76412880421,2421.90543341637,2378.64340054989,760.058454155922,95.9786167740822,5750.94894573092,68.4623836576939,1253.56439626217,506.158424854279,3333.59100025892,638.235426127911,172.102689176798,50.3347212672234,34.6293499171734,234.152447968721,1930.26260063052,127.58801355958,531.3105032444,7312.99075111747,2121.25682953,3723.00940129161,3081.23242077231,50.9155359864235,990.995594322681,3.76364648342133,613.402348399162,723.841236799955,3476.56374484301,124.906674355268,0,20.4792976379395,2029.39879930019,4326.72766812146,728.298453658819,2103.27162331343,21717.7673954368,0.459037065505981,49.2854834496975,853.463400244713,19437.1102958918,1582.95889979601,3038.53596714139,0,75.2813847661018,164.366387367249,1041.63220191002,376.406174451113
10165.8351496756,4.84923407435417,578.736077576876,81.3701158761978,10.9305829703808,449.403614640236,11007.1131337583,3019.59404101968,407.686306506395,2179.99955052137,750.134358555079,569.009968280792,72.5752131938934,17276.3480331004,177.751132696867,5.5100824534893,4039.45631954074,479.10225430131,663.254517376423,119.986629247665,1128.14080351591,17.3843125998974,1421.08659288287,1320.11063337326,5.13761377334595,602.140565276146,634.908118456602,2975.14854583144,0,10183.7826197445,49.554752767086,609.038072347641,2374.84444066882,8903.98367640376,320.793024212122,1576.17877736688,433.430059760809,3957.54386651516,972.909849077463,565.813165962696,406.924004077911,105.376547604799,518.318495839834,4.24917459487915,139.479610204697,46.6845560371876,216.005197644234,54.3509037792683,40.3272842764854,2.4306675195694,4.72903427481651,10.8548600673676,11.1835281550884,10.8778890371323,9.87976023554802,601.334540367126,77.9126525521278,221.259903550148,21.93577003479,4.46245884895325,10.7721146345139,4.3549947142601,20.5391942858696,24.8304423987865,89.9823584854603,6.01723939180374,1.39985391497612,3.37452280521393,12.9029754698277,72.7314720153809,16.6968037486076,36.7242799401283,1616.46187403798,0,21.9874774813652,89.6542401611805,1151.23810583353,71.2000884413719,200.888676375151,3.49378854036331,16.3697537183762,8.53366515040398,65.3458819687366,57.358874052763
4513.88943979144,0,2356.43268248439,5.90032860636711,72.8422115445137,371.234912574291,25500.1919085979,10855.3143962026,36.3159104287624,348.641960591078,300.236967384815,57.7377476990223,11.3152078092098,25862.9199016988,401.688908338547,83.7648413479328,10610.7427937984,229.359956383705,558.052569270134,18.7009484171867,16839.2764860094,8.82593363523483,21639.9045895636,221.222925126553,0,583.176841169596,1200.82122781873,14862.511485815,10183.7826197445,0,14.3136982619762,153.559520512819,3793.15699830651,24610.2310282886,3102.14671039581,20125.8049454689,1839.09854647517,14079.4436101019,3782.64937847853,1324.56799253821,842.554043859243,36.2638423144817,508.551151841879,14.3773432970047,81.7888222336769,57.9326930940151,147.580565929413,42.8900453448296,19.6924984753132,3.10064366459846,3.58698004484177,58.9405192732811,1.25201278924942,11.0995465517044,10.7686132788658,279.876920938492,17.945498585701,33.6394604444504,12.3341292142868,0.67960250377655,3.62506824731827,0,8.08740106225014,22.9953856170177,480.947851747274,15.72691822052,0,2.7652533352375,3.02861139178276,866.718835413456,65.0863673686981,293.436969161034,1120.77824264765,0,5.0264957845211,181.00844424963,1114.53114658594,88.9617618024349,501.44095826149,0,2.49246710538864,16.3064968883991,59.8286184072495,416.53534001112
