0,1.50611311197281,127.358225911856,3.75500127673149,0,132.917125821114,5542.237380445,1933.94504532218,5.742660343647,123.582712292671,32.2732384502888,33.344222933054,2.57047706842422,15827.051137507,18.8284724056721,2.52022981643677,371.959111064672,13.4134171307087,49.9663818180561,22.4946295917034,51.8871299624443,0,516.57711738348,19.1298255622387,0,78.8393104970455,69.2227922827005,64.9189947843552,6271.10630464554,10442.6547956169,3.47715926170349,13.1849766671658,20.1229755878448,385.702601790428,62.5621283948421,321.232029885054,14.5797454118729,73.1834866702557,51.5598952770233,28.0757090449333,58.6468067765236,65.02434232831,39.7627524137497,2.20052695274353,21.9457927942276,1.98289650678635,2.56543353199959,7.65860426425934,2.57350021600723,1.08255338668823,0.736477255821228,3.73705193400383,6.48328498005867,0,0,36.6448976099491,12.0530367493629,17.460496544838,1.61011016368866,1.45994186401367,3.81901213526726,2.01200371980667,2.50703611969948,1.54706183075905,6.4681333899498,1.3497499525547,0,0,1.33686202764511,1.10130590200424,8.77507293224335,4.78251329064369,86.3906508088112,0,0,8.139084815979,65.5144980251789,2.32716882228851,0.448951929807663,0,1.25445455312729,0,9.21489259600639,10.7263778746128
1.50611311197281,0,735.173873573542,0,5.90813109278679,1.86919462680817,10.380002528429,2.2038172185421,1996.97002652287,0.868331760168076,43.731377363205,1.66559940576553,622.85784304142,3.87242862582207,34.8540161848068,444.305730164051,162.296662688255,18.4189665913582,56.1235731840134,0.691188335418701,104.296695053577,12864.3109201789,438.154264807701,2201.47169283032,6071.73235726357,805.632342278957,41315.7047378719,45.288841933012,5.2395313680172,26.3957853615284,173.048840969801,1.43146324157715,0.815746903419495,194.631061017513,33.7909163236618,432.01436650753,126.612964868546,66.5525452196598,143.066577732563,57.0045469999313,1.98522639274597,14.533329308033,269.39199590683,61.6518327891827,129.634366005659,136.158350735903,0.87590292096138,0.840621471405029,7.42409300804138,3.88156056404114,2080.577904284,306.9350489676,0.640150368213654,1.46599268913269,0,40.5144445598125,4.48017770051956,57.0723272562027,2.30793103575706,264.61716234684,0.755163609981537,289.143766343594,7.72597149014473,1.02038863301277,47.3281965553761,70.211815148592,11.6304574608803,9.4602358341217,0,33.3718377649784,265.460574418306,303.190661072731,90.9186665117741,190.142333716154,277.617869615555,6350.07944521308,21.5668275356293,8.26535034179688,22.3604151308537,235.994487226009,0,0.697807490825653,60.8288766443729,33.7283189892769
127.358225911856,735.173873573542,0,5.4606636762619,0,72.7261047661304,903.199657559395,490.092006146908,4.63479894399643,44.0056651234627,56.0334957242012,14.324091643095,2.00762981176376,871.211804866791,11.2837358117104,70.2399847209454,43677.8912792206,341.433746248484,5963.54053834081,7.07672891020775,2659.1069663167,86.6721408963203,45722.2569073439,84.1805678904057,18.1841475963593,62175.0307144821,18036.0166095793,1168.28004837036,435.736591368914,2952.58170694113,3.44243448972702,23.0987276136875,10.8974938094616,2276.82695993781,385.26284378767,4971.55499464273,3361.81832745671,833.369662642479,3028.62631240487,82.5046262145042,45.4763676822186,109.905883163214,692.493054330349,134.071795225143,336.346825122833,336.253695368767,11.9693370461464,9.17243531346321,2.10992079973221,6.87693983316422,397.482525467873,1236.39888992906,0.430472075939178,2.80425095558167,2.52032986283302,144.566767454147,4.47475296258926,28.4136919379234,4.17911419272423,10.9011847376823,0.963392347097397,2.05003935098648,19.2038678228855,3.67972153425217,99.3168202936649,225.386910259724,24.8921553790569,26.4955260157585,0,60.564857006073,122.293883442879,576.164510160685,59.3858488798141,3.92392125725746,296.302873373032,6311.18344753981,54.551690608263,9.18157222867012,61.8949618041515,0.858875960111618,0,0,124.996364861727,194.780475795269
3.75500127673149,0,5.4606636762619,0,530.385634154081,1382.60627302527,2523.71518206596,268.358353942633,5421.15210753679,9999.79499214888,74.447515130043,7003.69796949625,10.011537104845,487.966630235314,1688.37719836831,1.98986929655075,3.20278775691986,33.9951139688492,1.11908695101738,43521.6993470192,3.2378765642643,5.14419603347778,28.2835603058338,5684.9118924737,0,46.7182018458843,12.4872369468212,5349.01947313547,329.6028624475,31.4585840702057,8.27278706431389,204.856048375368,33.3796785771847,504.064262837172,261.402962952852,1613.67940482497,16.7329576313496,200.43565967679,102.329384237528,2561.18811744452,335.570870578289,432.036733031273,134.670394867659,18.2996279597282,84.6612434089184,5.79586887359619,623.815816581249,28.1450726091862,19.4006808996201,1.0765655040741,12.7882693111897,0,4003.9507560432,46.4411809742451,118.802190870047,1283.61423133314,299.572125166655,2206.79726034403,897.536983013153,12.3061441481113,470.464733421803,26.1533952951431,113.851103037596,127.07410171628,6.51885175704956,0,0,0,367.704900413752,2.04394018650055,48.301112383604,2.4353358745575,3433.50650247931,7.16031309962273,0,6.28723892569542,2541.10094767809,36.0635321438313,0.659247219562531,0.475040793418884,29.6439669132233,0,178.937755793333,17.1250398755074
0,5.90813109278679,0,530.385634154081,0,977.480569422245,29.6933684647083,28.0521928668022,558.268750905991,41.7417003214359,1.19548499584198,589.812638312578,0,42.5751812458038,3288.62242823839,1.95045167207718,1.59493052959442,0,0,172.565072178841,3.57684791088104,30.0084910690784,5.60916709899902,514.795365571976,3.75733345746994,1.59422338008881,9.2842766046524,152.304389685392,7.62328171730042,9.68977144360542,0,1365.83668577671,0.428334563970566,17.8195047080517,328.855575352907,273.704925298691,0,4.04617673158646,0,18782.0299658775,1659.07953989506,7.91404461860657,4.79048871994019,1.39629900455475,1.50760567188263,2.97544991970062,12.0706294178963,0,0,0,0,0,55.1440089344978,1.31988513469696,4.43917971849442,13.3272024989128,4.65899524092674,62.3388297259808,17.8085263371468,0,28.3927643299103,6.36615175008774,1.61143535375595,6.25548446178436,1.30384367704391,0,0,0,11.0099129676819,0,0.59755665063858,8.64857566356659,36.8595355451107,0,0,4.74486872553825,50.3289956450462,0,3.15881156921387,0,0,0,6.32974362373352,84.4255383014679
132.917125821114,1.86919462680817,72.7261047661304,1382.60627302527,977.480569422245,0,6608.15287128091,29624.8019981384,795.615598753095,34922.0282582939,302.514836072922,13574.0458578765,46.6157283186913,3445.24347895384,4529.17484471202,0.580795288085938,115.948521733284,65.0249450802803,46.0953306555748,2182.48719391227,26.3312913179398,12.772103458643,289.203529149294,381.842026010156,4.32308197021484,146.053432971239,65.5834646224976,674.587955608964,793.828992202878,608.736386179924,26.6195197701454,538.977698981762,18.3668329715729,1487.13315241039,7529.23757395148,3347.47760924697,72.8069693446159,307.563286453485,94.686894774437,12073.8578112125,4226.03720402718,913.727762192488,57.9155631065369,154.877281665802,22.5367533564568,5.38600954413414,223.860413730145,11.242058634758,3.31515920162201,0.927945584058762,1.08130669593811,2.22634190320969,489.346300005913,18.9178493022919,24.365475833416,148.301164060831,43.0628884732723,202.651402056217,107.379737436771,10.8776904344559,149.973832517862,137.405053704977,21.7072471082211,55.4430419802666,22.0224475264549,0,0,0,91.4879260510206,13.0892371833324,6.85426005721092,30.4916520118713,337.380197554827,0,1.35233306884766,18.878983348608,352.281384080648,5.4160041809082,1.18376553058624,0,4.99724867939949,0,44.1647770404816,133.570506811142
5542.237380445,10.380002528429,903.199657559395,2523.71518206596,29.6933684647083,6608.15287128091,0,19386.2369371951,1238.64211167395,18835.2065726519,849.339842438698,346.761252492666,137.715080112219,36086.5500569344,674.01684653759,11.5676723718643,509.924714922905,261.899668931961,230.131302595139,187.032455161214,327.866674423218,22.0086204409599,4226.54492086172,7674.00939002633,0,735.249602615833,571.575075030327,89902.0078279227,4672.53482161462,13404.2979625762,73.9743199944496,663.133973926306,340.390710473061,4546.70252132416,1873.22003144026,6930.0889801383,454.567950367928,1945.28883761168,1296.27847421169,1172.53321906924,1330.40860709548,2732.44215252995,818.822535663843,28.5620830655098,282.037790596485,61.4702740609646,251.330051273108,133.544259727001,25.4267973303795,8.36490842700005,14.9043533504009,25.4421365261078,387.297613710165,14.6060185730457,44.9406080842018,1294.75492478907,216.040883392096,399.518016189337,229.133737832308,32.2015144824982,85.6236239671707,60.2072858214378,138.380687862635,75.82493314147,121.748039364815,1.36876082420349,0,0,65.4872925877571,44.5004884004593,79.8361413776875,97.2391432523727,3015.23133683205,0,2.50916033983231,128.558713287115,1696.83745567501,80.2483577430248,35.4439118504524,0.929217278957367,44.4071841537952,10.6968486011028,262.458104193211,221.999572336674
1933.94504532218,2.2038172185421,490.092006146908,268.358353942633,28.0521928668022,29624.8019981384,19386.2369371951,0,137.996610075235,17450.5401826203,484.20546066761,1829.50249052048,83.3787778615952,14646.1126159728,329.575187027454,4.532405346632,901.661689668894,154.627798199654,214.585126578808,636.76508679986,117.968911319971,4.68145108222961,1767.98238095641,253.917641237378,4.60910964012146,419.071591809392,300.977396786213,912.938484445214,3275.31194499135,5891.4046587348,37.726194113493,361.887512713671,63.697694003582,2725.17055213451,886.251198291779,3299.51470066607,143.907629072666,657.450203329325,277.260085642338,2194.50159567595,1635.09877619147,1231.72063660622,83.0305669009686,44.7212747037411,33.0819667577744,5.9729286134243,43.7012011706829,7.65046852827072,0,0.504497826099396,8.04220592975616,11.1971459388733,47.7320527434349,2.04064512252808,2.03757658600807,132.263367831707,6.64614528417587,32.9114289879799,18.4651602804661,3.37928351759911,11.4249924719334,47.8152963221073,9.59177228808403,15.8657850027084,22.6066756844521,0,0,0,7.96704506874084,7.00358667969704,12.4053842127323,30.5278514921665,330.258371189237,0,0,34.2151141762733,161.016788333654,3.13719117641449,4.72951984405518,0,1.28358399868011,1.01874399185181,6.89477817714214,57.1454995274544
5.742660343647,1996.97002652287,4.63479894399643,5421.15210753679,558.268750905991,795.615598753095,1238.64211167395,137.996610075235,0,1490.71069143713,49.9889041483402,2115.33737805486,160.52628749609,180.066313371062,2187.76580628753,300.489539593458,9.04048454761505,8.38111227750778,4.51425585150719,1007.67804971337,301.930406272411,10863.5235487521,132.305735826492,25601.1473340094,1302.01166006923,183.044003337622,3394.54314163327,7031.47683298588,145.782086029649,74.0191144049168,43.6306979954243,189.249592483044,29.9405019879341,246.804992616177,180.015568375587,1299.54692402482,28.1248631477356,138.23698720336,68.0221252441406,3072.01649540663,260.311020880938,271.995882362127,544.663408577442,42.9009733498096,140.325415015221,69.2672238945961,366.556532531977,63.7712405920029,20.2713786959648,12.0818006396294,97.8750594258308,30.9378753006458,2107.01238521934,41.1074554026127,85.6241063773632,687.784071266651,155.24569362402,3700.87590327859,443.27565997839,77.893706291914,150.668162882328,84.9431105554104,83.176546394825,200.729080080986,1622.41356110573,3.97629433870316,14.8946405649185,1.763243496418,241.711354613304,887.520417809486,1990.36093369126,904.200348377228,6118.91882267594,22.7384713888168,48.3598285019398,319.079585492611,2860.1294901967,58.5738082230091,165.502762794495,24.0263853669167,36.8299596905708,12.6615980267525,119.426452666521,201.626518398523
123.582712292671,0.868331760168076,44.0056651234627,9999.79499214888,41.7417003214359,34922.0282582939,18835.2065726519,17450.5401826203,1490.71069143713,0,1478.69414505363,7456.546656847,238.662277460098,7354.39074534178,473.125732839108,2.22790879011154,58.2880448997021,411.870355695486,134.590387746692,11078.4891526699,7.75663113594055,1.87064057588577,153.880039691925,914.509354531765,1.76804053783417,672.198547646403,153.410119324923,6985.98354803026,2282.68075190485,417.548821747303,137.287565767765,984.862239271402,40.3265941143036,5037.21765726805,12253.4140494466,3705.13216535747,144.450347036123,1148.07188633084,366.736495167017,1533.42377920449,1127.18085426092,3187.644667238,183.92892998457,27.970881074667,64.2108343541622,10.6720462739468,314.758542388678,24.1187052726746,2.82073903083801,5.2624648809433,2.76849970221519,0,1797.98975038528,29.3595181405544,52.2274892926216,914.737247556448,159.651319175959,566.793276369572,343.547333985567,5.08360713720322,146.444251537323,27.1352443695068,78.0129386484623,75.0154268741608,4.93125095963478,0,0,0,170.600762456656,3.47654190659523,5.69592896103859,7.26379406452179,2257.02504056692,0,0,5.20284593105316,1566.93869687617,15.6429159343243,3.08840942382812,0,12.5306559801102,0.4414322078228,109.055051624775,123.380570143461
32.2732384502888,43.731377363205,56.0334957242012,74.447515130043,1.19548499584198,302.514836072922,849.339842438698,484.20546066761,49.9889041483402,1478.69414505363,0,601.57479211688,8680.69424134493,700.800506353378,33.2694349884987,20.03333568573,84.0755122303963,5232.82694354653,942.308752030134,254.765679299831,65.0297819972038,32.649290561676,262.576212733984,84.2058579623699,286.544275581837,1340.26660501957,520.436765581369,227.50854280591,530.976233303547,231.444683790207,1149.87347412109,311.491138488054,41.1419862210751,16824.9758114368,115.147558242083,932.335308402777,2098.28066933155,3079.86807370186,481.507597774267,122.096457540989,54.0359579026699,7009.77442887425,25.44694429636,42.3116056919098,19.0995688736439,22.2986486852169,6.30887013673782,1.39858877658844,44.8256029486656,0,100.055189758539,14.7340021431446,3.81656014919281,0,1.05765670537949,8.65977618098259,0,49.4147007465363,2.29295039176941,1326.77478259802,0,1840.76266646385,1.19158470630646,2.45953130722046,12.3061213195324,3.28498521447182,0,0.706881642341614,0.472385793924332,1.77181020379066,63.4110651910305,9.33567753434181,87.8505960702896,259.227107524872,556.21269223094,358.803370788693,10.4700198769569,0,0,1356.49681377411,0,0,64.2516968250275,25.1610105037689
33.344222933054,1.66559940576553,14.324091643095,7003.69796949625,589.812638312578,13574.0458578765,346.761252492666,1829.50249052048,2115.33737805486,7456.546656847,601.57479211688,0,101.993589282036,2467.99212005734,2451.26305264235,1.24799597263336,12.2325429618359,170.838688731194,51.1763482093811,25749.716486752,8.35356804728508,14.9322267770767,33.6771510243416,696.114958256483,1.95756232738495,270.56966137886,60.2094328999519,989.517491936684,776.601510465145,113.599582821131,60.854430526495,538.558101654053,0,2209.80670243502,5294.62009862065,1637.24191147089,52.8939399719238,444.572680711746,43.06112241745,2853.67479336262,263.72260427475,1316.19643053412,40.361406058073,49.6785404682159,13.982626080513,5.68392527103424,302.793545424938,9.60780054330826,0,0,6.08276277780533,1.80187749862671,1187.22773566842,28.8476815521717,52.920128673315,210.56703710556,66.251404106617,522.637996196747,204.990262061357,7.50683704018593,470.393338531256,44.246639996767,23.9297319054604,86.5826642513275,8.89140212535858,0,0.793983459472656,0,803.969332635403,5.19129085540771,12.3896501064301,9.09385359287262,571.319605976343,1.27545595169067,1.51281231641769,11.1561271548271,632.911137998104,9.06229797005653,2.74694043397903,0,12.2607108950615,0,32.4019249081612,858.465497523546
2.57047706842422,622.85784304142,2.00762981176376,10.011537104845,0,46.6157283186913,137.715080112219,83.3787778615952,160.52628749609,238.662277460098,8680.69424134493,101.993589282036,0,89.5955300033092,10.4144945144653,60.1479285955429,3.29466581344604,4.4152660369873,0.525713860988617,41.0526358783245,11.5569326579571,482.973451316357,31.298943400383,144.808864235878,4450.66412246227,317.881309807301,668.646269500256,43.9953328073025,44.707628428936,40.1659246385098,670.336259305477,49.2327797412872,6.65368247032166,3053.237757653,56.0058354735374,434.817374795675,383.406815439463,658.819333970547,48.8717876076698,48.986359834671,11.9618271589279,5102.33923965693,101.364383161068,134.555716305971,91.8548958003521,51.4879350662231,2.95812901854515,0,201.095750063658,0,474.399555057287,7.14338359236717,0.426496207714081,0,9.55817157030106,2.89535155892372,4.55304366350174,61.6355833411217,4.91573771834373,6008.85677406192,3.27393317222595,8943.85474786162,4.40370523929596,0,42.2911488413811,3.90717014670372,1.66875302791595,0,1.24320057034492,2.40575924515724,203.928903996944,13.7582624256611,89.8291419446468,3172.63754212856,1607.53719896078,1427.10045954585,5.41574895381927,6.31432569026947,0.793122857809067,5991.81848686934,0.315454035997391,0,385.519155144691,17.3468665480614
15827.051137507,3.87242862582207,871.211804866791,487.966630235314,42.5751812458038,3445.24347895384,36086.5500569344,14646.1126159728,180.066313371062,7354.39074534178,700.800506353378,2467.99212005734,89.5955300033092,0,292.998037934303,12.0021657347679,2516.15055257082,243.497759640217,447.621903538704,913.314996689558,351.221466064453,11.5526484847069,3596.72566205263,424.018796384335,0.55015629529953,683.239658176899,561.304714977741,1474.93678171933,22689.043020606,22270.269001171,55.0547936558723,356.125143617392,324.315885365009,4434.71490328014,581.288059592247,4032.99205102026,223.977891862392,944.407296851277,483.968825340271,814.349730163813,613.512713909149,1103.72261145711,192.803010076284,46.9822919666767,43.6629548966885,22.0395664572716,53.545451015234,10.9359123706818,1.60976552963257,2.47302228212357,9.41761919856071,13.5193530917168,59.6366495490074,1.59670171141624,10.3734433948994,228.103339314461,18.8160617351532,73.7285325527191,26.9948481023312,2.74232804775238,21.1127136349678,39.4707207083702,15.4628731906414,16.9575719833374,60.1709378063679,0.364605128765106,0,0,15.4044865369797,25.0372962355614,35.4419355392456,59.9307435750961,584.013165384531,0,0.490652143955231,70.073905646801,328.299281388521,8.64826419949532,13.9502250850201,0,0,8.48889851570129,13.8761619031429,26.1175777614117
18.8284724056721,34.8540161848068,11.2837358117104,1688.37719836831,3288.62242823839,4529.17484471202,674.01684653759,329.575187027454,2187.76580628753,473.125732839108,33.2694349884987,2451.26305264235,10.4144945144653,292.998037934303,0,38.1078904867172,42.7052606344223,17.6534459888935,7.64858540892601,497.2703114748,291.987114697695,146.664636075497,270.876520812511,2551.58271767199,24.9985574483871,28.9254359900951,108.745989501476,1397.41830448806,143.916684418917,672.768702805042,1.45393967628479,157.989623725414,2.48704156279564,139.122231245041,2933.09225681424,583.644565790892,70.3807066679001,66.1026692688465,53.8811204731464,5566.33436003327,99.3804162740707,321.93051353097,101.679561555386,28.7402285337448,39.2154482603073,94.2766409814358,89.8123692572117,10.273913860321,7.07897502183914,1.15972638130188,2.49952375888824,3.18394017219543,203.503073245287,9.01889193058014,16.4349391758442,150.0676869452,23.3671460449696,210.364729762077,74.047795265913,2.85749316215515,54.9855047762394,14.0776070952415,17.6602832973003,18.0204029083252,36.1915814578533,0,1.83457040786743,0,31.1474032402039,33.910362392664,34.3747039437294,88.8647029697895,405.018875569105,0,6.10026240348816,30.7583747208118,311.272838562727,4.80035102367401,20.7734123170376,0,5.46344423294067,4.52216815948486,34.1471226811409,742.50125464797
2.52022981643677,444.305730164051,70.2399847209454,1.98986929655075,1.95045167207718,0.580795288085938,11.5676723718643,4.532405346632,300.489539593458,2.22790879011154,20.03333568573,1.24799597263336,60.1479285955429,12.0021657347679,38.1078904867172,0,58.4831172227859,41.0336937010288,51.9688733518124,1.05586361885071,11902.8228741884,5288.18705585599,13492.8011256754,4241.26511117816,317.020699590445,329.117677599192,7389.93350270391,878.077744752169,43.9441694617271,51.7139253616333,20.2816572189331,2.90819245576859,11.303000241518,754.1202467978,1111.8469633162,5459.52429184318,1726.57402405143,1615.92178022861,2093.55353271961,38.8912299871445,107.513145089149,289.357873439789,851.264876425266,201.105006158352,275.208494722843,457.221930146217,539.152887642384,26.6646259129047,10.6110963523388,11.2451116740704,144.417739868164,105.498079657555,36.7476789653301,30.6472619175911,9.25236523151398,158.778934627771,19.5018167197704,454.206661701202,16.4998685121536,28.1937585473061,53.0595040023327,65.6507907211781,19.0592505037785,98.9662331044674,10669.9410986304,20.6275460720062,9.69174480438232,8.8979754447937,8.87912276387215,1499.22201159596,3429.08132302761,8034.08831393719,1452.14360022545,18.3734483122826,35.1354703009129,2150.05841970444,589.547674119473,35.0751906633377,210.414471298456,12.1890721917152,13.2919683158398,1.21531736850739,69.6470525860786,436.978537589312
371.959111064672,162.296662688255,43677.8912792206,3.20278775691986,1.59493052959442,115.948521733284,509.924714922905,901.661689668894,9.04048454761505,58.2880448997021,84.0755122303963,12.2325429618359,3.29466581344604,2516.15055257082,42.7052606344223,58.4831172227859,0,417.823755145073,11389.6537779272,9.75244799256325,3467.38361912966,73.0066459178925,17366.1232863069,42.5818656384945,6.40365171432495,16550.0219953954,17551.5843524337,794.257415503263,2980.87999168038,14116.2441072762,3.93123278021812,22.8178218305111,104.211719304323,3882.95635551214,545.465856045485,4493.67935916781,3043.04033228755,1087.13453683257,1531.45050451159,62.071305513382,125.301333159208,305.454703956842,282.025479972363,52.218892365694,145.694283753633,143.818397223949,7.90098750591278,3.01421576738358,0,3.04832744598389,207.290351450443,639.412206113338,0,0.855924844741821,0,83.458154708147,4.31479871273041,27.0799311995506,0,3.56820601224899,0.81041893362999,5.56023502349854,8.27733159065247,5.8603130877018,59.7524203658104,75.0145633220673,5.50563326478004,4.31015145778656,0,36.0266494452953,101.419801563025,389.597267925739,69.127236187458,1.75348791480064,154.549613669515,2844.21192830801,29.5633632838726,3.45611396431923,21.2818260192871,0,0,0,35.5401532053947,127.657252639532
13.4134171307087,18.4189665913582,341.433746248484,33.9951139688492,0,65.0249450802803,261.899668931961,154.627798199654,8.38111227750778,411.870355695486,5232.82694354653,170.838688731194,4.4152660369873,243.497759640217,17.6534459888935,41.0336937010288,417.823755145073,0,492.817724943161,77.4183015823364,131.661714166403,35.1450232565403,611.566816613078,24.7783995270729,0,902.683347135782,840.082396969199,108.280238732696,228.561587750912,180.864072725177,13.457025706768,78.7521315217018,15.1503616273403,5317.01608447731,317.495123714209,2345.50610241294,1582.80491116643,1764.94202017784,2131.5711144805,53.8770036399364,25.1929034888744,778.663011878729,8.37547981739044,3.13951349258423,7.92590230703354,14.7786235511303,2.53917419910431,0,0,0,20.6340248286724,33.0424574613571,2.48327925801277,0.800096690654755,0,0.33596807718277,0,4.64477622509003,0,0.896045088768005,0,0,0,1.07687652111053,5.93101561069489,1.99448591470718,0,0.34857502579689,0,0.705177247524261,19.1590776443481,28.3353441953659,1.04040175676346,1.68249118328094,15.1209729611874,217.197240233421,1.0202422440052,0,0,0,0,0,2.57361707091331,100.875096082687
49.9663818180561,56.1235731840134,5963.54053834081,1.11908695101738,0,46.0953306555748,230.131302595139,214.585126578808,4.51425585150719,134.590387746692,942.308752030134,51.1763482093811,0.525713860988617,447.621903538704,7.64858540892601,51.9688733518124,11389.6537779272,492.817724943161,0,28.5702884793282,431.775605469942,42.4744278490543,3579.62254701555,29.0890109837055,2.00178304314613,12792.9553706944,2834.37700244784,164.039734229445,529.311681464314,1183.40832023323,4.43767523765564,35.0945496857166,22.3672895729542,6211.14753425121,251.404310047626,2720.02651749551,1583.40288132429,875.213141351938,2247.88388681412,37.3674120306969,17.2732241153717,390.43087592721,72.1296975016594,5.88559225201607,34.1175848841667,44.750454813242,1.89993217587471,1.50325861573219,2.48854273557663,0,64.5959675014019,128.663935691118,1.25692227482796,0,0,3.47932064533234,0,3.82606756687164,0,2.1773853302002,0,0,0,0,22.3816242218018,33.7024606466293,0.782934784889221,1.78827312588692,0,0.861712485551834,20.5044428706169,71.4766651391983,6.91312912106514,0.756905078887939,110.291271239519,1090.03534065187,1.51284289360046,0,4.91670709848404,0,0,0,12.6860502660275,94.0587760210037
22.4946295917034,0.691188335418701,7.07672891020775,43521.6993470192,172.565072178841,2182.48719391227,187.032455161214,636.76508679986,1007.67804971337,11078.4891526699,254.765679299831,25749.716486752,41.0526358783245,913.314996689558,497.2703114748,1.05586361885071,9.75244799256325,77.4183015823364,28.5702884793282,0,2.4266143143177,3.60271725058556,18.2166818678379,291.939257621765,0,107.218347221613,35.5344590544701,4506.71391636133,285.079435884953,51.0456645786762,30.4048599600792,189.77867308259,3.70812851190567,666.67171651125,75.5350949168205,1035.64534962177,42.9544786810875,161.11155885458,37.7782345116138,972.508578240871,139.214901804924,575.92584708333,78.2735979855061,35.3999305963516,53.0859980583191,0.443081855773926,346.059469342232,15.1286038756371,8.26170513033867,3.86217248439789,2.55625012516975,0,1682.18534034491,41.8997568488121,60.9307331740856,490.814702510834,120.58206859231,481.52595821023,312.939367353916,12.9414283037186,240.078946471214,50.2491166293621,57.9868675172329,93.9367082118988,3.91279244422913,0.642507016658783,0,0,252.218636244535,7.77749586105347,3.56599363684654,11.6818259060383,1289.94750756025,0,2.1691879928112,7.50838342308998,1139.5528742075,9.13658201694489,3.27813392877579,0,15.4609894454479,0.748296082019806,74.2011869549751,9.53452676534653
51.8871299624443,104.296695053577,2659.1069663167,3.2378765642643,3.57684791088104,26.3312913179398,327.866674423218,117.968911319971,301.930406272411,7.75663113594055,65.0297819972038,8.35356804728508,11.5569326579571,351.221466064453,291.987114697695,11902.8228741884,3467.38361912966,131.661714166403,431.775605469942,2.4266143143177,0,1028.83633181453,52621.5189768076,2663.36753317714,54.2601428627968,1181.50221331418,3660.37492856383,13448.7613004744,1021.94707526267,23282.6992104053,14.8780645728111,26.9601731300354,243.742302149534,12280.6781872809,4350.84565290809,15212.5998298228,3516.5135345459,6105.74377039075,5502.88611057401,109.127537995577,708.11617103219,1505.27834165096,550.605768591166,102.209350734949,135.709628641605,164.906768530607,214.92811396718,21.2452733516693,12.0061242580414,2.30325335264206,99.996600151062,117.387833833694,24.2527540028095,18.8203344345093,13.5412692427635,66.4288881123066,11.4207029044628,325.319584161043,9.22023138403893,15.8325666189194,45.6898657083511,41.7917353510857,8.09862646460533,80.6709526181221,3266.69450113177,16.2288253009319,3.60160893201828,2.90685498714447,4.60188663005829,1903.26619422436,1547.78650820255,3167.4647847116,1251.25586032867,8.73220098018646,20.0151386260986,1090.06655396521,654.991023272276,30.3515101075172,235.233584165573,0,8.68505072593689,4.60392862558365,51.6807435750961,898.307544112206
0,12864.3109201789,86.6721408963203,5.14419603347778,30.0084910690784,12.772103458643,22.0086204409599,4.68145108222961,10863.5235487521,1.87064057588577,32.649290561676,14.9322267770767,482.973451316357,11.5526484847069,146.664636075497,5288.18705585599,73.0066459178925,35.1450232565403,42.4744278490543,3.60271725058556,1028.83633181453,0,2093.28369688988,15069.7119168341,5552.36126717925,367.914230048656,22370.0690148175,499.024956166744,15.238135099411,43.2672573924065,109.641995996237,1.11060640215874,4.40640452504158,433.164006382227,63.2508198022842,621.602917790413,164.201429694891,187.104081869125,225.726883590221,212.462300807238,6.83057144284248,32.5248058736324,526.966846883297,96.2728259265423,240.559209913015,297.219283372164,114.26123970747,14.2643077969551,2.0552294254303,4.56070491671562,1057.10495048761,373.079315960407,13.8166365027428,10.1304830312729,3.52127760648727,73.3648824095726,8.70965480804443,381.902421861887,6.87766486406326,105.358981072903,9.78348901867867,151.40361097455,11.1597781479359,56.9725777208805,2406.36228722334,26.1175415813923,12.7538870573044,5.54990008473396,2.53083229064941,897.558880805969,2192.10485002398,2037.18163737655,843.932167172432,94.5436757802963,124.373890906572,3374.68810324371,328.137811750174,13.7219330668449,163.521470814943,88.5710308849812,2.49297457933426,0.799582004547119,66.7801603972912,152.630612105131
516.57711738348,438.154264807701,45722.2569073439,28.2835603058338,5.60916709899902,289.203529149294,4226.54492086172,1767.98238095641,132.305735826492,153.880039691925,262.576212733984,33.6771510243416,31.298943400383,3596.72566205263,270.876520812511,13492.8011256754,17366.1232863069,611.566816613078,3579.62254701555,18.2166818678379,52621.5189768076,2093.28369688988,0,2836.65601494908,61.7714367508888,8368.52801066637,50145.5528990328,14965.2078905702,2765.27523252368,24730.0315002799,21.110442429781,54.2250227332115,319.246303141117,21459.3192032427,7139.95617225766,32752.3964968622,15366.1134927869,15753.7529687881,21957.3554473519,416.855486780405,731.797515749931,2005.79021009803,1473.32423612475,384.788108319044,877.789198458195,1177.88595882058,381.246162474155,47.0313977897167,16.758951574564,9.58365952968597,793.329300522804,1445.63467946649,14.0096721053123,26.3905500471592,5.36408263444901,244.159880280495,27.9963141381741,278.326331824064,14.2712513506413,17.7906506061554,49.0997757017612,52.0122373700142,35.343793541193,64.9364852011204,6362.99631762505,89.9570060074329,35.7710381746292,36.5860438197851,10.3292025923729,766.898292541504,2648.17482498288,7790.3576593101,891.941808313131,11.4284861981869,214.166478514671,11292.8079271466,354.823064655066,17.4632449448109,104.847787678242,3.21832102537155,9.76874342560768,1.90646421909332,147.244184523821,2540.98205029964
19.1298255622387,2201.47169283032,84.1805678904057,5684.9118924737,514.795365571976,381.842026010156,7674.00939002633,253.917641237378,25601.1473340094,914.509354531765,84.2058579623699,696.114958256483,144.808864235878,424.018796384335,2551.58271767199,4241.26511117816,42.5818656384945,24.7783995270729,29.0890109837055,291.939257621765,2663.36753317714,15069.7119168341,2836.65601494908,0,1446.67811021209,250.561173200607,5064.15839987993,16438.4336087555,1017.53071258962,193.06781566143,46.5435016155243,209.70223878324,341.302648633718,825.887786313891,1201.70100530982,5545.20568031073,498.198075383902,636.683479547501,638.572260200977,2720.05793935061,521.034311413765,757.239245682955,4641.57820725441,301.912172675133,1250.97412461042,365.03875631094,1276.32900464535,502.59171333909,126.536338180304,54.8839589059353,167.238359302282,145.354318678379,1812.98694446683,107.031644254923,184.059446781874,3917.46541401744,669.392112731934,4569.3531922996,831.224218040705,196.409044593573,368.223642289639,440.069311469793,526.058367550373,691.773307353258,3850.61766418815,36.3041455447674,24.3159492313862,6.92755916714668,300.591470748186,2714.27825632691,3328.20313161612,2975.42339941859,16067.4566571414,46.5405432581902,90.4244726002216,1182.28308606148,8213.11621019244,447.713541179895,740.946303755045,38.9642653465271,237.290553510189,76.2403267920017,861.783834755421,780.539715468884
0,6071.73235726357,18.1841475963593,0,3.75733345746994,4.32308197021484,0,4.60910964012146,1302.01166006923,1.76804053783417,286.544275581837,1.95756232738495,4450.66412246227,0.55015629529953,24.9985574483871,317.020699590445,6.40365171432495,0,2.00178304314613,0,54.2601428627968,5552.36126717925,61.7714367508888,1446.67811021209,0,655.255364060402,16015.6335505247,36.890693962574,5.31814649701118,2.17533338069916,1352.57760941982,0,0,59.3588190376759,2.17498183250427,57.3005238473415,60.3345730602741,13.2242706716061,9.2235926091671,31.8649864792824,2.20610928535461,50.9369867444038,64.0147869586945,56.7351143956184,23.9180070459843,22.3526784181595,0,1.73084652423859,9.85140228271484,2.14681828022003,242.113732427359,5.74319896101952,0.641282618045807,0,0,1.28963428735733,0.420335382223129,21.027164041996,1.68647661805153,578.349166840315,0.815085709095001,1664.15277302265,1.16226109862328,2.87296307086945,22.0559997856617,8.6664072573185,0.695021986961365,2.23587220907211,0,2.85405826568604,124.094127804041,9.61964610219002,37.7001645565033,2486.46133884788,544.440936416388,2870.79937711358,2.21002584695816,0,2.85220214724541,1066.51928299665,0,0,43.6096233725548,3.34372842311859
78.8393104970455,805.632342278957,62175.0307144821,46.7182018458843,1.59422338008881,146.053432971239,735.249602615833,419.071591809392,183.044003337622,672.198547646403,1340.26660501957,270.56966137886,317.881309807301,683.239658176899,28.9254359900951,329.117677599192,16550.0219953954,902.683347135782,12792.9553706944,107.218347221613,1181.50221331418,367.914230048656,8368.52801066637,250.561173200607,655.255364060402,0,18269.5065103173,645.302426025271,731.962520003319,1302.62365853786,628.900177568197,172.052834004164,41.595725774765,12712.8468275517,1631.53760752082,21251.9679788947,18709.8481331766,5989.63976401091,11049.7576181889,210.712559580803,126.429995715618,2061.48127678037,1295.74332550168,586.26405659318,603.600537955761,728.866091400385,11.888769119978,12.6788611114025,12.7007942199707,7.39852192997932,1056.46491903067,862.208899840713,1.29731711745262,0,1.73343145847321,77.0424407422543,2.40989860892296,28.3977384865284,0.714183866977692,341.36349222064,0.633120536804199,1210.60125410557,10.3275384604931,5.01937690377235,74.1001575887203,664.263302594423,27.8178923130035,104.639427602291,0.667046427726746,81.0322190821171,187.8701390028,482.856912732124,57.7455358803272,1315.79008096457,9745.91510561109,31548.1230368465,26.12484562397,5.39337450265884,89.1833074986935,2618.5706512332,0,2.19460344314575,305.976234778762,587.951172947884
69.2227922827005,41315.7047378719,18036.0166095793,12.4872369468212,9.2842766046524,65.5834646224976,571.575075030327,300.977396786213,3394.54314163327,153.410119324923,520.436765581369,60.2094328999519,668.646269500256,561.304714977741,108.745989501476,7389.93350270391,17551.5843524337,840.082396969199,2834.37700244784,35.5344590544701,3660.37492856383,22370.0690148175,50145.5528990328,5064.15839987993,16015.6335505247,18269.5065103173,0,1539.02595731616,570.77049985528,2437.38565686345,873.358569711447,50.6248730123043,57.8867855966091,13971.0918792486,2700.5374931097,32229.9611617029,11328.9350919425,6963.25962632895,14775.6966339052,437.849205970764,191.569788068533,783.045311361551,7781.55162519217,2055.03333288431,4283.58741855621,4942.03775042295,405.338745057583,80.4743566215038,58.1483574807644,54.98595225811,12731.0262197256,8588.67244288325,7.97771015763283,24.3500954508781,9.32563719153404,1199.27407234907,61.4137533307076,623.025107830763,22.0643339753151,641.021866381168,31.8807259500027,1771.99913343787,144.701910465956,103.338002771139,5947.21708479524,2124.654687047,213.644447952509,363.465901702642,5.68922409415245,878.083861604333,6000.62142558396,14311.8150294721,1131.93339544535,3747.9155317843,14810.9952840507,123453.617081553,543.424666970968,73.5872523784637,596.737556189299,2710.23337134719,11.8115211725235,10.1188291013241,1368.52394425869,1827.11218589544
64.9189947843552,45.288841933012,1168.28004837036,5349.01947313547,152.304389685392,674.587955608964,89902.0078279227,912.938484445214,7031.47683298588,6985.98354803026,227.50854280591,989.517491936684,43.9953328073025,1474.93678171933,1397.41830448806,878.077744752169,794.257415503263,108.280238732696,164.039734229445,4506.71391636133,13448.7613004744,499.024956166744,14965.2078905702,16438.4336087555,36.890693962574,645.302426025271,1539.02595731616,0,2956.0378536284,18978.4388937056,21.0376991331577,455.056740969419,1138.67220392823,3693.76302941144,4433.52199229598,16455.0034702867,1675.45352336764,2679.84809884429,2879.11536975205,1799.44465860724,1491.16193662584,2629.81754726171,2961.00430092216,264.283242344856,912.984435856342,335.43701839447,1022.46959078312,305.58873718977,77.6187349557877,24.4620042145252,64.2342340648174,129.630773991346,1797.88025578856,77.8192262649536,174.425457149744,3438.54008580744,555.989174112678,2545.687056005,825.134642779827,86.3068125844002,405.139977395535,274.510447800159,424.031659245491,412.736867755651,1741.457362324,22.7758314609528,3.88055777549744,4.95876479148865,291.947986334562,1464.60450676084,815.911552548409,1474.43431222439,10137.6402082741,2.77428936958313,34.7952010929585,722.765464887023,6071.40729409456,298.276546210051,454.579644352198,0.387561440467834,140.708239555359,65.2620480358601,635.019309341908,916.789628207684
6271.10630464554,5.2395313680172,435.736591368914,329.6028624475,7.62328171730042,793.828992202878,4672.53482161462,3275.31194499135,145.782086029649,2282.68075190485,530.976233303547,776.601510465145,44.707628428936,22689.043020606,143.916684418917,43.9441694617271,2980.87999168038,228.561587750912,529.311681464314,285.079435884953,1021.94707526267,15.238135099411,2765.27523252368,1017.53071258962,5.31814649701118,731.962520003319,570.77049985528,2956.0378536284,0,23470.2337443829,36.2756298184395,2068.76919642091,3341.9043084383,8906.98276200891,502.861173540354,2976.67630533874,151.044990777969,1165.65208639205,509.116338461637,256.82117369771,564.527690589428,735.366243481636,331.865832328796,34.4948939085007,98.7331056892872,28.4376591742039,119.848340541124,43.303895264864,3.3292778134346,3.92559790611267,7.51508563756943,21.0566811263561,47.5513110309839,4.20662876963615,9.77421483397484,270.415858358145,31.6941548287868,114.045806854963,29.9932421445847,2.79941523075104,23.4489119946957,33.337652027607,28.4394653737545,44.2110845893621,174.085171103477,1.97953951358795,0,0.354511588811874,7.08877259492874,123.903692424297,88.3186061680317,161.017892688513,825.781645834446,0,4.037603110075,84.2113820612431,522.106490671635,16.7030388712883,32.0571433007717,0,4.37518489360809,7.60973882675171,73.8948022425175,59.1759031414986
10442.6547956169,26.3957853615284,2952.58170694113,31.4585840702057,9.68977144360542,608.736386179924,13404.2979625762,5891.4046587348,74.0191144049168,417.548821747303,231.444683790207,113.599582821131,40.1659246385098,22270.269001171,672.768702805042,51.7139253616333,14116.2441072762,180.864072725177,1183.40832023323,51.0456645786762,23282.6992104053,43.2672573924065,24730.0315002799,193.06781566143,2.17533338069916,1302.62365853786,2437.38565686345,18978.4388937056,23470.2337443829,0,31.2466416656971,197.451158463955,1408.87287011743,15052.032664597,3684.97129070759,12167.664383173,913.607268571854,3571.50331738591,2671.6386654973,474.347728729248,1110.07809978724,2306.20972192287,479.121574252844,45.3777619302273,165.31048309803,92.1627357304096,115.810820192099,44.6148670017719,15.7960415482521,2.63530990481377,28.6647184193134,86.4556829929352,31.4676274359226,10.8472636640072,10.4827437996864,242.468697100878,51.8231275379658,133.262027591467,37.4373548328876,6.39317589998245,34.7011151611805,42.275150001049,37.6018169522285,53.1358454525471,246.972025334835,8.71291846036911,0,0.400561928749084,9.70046475529671,173.243781983852,137.194270908833,240.267861008644,784.122382611036,1.32729494571686,6.08395749330521,388.105567455292,643.769714891911,51.4838701486588,63.070732742548,0,6.41789326071739,7.0260209441185,81.0358173251152,533.354436844587
