0,0.991945922374725,104.955159962177,6.04260766506195,4.54009145498276,14.6102912127972,8342.69327628613,312.782345324755,15.4411813020706,13.9711238443851,8.83677873015404,11.2119104266167,0.850371181964874,6875.18630766869,1.22544491291046,1.16439816355705,603.41845792532,8.0059005022049,73.8223566114902,2.45107704401016,188.500864326954,3.28494310379028,406.365979284048,54.2185150682926,0,76.6230329275131,85.9115179330111,361.645708590746,9477.4182113409,7301.63286930323,0,5.32539337873459,88.2946049273014,173.351166695356,37.709871172905,335.807154506445,22.4735319912434,115.387996643782,55.34958294034,10.0367550849915,2.17172825336456,0,21.4781466424465,0,2.00417220592499,3.25171852111816,12.9548715353012,4.25578474998474,0,0,1.91784602403641,7.34395182132721,0.83892822265625,1.17861902713776,0,10.8510124385357,0,7.31319040060043,0,0,0,0.822875916957855,1.58763363957405,0,12.8431677222252,2.53559070825577,0,0,0,7.62240564823151,4.15295746922493,0.912197262048721,48.7408976554871,1.03412330150604,1.16962870955467,19.8398642241955,27.4568328261375,1.05745100975037,4.7282802760601,0,0,0,2.7263360619545,6.27355498075485
0.991945922374725,0,190.566114485264,0.780876368284225,11.6406033635139,8.99526008963585,2.97561764717102,7.75227034091949,1371.16237348318,4.65793907642365,399.479666620493,6.81593006849289,2070.52262327075,14.9983761310577,38.9015777409077,338.74894759059,236.19501966238,6.64105442166328,141.309436649084,2.51829931139946,81.9510062336922,2970.27501606941,89.9236105680466,1326.860052526,2561.21909332275,688.173520982265,29153.612244159,84.6030891537666,4.38247713446617,10.5219393968582,168.484002679586,1.16363477706909,2.17027336359024,785.53566724062,6.11526536941528,489.358195185661,227.588078528643,154.272506296635,67.6170371770859,39.4696633517742,0.789929986000061,170.529993891716,210.546701490879,202.194636553526,68.0607239305973,81.5166368484497,0.689186811447144,0.98926192522049,266.85311627388,0,1765.48597481847,134.229439616203,0.98090398311615,0,0,5.12878304719925,1.93225207924843,34.1071317195892,1.30752912163734,351.682046115398,0,1125.47662243247,5.82837158441544,0,57.3491079807281,173.991434663534,54.1100976765156,214.336299866438,0,12.4104934632778,85.398280620575,49.8357410132885,47.2044450044632,459.051816642284,1697.14283385873,6725.24480059743,9.43220126628876,5.31441512703896,11.7104957699776,164.951752215624,1.49512839317322,0,62.9770945012569,6.04608255624771
104.955159962177,190.566114485264,0,3.69565486907959,7.5813422203064,181.758200824261,1217.80818510056,1600.31038329005,15.9641924202442,52.8736408352852,86.8905344605446,15.5466284155846,0.981852769851685,1295.02835091949,11.2425969541073,53.463250041008,27736.5907528996,55.7593345344067,1916.12097683549,7.43907424807549,3388.98192763329,196.100689768791,36391.3867705464,101.655389636755,2.1086967587471,42386.3561596572,36923.1488541365,1684.75673663616,260.618865191936,1959.6716388166,1.64683648943901,7.27477264404297,32.4263007640839,800.071515053511,156.445734173059,5270.97613328695,1396.44390782714,2376.56684470177,832.628861188889,32.7107637524605,9.68125754594803,2.07958799600601,818.760982096195,256.737339884043,291.057942777872,349.254339307547,16.9019569754601,8.02121564745903,0,2.51715084910393,459.402949184179,3144.33849066496,0,10.655481338501,0.801545321941376,42.0379925370216,2.56221762299538,22.6330027878284,0,5.64621257781982,2.28515446186066,6.93747279047966,10.4562011063099,0.572329759597778,130.223047375679,1581.11676070094,47.2885415554047,438.974665820599,0,60.6147794723511,175.042607724667,578.227844834328,58.148388594389,7.96850350499153,2241.96217888594,7236.81173279881,49.765159368515,4.00373521447182,46.0745012462139,0,0,1.89324373006821,290.344016909599,106.794263005257
6.04260766506195,0.780876368284225,3.69565486907959,0,229.050591051579,1773.19254267216,259.600123554468,681.925539493561,4153.4037130177,10914.7883649766,79.4649100899696,10177.4359102547,12.6942402422428,610.909717798233,897.141144096851,0,22.3324862122536,39.55709451437,50.6542912721634,27061.300201118,5.61596775054932,17.0156077742577,5.29555198550224,5634.42014795542,1.18715167045593,58.4425125718117,40.3790390491486,8586.13600572944,500.164632916451,30.4690073430538,1.79246687889099,105.558007478714,26.6784213781357,333.88741004467,196.196912616491,1652.45060631633,5.53459599614143,205.520868450403,46.8044528067112,888.851915389299,40.5145116746426,19.3516510725021,539.849259585142,1.0916959643364,81.8029263019562,44.6248990893364,1923.30246907473,78.0564024150372,4.36003077030182,0,0,0,5940.6581030786,25.7171085476875,870.516383469105,482.027102977037,286.218022972345,1176.89523786306,1669.70713713765,44.0311248898506,2949.19523471594,15.1694508194923,220.367326706648,278.150415897369,1.30868476629257,0,6.99279081821442,1.83259236812592,1679.41518670321,2.99534577131271,1.01702901721001,1.69038391113281,1467.47535184026,6.19282424449921,3.39012962579727,2.08431985974312,1158.0305314362,124.595249891281,11.9289471209049,0.966020613908768,3.22361543774605,0,268.947158247232,29.0769691765308
4.54009145498276,11.6406033635139,7.5813422203064,229.050591051579,0,2523.17270371318,117.884125471115,167.318135380745,317.487932384014,119.059393972158,79.3629209399223,669.434211969376,7.27534222602844,93.6236598789692,3009.00693768263,30.5283653736115,44.1495379805565,8.4046336710453,6.86477109789848,170.989735513926,392.495218336582,60.429226487875,344.109229654074,467.665305972099,4.41287422180176,15.7185460329056,72.688103556633,360.221503704786,70.0308980941772,319.394235879183,2.25009322166443,834.521343559027,7.1384756565094,734.043374836445,2532.78227752447,838.903813123703,30.9457349777222,56.5900168716908,55.4611948132515,9700.67996022105,4676.23901385069,3.22971630096436,68.0803442895412,18.131650865078,9.48693895339966,39.8039328455925,326.163356691599,5.9707977771759,0,0,0,3.51807796955109,106.729421436787,12.2648867368698,67.2357930839062,46.4290158748627,17.4294076859951,29.1785580217838,49.374105900526,9.10898786783218,97.8470215797424,7.56051939725876,13.1420177221298,36.5995378196239,16.3354461193085,13.3929885029793,0.593501150608063,8.03817510604858,39.3642745018005,34.9527249038219,9.95452481508255,36.1170220375061,87.383223593235,10.0247955918312,13.7591780424118,27.2588492631912,55.8429455161095,10.6147722899914,24.0902755558491,0,1.02018845081329,0.465463161468506,18.6441671252251,1034.40122789145
14.6102912127972,8.99526008963585,181.758200824261,1773.19254267216,2523.17270371318,0,9815.05663010478,22934.4025139511,646.493961900473,21819.7942010462,521.577595561743,19208.7372971177,75.2064377963543,3177.95119714737,4607.42873686552,4.36222562193871,165.305171102285,286.43251183629,219.239746123552,1515.46784555912,100.655047744513,18.2259439826012,171.434243261814,483.810799628496,1.64526015520096,385.13554289937,209.712683469057,4211.19124063849,593.364265829325,294.107213139534,28.1844252645969,1023.43459406495,14.8951277732849,706.858605027199,7988.91274291277,3116.61274459958,47.2471867799759,564.665254294872,147.090182185173,7855.02523234487,337.150508701801,56.1528225839138,284.249613374472,1.56677407026291,92.5520563721657,56.1546144783497,1110.9912597537,65.7298706769943,12.648788869381,0.449911504983902,0,5.90896904468536,844.153600305319,23.2318530380726,359.041032940149,183.993241161108,88.0523508489132,172.262937992811,335.669836103916,69.0233234167099,502.357796013355,22.4138858616352,59.7746164500713,133.202217906713,14.4345339238644,0.391404509544373,0.665843188762665,0,222.898266017437,9.45226863026619,7.48763710260391,14.8235084414482,458.895276606083,14.1733210682869,0,21.4812389314175,356.787322372198,36.2598257362843,11.2241349518299,0,8.74467170238495,0,96.8425740897655,444.398376047611
8342.69327628613,2.97561764717102,1217.80818510056,259.600123554468,117.884125471115,9815.05663010478,0,23671.9253988564,1041.33556932211,40967.3061409593,411.889094144106,338.498271107674,58.4101588129997,38042.2944046557,214.12225702405,5.02804484963417,676.72077780962,256.968633085489,352.697899907827,116.343204051256,1373.12316557765,22.1978437304497,1121.51220828295,5915.72778272629,0.588303446769714,647.500730246305,556.843123584986,100498.809906602,4356.32162931561,6290.28524130583,31.407014220953,291.726373583078,272.345301151276,1516.21984532475,793.325269937515,6571.61922425032,116.244008719921,1140.24652978778,357.751522213221,709.1754296422,168.387264251709,47.0507638454437,1121.34280690551,14.0878847241402,163.799202442169,102.394435435534,883.595250368118,124.383598357439,15.4780426323414,2.82519578933716,4.74496847391129,55.0159932076931,831.841614544392,31.4933976531029,180.481779158115,1023.81269270182,204.007281273603,790.485908955336,281.633312851191,64.0662659108639,135.378171592951,31.5413411855698,191.650257796049,44.1645813286304,43.3736655116081,15.9820342361927,0,5.493005245924,88.7836527526379,27.188449382782,45.4001057744026,61.0569111704826,2130.83086961508,12.7036080360413,12.189898699522,186.21666482091,1736.3183735311,162.889521241188,81.9348095357418,0.670570433139801,6.25557339191437,10.8486613631248,300.211003601551,117.774149596691
312.782345324755,7.75227034091949,1600.31038329005,681.925539493561,167.318135380745,22934.4025139511,23671.9253988564,0,441.845450490713,14483.731675148,365.741232931614,6914.2246504128,56.5843966305256,17556.7569613457,762.178307503462,15.1819629073143,1738.50040465593,119.528667658567,286.024374872446,1473.36588016152,948.667292892933,23.147800296545,1626.51881173253,792.841144859791,0,741.569792896509,676.44921579957,6162.78738802671,1234.87073880434,4249.66096487641,13.2888993620872,1212.64321747422,168.888736188412,1004.2206171453,349.928564399481,4361.50930640101,182.108250409365,840.27264469862,353.76537579298,4230.55702552199,197.265262454748,67.7552869319916,426.365946620703,3.52283820509911,145.82372045517,42.7372588217258,605.25567483902,57.6926502585411,9.75917220115662,1.76476934552193,11.784721404314,40.4923127293587,188.820648342371,8.92496758699417,66.344761133194,458.416576117277,19.7348089516163,392.829395592213,36.5779205560684,74.7761726975441,76.2924998700619,35.4181939959526,29.574236035347,36.0587705671787,48.4168065190315,4.79978808760643,1.41215038299561,0,21.9163408577442,41.8016664087772,54.4965395629406,33.5921695232391,1141.94364488125,37.5742635130882,6.11853846907616,117.22536920011,779.19712460041,21.8356831073761,50.2534554004669,0,6.67025434970856,3.4306857585907,74.4933643639088,46.8726514875889
15.4411813020706,1371.16237348318,15.9641924202442,4153.4037130177,317.487932384014,646.493961900473,1041.33556932211,441.845450490713,0,1037.03556838632,111.029131352901,1902.89920529723,266.910822629929,372.87907525897,1137.18453836441,427.571633458138,50.4080989956856,19.6044273972511,54.0477811992168,1967.29716446996,109.245996266603,10478.8153253198,127.475963801146,31400.3679383695,455.89641726017,141.529819518328,6484.19494605064,4581.5817886889,280.694043874741,188.225366979837,57.8852871358395,110.502199888229,64.5978481769562,344.625975549221,268.06615459919,1224.61571031809,40.3905632793903,181.862940460443,54.4430086612701,1235.400198102,30.2444995641708,32.3696079552174,606.19203594327,24.0047237873077,74.9411391615868,55.2638395726681,555.554942369461,49.8034098744392,24.2029867768288,12.6811769604683,69.6652962565422,24.8224770724773,4074.94067367911,18.1619653701782,469.159158080816,511.978965967894,294.86055803299,4338.96214383841,1151.37697908282,150.231871932745,767.134880006313,136.811871826649,248.945954203606,130.368456870317,1711.45650836825,23.5149369239807,65.3194164633751,27.7240336835384,580.687691509724,366.998579472303,881.504872381687,558.930193275213,3541.4337567687,26.0008629262447,101.863712072372,225.139971405268,1238.99239683151,220.221185833216,133.978071719408,14.1473859548569,13.0235056579113,11.4825252890587,185.96214145422,361.390439748764
13.9711238443851,4.65793907642365,52.8736408352852,10914.7883649766,119.059393972158,21819.7942010462,40967.3061409593,14483.731675148,1037.03556838632,0,825.612444788218,14323.9110957682,108.733571201563,5614.96236118674,310.063535571098,1.12411215901375,156.613606572151,553.085621118546,429.976957201958,12754.5218526125,37.0684331059456,5.75604140758514,97.9806834757328,693.748919665813,1.81282004714012,614.853605061769,259.050992459059,12476.3929459751,1696.30750602484,127.991224050522,35.1660055220127,477.432864010334,27.0542035400867,1363.51480519772,574.502210497856,4514.63637304306,45.9938033223152,955.86489957571,162.548775881529,922.247613340616,189.488625764847,90.5034857690334,804.532375961542,1.16572731733322,168.204927146435,97.5469934642315,2529.13662049174,128.160729467869,15.2723578810692,1.49152129888535,1.05633923411369,2.20428821444511,4052.25913587213,28.7109662592411,909.060822099447,814.123381912708,236.356019943953,724.707887351513,1078.47368893027,58.6789029240608,1246.69683665037,37.0728068351746,103.709182202816,279.00975176692,4.77650937438011,0,0,0,796.287924736738,7.11017894744873,4.94669991731644,7.75510257482529,1722.15959393978,17.2672389149666,0.327601194381714,5.83032900094986,1537.92767065763,83.8576218187809,18.1431073248386,0,2.10748529434204,2.87081325054169,383.169394880533,38.0639890730381
8.83677873015404,399.479666620493,86.8905344605446,79.4649100899696,79.3629209399223,521.577595561743,411.889094144106,365.741232931614,111.029131352901,825.612444788218,0,862.230256080627,7988.86164501309,2639.98537108302,15.8291929364204,16.3181265294552,786.564854726195,18032.1696244776,2318.8524800241,206.343794703484,343.499193578959,214.595270872116,479.734928712249,192.061074107885,997.22769126296,5496.60023799539,889.995848566294,461.578942403197,4892.24586760998,314.404425576329,321.866514384747,1847.70216676593,26.9067432880402,8785.54114767909,100.127588659525,2569.95529869199,1678.56187739968,3377.04084020853,212.29167291522,150.731201767921,42.4619528055191,4037.00796949863,55.4392378926277,198.910773783922,130.078952461481,96.4998224973679,48.277592420578,49.4220342040062,865.935125380754,0,194.417648643255,22.1246399283409,6.48282527923584,2.13110011816025,6.87402814626694,11.4205762445927,12.8578282296658,64.6182038784027,0,1420.43282499909,1.9755671620369,5834.29107517004,23.1596843600273,1.59183442592621,7.99146938323975,5.73819732666016,78.585682541132,7.92003065347672,0,0.363421946763992,29.8509086966515,9.39313244819641,77.7527866661549,750.669949531555,969.293912351131,1166.28919392824,15.0763923823833,23.1534129083157,3.10581052303314,905.950766086578,10.6025385856628,0,92.6428177058697,30.518455773592
11.2119104266167,6.81593006849289,15.5466284155846,10177.4359102547,669.434211969376,19208.7372971177,338.498271107674,6914.2246504128,1902.89920529723,14323.9110957682,862.230256080627,0,104.814357638359,3671.88405282795,2793.45793387294,0.471983045339584,79.6674766540527,413.58278375864,294.241552978754,16801.8369232118,22.7257928848267,21.9900591373444,52.9734283685684,2307.42911523581,1.774672716856,485.667203366756,205.395201027393,1151.0231949687,694.151995152235,64.4892819225788,30.3192355930805,614.778312206268,5.01715248823166,976.698171615601,17670.5270321667,2761.7177644372,26.1035659015179,846.141741961241,152.256178855896,2612.63299328089,110.606391966343,85.0823525488377,320.011254191399,3.81802541017532,128.369110792875,82.3280155658722,1851.86719110608,77.9838283956051,17.9674973189831,0.659074902534485,1.40125727653503,0,1917.94130092859,26.1117192208767,631.717444032431,248.210168451071,159.888979107141,263.369832277298,663.312372386456,74.5514952540398,1836.62534052134,21.1487429141998,133.478452980518,305.355072826147,3.92392629384995,0,6.17232233285904,0.751819491386414,552.63353562355,1.26757633686066,4.94545251131058,7.30475082993507,556.379469573498,5.78931429982185,2.81858870387077,0,418.516018986702,58.0957437753677,10.7880049943924,0.526537477970123,17.1186463236809,0,152.558954656124,5033.06157505512
0.850371181964874,2070.52262327075,0.981852769851685,12.6942402422428,7.27534222602844,75.2064377963543,58.4101588129997,56.5843966305256,266.910822629929,108.733571201563,7988.86164501309,104.814357638359,0,368.901833951473,9.02556544542313,41.828304797411,9.9315037727356,45.7077006399632,11.8685832619667,29.207538664341,83.5898983180523,1078.12687548995,82.667554050684,273.046255707741,10876.3194318414,70.9557658135891,1985.35767287016,84.627175360918,451.310458749533,51.1651412844658,1862.9635989368,335.124914646149,3.5525778234005,3627.01278555393,6.94239988923073,404.25525945425,1502.31687113643,768.628368973732,11.2888228297234,56.5379419326782,5.37865963578224,2440.89114570618,84.7649337351322,393.931060880423,120.118387043476,82.4013057649136,5.54520952701569,17.6369288861752,1271.08506420255,0,390.881255626678,0,0,1.75654768943787,3.1872706413269,1.87877908349037,4.16569983959198,58.9405324459076,0.832505583763123,4050.6456784308,1.15090519189835,17285.049737215,26.4517626166344,0.790767192840576,9.40645956993103,3.02235978841782,233.823309540749,10.7832165956497,0,3.75688630342484,90.5894752144814,3.82455134391785,31.7713269293308,3173.28675660491,2627.66517612338,3033.78366059065,1.2388379573822,34.5065475404263,1.28559792041779,2831.49024140835,1.91979348659515,0,136.344405829906,0.965394645929337
6875.18630766869,14.9983761310577,1295.02835091949,610.909717798233,93.6236598789692,3177.95119714737,38042.2944046557,17556.7569613457,372.87907525897,5614.96236118674,2639.98537108302,3671.88405282795,368.901833951473,0,196.700288653374,21.3292773962021,4043.88457471132,924.320036411285,777.285294890404,1004.15084066987,1374.05193707347,22.51324903965,2959.5371414721,947.060405105352,7.00162619352341,1520.31092685461,938.838217079639,5553.06081625819,16234.3895252049,17322.9538021386,109.664549976587,319.375098347664,475.943569988012,2902.70919129252,548.215194255114,6754.39963492751,239.289237707853,1814.87386289239,683.824956834316,1852.81465008855,364.029627144337,196.377777308226,270.610845893621,11.7790670692921,204.076426655054,71.9998994469643,535.56439819932,86.9646641612053,22.109581798315,2.4543359875679,4.59758245944977,48.150165528059,72.7214284241199,14.6376739442348,20.1360314786434,220.167969971895,22.4895271956921,363.824212610722,5.67670679092407,124.09774184227,50.9977506697178,82.2506043016911,28.5522675812244,35.8891017735004,75.8210743069649,6.54395636916161,2.74350845813751,0,11.1687186062336,39.5144437849522,59.4624790847301,27.6337335407734,1058.48692628741,45.5128693282604,10.8861100673676,96.6903735399246,500.023560315371,22.3824025988579,65.3556468784809,1.24711781740189,6.71627295017242,1.45394855737686,83.7675555050373,107.340686500072
1.22544491291046,38.9015777409077,11.2425969541073,897.141144096851,3009.00693768263,4607.42873686552,214.12225702405,762.178307503462,1137.18453836441,310.063535571098,15.8291929364204,2793.45793387294,9.02556544542313,196.700288653374,0,4.31145519018173,14.2211358845234,5.50023958086967,7.20642852783203,648.233446449041,43.2310204207897,184.887166470289,28.3436914682388,1658.08897379041,7.99150294065475,16.0537993907928,188.656921118498,592.351292014122,75.1374715864658,170.547082215548,1.72883290052414,310.620445042849,9.48870360851288,155.424632281065,938.55413928628,521.094073623419,8.39699313044548,146.633509904146,55.6395589411259,2664.98075768352,134.95158970356,8.91944849491119,135.81948903203,20.7482957839966,39.4011704325676,72.3780290484428,451.717533051968,19.8408291339874,7.51782089471817,0.543477177619934,2.2666163444519,5.66543525457382,310.929485797882,4.87477093935013,159.421336114407,70.1331897675991,43.7498394846916,42.2627728283405,143.733107507229,27.9160970449448,245.825185269117,11.7738758921623,36.1821973621845,58.1998478472233,13.5958697795868,10.9504152536392,1.35786092281342,12.1409592628479,83.558964073658,31.8826755285263,13.2501695752144,44.9202836453915,177.737140566111,4.50141870975494,11.5209824740887,33.4219470024109,111.050748467445,19.4863095879555,21.7695641517639,2.96111708879471,10.412389755249,0,24.3990242779255,764.059846043587
1.16439816355705,338.74894759059,53.463250041008,0,30.5283653736115,4.36222562193871,5.02804484963417,15.1819629073143,427.571633458138,1.12411215901375,16.3181265294552,0.471983045339584,41.828304797411,21.3292773962021,4.31145519018173,0,144.706471413374,6.09663847088814,56.2246521413326,0.425335824489594,10431.2644632757,10995.7728770673,13986.1835069358,3859.7673009634,52.1775086820126,97.8452901244164,11901.5386776179,2121.83159634471,22.8579261004925,68.1824617385864,9.72490680217743,3.24203208088875,14.9213142991066,382.967997282743,117.198656797409,4235.66881716251,717.539294302464,830.85106998682,548.031103044748,39.3819226920605,17.3420579135418,7.27112048864365,674.32243797183,138.072374165058,204.212882697582,217.266993999481,317.941358685493,17.4973305761814,3.4057195186615,4.44780910015106,45.6625751256943,142.392710387707,3.27392980456352,13.5684130191803,10.1975512206554,151.617186039686,72.3860971927643,465.288485825062,11.5952096879482,41.3863742351532,4.90872582793236,55.4927582144737,72.6602660119534,15.7275582551956,10808.7841388583,84.4092667996883,2.62546199560165,20.4621945023537,1.29253178834915,1857.47018700838,3138.65024483204,8159.22889581323,2229.38675147295,65.1792049407959,88.8817639350891,2606.90275532007,957.465279102325,104.676644831896,519.142553657293,0,3.04926294088364,12.5083647370338,147.364758491516,92.2989371716976
603.41845792532,236.19501966238,27736.5907528996,22.3324862122536,44.1495379805565,165.305171102285,676.72077780962,1738.50040465593,50.4080989956856,156.613606572151,786.564854726195,79.6674766540527,9.9315037727356,4043.88457471132,14.2211358845234,144.706471413374,0,276.497217208147,9642.21169871092,22.8203051686287,4411.33461800218,216.182296097279,24347.8315494359,215.827745258808,5.29621979594231,8030.21095296741,23318.544917047,1465.19800928235,3088.77382233739,6519.70783823729,11.0526154339314,27.7900284230709,511.763431936502,11297.5890476853,425.686610758305,12472.8335797787,3348.89639145136,5710.94188788533,3182.81874191761,97.5617772340775,37.8720277547836,4.50445839762688,354.274846166372,137.810572892427,122.361887454987,181.753253310919,25.2059124112129,5.94550523161888,0.911931931972504,0.787770509719849,267.404391527176,1362.27354162931,0,42.6648035049438,0,11.9975815117359,0.48829573392868,24.1537407338619,0,4.03579014539719,2.20075327157974,1.76253515481949,3.09484553337097,0.99263322353363,110.634108155966,700.990540981293,20.272939234972,240.899572819471,0,28.496894299984,111.873779088259,294.941751748323,41.9098344743252,8.27526426315308,1315.57395365834,3654.14210113883,22.4636459052563,1.54341661930084,23.4298101663589,0,0,0,136.627666324377,311.494072258472
8.0059005022049,6.64105442166328,55.7593345344067,39.55709451437,8.4046336710453,286.43251183629,256.968633085489,119.528667658567,19.6044273972511,553.085621118546,18032.1696244776,413.58278375864,45.7077006399632,924.320036411285,5.50023958086967,6.09663847088814,276.497217208147,0,2476.71215696633,135.88114322722,181.972269847989,4.62376454472542,269.025359302759,69.9124424159527,12.7487570047379,4659.18111419678,729.426744073629,282.65356439352,1103.72813311219,179.129836320877,73.0442390143871,196.35555690527,14.9725867509842,2157.13074177504,186.706359982491,4723.19734874368,1395.07512448728,3167.64795231819,543.091580420732,46.2625975906849,20.3215448856354,54.6162525415421,12.309286236763,5.25517544150352,26.5869913697243,17.1113198399544,10.5875218212605,4.68084922432899,1.31321156024933,0,2.83833238482475,9.7756090015173,0,5.77575296163559,0,0,1.53183799982071,12.1951021552086,0,5.93926024436951,0,25.1072255373001,1.61439657211304,0,1.25757741928101,4.19741532206535,5.87419047951698,5.23525494337082,0,0,1.85861524939537,1.11681619286537,1.46358597278595,8.39957904815674,61.4127981960773,91.4890949130058,0.768186211585999,0.656694650650024,0,13.6714868247509,1.7829487323761,0,2.19950899481773,55.3469584882259
73.8223566114902,141.309436649084,1916.12097683549,50.6542912721634,6.86477109789848,219.239746123552,352.697899907827,286.024374872446,54.0477811992168,429.976957201958,2318.8524800241,294.241552978754,11.8685832619667,777.285294890404,7.20642852783203,56.2246521413326,9642.21169871092,2476.71215696633,0,100.148755282164,1506.15477535129,73.5739463865757,3509.91858424246,130.371999040246,7.19098800420761,15273.5268820226,6734.22355344892,615.391654551029,811.636114016175,1173.7369775027,18.7120255827904,45.16347900033,92.1797908246517,5463.80524295568,330.30460447073,7625.75361543894,3326.25053502619,3788.34396559,1880.11315128207,48.9918653666973,17.2818267643452,5.99345421791077,109.463523626328,57.2115354835987,37.3505767434835,49.2564431428909,14.7641194164753,0.793676018714905,0,0,109.597683697939,245.123957544565,0,24.1597208976746,0,0.353533118963242,0,17.6976062655449,0,0.866490662097931,0,2.63370788097382,0,0,12.4571685194969,163.250373482704,13.623413592577,128.769526928663,0,1.91884678602219,32.4830561876297,38.6152268499136,10.4242028594017,7.26897269487381,767.180883392692,1411.78538316488,1.09783446788788,0,0.462116152048111,1.73265665769577,0,0,27.3637546747923,190.543975710869
2.45107704401016,2.51829931139946,7.43907424807549,27061.300201118,170.989735513926,1515.46784555912,116.343204051256,1473.36588016152,1967.29716446996,12754.5218526125,206.343794703484,16801.8369232118,29.207538664341,1004.15084066987,648.233446449041,0.425335824489594,22.8203051686287,135.88114322722,100.148755282164,0,6.66610556840897,11.4292038679123,11.8281832635403,3773.84818544984,0.980151832103729,135.464256942272,71.9143367707729,2401.53463217616,269.90060582757,25.552662551403,9.06323194503784,138.268891632557,5.47148483991623,287.74005573988,97.3672812581062,1004.00966081023,5.37531611323357,229.685825973749,49.0309955179691,677.439025431871,35.8176215291023,17.9892128109932,331.528047055006,0,46.5498133003712,45.8636726737022,1470.34502419829,68.6213194727898,5.19310820102692,0,0.371316164731979,0,2486.81673824787,14.3634626865387,575.422256082296,281.667822867632,165.704922139645,377.119359970093,779.64600071311,26.3795063495636,1374.81188738346,10.390092343092,127.881280422211,225.544796228409,1.10881143808365,0,1.29418039321899,0,600.165013074875,1.06562519073486,0,1.71064564585686,622.03719830513,3.9505934715271,0,0,556.398776233196,51.8453780114651,4.12179708480835,0,7.31740921735764,0,157.375990450382,12.3637442886829
188.500864326954,81.9510062336922,3388.98192763329,5.61596775054932,392.495218336582,100.655047744513,1373.12316557765,948.667292892933,109.245996266603,37.0684331059456,343.499193578959,22.7257928848267,83.5898983180523,1374.05193707347,43.2310204207897,10431.2644632757,4411.33461800218,181.972269847989,1506.15477535129,6.66610556840897,0,1180.42644754052,40869.6490057409,560.250056356192,10.9365299642086,1231.50524504483,4138.65944719315,17904.737125814,1016.91957381368,23275.5620575845,26.1061406135559,16.395224660635,266.791972398758,9103.47636273503,1088.67031806707,29519.1652436852,2095.17161172628,8573.16907778382,5893.87286478281,379.906505048275,75.2281565070152,45.713385283947,378.440009146929,64.0118125081062,74.9650477170944,105.124943584204,416.508274167776,20.3080561161041,10.8498317599297,18.5854364037514,29.3503928780556,203.432512551546,6.49602782726288,92.3647440671921,12.3339538276196,129.908791214228,80.8807262778282,508.691448420286,9.04327940940857,52.4257337152958,9.69031774997711,46.9669091105461,95.2951703369617,15.3829565644264,3009.52249595523,73.6846604943275,1.11135697364807,8.55285385251045,1.76401036977768,1817.87756404281,1224.66082909703,2255.65070989728,1543.20843109488,54.3407047986984,52.8715501129627,730.417601943016,876.289019227028,141.491190433502,740.052376568317,0,2.24541887640953,24.9202174842358,105.305138617754,663.805830061436
3.28494310379028,2970.27501606941,196.100689768791,17.0156077742577,60.429226487875,18.2259439826012,22.1978437304497,23.147800296545,10478.8153253198,5.75604140758514,214.595270872116,21.9900591373444,1078.12687548995,22.51324903965,184.887166470289,10995.7728770673,216.182296097279,4.62376454472542,73.5739463865757,11.4292038679123,1180.42644754052,0,1418.75340819359,13204.627507329,1071.59790611267,275.891258209944,19383.1483643055,1212.91166171432,15.4824088215828,38.8885538578033,93.548287242651,3.70652735233307,4.91168940067291,345.485996127129,17.7021036148071,553.112079441547,113.307397484779,209.698926717043,78.7399142384529,225.536491334438,2.91598975658417,63.3661197423935,469.417217880487,90.6446567177773,134.611515402794,124.348434686661,71.9766756296158,1.03235924243927,79.9885730147362,3.50552573800087,458.370608687401,337.492473691702,4.61664289236069,3.43530315160751,1.89037990570068,42.8400104343891,16.6656621098518,358.520927369595,3.41421246528625,101.763131856918,5.06241112947464,394.407650440931,24.968034952879,6.91510802507401,2354.23952397704,149.648377269506,13.3849413692951,75.8342332541943,1.64950978755951,446.13097858429,1244.29747694731,1067.62529698014,971.486610084772,91.8714551925659,368.523223221302,3112.78804177046,276.201637864113,17.4283032715321,101.051873207092,57.5961712002754,0,6.84070354700089,96.2632638514042,23.3826333284378
406.365979284048,89.9236105680466,36391.3867705464,5.29555198550224,344.109229654074,171.434243261814,1121.51220828295,1626.51881173253,127.475963801146,97.9806834757328,479.734928712249,52.9734283685684,82.667554050684,2959.5371414721,28.3436914682388,13986.1835069358,24347.8315494359,269.025359302759,3509.91858424246,11.8281832635403,40869.6490057409,1418.75340819359,0,664.403953999281,14.1794893145561,5731.00320470333,38853.5036572665,7877.39451703429,1623.96914052963,9892.3029396534,32.9388657212257,30.8433076143265,291.954032719135,12716.2238728255,1502.57431328297,56024.3929130733,11327.7313483208,24075.137901783,15053.0711061358,532.380111128092,150.43927437067,39.3142806887627,1888.13013994694,410.354318886995,774.470768406987,771.30279687047,334.617522984743,33.3188260793686,5.84776508808136,9.64761736989021,130.095066577196,2724.1666585207,3.07365542650223,183.925550699234,13.6820517480373,283.539484500885,53.0692649483681,211.690899431705,6.62506240606308,64.417932331562,6.4418081343174,46.4836511015892,75.6511456668377,7.1407268345356,9298.44061622024,705.060749381781,29.8058068454266,112.452098876238,2.05258813500404,1624.14588415623,1973.18275380135,11396.3865589499,1678.28086930513,115.875486195087,514.108612418175,10386.1480284184,902.984588831663,47.6205945014954,509.516220420599,0,9.78776147961617,4.71298515796661,492.679975941777,1441.66974362731
54.2185150682926,1326.860052526,101.655389636755,5634.42014795542,467.665305972099,483.810799628496,5915.72778272629,792.841144859791,31400.3679383695,693.748919665813,192.061074107885,2307.42911523581,273.046255707741,947.060405105352,1658.08897379041,3859.7673009634,215.827745258808,69.9124424159527,130.371999040246,3773.84818544984,560.250056356192,13204.627507329,664.403953999281,0,381.452764362097,249.466558516026,8824.07405018806,18071.4309917092,957.119767546654,575.214482456446,44.2476119995117,184.134060770273,294.496988654137,1041.04326868057,470.599465191364,4855.04936942458,117.811532974243,715.616705596447,265.402305364609,1616.90376260877,85.6359512209892,50.9203686416149,3372.14825761318,86.1273267865181,289.205095916986,250.189559370279,1824.99442502856,231.613232284784,44.3815353810787,40.4896215498447,114.013121336699,125.971890240908,2709.61575847864,65.0060381293297,511.765852808952,2416.09424984455,773.605800509453,6143.86751398444,886.171956598759,212.650677412748,738.767121881247,149.165962874889,805.425969302654,169.647928833961,2099.44826230407,63.4867596924305,6.7520863711834,16.4446932077408,691.322019100189,950.090645074844,2226.0847261548,738.470387727022,12655.0731836855,86.6026893854141,92.3978212475777,895.216411888599,5621.71041789651,853.737525463104,951.978343009949,0.58327442407608,31.3290122747421,70.2097773253918,735.134347707033,198.236169368029
0,2561.21909332275,2.1086967587471,1.18715167045593,4.41287422180176,1.64526015520096,0.588303446769714,0,455.89641726017,1.81282004714012,997.22769126296,1.774672716856,10876.3194318414,7.00162619352341,7.99150294065475,52.1775086820126,5.29621979594231,12.7487570047379,7.19098800420761,0.980151832103729,10.9365299642086,1071.59790611267,14.1794893145561,381.452764362097,0,530.058134794235,20774.9841479361,19.1941877305508,10.444590985775,2.73106282949448,729.94644138217,10.5582610368729,0,1208.18507534266,2.29204511642456,124.00877737999,160.463995486498,48.8021547794342,15.884823590517,6.91437709331512,0.575216352939606,204.248190462589,43.6272026002407,119.911324381828,21.9714100658894,16.6619418561459,0.449461728334427,0,338.311785101891,0,274.208781838417,6.01386630535126,0,0,0,0,0.659490048885345,9.88250327110291,0.425040900707245,479.872339129448,0.52521812915802,2218.45030003786,2.64764028787613,0,8.16453611850739,1.1604813337326,63.6570765972137,15.6448499560356,0,0.496248483657837,25.2628561854362,0.707143843173981,10.109089910984,1220.53460639715,1159.68063887954,2867.71377840638,1.1969758272171,9.13449841737747,2.67577040195465,485.610432952642,0.876017272472382,0,32.4153785705566,0
76.6230329275131,688.173520982265,42386.3561596572,58.4425125718117,15.7185460329056,385.13554289937,647.500730246305,741.569792896509,141.529819518328,614.853605061769,5496.60023799539,485.667203366756,70.9557658135891,1520.31092685461,16.0537993907928,97.8452901244164,8030.21095296741,4659.18111419678,15273.5268820226,135.464256942272,1231.50524504483,275.891258209944,5731.00320470333,249.466558516026,530.058134794235,0,28292.5417285264,802.254288315773,1392.20830020308,1153.96938827634,374.391096591949,219.292917639017,57.744044303894,3062.65040482581,664.539120495319,18592.145835042,10570.5421641171,6321.58994039893,2599.6181319356,71.7352718710899,45.8354796767235,167.111511647701,795.100401312113,773.716635972261,286.951168730855,359.053651422262,23.8326302170753,23.6222623884678,31.8350538611412,0,937.710118561983,455.889074400067,0.695459097623825,34.8146810531616,1.21500760316849,2.5924334526062,3.37098398804665,56.7185433804989,0,259.570043802261,0.792902171611786,1825.22343537211,8.52604076266289,1.3974249958992,36.873270124197,547.859148144722,386.048145532608,1295.1352904737,0,8.38449293375015,68.0663246512413,78.2248540520668,11.4460090398788,874.139975085855,11759.9368826449,16263.9780236185,0.555152595043182,4.18774935603142,4.790900349617,1286.25703200698,4.3471428155899,0,215.703770458698,368.285667955875
85.9115179330111,29153.612244159,36923.1488541365,40.3790390491486,72.688103556633,209.712683469057,556.843123584986,676.44921579957,6484.19494605064,259.050992459059,889.995848566294,205.395201027393,1985.35767287016,938.838217079639,188.656921118498,11901.5386776179,23318.544917047,729.426744073629,6734.22355344892,71.9143367707729,4138.65944719315,19383.1483643055,38853.5036572665,8824.07405018806,20774.9841479361,28292.5417285264,0,5035.60749509931,567.270036280155,1348.01539741457,520.383843660355,47.7313585877419,61.2487726509571,5236.79990823567,1053.88978290558,40767.8411873877,10305.0788393915,15501.2083676457,7258.10626108944,390.542458891869,70.5805967152119,30.7897623181343,6561.22528833151,3043.73966756463,2528.35474196076,2760.86304935813,111.96861448884,45.4610151946545,88.7432244420052,22.0742509365082,10533.0756302774,11367.9563996494,0.346878856420517,110.440214633942,2.88619357347488,332.01298764348,36.2468691766262,183.257372826338,0.463815748691559,451.157565146685,13.4640814363956,3267.35135817528,109.199626594782,1.50687563419342,4538.13351163268,5925.62580123544,976.038470238447,4161.59986230731,0,662.323938429356,3751.74699556828,7009.46056526899,995.564099311829,3296.60424473882,34619.1589004099,96723.3502966017,666.501780450344,39.5237762331963,322.293331444263,2416.33927479386,3.23191261291504,8.31242400407791,1913.91896310449,846.68335929513
361.645708590746,84.6030891537666,1684.75673663616,8586.13600572944,360.221503704786,4211.19124063849,100498.809906602,6162.78738802671,4581.5817886889,12476.3929459751,461.578942403197,1151.0231949687,84.627175360918,5553.06081625819,592.351292014122,2121.83159634471,1465.19800928235,282.65356439352,615.391654551029,2401.53463217616,17904.737125814,1212.91166171432,7877.39451703429,18071.4309917092,19.1941877305508,802.254288315773,5035.60749509931,0,5108.6930013299,33248.4503626525,24.5498314797878,399.588556319475,1507.42227762938,5059.99793538451,1996.26548370719,19212.7492059171,533.663817286491,3559.23114591837,1723.61831474304,1592.86503136158,339.347853928804,88.4140294492245,3528.12584581971,79.1654123663902,451.059459358454,279.482408583164,2637.18344673514,287.463391155005,31.0900314152241,55.949278652668,58.8168015182018,264.4822281003,3262.26471269131,80.9310803711414,635.088240504265,2497.87306457758,726.527693659067,3713.41291695833,824.386839658022,275.506477296352,729.72922706604,168.371201217175,720.564756780863,196.729723989964,2295.32659137249,86.2795603573322,0.519986927509308,10.0075370073318,463.894644647837,1545.58914941549,1710.96707817912,1090.44561368227,9540.6481179595,135.924930095673,53.2460462749004,1235.92381069064,5921.77170684934,927.993381857872,1725.73246827722,0.890991985797882,8.82544901967049,81.171643435955,854.499529182911,417.540795922279
9477.4182113409,4.38247713446617,260.618865191936,500.164632916451,70.0308980941772,593.364265829325,4356.32162931561,1234.87073880434,280.694043874741,1696.30750602484,4892.24586760998,694.151995152235,451.310458749533,16234.3895252049,75.1374715864658,22.8579261004925,3088.77382233739,1103.72813311219,811.636114016175,269.90060582757,1016.91957381368,15.4824088215828,1623.96914052963,957.119767546654,10.444590985775,1392.20830020308,567.270036280155,5108.6930013299,0,17239.8045884669,146.451909244061,289.558455348015,5486.84978616238,10365.394600749,380.576120883226,3171.42139044404,107.643819481134,1931.17568773031,478.891261547804,301.701756000519,363.19360306859,109.268492698669,211.450859904289,9.33337411284447,57.2489425241947,26.19460105896,244.384595572948,34.6560311615467,14.201453268528,2.13656118512154,4.14017540216446,14.9220398068428,34.6246769428253,12.0598528385162,10.9091013967991,140.845053136349,22.0678942799568,211.166538208723,6.55020970106125,39.7019574642181,15.7196504473686,29.617163002491,17.3262808322906,4.87688168883324,85.0272113084793,5.69467368721962,2.65760177373886,1.40381002426147,2.77359342575073,116.953219145536,66.3615010380745,32.8926533460617,817.282014489174,16.2327125072479,5.7439851462841,46.7044950425625,474.372836858034,26.2123903036118,90.9306355416775,1.15234243869781,3.86917948722839,2.42509046196938,58.0686492025852,83.9507454633713
