0,0.632602989673615,416.498643785715,2.6984189748764,0,41.6527744829655,7925.40520694852,1042.40762290359,0.670004785060883,88.5309408009052,26.9925405979156,9.57685697078705,0.576542556285858,9445.18115773797,2.44550931453705,0.534537732601166,520.859465569258,19.2625963687897,154.61148622632,5.26118326187134,202.640779644251,1.11381566524506,1012.70576128364,4.64502310752869,0,335.677933186293,196.6153383255,42.1421695351601,5537.2392705977,6074.72795543075,0.670835793018341,0,17.3298982083797,233.502720743418,16.1791883111,64.9348008036613,3.8951530456543,161.365555375814,32.9586918950081,13.7299270629883,10.6059713363647,5.09017309546471,1.36925601959229,0,0.559438407421112,0,1.63413053750992,0,0,0,0,0.90002965927124,0,0,0,3.00446838140488,1.31637886166573,0,0,0,0,0,0.472758650779724,0,7.49023514986038,0,0,0,0,1.48834839463234,1.04494500160217,1.26069885492325,19.5192155539989,0,0,3.57773581147194,15.4550261497498,0,0.829391896724701,0,0,0.470364540815353,1.24804377555847,0.900837063789368
0.632602989673615,0,36.7765720486641,5.01024228334427,7.20766532421112,0.587810099124908,2.80626940727234,0.814310669898987,2735.28512388468,2.84789544343948,177.530535399914,3.10053080320358,2463.44387680292,5.28293985128403,130.010562121868,821.366807103157,37.2423188686371,1.89114540815353,15.2495395541191,0.780391156673431,120.367416918278,3123.20812278986,148.862377256155,2070.91942644119,2696.2368657589,114.95423668623,15306.3104734123,127.337462365627,2.35281008481979,1.25911676883698,25.9554999470711,1.36082494258881,0.888524949550629,57.2631295621395,13.0229287743568,149.364813864231,113.733442276716,97.324500977993,35.7480989098549,94.4818152785301,0.855438828468323,171.572195529938,270.066260516644,57.2027271986008,149.582520544529,134.320366084576,5.56948900222778,0,28.1033734679222,2.47388356924057,2579.40249049664,108.705694317818,1.79042613506317,0,0,23.8415242135525,8.44137248396873,11.8114361763,11.6106080710888,75.4443910717964,0.398133039474487,117.466449171305,26.6598002016544,0.883928537368774,345.646244972944,203.192544132471,14.7626025676727,93.7093390226364,0,17.8469485640526,312.393978953362,113.989467412233,114.248439729214,28.1436254680157,540.72242808342,4583.12849956751,30.4078739285469,3.32978868484497,24.6433455049992,35.3678797781467,0,0,86.3999468386173,14.8960382938385
416.498643785715,36.7765720486641,0,0,11.0084792375565,274.97741407156,4676.45679003,3538.86796471477,3.54180204868317,609.462887078524,67.5207612216473,17.7226420640945,51.525609254837,5001.71156218648,17.7128916978836,39.6364463567734,36313.2618499398,227.135304421186,2131.60620468855,12.4755844473839,6751.86236092448,66.0925081372261,53987.9531159401,91.5123912394047,17.4065217673779,21303.4811052978,23789.732570976,1657.76868635416,836.110593706369,3300.69106253982,54.4237404167652,5.02544420957565,21.9296737015247,4416.37158516049,611.11915871501,6930.17008134723,1892.78041708469,6104.20429581404,1614.25621911883,36.0060658454895,128.920924186707,19.5209124982357,742.557740330696,84.488617181778,422.015185892582,518.007334887981,6.45281565189362,3.36770415306091,1.83821749687195,2.41927897930145,613.127967953682,3137.58356013894,0,8.17022460699081,0,38.949075371027,6.7314048409462,1.59558421373367,2.998620480299,13.2312117516994,0,9.42309612035751,5.89436274766922,83.509569466114,386.388633131981,757.853963881731,26.2456667423248,150.200538426638,0,66.4690946638584,97.7245244383812,306.17688113451,168.283201366663,7.74435868859291,2215.59243819118,10100.7644798458,85.5422816872597,5.97436159849167,34.6138491928577,15.4659744501114,0,0,237.053497135639,422.997023224831
2.6984189748764,5.01024228334427,0,0,90.9658141136169,161.435977876186,39.8693282008171,218.050714224577,3917.12633934617,8568.94597655535,14.0946390628815,10242.1189647317,8.55338475108147,158.457049906254,455.508860498667,0,1.95705938339233,5.4095878303051,8.53832784295082,41500.8114776015,1.25214838981628,5.4264794588089,1.17263066768646,8319.17202115059,0,11.9315536916256,3.12515085935593,5471.68863525987,86.3720206320286,6.62847137451172,1.07463014125824,1.51148480176926,2.55725973844528,140.066717684269,66.3545821905136,558.14340248704,6.59531992673874,112.704067260027,26.0270488858223,663.458692222834,55.1115965843201,14.4875962436199,50.9360775053501,0,34.4319244921207,4.22326946258545,157.769206464291,9.94916290044785,0,0,0,0,1541.13803574443,14.9730538725853,63.5587723851204,187.619108736515,63.610016644001,1089.54943630099,1301.09161937237,0,504.113970994949,0,20.9688310027122,71.5202447772026,0,0,0,0,513.014310956001,0.803576767444611,2.15501725673676,0,1799.06669992208,0,0,0.46107342839241,2426.23340913653,16.9190745055676,0.484137296676636,0,0,0,45.760266572237,5.30209678411484
0,7.20766532421112,11.0084792375565,90.9658141136169,0,2914.62213227153,298.738267034292,322.138662457466,356.370816588402,1045.68131664395,29.6222658157349,1398.91069450974,14.642574429512,23.9473855793476,2873.66718399525,6.5077241063118,6.78087645769119,5.05086678266525,8.32431241869926,174.532170385122,53.7917522490025,30.688796877861,69.993424475193,414.934760808945,8.0767794251442,16.9451336860657,38.3407080471516,388.140420079231,77.0642342865467,70.9465420842171,0,1516.53117358685,1.05579197406769,8157.27681204677,1068.82386469841,1900.4378926754,20.8269430398941,204.898755669594,133.481516510248,24030.2371799946,8747.23340183496,127.58082818985,47.0794602036476,1.77808201313019,5.88367682695389,11.8493850827217,54.3849092721939,0.708465456962585,1.7561519742012,0,0.792656660079956,0,56.8664472699165,2.52235502004623,17.7460477352142,16.6543059647083,8.65700474381447,96.6293583512306,97.7559203207493,2.81479334831238,112.244213998318,0,8.94400757551193,18.6077787280083,4.19845724105835,0,0,0,29.7769666314125,2.35762274265289,1.58738613128662,1.82311028242111,118.583590209484,0,0,3.14923489093781,166.720656722784,3.061193972826,2.47303095459938,0,0,0,5.97849982976913,153.658573716879
41.6527744829655,0.587810099124908,274.97741407156,161.435977876186,2914.62213227153,0,1918.04329061508,13879.5156041086,233.514341950417,26038.334885478,253.939655840397,4802.37829825282,77.8779222071171,1224.95983418822,5478.17770975828,6.43692630529404,53.5110429227352,77.3197264075279,74.3599047362804,534.752438887954,66.6700028777122,2.11190289258957,270.271234542131,152.591603934765,2.30397564172745,209.352259486914,130.058343499899,1106.88295435905,724.49447542429,245.586362242699,12.5411098599434,680.24145886302,13.3333677053452,4947.72839176655,830.071304053068,4416.50478261709,108.280921727419,896.906326115131,449.500908315182,14687.8014749587,3527.73849481344,622.812532961369,159.11353456974,1.6284561753273,22.957858890295,5.98988306522369,211.828204542398,11.8707288503647,10.3831169605255,2.2566105723381,1.0433851480484,2.78817394375801,92.2920096814632,5.11655479669571,27.7784634828568,80.2440491616726,31.2645393013954,161.822766214609,279.166239619255,1.22679257392883,203.201004505157,4.14814653992653,32.7578837871552,52.8080050647259,11.0816072821617,0.591039657592773,0,0,80.4289229214191,3.36232283711433,0,5.72939276695251,600.70984685421,0,2.78531086444855,5.29910284280777,694.963677018881,22.0199288725853,10.8285897374153,0,1.44321155548096,0,49.7509935498238,90.8322116732597
7925.40520694852,2.80626940727234,4676.45679003,39.8693282008171,298.738267034292,1918.04329061508,0,11246.5746815503,653.941982537508,28781.0911144912,485.172676622868,156.924930334091,164.777129262686,30636.3036959767,393.286674320698,38.2366718947887,545.032453387976,179.220928311348,314.606204420328,96.825418561697,1140.95351874828,14.1281999945641,7153.40344026685,2090.20269951224,2.56206321716309,1012.62147206068,939.927387565374,75842.9555523694,8752.47503387928,11384.4564724565,19.8782743215561,44.8213585913181,460.592857629061,3624.28092509508,2623.10171315074,10610.7258042991,394.869089156389,3380.96620389819,1137.3017385602,1626.6222974658,774.337232768536,311.74120554328,1038.01949161291,16.6890390813351,314.582650363445,96.0690675079823,968.12233787775,131.870868235826,39.891741424799,6.82662802934647,6.57341188192368,43.6195536255836,70.5412536561489,15.4475961327553,75.3394107222557,380.086301654577,346.605345666409,166.472486257553,417.150971114635,10.6311186254025,85.5429663658142,6.11581802368164,421.866295427084,101.043620675802,127.509122520685,6.03125244379044,0,0,62.643694549799,59.6792242228985,18.0075207054615,53.3902487158775,3635.98261472583,0,9.41668531298637,293.24469473958,3734.18194189668,254.623276025057,100.419245183468,0,4.66325390338898,4.3494501709938,460.212943404913,206.938245117664
1042.40762290359,0.814310669898987,3538.86796471477,218.050714224577,322.138662457466,13879.5156041086,11246.5746815503,0,186.238999187946,25451.5540472269,717.055011361837,4259.75203925371,188.268471300602,17021.1523112655,466.605794012547,10.4559982120991,2036.10772261024,289.655951499939,1206.75684505701,1099.47321122885,739.860140323639,4.67349967360497,4383.04528728127,371.086917281151,5.17597836256027,2384.56945136189,1366.73339346051,2517.48981335759,6372.7046508491,3881.44571366906,29.7663632929325,1555.07897132635,62.1549274623394,5139.20651230216,1028.13684505224,3886.60986727476,222.970668613911,2200.50242352486,720.839698374271,2577.97086083889,1098.6004960835,812.479007601738,319.441103309393,7.45115387439728,72.5561837553978,23.5951187610626,381.366280138493,37.553532987833,3.29754173755646,2.34972783923149,8.34141570329666,11.664025336504,43.1216798424721,8.80239620804787,22.2571992278099,227.457639962435,48.2725355923176,70.5695384740829,159.474207490683,6.80697131156921,105.858253419399,6.38238564133644,40.0104369223118,46.7274897694588,103.842835098505,0,0,0.743461489677429,43.2245498299599,33.3012893795967,5.84135979413986,9.65413516759872,1849.5414814651,1.08537471294403,5.71688276529312,55.6538589894772,1576.32339209318,45.8167468011379,38.4312588572502,0,0,1.77390098571777,160.373398929834,75.9133031070232
0.670004785060883,2735.28512388468,3.54180204868317,3917.12633934617,356.370816588402,233.514341950417,653.941982537508,186.238999187946,0,1009.69731232524,254.782099306583,1955.85514751077,3436.36607438326,85.1716431975365,2226.18196561933,160.458786785603,11.4197554588318,9.56803038716316,9.17006140947342,738.72418281436,42.2770244479179,11739.7179120779,46.0470054447651,43445.2096217275,1715.69461834431,126.031332731247,3843.48449632525,8081.21487993002,55.3727777600288,13.962470471859,103.130070418119,0,1.86905837059021,160.877972364426,43.2387972474098,488.038422495127,56.4240139126778,92.6281651258469,39.3130874037743,1452.51307597756,56.8977286219597,81.6108599901199,360.52765506506,20.3503261208534,112.56032782793,48.0971904993057,297.043767362833,43.8354964852333,47.668848156929,12.5896921753883,29.5452180504799,9.00067803263664,744.324495285749,17.3249188661575,58.3379766643047,174.675003707409,367.069416373968,2208.25341954827,622.566166222095,84.6622377336025,226.162030279636,51.8460678458214,265.657993108034,71.3311520218849,1616.46636003256,9.42176362872124,46.6336941421032,23.2110122144222,171.47131344676,323.366921156645,425.173124074936,209.440521717072,7296.10448843241,13.5967039465904,67.6144143640995,183.529602795839,2722.81827744842,169.988853216171,295.7336165905,17.4326125383377,20.0355315208435,3.31141948699951,135.3238260746,106.758269518614
88.5309408009052,2.84789544343948,609.462887078524,8568.94597655535,1045.68131664395,26038.334885478,28781.0911144912,25451.5540472269,1009.69731232524,0,914.605202704668,10619.3160695434,281.508760690689,9904.80195182562,2315.92935165763,4.72833400964737,92.6124172508717,280.180702388287,277.776654869318,17554.0970363319,87.0776069164276,0.602501451969147,569.127545446157,1808.68182644248,2.57930764555931,660.922522902489,461.329894244671,22316.7560189962,2689.68536329269,359.701227933168,28.3843181431293,75.6848481893539,44.312423825264,3418.10694566369,1329.83480539918,6376.57951083779,292.968973636627,2063.88656818867,609.367839246988,2823.32485321164,793.136967003345,519.965611726046,312.894353657961,2.77408868074417,71.7215955555439,17.676394879818,387.905416309834,36.8516033887863,5.5774572789669,0,2.4573882818222,3.90485325455666,479.936047941446,18.5499527454376,88.9315139055252,259.675608813763,93.6007519960403,578.97252959013,1628.94386968017,4.78320273756981,663.723049074411,2.78993731737137,64.353683501482,101.312609702349,14.6922992169857,0,0.519711375236511,1.45885509252548,336.748549580574,8.01609134674072,1.49585887789726,7.58023661375046,1925.84192302823,2.61876186728477,0.42510849237442,26.7769995927811,2459.6640534997,31.2499125599861,12.2611770033836,0,0,2.70026007294655,120.764865428209,83.277891099453
26.9925405979156,177.530535399914,67.5207612216473,14.0946390628815,29.6222658157349,253.939655840397,485.172676622868,717.055011361837,254.782099306583,914.605202704668,0,233.494850486517,12626.1913282275,562.736323803663,15.1369800567627,17.0998306870461,276.874829024076,15261.7733762562,2987.19482424855,108.433752000332,136.65250864625,157.876348733902,314.550205916166,143.539816051722,648.324803173542,10624.824449271,996.065819978714,280.18431943655,492.155101776123,132.885903716087,1051.5755700171,122.941164374352,5.90128707885742,10195.0779004097,125.365403592587,741.855309069157,5475.95331531763,7613.97175318003,829.876371413469,58.8873681128025,63.9170781075954,1892.49438530207,26.608692407608,45.4714826047421,20.0836029052734,9.05634024739265,15.2138130068779,0,254.808434009552,0,28.0406415462494,2.03802126646042,0,1.58818793296814,0,1.16996014118195,0,5.12168258428574,0.377486974000931,2041.53814786673,1.21466732025146,3445.07151165605,0,10.3460528850555,3.7216400206089,4.11521482467651,17.2985200881958,6.25281828641891,0.839469283819199,0,6.20861124992371,0,12.8694800138474,252.973084390163,724.142662405968,887.823464244604,4.12897533178329,0,0,670.685539722443,0,0,16.0888312458992,42.4065853357315
9.57685697078705,3.10053080320358,17.7226420640945,10242.1189647317,1398.91069450974,4802.37829825282,156.924930334091,4259.75203925371,1955.85514751077,10619.3160695434,233.494850486517,0,68.6337366998196,1870.66793325543,7315.59327936172,2.7698962688446,5.93448728322983,81.2532968819141,69.9424829483032,22774.5888870358,10.8730692863464,3.11868298053741,14.96635222435,745.742256253958,2.87517100572586,169.212833702564,103.043609380722,1877.59607851505,283.164577573538,42.4380165636539,11.4017633795738,20.4560442566872,1.42385658621788,1080.07599061728,4676.98133519292,997.630866467953,59.2613263130188,488.420432955027,138.316400408745,4577.1606220901,166.033218979836,175.492220133543,66.0364657640457,6.60539752244949,22.2173348367214,8.4988671541214,255.220818728209,9.10485890507698,3.11662179231644,1.27693745493889,0,0,724.343107402325,26.2352149486542,118.725315451622,85.1630271673203,95.1812563240528,814.011909991503,1022.31965449452,5.46671324968338,1402.42583873868,1.45693182945251,46.0808703005314,118.693931102753,0.620118319988251,0,2.56294864416122,0.572735130786896,560.142850488424,1.85299006104469,1.04897883534431,2.1304669380188,724.227826714516,0,1.72637924551964,0.997315049171448,1304.35659992695,14.2954394519329,4.89149051904678,0,0,0,30.0191774666309,374.289772957563
0.576542556285858,2463.44387680292,51.525609254837,8.55338475108147,14.642574429512,77.8779222071171,164.777129262686,188.268471300602,3436.36607438326,281.508760690689,12626.1913282275,68.6337366998196,0,108.974270522594,95.9936071932316,259.302984774113,31.9666072428226,492.695094019175,59.5852148234844,40.1690327525139,51.6378742754459,2418.69144308567,79.5982273817062,1388.07358130813,9414.4880206883,1666.0383579731,7930.52138763666,181.250011235476,89.6845133900642,30.7357529699802,1756.29781129956,52.0773136615753,1.20575964450836,1870.07343918085,27.3451282680035,262.794870525599,5197.23030084372,2934.61819827557,123.378595620394,130.95641580224,12.4121968746185,4024.15271401405,39.3262656927109,178.921279579401,88.3048012554646,39.0289570689201,4.45598125457764,0,1260.56072229147,0,430.113725304604,5.10659417510033,0.48006597161293,1.38495594263077,0,0,0,72.5855942964554,0,9058.41913059354,0.726133823394775,16280.030359,0.499924063682556,13.5210336446762,33.2620508372784,10.4918996095657,51.0851297974586,23.7708741128445,0.504471957683563,1.1173195540905,73.437530040741,8.43945300579071,64.9171555638313,1713.99678915739,3231.86306586862,4743.90988814831,6.39276200532913,0,1.51382958889008,3007.65282517672,0,0,53.9641026854515,10.0442495942116
9445.18115773797,5.28293985128403,5001.71156218648,158.457049906254,23.9473855793476,1224.95983418822,30636.3036959767,17021.1523112655,85.1716431975365,9904.80195182562,562.736323803663,1870.66793325543,108.974270522594,0,86.026938855648,24.1107758283615,4296.62253892422,387.238657772541,2121.23514920473,511.384761601686,1544.11817213893,9.4170389175415,8661.50712731481,274.350552767515,1.36280834674835,3460.74035096169,2232.69542175531,2232.39569854736,38926.5588169098,17746.9625051916,18.5035957992077,1553.72272580862,144.258777320385,4122.91955596209,289.966942280531,1443.57589194179,144.554962396622,1928.79945534468,385.69673755765,323.986509561539,226.402528822422,200.161105960608,130.115737140179,2.74245202541351,39.7208341062069,11.1092855632305,160.360099762678,7.45596706867218,6.96592980623245,0.37509959936142,2.59124404191971,20.5075178444386,8.13098227977753,2.49941092729568,5.5561346411705,83.7940900623798,28.5252868831158,38.9306654930115,27.5543659031391,2.81854569911957,47.572536945343,13.3106925487518,16.7370358705521,17.4648487269878,127.03059309721,3.19832748174667,0,1.05160307884216,12.0991026461124,54.7705139815807,6.94231384992599,23.4602250158787,981.999715596437,1.00588250160217,11.1020486354828,81.4997773766518,733.803415983915,20.200188845396,42.7415120601654,0,0,4.21973115205765,50.0536082386971,20.0894706249237
2.44550931453705,130.010562121868,17.7128916978836,455.508860498667,2873.66718399525,5478.17770975828,393.286674320698,466.605794012547,2226.18196561933,2315.92935165763,15.1369800567627,7315.59327936172,95.9936071932316,86.026938855648,0,13.5276144742966,11.6396783292294,7.56479433178902,4.60512870550156,719.448544174433,266.134264856577,419.751188337803,276.064872056246,3083.20423847437,62.1904209852219,15.6179421544075,229.726797759533,1539.7496830225,71.3711500763893,339.926807463169,5.90322923660278,12.3806987404823,9.73276805877686,60.7415968179703,575.697138488293,1003.44825232029,45.7068345248699,253.512959450483,264.323794543743,6349.763913095,114.112048387527,173.830796211958,130.27250534296,7.77821069955826,47.933797955513,35.9330108761787,283.066398531199,10.0676668286324,15.4346842765808,0.837857961654663,4.30180579423904,0,263.263126760721,20.9203540682793,94.4126759171486,82.9770604670048,102.265279531479,608.339385807514,607.909840881824,7.02129602432251,570.278927624226,1.21496838331223,63.3382195532322,98.9688472151756,73.4174869954586,1.37927889823914,1.63481152057648,1.98898547887802,162.36024299264,14.7284141778946,14.69829839468,11.139905244112,580.100824207067,1.31032586097717,3.49582320451736,11.8376904129982,1009.5659147203,33.3627381026745,20.911398857832,0,0.825054943561554,1.44588685035706,51.6401860415936,421.350802481174
0.534537732601166,821.366807103157,39.6364463567734,0,6.5077241063118,6.43692630529404,38.2366718947887,10.4559982120991,160.458786785603,4.72833400964737,17.0998306870461,2.7698962688446,259.302984774113,24.1107758283615,13.5276144742966,0,35.6317463219166,0.430545806884766,9.36408564448357,0,11588.2347797751,6493.68452012539,13697.3171902299,4363.35441151261,227.808514028788,32.1507841646671,13582.5869353712,2887.55855062604,19.4486212134361,19.5726597309113,7.14155840873718,0,0.989912062883377,96.9185054898262,289.03624111414,3507.0387019515,964.842898249626,558.324139356613,371.309910714626,7.93130058050156,27.4174002408981,33.2415530979633,284.481476396322,17.7391886115074,109.86991584301,172.037019342184,10.7187629938126,0.727156162261963,5.31843167543411,1.35044413805008,29.9857929348946,218.754739969969,5.16095405817032,0,0,62.5331344008446,17.4387877583504,13.4833441078663,0,7.77204114198685,0,8.11619773507118,20.0552562475204,16.2465860247612,8510.49678725004,71.0637268722057,5.62209671735764,17.8137654066086,0,600.668782502413,859.288899511099,4643.98757475615,1136.7541846931,3.61413365602493,108.846568316221,5251.55608025193,493.6000829041,37.6642736792564,193.841886401176,2.72957891225815,0,2.45688712596893,54.2909173667431,75.0618526339531
520.859465569258,37.2423188686371,36313.2618499398,1.95705938339233,6.78087645769119,53.5110429227352,545.032453387976,2036.10772261024,11.4197554588318,92.6124172508717,276.874829024076,5.93448728322983,31.9666072428226,4296.62253892422,11.6396783292294,35.6317463219166,0,394.365662783384,6204.48550385237,0.916635930538177,1114.08959719539,15.5010760426521,9845.83138474822,46.2332556843758,29.4197570681572,20158.8560806215,28828.562548995,341.305491685867,2763.89251735806,2702.73586669564,12.5366698205471,4.37646186351776,107.012345999479,2172.33959913254,101.265451937914,977.038518428802,383.348905265331,1057.84013211727,241.4833791852,17.855443239212,28.9680310487747,14.5243800282478,76.9842849671841,16.6558712422848,70.8516331911087,72.0878191590309,0,0,0.853620827198029,0,90.1441692113876,177.753363966942,0,0.86476868391037,0,0.790094047784805,0,1.78135812282562,0,1.37707042694092,0,2.44190526008606,0,10.1929039955139,31.5631955564022,97.55570307374,4.29359850287437,34.2584454715252,0,5.83231288194656,9.66641947627068,22.9449615776539,11.6817179322243,0.780516266822815,300.036306083202,1189.51911354065,2.88361504673958,0,6.33585071563721,6.56194278597832,0,0,39.4835280478001,23.1642642021179
19.2625963687897,1.89114540815353,227.135304421186,5.4095878303051,5.05086678266525,77.3197264075279,179.220928311348,289.655951499939,9.56803038716316,280.180702388287,15261.7733762562,81.2532968819141,492.695094019175,387.238657772541,7.56479433178902,0.430545806884766,394.365662783384,0,1992.0800151825,33.7677372395992,139.705277293921,1.87689912319183,298.460107207298,13.4704169631004,11.9867582321167,2329.17419937253,621.737329334021,89.5453787147999,283.627255231142,90.6017873883247,65.0653759241104,49.5656687319279,15.2153844237328,3551.05546757579,102.511250495911,725.545215904713,1570.38977864385,3504.06797775626,890.837459176779,15.4190575778484,10.2804263830185,34.1170999407768,6.18982023000717,2.52027875185013,1.97475752234459,3.58576780557632,0,0,0,0,4.64543294906616,2.27980542182922,0,0.933069288730621,0,0,0,2.23330128192902,0.972927778959274,8.64369064569473,0.820680975914001,22.2094306349754,0,22.7671656310558,0,1.70438641309738,0.95592600107193,2.12203615903854,0,0,0,0,0,2.85950076580048,108.497994065285,108.470616728067,0,0,0.489551484584808,17.7819345891476,0,0,0.937155425548553,60.2468324303627
154.61148622632,15.2495395541191,2131.60620468855,8.53832784295082,8.32431241869926,74.3599047362804,314.606204420328,1206.75684505701,9.17006140947342,277.776654869318,2987.19482424855,69.9424829483032,59.5852148234844,2121.23514920473,4.60512870550156,9.36408564448357,6204.48550385237,1992.0800151825,0,36.7709986269474,580.043373793364,7.1112117767334,1743.35446929932,25.100538790226,14.1124861240387,13352.5591713786,5068.68978890777,179.00111117959,1443.39065259695,704.381414920092,16.3920746147633,41.1894062757492,65.5912424921989,7165.29277926683,152.15078124404,1328.7954531908,1036.51258900762,3701.67246997356,1018.81357929111,21.7311493754387,26.7752513289452,5.54022544622421,41.4788912832737,11.4059381484985,20.6939668059349,28.2855924367905,0.587637543678284,1.19757568836212,1.11418640613556,0,55.5384320020676,32.1911549866199,0,2.43190860748291,0,0.367941677570343,1.13563740253448,2.01148343086243,0.534754157066345,3.60068017244339,1.54972004890442,4.12258780002594,0.428263992071152,17.8146698474884,5.10184976458549,26.6628029048443,0.677183985710144,23.2570233345032,0.461505144834518,0,4.17144745588303,2.48061501979828,1.46800112724304,2.98126375675201,109.687878280878,392.412628620863,0,0,3.60411277413368,7.92291080951691,0,0,17.3153566122055,99.8199410736561
5.26118326187134,0.780391156673431,12.4755844473839,41500.8114776015,174.532170385122,534.752438887954,96.825418561697,1099.47321122885,738.72418281436,17554.0970363319,108.433752000332,22774.5888870358,40.1690327525139,511.384761601686,719.448544174433,0,0.916635930538177,33.7677372395992,36.7709986269474,0,2.30645170807838,0.841011047363281,13.9308369159698,528.008296191692,0,80.0389997363091,61.5643484592438,4858.61654347181,193.552169024944,31.2013482153416,4.44981563091278,9.68678656220436,1.73997816443443,286.469633251429,84.3261907994747,478.963408976793,34.8870884180069,171.443718224764,58.9760721027851,932.696884185076,53.2956650257111,49.3227858543396,23.5891627371311,0,7.79482781887054,0.818292826414108,103.046708285809,5.42250046133995,1.63846668601036,0,0,0,834.437959015369,15.7220991849899,43.4037714898586,52.9121074676514,41.1924233734608,318.574551194906,772.708368629217,0.745576798915863,381.636616259813,1.95683845877647,10.9694854021072,44.876283288002,0.729757189750671,0,0,0,315.310481965542,0.526864349842072,0,0,529.773641914129,0,0,0.596770584583282,930.294943660498,5.27823129296303,2.67487043142319,0,0,0,12.1566576361656,2.45819330215454
202.640779644251,120.367416918278,6751.86236092448,1.25214838981628,53.7917522490025,66.6700028777122,1140.95351874828,739.860140323639,42.2770244479179,87.0776069164276,136.65250864625,10.8730692863464,51.6378742754459,1544.11817213893,266.134264856577,11588.2347797751,1114.08959719539,139.705277293921,580.043373793364,2.30645170807838,0,624.191441684961,72372.0093435347,2780.92973849177,54.9800719022751,959.495615363121,3529.26804420352,15545.0689041913,1320.75586333871,32316.7024661899,6.12214908003807,1.38512444496155,124.586974322796,15088.1068477929,3378.73160940409,18714.2296493053,2012.67270037532,17835.1342009902,4835.34679925442,68.7597459554672,381.802774548531,184.314323335886,197.249221950769,20.0988054573536,52.0463630855083,109.269582152367,17.0114184617996,8.84435844421387,22.7662742137909,15.3999325037003,12.8023934364319,69.5536936223507,0,9.25785386562347,1.35739755630493,39.110055565834,56.5418578386307,21.9788769483566,1.42553985118866,21.8675861358643,1.7348365187645,19.9889024496078,70.423414170742,71.354953289032,3694.98309913278,17.9398994147778,1.18609777092934,0.945985913276672,0,1002.37705862522,216.075090169907,871.097428619862,1386.96584236622,2.33877032995224,25.6551442742348,858.14277112484,663.227486640215,77.0419121980667,661.992724865675,1.0615565776825,0,2.746333360672,51.5671407580376,626.529468357563
1.11381566524506,3123.20812278986,66.0925081372261,5.4264794588089,30.688796877861,2.11190289258957,14.1281999945641,4.67349967360497,11739.7179120779,0.602501451969147,157.876348733902,3.11868298053741,2418.69144308567,9.4170389175415,419.751188337803,6493.68452012539,15.5010760426521,1.87689912319183,7.1112117767334,0.841011047363281,624.191441684961,0,1020.46038261056,14987.7190761566,1635.53325524926,53.447189360857,9868.54693719745,827.219436079264,4.65188604593277,4.26943510770798,41.409684419632,0.564507305622101,0,40.7045312821865,19.7484276294708,311.716023862362,106.539467692375,85.8769597411156,27.8482973575592,295.241429954767,2.18092566728592,99.2210844159126,215.498958140612,23.7787487506866,103.664512008429,108.48540559411,10.4267022013664,2.54223856329918,15.6773750782013,0,202.479619264603,156.015207827091,10.617438018322,5.20628976821899,0,36.4059746265411,11.4549611210823,76.4264044761658,2.87709710001945,59.1576260924339,0,72.2701646983624,17.4759115576744,8.56300818920135,6341.12578952312,48.0751327574253,2.28321546316147,20.8005157113075,0.427988976240158,390.621188730001,2795.06283086538,1792.31606382132,1767.75593104959,28.1578316688538,188.655125796795,5536.42817091942,397.376383274794,26.7338724136353,123.672671794891,14.2311154603958,0,3.81774795055389,40.8520907759666,21.7760687470436
1012.70576128364,148.862377256155,53987.9531159401,1.17263066768646,69.993424475193,270.271234542131,7153.40344026685,4383.04528728127,46.0470054447651,569.127545446157,314.550205916166,14.96635222435,79.5982273817062,8661.50712731481,276.064872056246,13697.3171902299,9845.83138474822,298.460107207298,1743.35446929932,13.9308369159698,72372.0093435347,1020.46038261056,0,1898.51945647597,58.1117902696133,6572.20368003845,36177.2931736708,11639.307718426,3743.1706097424,19391.4268273115,7.34530574083328,12.4223796129227,186.837900191545,17725.5805668533,4540.10816186666,39726.9806296229,8327.27132129669,29823.3723723292,10048.7493844032,109.795636296272,763.029342770576,122.752302199602,543.090774834156,52.7643540799618,227.742294460535,405.963311344385,16.0618219971657,3.68701720237732,14.6787781119347,3.45628106594086,63.6413189768791,845.102010667324,1.61611944437027,18.3581834435463,0.935022830963135,55.6005835235119,14.2597755789757,13.5834652781487,1.32529628276825,10.5716096162796,1.75491985678673,11.5361858904362,27.2254514694214,193.267284303904,8364.42652010918,175.453044861555,3.70204991102219,31.9197461009026,0,652.869142234325,461.923608928919,4556.82608500123,1221.68025282025,1.69648909568787,238.374521225691,8355.14368993044,579.711934000254,38.9043587446213,195.815239071846,0,0,1.3011417388916,107.194747537374,1478.54946854711
4.64502310752869,2070.91942644119,91.5123912394047,8319.17202115059,414.934760808945,152.591603934765,2090.20269951224,371.086917281151,43445.2096217275,1808.68182644248,143.539816051722,745.742256253958,1388.07358130813,274.350552767515,3083.20423847437,4363.35441151261,46.2332556843758,13.4704169631004,25.100538790226,528.008296191692,2780.92973849177,14987.7190761566,1898.51945647597,0,898.145434498787,80.4472620487213,4088.31393763423,21738.9660447538,400.784246593714,98.0258141756058,42.1598585546017,4.04939019680023,44.9282899796963,370.491514861584,469.218633115292,4256.14744049311,419.261969059706,556.604607373476,240.345514774323,1739.2820289433,123.482513189316,303.452360600233,2464.82051455975,74.1290154755116,848.710047096014,289.136688947678,1571.8076710701,260.775420546532,143.480154246092,85.8341779410839,50.8902227580547,102.309433847666,1044.9777302146,30.0261698663235,273.695315539837,1185.19374489784,1545.8538928926,2948.31322684884,1934.47824531794,59.3032401204109,429.952033668756,63.3559041619301,1375.75643539429,198.97987678647,5506.35523924232,37.796736985445,4.98230835795403,7.76719427108765,406.151159763336,1606.81732231379,1056.72603079677,1192.672719419,26109.7430105507,8.63885772228241,33.4996384978294,1611.99653449655,15055.368986547,903.69235560298,1939.53680881858,2.65773952007294,47.196132004261,45.3324288129807,1033.78396248817,382.855449020863
0,2696.2368657589,17.4065217673779,0,8.0767794251442,2.30397564172745,2.56206321716309,5.17597836256027,1715.69461834431,2.57930764555931,648.324803173542,2.87517100572586,9414.4880206883,1.36280834674835,62.1904209852219,227.808514028788,29.4197570681572,11.9867582321167,14.1124861240387,0,54.9800719022751,1635.53325524926,58.1117902696133,898.145434498787,0,444.995631694794,18393.731595397,63.44223305583,0.743518710136414,1.74080699682236,570.254985570908,0,0,195.102343589067,4.5804694890976,87.001543790102,238.541306704283,259.533299177885,43.5596893429756,49.7995790243149,0,582.356472909451,60.7903664708138,51.9863887429237,54.3788893520832,39.3159985542297,0,0,181.554036676884,0,1369.15594047308,17.9131287336349,2.10298752784729,0,0,0.698600351810455,1.79807144403458,9.87878215312958,0.77755469083786,922.391016662121,0,2715.95189467072,2.61337232589722,2.1734926700592,34.9810453951359,23.3999458551407,14.7328416705132,49.2137769460678,0,1.62640777230263,27.8477696180344,11.5946506857872,22.0548148155212,1021.65218278766,985.888529628515,2805.75285738707,1.04914087057114,0,1.64819848537445,492.652530610561,0,0,33.3979950845242,6.43766331672668
335.677933186293,114.95423668623,21303.4811052978,11.9315536916256,16.9451336860657,209.352259486914,1012.62147206068,2384.56945136189,126.031332731247,660.922522902489,10624.824449271,169.212833702564,1666.0383579731,3460.74035096169,15.6179421544075,32.1507841646671,20158.8560806215,2329.17419937253,13352.5591713786,80.0389997363091,959.495615363121,53.447189360857,6572.20368003845,80.4472620487213,444.995631694794,0,29077.4405732155,389.510505467653,1549.42516046762,1102.35615426302,458.264885395765,105.007718622684,32.1565943062305,8624.23106750846,645.838652580976,6447.2976782918,9713.12593057752,10205.4700645506,3643.48782724142,52.7400970458984,91.2426550388336,204.686522811651,1082.79312232137,446.977791905403,786.219384670258,696.26211181283,1.44252234697342,7.38400536775589,23.5048890411854,6.02489414811134,1157.67570087314,496.197605401278,0,6.30776470899582,1.13776516914368,52.0812310874462,11.7208971083164,6.61575394868851,2.61010232567787,675.44717285037,3.4860046505928,1211.93660023808,39.0548430383205,91.5304282307625,80.6457430422306,523.905719608068,236.588805884123,774.978732973337,1.4860033094883,29.6979238986969,55.5449172258377,113.095443189144,19.7637209892273,289.361750811338,8583.09436380863,15374.428376615,10.9697675406933,6.52434274554253,66.0346766412258,1247.37884736061,0.557533085346222,0,484.146218568087,455.236287593842
196.6153383255,15306.3104734123,23789.732570976,3.12515085935593,38.3407080471516,130.058343499899,939.927387565374,1366.73339346051,3843.48449632525,461.329894244671,996.065819978714,103.043609380722,7930.52138763666,2232.69542175531,229.726797759533,13582.5869353712,28828.562548995,621.737329334021,5068.68978890777,61.5643484592438,3529.26804420352,9868.54693719745,36177.2931736708,4088.31393763423,18393.731595397,29077.4405732155,0,2941.05870315433,1168.59489762783,833.831149309874,1252.83891582489,59.7546738982201,34.0467754602432,15379.3348144889,3468.71265539527,43593.5051446855,13428.3005740047,25888.8124322593,8960.59793013334,230.869970232248,536.361964076757,102.214803904295,6754.17119789124,1385.03366497159,3960.02093675733,4199.50554296374,33.2623755633831,28.7302319407463,58.421891272068,22.0067970454693,13978.7127179205,12577.1697209477,2.488185942173,42.2906596958637,1.21930396556854,357.666772782803,50.6216203868389,57.2659406065941,7.94713798165321,1538.51577943563,3.11083042621613,2990.90110728145,137.996726125479,380.514422476292,7952.66147172451,4783.72423931956,616.142355144024,2628.54630848765,1.97127228975296,668.867655575275,3018.40013149381,7294.93568736315,2135.71254110336,1115.42350387573,25132.2423316538,115032.927408129,1002.06368863583,56.4555398523808,383.661978691816,2585.97437807918,0.480488657951355,0.64706951379776,2339.32920798659,2394.41250944138
42.1421695351601,127.337462365627,1657.76868635416,5471.68863525987,388.140420079231,1106.88295435905,75842.9555523694,2517.48981335759,8081.21487993002,22316.7560189962,280.18431943655,1877.59607851505,181.250011235476,2232.39569854736,1539.7496830225,2887.55855062604,341.305491685867,89.5453787147999,179.00111117959,4858.61654347181,15545.0689041913,827.219436079264,11639.307718426,21738.9660447538,63.44223305583,389.510505467653,2941.05870315433,0,3800.16614425182,31419.3207778037,12.1204186677933,30.8397594094276,628.602107971907,5706.47121858597,4973.07846570015,29755.3968206048,1638.87410259247,7056.30895775557,2157.83507817984,2404.5783174932,993.91492575407,969.981230735779,3958.75883305073,128.68956631422,1118.48765283823,400.067122936249,2584.81309056282,428.583648651838,165.17040976882,194.842794150114,14.1168122291565,76.6916239857674,1085.76339423656,42.2815007567406,276.885566949844,1905.53704380989,1799.5489346683,2180.63094246387,3254.77313864231,109.577318936586,831.692696005106,137.477785974741,2205.11351126432,346.741327762604,4597.69839349389,43.479987859726,0.900136053562164,6.90179112553596,640.586732119322,2416.87202563882,431.016300886869,958.334613412619,26519.042299062,2.09011489152908,23.9255104660988,893.111379295588,20535.6748006344,1566.66426688433,4388.96957838535,6.50461849570274,10.5686316490173,51.6909784376621,1573.87771940231,672.015154540539
5537.2392705977,2.35281008481979,836.110593706369,86.3720206320286,77.0642342865467,724.49447542429,8752.47503387928,6372.7046508491,55.3727777600288,2689.68536329269,492.155101776123,283.164577573538,89.6845133900642,38926.5588169098,71.3711500763893,19.4486212134361,2763.89251735806,283.627255231142,1443.39065259695,193.552169024944,1320.75586333871,4.65188604593277,3743.1706097424,400.784246593714,0.743518710136414,1549.42516046762,1168.59489762783,3800.16614425182,0,27698.5319664478,12.2786588072777,3787.14016538858,14289.1712197959,10870.6506406963,374.730596989393,740.879985481501,105.009729832411,2876.25008901954,365.952737033367,109.650257796049,201.941358685493,99.5068033337593,107.452984899282,2.81696516275406,18.7738370001316,10.5603376626968,63.9777770936489,8.21912431716919,2.9061067700386,1.60275122523308,3.26634591817856,0.986793458461761,0.924066126346588,0.829864025115967,1.19247451424599,26.7070271372795,12.353464871645,22.750746011734,14.4874252080917,4.9206103682518,5.86372971534729,4.69985127449036,27.2560395598412,8.60221329331398,188.416638672352,0,0,0,0.391388952732086,71.1929357647896,7.25748473405838,20.1409131288528,825.38595238328,0,6.44198480248451,19.701094776392,598.288403093815,18.0945298969746,52.3926816284657,0,0,0,21.4041969180107,26.5364008247852
6074.72795543075,1.25911676883698,3300.69106253982,6.62847137451172,70.9465420842171,245.586362242699,11384.4564724565,3881.44571366906,13.962470471859,359.701227933168,132.885903716087,42.4380165636539,30.7357529699802,17746.9625051916,339.926807463169,19.5726597309113,2702.73586669564,90.6017873883247,704.381414920092,31.2013482153416,32316.7024661899,4.26943510770798,19391.4268273115,98.0258141756058,1.74080699682236,1102.35615426302,833.831149309874,31419.3207778037,27698.5319664478,0,3.96650668978691,18.655758023262,2058.79226198792,14517.1708812118,3978.67106738687,12735.0477503836,444.87677270174,8783.01350519061,1665.58260694146,273.938461720943,428.051283478737,127.897920250893,280.055996090174,7.98790121078491,55.6891786754131,38.1108269989491,105.657856553793,14.6640833616257,10.4065774977207,1.97978460788727,4.66540881991386,10.0789402127266,0,5.17912632226944,7.15293228626251,25.3839562833309,55.939244478941,19.3214565813541,3.96896207332611,1.47671586275101,0,2.24737799167633,61.7248731553555,38.6049286425114,171.41531470418,3.99109908938408,0.858198702335358,0.475698173046112,0.613903999328613,75.3556277453899,4.04645451903343,28.5966510176659,793.936795264482,0,5.58259749412537,80.3748970925808,711.021365076303,56.8333195447922,71.7818881869316,0,0,3.56359142065048,30.5594773292542,367.852897137403
0.670835793018341,25.9554999470711,54.4237404167652,1.07463014125824,0,12.5411098599434,19.8782743215561,29.7663632929325,103.130070418119,28.3843181431293,1051.5755700171,11.4017633795738,1756.29781129956,18.5035957992077,5.90322923660278,7.14155840873718,12.5366698205471,65.0653759241104,16.3920746147633,4.44981563091278,6.12214908003807,41.409684419632,7.34530574083328,42.1598585546017,570.254985570908,458.264885395765,1252.83891582489,12.1204186677933,12.2786588072777,3.96650668978691,0,9.00434827804565,0.565520226955414,199.445453763008,7.50926965475082,111.009590893984,735.990788251162,358.022700726986,84.6140837669373,9.93292635679245,3.82254433631897,61.4127175211906,20.6259848475456,61.5642982423306,48.8300838172436,24.1565262377262,0,1.19245541095734,19.9849210381508,0,153.50131586194,3.28410074114799,0,0,0,0,1.62302470207214,0.644813120365143,0.674250900745392,665.09906694293,0,1207.83845424652,1.01548114418983,4.85938435792923,2.32908719778061,4.34684503078461,23.6115627884865,26.5584081113338,0,0,9.21961849927902,0,0,133.758315205574,1910.32715272903,2109.88478639722,0,0,0,948.974146485329,0,0,25.1627886891365,6.34994250535965
