0,0,0.0401261850906865,0.00247889279061979,0.000381112090462983,0.0107411353243251,0.590702434847645,0.150080906752681,0.00221300999523037,0.0339717857412352,0.0140730251353679,0.0117489579724924,0.0207412999607317,1.26201119489997,0.00209821465031564,0.000347164960260481,0.0450124325402052,0.00803691877271116,0.0133965998960337,0.00320262297343179,0.0391160775949424,0.000278082453735596,0.0936438726155269,0.0104974717509871,7.7044457655871e-05,0.0152892305094614,0.0287799669305164,0.0604446289099852,1.27202437232625,1.42426420877147,0.000297977163652617,0.0164953802508659,0.0163908546309916,0.0836400861584993,0.0280043503941357,0.11112250549305,0.00566420824335549,0.0490618183713804,0.0230383306820908,0.014518400771727,0.004983116309267,0.00235952630059293,0.0148753352941158,0.000163092165225205,0.0023049317499622,0.00198836846907538,0.00523444997345223,0.00246961426293358,0.000440882145932979,0.00114741351652022,0,0.00120762027241917,7.66451467448533e-05,3.63510482977628e-05,0.00036742615985015,0.0121444443861813,0.00152139159434046,0.00299298626992963,0.000292854682403621,0.00208341180264761,0.000218256970211229,0.000187926635319576,0.00212437760603935,0.000132895293258297,0.00130994627882359,0.00018099167347737,0,0,0.000165723724796787,0.000586697191058299,0.00055384142871041,0.00169857429333726,0.0344709936221023,0,0.000279103131558883,0.00376184135820158,0.0206653430549307,0.00452079338097537,0.00791383455043749,0,0.000560936840502995,0.000610201606251559,0.00678641473333634,0.00177610814538439
0,0,0.00554551434806656,0,7.22598693369629e-05,0,0.000215815502839688,8.61219689073117e-05,0.125604561835328,0,0.00506663473697966,9.52623602318168e-05,0.0907562659931029,0.000164737326259488,0.00118691345020068,0.0414002703182363,0.00346358711292257,0,0.000955956252257363,0,0.00757078029962452,0.421881583475922,0.0162912230824322,0.206709187438917,0.304641072209793,0.0190196969781544,0.971152757565163,0.0081423835471443,0.000135316893972677,0.000178196998620093,0.00956595506643427,0.000187435511898196,0,0.00564974978208621,0.00121689831274134,0.00928793635627568,0.00432289824799567,0.00242240058797895,0.00518326113894451,0.00187566688256446,0.000170191334372127,0.0120981124033401,0.0103473507413909,0.00290204599964951,0.00170659060274843,0.00451930245549433,0,0,0.00294273861021593,0.000100069638279283,0.050648724787457,0.0108000587414923,0.000293105145055235,0,9.94594342281224e-05,0.00014028530549354,0.00013383430019232,0.000432789306210977,0,0.00680971866192631,9.72764234918833e-05,0.0195587430213267,0.000450770345816642,0,0.0063180323370969,0.010145763016869,0.000175939140091217,0.00515692755322644,0,0.00160974665114518,0.0135965194927435,0.00943094646560943,0.00206162385935299,0.00521739037747465,0.058482164812596,0.247599388671276,0.00193014062555755,3.31872406773538e-05,0.00161601278369283,0.00143430763958775,0,0,0.00205813103044592,0.000143557742717242
0.0401261850906865,0.00554551434806656,0,0,0.000244536466609359,0.000564195963183665,0.0466539297920257,0.0173254043862431,0.000949283326446141,0.000740429461046646,0.00450282057195752,0.000304329341232389,0.00484470892663992,0.0639167305113966,0.000437164399530363,0.0146419543761323,1.88027411305485,0.00443719119944828,0.106308882584531,6.34675246971876e-05,0.186697876737889,0.00956255842215816,2.08156158124405,0.0345649506657083,5.10545465019286e-05,1.74525700916929,3.22381871751278,0.0819237201391879,0.061275274572033,0.256036312452407,5.86511566024959e-05,0.00074970274704155,0.00281800090936309,0.103830372599157,0.0208958962017915,0.224205834844629,0.137130614974116,0.117276547887772,0.156146122502185,0.00245716397813293,0.00139715562769383,0.00101772584106767,0.093282419326516,0.0149750475064803,0.0116336393522851,0.0409320389502498,0.00166102863689768,0.000553749187481469,8.63340491125761e-05,0.000905564162916772,0.013199196873337,0.212586783845231,0,4.0839800574714e-05,8.90737428343773e-05,0.00338073408880035,0.00176985361250545,0.000431274364400494,8.53530338246018e-05,0.000812160985291657,0,5.55294058702171e-05,0.00259868699416352,0,0.0197114000954533,0.0803595147864223,0.000472615084211663,0.014318874498024,0,0.0121767451561509,0.00977545782166993,0.14138148462218,0.00846848870621566,0.000179543619854212,0.0634756635634891,0.456841931800462,0.0111420377337535,0.00318546431919542,0.012708986505239,0,0.000107931034680962,0.000190171660602692,0.00870205262333122,0.00760760309002832
0.00247889279061979,0,0,0,0.00179207944936093,0.0143597588125296,0.0525460979424268,0.0135632715742314,0.292084047178742,0.719186634262207,0.0027708662258066,0.123417076166919,0.0149504883889822,0.0150664865463372,0.0298229896348882,0,0.000143253967292547,0.00151625390571546,0.00078597149350573,2.71312812903817,3.4805214482516e-05,0,0.000142119399974346,0.421133045967777,3.04315731439769e-05,0.000645731345020986,3.31956512460768e-05,0.979461503170758,0.0197003577002206,0.000870466420805486,6.02839313099146e-05,0.00222951551086772,0.0010023295113953,0.0126513687949933,0.0083732550458615,0.069875788090789,0.00025934801402893,0.0103834932160779,0.00132033966692918,0.0468676259043484,0.00483377692846357,0.000886332652329577,0.00475403488250821,0,0.00100210544729241,0.000274728705584455,0.0395319339227591,0.000930073963622502,4.89835668060094e-05,0.000136176693127007,0,0,0.109653398511615,0.000814970234558356,0.0247647520186196,0.0328723731119151,0.00682246549258127,0.0595919975157309,0.112540189013623,0.00232963602307761,0.11790655987985,0.000595367848378444,0.00397347896006782,0.011005624875335,2.92799622400105e-05,0,0,0,0.0654945704537029,0.000154176640839804,0.000256478996943378,0.000197400990327949,0.124835952346178,0,7.41809350438025e-05,9.73401003343818e-05,0.233402836647546,0.00257980785182521,0.000507434401917616,0,0.000889055241797887,0.000281418511178589,0.00510156141431123,0.000718490036513431
0.000381112090462983,7.22598693369629e-05,0.000244536466609359,0.00179207944936093,0,0.0476179124710482,0.00194737257449283,0.00238181084155984,0.0112643581251222,0.00331272062440787,0.000158697793725574,0.0100609187627956,0.000487673160992113,0.00155094579289064,0.359005587500774,0.000709567945858098,0.000424259359586269,8.0622227442503e-05,3.70439505449712e-05,0.00119561923008818,0.00469799237532268,0.000548915713111031,0.00267653200085277,0.0126424622453865,6.49580881941438e-05,0.000156648013354474,0.00105384528022,0.00715303053620449,0.00137135398870823,0.00574096378715665,0,0.0900853149379439,0.000120322813551402,0.00246750655904242,0.0233020305435897,0.0117263010065273,0.000509028699132586,0.000751477112126397,0.000751883684963906,0.868374078155808,0.0571122700100382,0.000271691966510743,0.000636477818503595,0.000578323732781631,0,0.00149329819570214,0.000888661912724399,0,0,3.9235325338012e-05,9.63665775102498e-05,0,0,0,0.000238526366010332,0.000348240902335286,0.000368784760937386,0.000306766076521504,0.000421713640798807,0.000198160436978716,0.000538065209887553,4.21298188228845e-05,0.000120219330593312,0.000106261822938859,0.000402217691738778,0.000108364574321532,6.33601974276901e-05,0.00017741170751915,7.2290356890237e-05,0.000397858493362927,0.000133475454652822,0.00102910217167257,0.000551109405411106,0,0.000842412237783578,0.000812341892398368,0.000596403761889338,0.000166615071167293,0.000804565317563056,0,0,0,0.000116926990311813,0.0123632186013134
0.0107411353243251,0,0.000564195963183665,0.0143597588125296,0.0476179124710482,0,0.342134380195814,0.803035893113197,0.0363390898441737,1.52635083845669,0.0168910721400673,0.486498866321203,0.0529765391852932,0.240110014707175,0.206246451818437,0.000196487459793246,0.00189062993346746,0.0117928825043546,0.0051144403266891,0.0539095714729346,0.00140419424640827,8.40473976821664e-05,0.00194893324561098,0.0167971589511362,0.000153411163817328,0.0047832373255535,0.00193123315014342,0.0301441401499674,0.0365933926757223,0.00931332273885031,0.000403137329490971,0.0208893172927513,0.000640394286078778,0.0285300994494923,0.486280154640338,0.0999294665983684,0.00292909601455793,0.0177729624044164,0.00795620348502543,0.418114832895652,0.0790626928492289,0.00482421843136734,0.0120962181325445,0.000332694721363825,0.00262030202837962,0.00216065443951105,0.0546246696154547,0.00242489635700746,0.00177072611345881,0.000989647581048587,0,2.61225591089368e-05,0.0100313804652557,0.000797970861407558,0.0136294072552932,0.0263045147096267,0.00713652501450041,0.00769074223122315,0.0233264799677771,0.00454902066114573,0.0296403970554586,0.00123880008890766,0.00486414910183955,0.0108324288243358,0.000126661571430755,0.000140258898855794,5.86370574235737e-05,0,0.0119014317310036,0.000161757685624799,0.000124969378755021,0.00043408746606763,0.0751081494888827,0,0.000156114521617317,6.8286966623199e-05,0.0600825267169826,0.00600375993618081,0.00249671727918744,7.70498125935911e-05,0.00406484583364547,0.000516860101411808,0.00722634351228514,0.0271632890627498
0.590702434847645,0.000215815502839688,0.0466539297920257,0.0525460979424268,0.00194737257449283,0.342134380195814,0,0.723541300615538,0.0337963492635664,1.18336542425991,0.0337361203032806,0.0327364562990927,0.132690343599526,2.36699456171406,0.0181744478367335,0.00238559799992708,0.00750404216177989,0.0206056925391429,0.010989900561794,0.0113571332482297,0.0651860703864665,0.00234212440923082,0.0819610794850484,0.693837654323922,0.000144210786270165,0.020827662042377,0.0338908344035267,5.33706729766181,0.432682780095168,1.07676186449614,0.00040149525644381,0.0274628957412308,0.0212299582361276,0.200850883680077,0.131799774174265,0.528637556281945,0.0144474352866921,0.195626561303368,0.0513719775941537,0.113699657231053,0.0554046686365057,0.0127325254605895,0.0430449314605896,0.000948440445497617,0.00850239113441727,0.00611641119477065,0.037611079272862,0.0076876480357709,0.00314190814152727,0.00347130443561468,0.000249894999903399,0.00142818208831106,0.0115206134603919,9.7323740271634e-05,0.0118821845135429,0.0812498265073283,0.0151550010621862,0.0146077273452765,0.0277879638401713,0.0133987368215449,0.00800452332469244,0.00211608995619068,0.0179265126247226,0.00441722031918225,0.00769056860222105,0.000746426224857805,0,3.87827360322893e-05,0.00908869007220517,0.00194044727297446,0.00298693934604475,0.0117265463609565,0.239551941310416,0,0.000254691766256655,0.00578324945529422,0.153971090028605,0.0224234241685083,0.0149638844391013,0,0.00529030446529612,0.00212533350488982,0.0280493501036594,0.0116537306721379
0.150080906752681,8.61219689073117e-05,0.0173254043862431,0.0135632715742314,0.00238181084155984,0.803035893113197,0.723541300615538,0,0.00905595172819146,0.572260975077965,0.0223672974302556,0.267830261400293,0.0679852563824097,1.4085991676246,0.0563903313673435,0.000135299081929081,0.0189276305753919,0.0119978708307105,0.010930067972057,0.0511020197740717,0.0164029982667397,0.000144597551095981,0.0364578728522593,0.0135390337671524,0.000129064276171547,0.0120282916676897,0.0137574402226341,0.0626307770937188,0.0961266012220505,0.137041514351436,0.000548756411802882,0.100401673188598,0.00508077635499662,0.0689224759077873,0.0157114502808541,0.235892983128968,0.00519446125610224,0.0323117084288417,0.0173683634580216,0.291402323912056,0.106383716925112,0.00708993039501776,0.0215427062472465,0.000149853739962873,0.0036273903382446,0.00339732715200711,0.0172475148757342,0.00359317165931209,0.00313111290457757,0.00151677319513857,0.000102133505695761,0.000527037769248727,0.00137622214074937,0.000145453981169402,0.00268872292709129,0.0250571895517793,0.00334857655330353,0.00467741519194011,0.00330448345010508,0.00474040292190213,0.00544979034083791,0.00127933263173035,0.00255656919766116,0.00261730236335169,0.00101282803868783,2.81715851780087e-05,8.76244758567512e-05,0,0.00197421853149129,0.000633362937379864,0.000718919325368846,0.000767709841412169,0.0813434306022973,0,0.000531649761939028,0.00112298136241143,0.038908207149295,0.00589388285484676,0.00936895554476608,6.95827503273516e-05,0.00366959194922912,0.0007974470219052,0.00978106120180664,0.00399984784631189
0.00221300999523037,0.125604561835328,0.000949283326446141,0.292084047178742,0.0112643581251222,0.0363390898441737,0.0337963492635664,0.00905595172819146,0,0.128988055199369,0.00504420862383564,0.244339786426408,0.0544107078250153,0.00849232563917872,0.120264166878145,0.0209667183977528,0.000740702386933979,0.00114296709818067,0.00084421872440571,0.1184031220777,0.0255531938067768,0.436868277745451,0.012530183978027,2.19281571123367,0.0633413741805476,0.0139270362812595,0.289414334436271,0.44178949023857,0.0141809930014237,0.00472322227966054,0.0056098372128404,0.00232809287279799,0.000740836608205273,0.00943839540035991,0.00461595604593729,0.0392803577797947,0.0024117963026887,0.00809470527876371,0.00362858272594774,0.0785934106394272,0.0026617074745849,0.00553689862941448,0.0400205576296862,0.00238406698925892,0.00570889224006874,0.00526081493651685,0.0199859739001618,0.00275126910522874,0.00249849976363594,0.00721065629705707,0.00221361837116081,0.00136186671147477,0.0481474596919193,0.000733506539725281,0.00969514680549275,0.0419825698880273,0.00891023286971937,0.17837180591078,0.0446352148403329,0.00864408742555499,0.0283246787826946,0.0095004380141482,0.0122945169687784,0.00805693566540087,0.0585500700862151,0.00174532241024916,0.00189203997471738,0.00160695069013216,0.0282255132006738,0.0468557535261252,0.112400899006622,0.0291390924353802,0.334806180912649,0.000738387874862721,0.00541984348055921,0.0179203739368615,0.211417564023319,0.0322699365960988,0.0464009487221004,0.000877136028092234,0.0020472903048372,0.0030084977348075,0.0136783725226916,0.00829999343309773
0.0339717857412352,0,0.000740429461046646,0.719186634262207,0.00331272062440787,1.52635083845669,1.18336542425991,0.572260975077965,0.128988055199369,0,0.0635042572665975,0.695768003124701,0.181198136603725,0.469329473141467,0.0499006869771053,0.000259632792367167,0.00225673702534121,0.0344805374335649,0.0160880825614626,1.29157302550436,0.000783068158711297,3.24580712650866e-05,0.00187857115568634,0.0788892554155144,0.000353700987331554,0.0206704414207596,0.00417535781686088,0.31325484543807,0.25873563183663,0.0135669732396428,0.00107621654569753,0.0540269498695316,0.00111348562809733,0.214421439646059,0.077494847995246,0.855800756310132,0.0096669542313047,0.151333486592814,0.0223904750951572,0.23585057290595,0.074653193300688,0.0188166335335052,0.0177502258787987,0.00012356359840154,0.00356044692306872,0.00381220672947678,0.1303916505239,0.00404990950687463,0.0025075021055558,0.000724639915547209,3.55773649545669e-05,0,0.0878581468432985,0.00223327255377705,0.0526560036083699,0.0940760922457478,0.0162982255209386,0.0476113123667276,0.187277090168901,0.00681736276878752,0.124133422386068,0.00113449096382663,0.00856926455319614,0.0272777968871452,0.0004400626443028,0,0,0,0.0952381465765583,0.000454337994204751,0.000638106908657944,0.000337218729677111,0.268001318394321,0,0,0,0.381460775637079,0.00778348762714615,0.00185130496347907,4.69122999495327e-05,0.00199403456750458,0.000490827884632069,0.0168228659868962,0.00498317907002687
0.0140730251353679,0.00506663473697966,0.00450282057195752,0.0027708662258066,0.000158697793725574,0.0168910721400673,0.0337361203032806,0.0223672974302556,0.00504420862383564,0.0635042572665975,0,0.0592196681884519,0.475394874762719,0.0297973928748491,0.00558857831838333,0.00106682351779465,0.0237008247253622,1.07608703430225,0.231379853674999,0.0128165528217448,0.00643271243558197,0.00977344435497577,0.0206478633450797,0.00575476857190643,0.0217677926720621,0.295506434788113,0.0281422291707996,0.010347859622255,0.0832038855405793,0.00918892403912462,0.0879704875539231,0.0412182286057797,0.00137519640728246,0.820898749409199,0.0217237274193932,0.170855886664984,0.328114936191135,0.391230318820834,0.145575268945562,0.0434633325729109,0.00408674096467382,0.326873462156141,0.00166230868137212,0.041713604832549,0.000700339764293295,0.000967123653334109,0.00242568469969489,0.000249169551444834,0.0788398893609573,0,0.0268596314628627,0.00118340688814328,0,0,0.00018758952500312,0.00142503940316969,0.000181452725930509,0.00821510977938247,0.000220293421883494,0.21267881636507,0.000730692143813378,0.672987368233885,0.000139203333047026,0.000182073779392874,0.000987606106088826,0.000552363156494218,0.00266176522621308,0.000297911820469982,2.59539372162133e-05,0.000271778693043626,0.0067915700257124,0.000482189136512184,0.0157341859065672,0.071394471384932,0.142867257126329,0.068203902724137,0.00248416048815382,0.000717206153794356,0.000734232859776803,0.0983501457731116,0.00100235057725113,0,0.00394226242342861,0.00513409604015423
0.0117489579724924,9.52623602318168e-05,0.000304329341232389,0.123417076166919,0.0100609187627956,0.486498866321203,0.0327364562990927,0.267830261400293,0.244339786426408,0.695768003124701,0.0592196681884519,0,0.10075883867301,0.203771791847236,0.197256889172299,0.000262232691476155,0.00265092423771089,0.0329383968488937,0.0196340407824242,0.91933383085051,0.000697136292115316,7.57194583983778e-05,0.0013011056224534,0.0559676657791853,0.000451153074216592,0.0211375977263533,0.0046051603236458,0.0816045777257536,0.166551150406168,0.00494009286094495,0.00119744168243286,0.0395933750807819,0.000164572957174176,0.123252888476078,0.326950952911859,0.230889336279687,0.00700499921623019,0.04962352405192,0.011912056550296,0.231021386823431,0.021658389751454,0.0139173785075007,0.00776711149149581,0.000438640234926331,0.00248168791441822,0.0030417896151742,0.0973613350143287,0.00175200191446386,0.00315619284639217,0.000229884754373902,0,0,0.0314796823617269,0.00187259523326044,0.0325614653692291,0.0184825962495779,0.00838341339709532,0.0230869719211561,0.0536410612959575,0.00541466692414607,0.0887717961310251,0.00122753450723185,0.00676553953796281,0.0296264815864919,0.000100434336231834,0,0.000529640659276479,5.36261461401999e-05,0.0445813435076108,0.000561012017923596,8.02626134451747e-05,0.000123183470624668,0.0533561925729253,0,0.000168680113515347,0.000167878122612405,0.0939357021226069,0.00416602006938758,0.00201174030304815,6.72590066508442e-05,0.00423944179438474,0.00028280914482379,0.00608548477725159,0.0359292365734334
0.0207412999607317,0.0907562659931029,0.00484470892663992,0.0149504883889822,0.000487673160992113,0.0529765391852932,0.132690343599526,0.0679852563824097,0.0544107078250153,0.181198136603725,0.475394874762719,0.10075883867301,0,0.0448262462090884,0.0142674197629513,0.0219680357430064,0.00571105259141028,0.00639462302647095,0.00448580484076623,0.0295512400178622,0.046212474239038,0.145267330875804,0.0525485533350631,0.10333420326324,0.598046964884982,0.0149137530045899,0.0367559878994915,0.139256048441214,0.0773296469936659,0.0851782840024269,0.118170910253036,0.0514794979447478,0.00590412427030519,0.268104904161958,0.0257691395288403,0.335482676421385,0.0922433266024437,0.261488733786584,0.223535713495411,0.518297557228988,0.0932479632911827,0.353282122731982,0.108776702848282,0.0676892666043972,0.0398729169512053,0.0164233073190074,0.303511813462993,0.0188170961511856,0.200752704247856,0.00521336829750429,0.0567727836138836,0.00103841301301054,0.00407060232698255,0.000818545741438899,0.0171955039693071,0.067763288600117,0.0272071989575125,0.0159556221748909,0.0423956913532952,0.43613846227653,0.0335360633973124,1.34038448883451,0.0246510222557548,0.00810668464047266,0.00942644142404877,0.000864068685809939,0.0101134899922716,0.00240186011868032,0.012320793955555,0.0106607556666634,0.0124150443862493,0.00924678348598109,0.0952604189597137,0.277362696338206,0.273933264445778,0.28789239735214,0.0722242895897891,0.024109723078047,0.0350552039663319,0.147398462500178,0.0527088934101284,0.00237328683632751,0.0289846870489115,0.00595886641741797
1.26201119489997,0.000164737326259488,0.0639167305113966,0.0150664865463372,0.00155094579289064,0.240110014707175,2.36699456171406,1.4085991676246,0.00849232563917872,0.469329473141467,0.0297973928748491,0.203771791847236,0.0448262462090884,0,0.0132252209505305,0.000609663467366788,0.0677742747846816,0.0184470038006051,0.0236160972708122,0.0432558939904526,0.0557186052132611,0.000363652113800204,0.133407160677055,0.0242476698268282,9.74092938951968e-05,0.0280683149553351,0.0443018029718773,0.127378950220623,0.989552396385512,0.837326549118525,0.000573135158092487,0.0602635224875535,0.020419711382222,0.105978785335568,0.0363373955584615,0.226700765611031,0.00889125876014909,0.0755757418942951,0.0352217919796946,0.0794261657566414,0.0102949105683533,0.0051157383085871,0.0389949814964326,0.000255234006279528,0.00603675048805433,0.00415256562658474,0.0201439235880564,0.00407515146184462,0.000888845750082156,0.00275608432872572,0.000244145539977717,0.00134773968202302,0.00113914778389776,0.000125308899602354,0.00174257687624786,0.0422751111569272,0.00333071473588567,0.0106541368038828,0.00431260948946815,0.00434510643054363,0.00256119266261795,0.00106889821439976,0.00387062439016764,0.00138032468229905,0.00227536699118364,0.00011801036216048,0,0,0.000971562852214573,0.00177254721695778,0.00157440239585107,0.00246329221698977,0.127318501380285,0,0.000397394247765279,0.00319760352822198,0.0688971055495808,0.0113613141785448,0.0195211809643793,0,0.00148217190711929,0.00162216548377575,0.0158715982758403,0.00176100023613592
0.00209821465031564,0.00118691345020068,0.000437164399530363,0.0298229896348882,0.359005587500774,0.206246451818437,0.0181744478367335,0.0563903313673435,0.120264166878145,0.0499006869771053,0.00558857831838333,0.197256889172299,0.0142674197629513,0.0132252209505305,0,0.00031183670911181,0.000721300630581333,0.00269465464094715,0.00179558758271236,0.0239950161098272,0.00508448707203235,0.00497623693321524,0.00349402473666083,0.16169093849802,0.00121321311457234,0.00171223972432635,0.00595029256353957,0.0701941314172815,0.0092154188432509,0.0139855579567622,4.37790263943196e-05,0.0120078975491625,0.000454256689344084,0.00862992443227676,0.209393366541595,0.03530870514065,0.00203720186506562,0.0058245818009373,0.00386514382172569,0.697329646196394,0.00339961336258539,0.00188077872269477,0.0038004254539516,0.00385412828611646,0.000690141103401813,0.00758156467098494,0.0184350161071954,0.000454443602555418,0.000386079608146054,9.83770957530109e-05,0.000105237767945635,0.000165314668627131,0.00255514052130886,0.000515219937375676,0.00511799705893151,0.00399651452093871,0.00181682141735515,0.00486407401339828,0.00567322753785954,0.00134096038749234,0.0122724755597798,0.000231329669453501,0.000890164348894826,0.00544451928837878,0.00114366806316832,0.000199369937024367,0.000812082198141507,0.000930631172395003,0.00516676243831476,0.00221851253752175,0.00153650821951852,0.00415443859694271,0.00917018695026072,0,0.00225973415243605,0.00515408703985961,0.0130309800226022,0.00136638511611266,0.00172359064324417,4.916054062199e-05,0.0011376480009291,8.4825133629286e-05,0.000957238033850948,0.0680374703315741
0.000347164960260481,0.0414002703182363,0.0146419543761323,0,0.000709567945858098,0.000196487459793246,0.00238559799992708,0.000135299081929081,0.0209667183977528,0.000259632792367167,0.00106682351779465,0.000262232691476155,0.0219680357430064,0.000609663467366788,0.00031183670911181,0,0.0174306130154812,0.00113118007337757,0.0091594005485538,0,0.642144208336039,0.577189247914911,0.705242116228621,0.260429992932512,0.0104143374753436,0.0216215665505319,0.439352855154333,0.130754783065161,0.00129216756000875,0.00784832444865026,0.0007140573230126,9.35100417976615e-05,0.000106050937887746,0.0445845523691049,0.0268462631318265,0.337772772783534,0.0748860134082587,0.115454240951489,0.147918908666677,0.000893260107552139,0.000951857575241668,0.0012139680940564,0.0597089606619836,0.00990150189881142,0.0105029533123574,0.0247939315555548,0.00776371226075239,0.000891926997020024,0.000423077246973225,0.000815251712572434,0.00368521561501694,0.0132508564084881,3.38311132927537e-05,0.000250751049792421,0.000501075951295242,0.00688816189483584,0.00337066441153337,0.00311046886131927,0.000193455735918003,0.00315730858649354,0.000132741996032509,0.00165815258235621,0.00340462438104841,0.000797671676507273,0.599917926554855,0.0144789438939299,0.000617428214018291,0.00285614225105648,9.90680121434061e-05,0.235574768102577,0.17992222947793,0.461315977497289,0.0939802947092385,0.000331591858997881,0.00715366541179653,0.104200695102858,0.100670879566124,0.00677762974566917,0.0641256487391839,0,0.000776603302968823,0.00105112461998529,0.00937069255875586,0.0164773906894673
0.0450124325402052,0.00346358711292257,1.88027411305485,0.000143253967292547,0.000424259359586269,0.00189062993346746,0.00750404216177989,0.0189276305753919,0.000740702386933979,0.00225673702534121,0.0237008247253622,0.00265092423771089,0.00571105259141028,0.0677742747846816,0.000721300630581333,0.0174306130154812,0,0.0341831182875878,0.758685450435121,0.000620149094679061,0.189653523261677,0.00756017421452515,1.2899005849795,0.0157741717988235,3.03915951365024e-05,0.528220885483874,0.987071609364544,0.0277304213012795,0.149333726620136,0.488217693795879,0,0.00284459500633003,0.0178519040570522,1.1288645128184,0.0236030382683196,0.237008411325436,0.155592897413054,0.281751307138205,0.241613540057376,0.00353548221959474,0.00109889195262835,0.000917316637451386,0.0358173622075093,0.0111413857296408,0.00409824257008307,0.0185073239040339,0.0006912542954588,0.000149019358562398,0,0.000145412057750264,0.00709619487133656,0.111320653268674,0,0,7.61341344214795e-05,0.00107692678880234,0.000687766961025204,0.000363110994107955,2.39503573387534e-05,0.000214729180517406,3.35559325883627e-05,3.72651935987294e-05,0.000797849493604606,0,0.0100407351188012,0.0466310378215448,0.000325245163758048,0.0084451603042661,0,0.00446055812944673,0.00416124841340505,0.0538644764301504,0.00304068640902449,0,0.0400202074474976,0.243774221012726,0.00430813992436986,0.000641515981728327,0.00565868115894774,0,0,0,0.00445916759893665,0.00637466477722493
0.00803691877271116,0,0.00443719119944828,0.00151625390571546,8.0622227442503e-05,0.0117928825043546,0.0206056925391429,0.0119978708307105,0.00114296709818067,0.0344805374335649,1.07608703430225,0.0329383968488937,0.00639462302647095,0.0184470038006051,0.00269465464094715,0.00113118007337757,0.0341831182875878,0,0.264531130940474,0.00775929141183603,0.00441862889834003,0,0.0129337066122739,0.00165096135802803,3.37189811395615e-05,0.193909763604892,0.0196955609116225,0.00498378753898114,0.051862914492618,0.00614569481325212,0.00206191838901664,0.0228460830811947,0.00088708698671352,0.368341126992499,0.0306416880324973,0.244285731416087,0.340565288739428,0.403920331153813,0.215231353561566,0.0255700783521053,0.0023342138133277,0.00565911730123364,0.000663778043281448,0.00274502676858447,0.000210582588133755,0.000236353033798236,0.000461786916821688,8.06572691195486e-05,0.00309705958159199,0,0.000680765381978171,0.00118566290439563,0,0,0,0,0,0.00174160423108345,3.66239195841491e-05,0.00666246190497716,0.000254253777649701,0.0117515566178018,3.92345730582416e-05,0,0.000404826921543628,0.000917365244431387,0.000303129531844425,0.000431099724269607,0,0.000134823531912303,0.000478084253188384,0.000178124994121426,0.000400959884007228,0.000857965674614755,0.0162264950341117,0.0104774313879774,3.30769912458449e-05,0,0,0.00419459250037001,3.84973267497301e-05,0,9.4857500246364e-05,0.0104080606632544
0.0133965998960337,0.000955956252257363,0.106308882584531,0.00078597149350573,3.70439505449712e-05,0.0051144403266891,0.010989900561794,0.010930067972057,0.00084421872440571,0.0160880825614626,0.231379853674999,0.0196340407824242,0.00448580484076623,0.0236160972708122,0.00179558758271236,0.0091594005485538,0.758685450435121,0.264531130940474,0,0.00405480688862491,0.0564127339232105,0.00135996922933427,0.154408132635658,0.00544546842480036,4.81265037660062e-05,0.304241730077142,0.247423927380509,0.0115669048201255,0.0720094002970382,0.0605874871154285,8.143113851043e-05,0.0102524913442671,0.00563296915045671,1.00233003587182,0.0331585522577732,0.371413410957755,0.206777463677465,0.282111344561865,0.250860274677528,0.0140673925942788,0.00107133564938995,0.000815352079231797,0.00561407962787093,0.00202191075344824,0.00113131970620978,0.00512351661447479,0.000396449885893536,0,0.000112913492802054,3.27788660084576e-05,0.00293633077404443,0.0150455218640494,0,0,0,0.000135599375026452,0,0.000533766618567396,0,0,8.19180718143789e-05,0.00043606671009897,0,0,0.0026704134486091,0.014038909872659,2.30505498430878e-05,0.00659314477614325,0,0.00102963078774703,0.000619237901873967,0.00604543751352625,0.000929425785621,0,0.0415805310467593,0.0727945304566222,0.000483359768769699,0,0.000483252583058223,0,0,0,0.00132154459869526,0.0123061542899072
0.00320262297343179,0,6.34675246971876e-05,2.71312812903817,0.00119561923008818,0.0539095714729346,0.0113571332482297,0.0511020197740717,0.1184031220777,1.29157302550436,0.0128165528217448,0.91933383085051,0.0295512400178622,0.0432558939904526,0.0239950161098272,0,0.000620149094679061,0.00775929141183603,0.00405480688862491,0,4.83851424044788e-05,0,0.000150048750293025,0.0732214832831475,0,0.00487338186988425,0.00104264213978738,0.334037947169044,0.0327958684069055,0.00125243515367892,0.000358125953564105,0.00992399635616813,0,0.0261701179003251,0.00613443784234852,0.0832346104381211,0.00216691373076175,0.0114471586937304,0.00340003378788642,0.0498814380002805,0.00684385682265626,0.00287339434066481,0.00552404300130885,6.02120724137843e-05,0.00127249385047459,0.000438940523979187,0.0514606037952369,0.000685413073579192,0.000730800174828469,0.00014714984626466,0,0,0.0599718987431468,0.0015836530689632,0.0253128748935649,0.0259241410707376,0.00757038150438914,0.0265736459319772,0.0885699216362413,0.00310877496590277,0.0600882792790512,0.000691766794141391,0.00457704369735844,0.0159017563487758,0.000124150623337841,0,0,0,0.0444468779395337,0.000166261115446302,0.000142981419567353,0.000181964799939042,0.0828016231043723,0,0,4.96431968514383e-05,0.163513899070377,0.00352447730892614,0.000677204127968111,0,0.00130924941295179,6.48682878299415e-05,0.00320664238200007,0.000699500507230109
0.0391160775949424,0.00757078029962452,0.186697876737889,3.4805214482516e-05,0.00469799237532268,0.00140419424640827,0.0651860703864665,0.0164029982667397,0.0255531938067768,0.000783068158711297,0.00643271243558197,0.000697136292115316,0.046212474239038,0.0557186052132611,0.00508448707203235,0.642144208336039,0.189653523261677,0.00441862889834003,0.0564127339232105,4.83851424044788e-05,0,0.0938482903659887,4.48450530920224,0.228830527596837,0.00183335449838375,0.0592653772270201,0.230304727514339,1.15994995858423,0.0699603906628524,2.28732875123046,0.000402569732381967,0.000992766767558422,0.0172948121710343,1.33283122109631,0.287687765131165,1.41672708211384,0.180692673071671,1.12386455988726,0.665007373482514,0.0153219284811275,0.00545836540200401,0.00301768295957961,0.0532307839841198,0.00471985488936066,0.00902739894344017,0.0151309131165175,0.00830886792992406,0.00142911542281295,0.000577936381501156,0.00195642152742461,0.00230298716944576,0.00983078051440611,2.92937681916028e-05,0.00055677923288303,0.000481215170813671,0.0148071476729119,0.0068719730080915,0.00736613865897412,0.000291511300825933,0.00521806563957015,5.67086610334873e-05,0.00238476523633255,0.00550843228605773,0.00149222542857152,0.198298997361297,0.0070060947276903,0.000101442896688497,0.00104906549880704,4.61319310232163e-05,0.224654548987385,0.136085803126002,0.128796339470381,0.158870924959178,0.000124322927761376,0.00247314931253164,0.0572909279640431,0.195678946553915,0.0192105231545134,0.146074494120775,0,0.000665669379781556,0.00259988487836239,0.0157924132162091,0.0491220896049358
0.000278082453735596,0.421881583475922,0.00956255842215816,0,0.000548915713111031,8.40473976821664e-05,0.00234212440923082,0.000144597551095981,0.436868277745451,3.24580712650866e-05,0.00977344435497577,7.57194583983778e-05,0.145267330875804,0.000363652113800204,0.00497623693321524,0.577189247914911,0.00756017421452515,0,0.00135996922933427,0,0.0938482903659887,0,0.145715932514312,1.13567963712615,0.199899115838466,0.0403887888380926,1.4896857037248,0.0699394639342921,0.000682060785497927,0.00261450742357868,0.0180727263477923,0.00011595502867043,0.000298351434971922,0.0115791052772634,0.00314322886168801,0.033556272438838,0.0123794950801168,0.0115850016137475,0.012384989090504,0.0071378248144078,0.000143337543148327,0.0211709769682417,0.0679068385106308,0.0103353608841658,0.0105084038057866,0.0291414185471202,0.0028372304806054,0.000430497198729974,0.00529477752485528,0.000858993379782674,0.0771764949578727,0.0270930579787071,0.000638508864681703,0.000266130625061834,0.000102662196593737,0.00423251682047207,0.00136313507134567,0.00514871125266503,0.000168690378494149,0.0117146823245453,0,0.0362039381059445,0.00237593829693463,0.000320991913472116,0.184099749658278,0.016482167397049,0.000698715446666517,0.00672243154714592,0,0.064707306357504,0.15357017139865,0.145204851642477,0.049282281424263,0.0111840077780599,0.0480687599053187,0.430773682951182,0.0361884564976756,0.00338858360646179,0.0246020949056836,0.00319659057339989,7.32307692931863e-05,0.000246104043736678,0.0060708890593026,0.00552788992547268
0.0936438726155269,0.0162912230824322,2.08156158124405,0.000142119399974346,0.00267653200085277,0.00194893324561098,0.0819610794850484,0.0364578728522593,0.012530183978027,0.00187857115568634,0.0206478633450797,0.0013011056224534,0.0525485533350631,0.133407160677055,0.00349402473666083,0.705242116228621,1.2899005849795,0.0129337066122739,0.154408132635658,0.000150048750293025,4.48450530920224,0.145715932514312,0,0.191970634750749,0.00385990828415185,0.300724576296716,3.10822051981099,0.599914363731572,0.155626362879956,1.64906822006055,0.00039235006832464,0.00199317784015931,0.0158146379448675,1.41054580755139,0.293622641704645,2.66401507170254,0.672772556973982,1.73388539432315,1.8099465637849,0.0127274474164256,0.00784349989647966,0.00741581207644087,0.140167430644873,0.0261304189846009,0.0280989861477862,0.0762719488074442,0.0119420133459256,0.0015736543547323,0.00032715583506161,0.00242836063972841,0.0062379189197394,0.0891590901027457,0,0.00020036356513204,0.000574942113878352,0.0121481578737097,0.00489773295573649,0.00358782564985842,0.000457269917652714,0.00524195031398702,0.000269357177264058,0.00166112165467349,0.00364468847971065,0.000701120349601153,0.71126406134523,0.0372159911791779,0.000956840656218052,0.0071102901806691,0,0.266379143816454,0.170953548910929,0.876721619219454,0.0834366913224777,0.000502553289228493,0.0192733065565941,0.39430100976492,0.0895719641994163,0.00748959049529559,0.0812518753695945,0.000131405532597548,0.000873656499572391,0.00126072712711401,0.0131825307439464,0.102343185291343
0.0104974717509871,0.206709187438917,0.0345649506657083,0.421133045967777,0.0126424622453865,0.0167971589511362,0.693837654323922,0.0135390337671524,2.19281571123367,0.0788892554155144,0.00575476857190643,0.0559676657791853,0.10333420326324,0.0242476698268282,0.16169093849802,0.260429992932512,0.0157741717988235,0.00165096135802803,0.00544546842480036,0.0732214832831475,0.228830527596837,1.13567963712615,0.191970634750749,0,0.0808974534393939,0.0382088606086579,0.669340041875048,1.28843570149083,0.0592450271593269,0.0670827670659863,0.00577280801026265,0.00351861130225926,0.0130312691123933,0.0611147577193107,0.0850971459112652,0.408873434770233,0.0560747608652163,0.0820730792835131,0.0652397828627771,0.139553578281519,0.0101307108309245,0.00567544468430149,0.243237431117254,0.00802829480931546,0.0376543099520159,0.0308990382583941,0.0970307773903679,0.0259667028356623,0.00606354590075015,0.0304957623092219,0.00513539219999828,0.0106224619852832,0.0918728296102813,0.00184328398467546,0.0287672213556833,0.265678113544266,0.0524295723651626,0.217851019476732,0.0992435454750736,0.0459292472270689,0.0295987051382856,0.0143612876775826,0.0757815402217155,0.011482475405878,0.154864378524608,0.00811176662601623,0.00117470092423037,0.0022790495442399,0.0502389611087883,0.0711249662613356,0.190881223173389,0.122504754042266,1.26330293093249,0.00151364908038733,0.00659981794260311,0.0675567231414674,0.678609782379443,0.157580789782059,0.189468909350993,0.000714884547643968,0.0171001247731512,0.0165549648329719,0.104391065590801,0.0337554382572847
7.7044457655871e-05,0.304641072209793,5.10545465019286e-05,3.04315731439769e-05,6.49580881941438e-05,0.000153411163817328,0.000144210786270165,0.000129064276171547,0.0633413741805476,0.000353700987331554,0.0217677926720621,0.000451153074216592,0.598046964884982,9.74092938951968e-05,0.00121321311457234,0.0104143374753436,3.03915951365024e-05,3.37189811395615e-05,4.81265037660062e-05,0,0.00183335449838375,0.199899115838466,0.00385990828415185,0.0808974534393939,0,0.00996137764756686,0.169712810621728,0.00235166627123729,0.000267952865069485,7.69703459649441e-05,0.116342029930497,0.000267245887910444,0,0.0124166768191952,0,0.000915191218584984,0.00122688072959947,0.00089714319979041,0.000365894477792519,0.00106606005089608,7.30027253876326e-05,0.0530987995419051,0.000558132758104074,0.00337971007829679,0.00034645114584901,0.000316652614109546,0.000139884607313913,0.000118498620043057,0.0162072252138794,0,0.0177065198437647,0.000500727878321165,0.000112175025050044,0,0,3.45605779546082e-05,0,0.000551448327670235,2.97375080987364e-05,0.0196977817911517,0,0.127910672579582,8.1286765506756e-05,0,0.000500871970231053,0.000322196806815302,0.000174152588882994,0.000659880166318977,0,0.000277358481524968,0.00309793024633559,0.000554345733205831,0.00103093846839174,0.0992793869246057,0.0328767938354515,0.116702375291386,0.000182145353150704,0.000138862728269702,0.000217020822879195,0.0101733650676154,0.000116012592228666,0,0.00224714015995443,0
0.0152892305094614,0.0190196969781544,1.74525700916929,0.000645731345020986,0.000156648013354474,0.0047832373255535,0.020827662042377,0.0120282916676897,0.0139270362812595,0.0206704414207596,0.295506434788113,0.0211375977263533,0.0149137530045899,0.0280683149553351,0.00171223972432635,0.0216215665505319,0.528220885483874,0.193909763604892,0.304241730077142,0.00487338186988425,0.0592653772270201,0.0403887888380926,0.300724576296716,0.0382088606086579,0.00996137764756686,0,2.31606218068644,0.0276614201319713,0.0593031509961219,0.062989246996874,0.0116295826735122,0.0107108099864316,0.00399243696640205,0.423781157269646,0.0903116464504918,1.06754356914131,1.54952333338645,0.474554031897827,0.512157741702567,0.0173167992965762,0.00324105447974612,0.00322208706587025,0.0745078297750943,0.0548121556372771,0.0150711386767934,0.0400425510019814,0.00155333340956861,0.000415252835637999,0.0165669831069586,0.000378079889334983,0.0679588245331801,0.0699871389468384,0,0.000113394818386102,2.67258611954302e-05,0.000546461946369696,6.98238741940738e-05,0.00550604052981876,0,0.088323514555204,0.000195629668740561,0.28509723168287,0.000772051379413731,0.000158530840195244,0.0112035871836625,0.0995227052318629,0.011817946977922,0.111284715551598,0,0.00758658648830275,0.0153411997978302,0.0284880494693934,0.00687896063558443,0.059908798343111,1.87425980647176,2.16423252461413,0.00262678392770786,0.00109343023971484,0.00543560118662626,0.107926788144571,0.000122831237867021,4.04914060617029e-05,0.0151541979135408,0.0322666490182337
