0,0,382.906958580017,0,3.82731357216835,19.0688476860523,11970.9078057408,469.256199866533,0.458593636751175,47.7416178882122,25.5018254816532,2.97933980822563,1.51860818266869,16793.9034371972,18.8213207125664,0.914469838142395,684.938995242119,36.7520597577095,72.8588889241219,0,399.496478289366,0,634.47280856967,4.94799113273621,0,383.280478894711,66.5618742108345,425.559200495481,16072.6350083351,10215.6741963327,0,2.92055824398994,14.4242558777332,350.069103032351,19.2234281599522,55.8539372384548,8.00692158937454,211.443657189608,58.9640839993954,4.10973477363586,12.6873199045658,1.26237243413925,1.32896530628204,0.409739553928375,0,2.2102444767952,0.54730099439621,0,0,0,0.94935068488121,0,0.733286678791046,0,0,4.03089737892151,0.579705595970154,3.39085829257965,1.11677277088165,0,0,0,1.92061042785645,0,0,0,0,0,0,0.488075137138367,0.634058833122253,0,5.40927037596703,0,1.55317467451096,11.4111369848251,6.44004815816879,0,0,0,0,0,0,4.22708588838577
0,0,39.4169544875622,0,2.52288979291916,5.42334207892418,23.2389762103558,23.7958741486073,3274.63537982106,15.0913357436657,944.108800083399,9.87698724865913,1492.31111055613,13.7984784841537,48.2783563733101,395.204200148582,9.85044646263123,19.3664280176163,27.97372174263,0.910218924283981,35.1409265995026,4402.69057154655,49.1149813830853,2845.49563491344,2684.79447376728,672.303795665503,33819.2435438037,279.474823445082,21.3865256309509,0.853437840938568,94.204826593399,0,0,196.729481816292,8.66086608171463,185.687523752451,186.564338684082,223.828582495451,73.7979459166527,33.3599342703819,1.15457129478455,201.963971614838,139.803170919418,45.3778997957706,91.6065031886101,65.2126066684723,0.681976616382599,1.01215744018555,1.5228077173233,0.396868377923965,6252.19473385811,21.9883078038692,0.395924627780914,0,1.03340467810631,8.71030488610268,2.79444655776024,22.2673025131226,5.85623386502266,28.8857262134552,0.644904494285583,58.1900683045387,5.92471426725388,2.42021173238754,105.918303132057,23.7666236162186,2.02248972654343,2.95523053407669,0,6.19640132784843,534.746996045113,34.0272531509399,93.7486209273338,200.459488153458,339.073916643858,7566.46870231628,29.1994262635708,1.90256345272064,2.1170300245285,39.9393474757671,0.491372495889664,0,73.153107970953,7.6379217505455
382.906958580017,39.4169544875622,0,4.35714420676231,16.8119893372059,97.8175552785397,2630.34508389235,918.359351605177,49.1520221233368,159.319149494171,398.472371548414,47.9684806764126,6.10820436477661,2397.70939385891,242.894946962595,22.4496856927872,20234.3022022247,591.839681535959,1184.32888314128,12.0644951462746,6736.36748191714,28.914443731308,51092.9724798203,219.878610908985,15.5828820466995,24442.9755631089,6455.91449993849,2904.87327951193,1263.87430730462,867.240908950567,5.78779762983322,17.5444807112217,139.126151800156,5500.75993010402,1423.88413873315,11913.6791566014,2168.62451475859,7462.58835706115,8207.68303573132,38.5894299447536,86.5532383024693,44.1822227239609,246.115943044424,65.3608955144882,98.125134408474,132.287402004004,14.4961622953415,8.08797931671143,0.607028067111969,0.288993418216705,900.279303699732,182.661570847034,0,0,1.6753962635994,27.321516752243,15.5851341485977,34.8652627170086,1.86063635349274,4.25125870108604,3.63169011473656,14.423078417778,9.914566218853,104.015589118004,139.258186966181,47.9979382753372,3.9879729449749,14.221682280302,0,32.8741972148418,187.574708670378,61.4732668995857,182.416887044907,32.84192943573,1221.29678380489,5938.41645291448,130.548534810543,1.75454926490784,5.45363277196884,29.2198245227337,0,0,73.2306541204453,1148.79693859816
0,0,4.35714420676231,0,209.485494464636,518.482877939939,177.918262451887,183.40005761385,1211.21798592806,7668.08179172873,16.0026135742664,5735.33505383134,0.820308715105057,99.0253050625324,614.712383121252,1.79861736297607,4.81846794486046,7.09022599458694,10.6652607619762,37578.6847923398,8.11595946550369,1.19533571600914,8.91571450233459,1540.16855165362,5.2336847782135,37.2766599953175,12.1695968210697,13200.9459776878,100.454939901829,9.22320446372032,0,7.53068318963051,4.38069397211075,167.014993965626,31.8799813389778,302.212646573782,6.22499173879623,74.2644944489002,10.8298034965992,258.855167150497,35.7130838036537,2.28134226799011,25.7950825989246,0.828802168369293,28.8530518114567,10.0761095583439,120.72429639101,4.6551921069622,0,1.22075414657593,0.58253401517868,0,1892.14159154892,8.27707451581955,130.891981124878,234.812157958746,178.137267619371,594.090447962284,1449.98690643907,0.584111273288727,636.787370949984,0.519463539123535,35.371999502182,50.3636941313744,3.69364976882935,0,1.21710860729218,0,518.322792440653,2.08853948116302,18.7445333600044,5.55155104398727,1390.64765286446,1.42350828647614,0.925209403038025,8.61783796548843,1043.34962555766,17.4051902890205,0.584518134593964,0.511534631252289,3.20503112673759,0,32.7994705140591,1.28850814700127
3.82731357216835,2.52288979291916,16.8119893372059,209.485494464636,0,6078.98967403173,681.641037374735,4421.30944103003,370.345083832741,1129.6754501462,44.9040679335594,2291.71297758818,4.39789259433746,298.284920752048,3330.51918396354,1.2464097738266,8.29292237758636,14.8082867562771,24.7116957604885,331.514826446772,38.6296501457691,2.58410942554474,22.4946686923504,222.337644785643,4.81020271778107,77.1013643741608,22.0523712038994,452.167102783918,83.5246342718601,55.648476600647,0.900783777236938,3626.95077732205,3.90661478042603,9706.41016152501,85.9560248851776,4039.22480970621,40.5017429888248,417.777112752199,67.1153444945812,10310.7754770815,5338.72248071432,23.786448597908,26.3942247033119,2.75583040714264,5.85249745845795,3.7636696100235,96.3239477276802,5.53195434808731,0,0,0,0.910247147083282,32.6262646913528,2.63223701715469,39.9107734560966,20.9902772307396,9.22846302390099,58.6366820931435,32.1625319123268,0,141.404252499342,0.424198687076569,0.472660928964615,11.1541470885277,0,0,0,0,33.8021492362022,4.57133030891418,2.1309826374054,0,106.202167242765,0,0,0,99.866172015667,0,0.975242733955383,0,0,0.93110728263855,93.5245309472084,41.2462533116341
19.0688476860523,5.42334207892418,97.8175552785397,518.482877939939,6078.98967403173,0,4390.54055398703,40794.9923899472,428.455238729715,22638.4047486931,416.283404022455,9286.79689833522,21.4961594939232,1906.97439593077,3061.63419547677,0.880549728870392,38.9967617094517,203.1051684618,189.667979359627,805.205791682005,116.879183858633,5.1871617436409,119.778471112251,173.617213666439,3.0615326166153,761.651005089283,187.394335865974,1837.15757888556,878.705958276987,241.52486500144,1.54756471514702,3710.3153423667,7.62176638841629,1913.0466953516,4421.40588381886,3888.00855669379,93.9374576807022,524.776198133826,128.848145395517,1883.02584505081,612.76805216074,66.6643377840519,209.394396573305,1.62663900852203,63.3162946403027,27.5285630226135,176.235840976238,17.2346774339676,1.67455410957336,0,1.16072648763657,8.69857066869736,91.4924678504467,5.92569094896317,72.9477451741695,112.973214536905,103.009202867746,206.14969971776,155.034030765295,1.71347993612289,340.02860185504,2.16482222080231,30.3417628407478,29.4428307414055,14.892092615366,0,0,0,58.1605240702629,17.8596892952919,15.4077371954918,16.3567307591438,704.460172027349,0.498351275920868,1.27800667285919,13.5531390607357,857.288881272078,12.6850951313972,0,0,7.38975882530212,0,85.91903424263,386.439695209265
11970.9078057408,23.2389762103558,2630.34508389235,177.918262451887,681.641037374735,4390.54055398703,0,18940.1959535778,1564.10314685106,17844.8613618612,714.177671760321,372.820406109095,43.5556254386902,36422.6223549843,1570.96878841519,16.6409317851067,719.641826212406,425.77238035202,420.342843323946,111.267105996609,4674.97502624989,34.9377365112305,4591.31179884076,491.643969655037,18.5400114357471,2854.53820541501,1050.5634368062,36354.7969154716,10307.6325175166,18729.5837344527,4.49284821748734,243.678126037121,503.22179248929,5431.31519380212,1947.6173363924,8698.92504277825,309.926165670156,4091.99389114976,1799.53436124325,767.578556001186,1196.9639518559,82.4122237563133,522.907271683216,22.8371368050575,503.450972169638,145.088671833277,296.784275382757,149.588925391436,16.7113834321499,11.6667288541794,31.1796614229679,32.3285695314407,637.133485376835,9.83281373977661,412.331669807434,2295.10898032784,2630.13880890608,674.44981700182,2363.27381923795,21.925000756979,299.128453880548,1.95895943045616,663.08778950572,82.3175258934498,81.2429646253586,0.59305465221405,0,0,323.2406488657,96.2027256190777,59.6957477927208,108.501142174006,4152.1459082365,1.76669234037399,17.6836477816105,444.260951608419,5351.13676011562,338.391389399767,5.12265133857727,0.489556521177292,87.8187869787216,4.9593323469162,631.501504570246,101.618821978569
469.256199866533,23.7958741486073,918.359351605177,183.40005761385,4421.30944103003,40794.9923899472,18940.1959535778,0,489.727479666471,17761.7650472969,1220.52920690179,3878.16773176193,63.8819612264633,30864.3388213217,2738.66013792157,8.76389235258102,807.512222498655,716.185862511396,1014.25109195709,430.562251240015,955.12600043416,14.5280729830265,1123.45475432277,341.577520400286,12.6506972014904,3440.20867133141,890.637196153402,4046.04953914881,4114.12830415368,4353.03425294161,4.50768512487411,388.687688827515,34.8930909335613,4179.17385432124,284.965112179518,6514.3206551075,230.965183764696,1493.87474694848,433.555317908525,3587.26510503888,467.629921644926,129.846728920937,546.978909879923,3.75994688272476,134.233976691961,62.0179019272327,196.934127479792,50.4330673217773,2.59325206279755,0.431594640016556,16.0340487957001,3.77602487802505,69.0280869305134,1.55775362253189,66.0296188592911,509.700368642807,432.552921712399,374.664255738258,278.95767980814,4.11133471131325,111.023588001728,4.10041093826294,133.363586932421,29.5022912621498,25.4570153653622,0,0,0,35.6316536962986,71.3284181058407,34.9645882546902,29.7388698458672,1938.69372333586,1.19231703877449,8.02362629771233,75.0617418289185,2505.7077229023,35.2250377237797,3.64483618736267,1.96663117408752,6.8875607252121,4.21756815910339,172.598096579313,18.9191270470619
0.458593636751175,3274.63537982106,49.1520221233368,1211.21798592806,370.345083832741,428.455238729715,1564.10314685106,489.727479666471,0,3068.81943190098,1728.42421269417,3908.20497256517,1451.69503569603,268.96762445569,3140.24875149131,180.734748005867,11.0770006775856,24.8907861113548,40.2856604456902,1401.35765385628,218.018605202436,5778.7936142385,119.272571146488,35862.0301442742,2855.80993843079,270.819686561823,5127.01736202836,12378.0358924866,265.46957141161,13.0408817231655,210.095779389143,22.1977545320988,9.19202947616577,440.081650555134,60.3676608800888,482.745054572821,43.5631820559502,219.53118121624,56.1123885512352,1863.91160863638,67.6936676800251,125.067984312773,350.868677616119,13.4639163315296,118.850885123014,55.8320927023888,166.293047368526,43.0820491909981,9.99894684553146,5.87762022018433,37.3756330311298,15.4192631244659,280.342439621687,12.7839589715004,119.764087826014,404.748962372541,506.99627661705,3876.0467838943,347.453720778227,55.4547147452831,331.839997649193,14.7026058733463,186.00091958046,63.0956454277039,306.633979558945,1.27784079313278,14.1836032867432,2.17553901672363,119.965198099613,155.10708090663,1275.59539148211,136.849939703941,4099.51405608654,26.1890937387943,99.1473323702812,191.978188157082,1986.79830938578,109.411480039358,12.338721036911,6.973822504282,66.9938376247883,0.884339451789856,121.23480001092,28.9637997746468
47.7416178882122,15.0913357436657,159.319149494171,7668.08179172873,1129.6754501462,22638.4047486931,17844.8613618612,17761.7650472969,3068.81943190098,0,831.97940339148,15651.3561273813,57.0510007441044,8270.91716973484,1713.78818625212,1.30693364143372,47.1356723606586,392.198543787003,365.721899181604,15158.5700118542,154.200159549713,1.50956889986992,164.097238093615,1432.11899623275,7.04081338644028,1751.49376238883,379.724574536085,7898.87631139159,3700.60779589415,261.985919207335,1.81491950154305,240.571800380945,14.58977201581,3990.85487399995,1056.29350951314,5280.96673330665,102.293513864279,1241.75711031258,278.52005636692,1092.31611895561,726.003628998995,87.1514451056719,86.5782096385956,3.47018456459045,100.669566303492,21.0623753070831,487.109855562449,35.1868107914925,1.35234233736992,0.421364367008209,12.5650210380554,0,1856.0034199059,15.3139073550701,458.114078402519,1039.51536265016,752.571030080318,1571.37053346634,4412.07698169351,2.17397707700729,1888.36858385801,2.41938516497612,136.778785616159,139.717944413424,4.2553673684597,0,0,0,1099.60662770271,5.80065622925758,13.0218386054039,8.45065334439278,3835.44222086668,3.32399305701256,0.38209080696106,6.47971847653389,3448.15974414349,43.8778633475304,1.20403158664703,0,4.15006387233734,0,158.860776811838,27.1724262535572
25.5018254816532,944.108800083399,398.472371548414,16.0026135742664,44.9040679335594,416.283404022455,714.177671760321,1220.52920690179,1728.42421269417,831.97940339148,0,380.67934024334,6322.6493922174,808.604513794184,52.6127661466599,22.0530292987823,753.839345246553,14761.7538831234,1913.65478315949,58.6641978919506,135.075442105532,787.888700425625,402.418488442898,542.110571503639,1683.59074687958,14231.184512645,1476.68547797203,563.690535098314,687.532916128635,75.4473246335983,847.384329855442,574.009033441544,17.915796816349,12566.1742644012,113.903374284506,1704.84863612056,8040.10911294818,6106.77767080069,1794.72098827362,66.5959425270557,85.5498157143593,2892.23262748122,37.9590438008308,165.065409809351,208.464698910713,42.4761856496334,13.8227373361588,12.251855134964,180.183101117611,0,83.1777365207672,7.88059774041176,0.351941645145416,0,7.77740696072578,11.5032438933849,14.5114356279373,69.2595151662827,0.630877137184143,3550.40115258098,8.37006491422653,5781.17717391253,7.55536681413651,7.21936619281769,10.4530689716339,1.55567896366119,25.826054006815,1.13691973686218,0.976229548454285,1.1984531879425,43.1819728016853,1.34185495972633,142.36394110322,1221.0656915307,1075.43804895878,1773.20411998034,113.83491936326,2.31080913543701,0,2641.08730074763,16.0438710451126,0,521.187939584255,113.333611637354
2.97933980822563,9.87698724865913,47.9684806764126,5735.33505383134,2291.71297758818,9286.79689833522,372.820406109095,3878.16773176193,3908.20497256517,15651.3561273813,380.67934024334,0,26.0880644619465,1413.10589671135,6431.99264189601,4.59360921382904,12.2029992640018,204.780347496271,217.558313906193,21510.4607152641,140.94499117136,2.39757072925568,62.0107987821102,553.576478809118,1.79943636059761,819.001317292452,221.962381899357,4095.8705457747,992.065551549196,51.7325149476528,1.64824438095093,93.4629849791527,9.44726270437241,1215.64319732785,7257.34716072679,1204.45081117749,43.6019608676434,231.99840939045,73.0613360702991,2631.62643769383,145.76717120409,41.0014308691025,60.2035976052284,2.00995737314224,16.7760433852673,15.4197692275047,961.86681458354,8.60252174735069,5.76018831133842,0,6.67931354045868,0,1230.43434804678,43.7307874262333,559.527635544538,120.009702324867,118.206468433142,973.006305187941,946.498803347349,4.39913046360016,3968.98152300715,1.05809912085533,16.7724481523037,241.997787952423,1.57308781147003,0,0.343209981918335,0,999.303137093782,5.42817634344101,6.88917285203934,1.4876252412796,756.095702707767,1.63560724258423,1.66733214259148,9.51032665371895,720.153401345015,8.08181765675545,0,0.38123607635498,3.6203884780407,0,74.1441571414471,2377.7618535459
1.51860818266869,1492.31111055613,6.10820436477661,0.820308715105057,4.39789259433746,21.4961594939232,43.5556254386902,63.8819612264633,1451.69503569603,57.0510007441044,6322.6493922174,26.0880644619465,0,34.4321916103363,12.9461545646191,18.4011125564575,0,45.4501123130322,6.3207072019577,2.38213184475899,3.63843077421188,937.590280383825,8.8247167468071,495.878644496202,16545.9130288661,1010.70220142603,2492.57169675827,71.7265703678131,16.3354096710682,3.97619408369064,3834.81115502119,20.2821470797062,1.10270738601685,2269.27023056149,4.71406838297844,104.992346167564,1894.22971189022,1515.91364175081,24.1527493000031,17.3602489233017,8.97821772098541,5073.23143437505,28.0809588134289,182.404891163111,244.25131085515,28.2043061852455,4.47423148155212,18.0230765342712,200.831848800182,0.63646137714386,104.525838941336,1.33193242549896,1.40404939651489,0,2.57052692770958,1.37359207868576,28.0254429578781,23.5408926308155,1.81749504804611,5340.20172950625,3.1231664121151,7633.54746827483,7.62057614326477,1.37006843090057,8.46176469326019,0.548873364925385,20.2883830964565,0.962380409240723,0.398370534181595,0,40.1650147140026,0,19.6428235471249,2948.27986645699,981.779299199581,1666.0836609602,10.0798626542091,3.97257256507874,0,2803.80503091216,36.4603137671947,0,849.225233733654,1.90797829627991
16793.9034371972,13.7984784841537,2397.70939385891,99.0253050625324,298.284920752048,1906.97439593077,36422.6223549843,30864.3388213217,268.96762445569,8270.91716973484,808.604513794184,1413.10589671135,34.4321916103363,0,260.435179710388,2.30134016275406,3984.56642779708,746.566484570503,1359.15121629834,255.499082803726,3036.5779055655,6.83710840344429,4096.07566049695,207.784242808819,13.0227510929108,4528.81000813842,1015.58600309491,4985.59553843737,34004.542573005,27985.3646436036,3.44028320908546,208.869138032198,139.408963799477,4741.17705440521,193.57166570425,2690.49210268259,141.564350455999,1980.95362561941,683.693161606789,345.958363175392,242.380446761847,45.0598754286766,242.251236021519,0.803232669830322,93.6303801238537,25.8065497875214,85.4454596340656,22.964610517025,3.56739521026611,0,14.4104115664959,5.72867351770401,31.009156703949,0.840049803256989,31.6273227930069,290.27786719799,217.596847981215,185.334820955992,127.188481092453,1.94826066493988,45.1854582726955,0,58.0853753387928,19.0873168110847,7.78542327880859,0,0,0,12.9748375415802,28.9867890775204,8.73776704072952,17.2569209635258,932.069176644087,0.735428988933563,19.3256359100342,126.211274951696,1298.27485743165,26.6717481911182,0,0.668598026037216,1.79238399863243,0,92.6945574581623,11.2638877034187
18.8213207125664,48.2783563733101,242.894946962595,614.712383121252,3330.51918396354,3061.63419547677,1570.96878841519,2738.66013792157,3140.24875149131,1713.78818625212,52.6127661466599,6431.99264189601,12.9461545646191,260.435179710388,0,63.4618349671364,60.5613515377045,44.6449976861477,35.5419827997684,1115.24798750877,1688.03877162933,36.4616855978966,1976.53034129739,1900.04686439037,28.9784636795521,259.783951461315,449.254839390516,2651.12219318748,290.610318303108,306.154920488596,0.504030168056488,63.43243470788,88.1207852363586,401.84700602293,5149.96974495053,1068.62870445848,114.557731986046,493.329445928335,1986.17735093832,11106.9583475888,143.091790527105,11.7571868896484,140.698658496141,166.814897894859,73.6668613553047,746.840629279613,498.129959136248,10.0550889372826,5.12655684351921,0.75670862197876,1.76537650823593,28.1745874881744,184.47457242012,10.9836923778057,205.374164789915,55.7630875408649,64.7373864650726,299.855536341667,183.347355127335,8.56085139513016,810.904420912266,1.13122999668121,23.210087865591,90.4401789903641,25.5630820989609,4.22081065177917,19.9060701131821,0,129.650827467442,34.4583939611912,7.85495752096176,100.449920237064,294.274455457926,2.70199757814407,83.7771651744843,235.075145244598,293.496986240149,9.68862169981003,6.84594321250916,4.79276686906815,3.2926142513752,0,58.0892818272114,2577.8987120986
0.914469838142395,395.204200148582,22.4496856927872,1.79861736297607,1.2464097738266,0.880549728870392,16.6409317851067,8.76389235258102,180.734748005867,1.30693364143372,22.0530292987823,4.59360921382904,18.4011125564575,2.30134016275406,63.4618349671364,0,24.0636153817177,3.41589891910553,4.10352629423141,0,10907.4455699325,9063.77285289764,17203.364592135,2204.89478585124,58.0211917757988,59.1967122554779,10993.9954411685,1508.79181045294,8.18755739927292,5.60725158452988,0,2.34576553106308,0.491913557052612,43.1092029213905,349.530854046345,2450.90979915857,754.857493013144,219.65167376399,419.710933953524,3.31179010868073,10.3581731319427,7.03541421890259,421.566868335009,93.5414997339249,48.1778854131699,72.5651786029339,3.44973468780518,3.91786408424377,0,6.32928413152695,33.6214691996574,50.6059800088406,1.86288803815842,0,0.902320802211761,44.7781821191311,16.3596498072147,38.0048441886902,7.88493055105209,0.535004436969757,0.703422427177429,1.55803632736206,24.3324825763702,24.1129640340805,8117.04322955012,5.1864318549633,0,0,0,780.291002064943,2501.38769161701,4037.25622722507,1224.95806291699,1.87850642204285,19.3070595562458,2422.25701949,361.980242282152,15.702643930912,75.3494679927826,0,4.09388673305511,0,29.3956016600132,110.224595755339
684.938995242119,9.85044646263123,20234.3022022247,4.81846794486046,8.29292237758636,38.9967617094517,719.641826212406,807.512222498655,11.0770006775856,47.1356723606586,753.839345246553,12.2029992640018,0,3984.56642779708,60.5613515377045,24.0636153817177,0,1668.5844706893,7941.43905094266,2.58612823486328,6199.68994599581,2.50657385587692,15056.5827679932,50.8705950975418,6.62437748908997,20194.6320229173,4820.04129478335,748.369324177504,5004.98387786746,1868.00681868196,0.569594085216522,25.3054670393467,588.039846807718,1876.7605253458,92.6324111223221,590.09623247385,267.819819718599,915.897684246302,483.73710206151,11.7977544367313,30.9634463787079,5.58023071289062,13.1809555888176,2.71172234416008,6.06893000006676,3.33677551150322,0.599685370922089,0,0,0,84.7313132584095,6.59191492199898,0,0,0,0,0,2.63734465837479,0,0.416298747062683,0.436395674943924,3.3397978246212,0,1.79766696691513,9.84220558404922,1.04822444915771,0,1.21589958667755,0,0.697179973125458,11.5163616538048,3.28797009587288,14.8569939136505,3.42315647006035,109.815120398998,559.995102643967,5.03028556704521,0,0,4.9024278819561,0,0,3.89389967918396,13.6834190487862
36.7520597577095,19.3664280176163,591.839681535959,7.09022599458694,14.8082867562771,203.1051684618,425.77238035202,716.185862511396,24.8907861113548,392.198543787003,14761.7538831234,204.780347496271,45.4501123130322,746.566484570503,44.6449976861477,3.41589891910553,1668.5844706893,0,2465.71026182175,40.6356882154942,275.584476411343,4.91590529680252,920.446226447821,40.1567532122135,7.36901491880417,5304.59109669924,946.72650334239,222.948476880789,588.754527568817,72.6940378248692,1.35105276107788,278.360261589289,36.5712432265282,5330.29762193561,144.584319889545,2552.36104756594,1972.91273459792,4500.73002481461,2689.2057556808,22.5647412836552,56.7997209429741,125.487875908613,14.9861201941967,2.42300030589104,3.22614714503288,7.79933136701584,0,0,0,0,20.7828640639782,1.06274697184563,0,0,0,0.305165857076645,0,17.8762013018131,0,8.98291200399399,2.96759867668152,16.0856754779816,0,17.5361121892929,1.99219471216202,0,0,0.906472146511078,0,0,2.46446990966797,0,3.51631620526314,3.9601469039917,116.16419044137,373.931067913771,0.348053753376007,0,0,31.4535186588764,0,0,3.80048722028732,199.506572127342
72.8588889241219,27.97372174263,1184.32888314128,10.6652607619762,24.7116957604885,189.667979359627,420.342843323946,1014.25109195709,40.2856604456902,365.721899181604,1913.65478315949,217.558313906193,6.3207072019577,1359.15121629834,35.5419827997684,4.10352629423141,7941.43905094266,2465.71026182175,0,30.363508105278,634.359318912029,3.09158352017403,1831.37260639668,29.7988607287407,4.93590742349625,5335.5677139163,2055.82353109121,280.142675429583,1209.23002141714,172.453675359488,2.94511163234711,324.023500800133,100.439272373915,10073.5718558133,83.9229480326176,1469.8242380321,564.765346795321,2438.60584226251,1062.46072223783,26.1422364413738,35.0978674888611,15.1221553683281,14.4141244292259,9.35416308045387,11.6244289577007,14.3752211928368,0,1.03975033760071,0.929469645023346,0,52.7857072949409,0.481461197137833,0,0,0,0,1.57806515693665,18.9712864458561,0.320440024137497,3.59518057107925,8.18339249491692,13.9517875909805,0,4.30041348934174,3.01364380121231,2.7338764667511,1.3473254442215,0,0.436634629964828,0,1.24420821666718,0,12.2062425017357,10.2766254842281,198.591391205788,751.620712220669,3.03505590558052,0,0,33.6444131433964,0,0,4.59861847758293,87.1511710882187
0,0.910218924283981,12.0644951462746,37578.6847923398,331.514826446772,805.205791682005,111.267105996609,430.562251240015,1401.35765385628,15158.5700118542,58.6641978919506,21510.4607152641,2.38213184475899,255.499082803726,1115.24798750877,0,2.58612823486328,40.6356882154942,30.363508105278,0,3.84233349561691,0.393743932247162,14.2864156365395,674.232435673475,1.30828067660332,136.274994730949,37.1594785153866,7079.98520857096,220.827485799789,5.54239451885223,0,19.5526111125946,2.46772056818008,243.071812540293,34.1729309856892,340.179783672094,6.87356975674629,65.8882182836533,13.0462934076786,607.760046839714,43.5722934603691,4.50013050436974,20.5540809333324,0,16.577427893877,9.4286333322525,264.076408416033,5.3968448638916,1.16922628879547,0,0.545266926288605,0,796.455220341682,22.208745598793,166.568887352943,155.5508030653,97.3799484968185,408.44188991189,860.76524913311,0.693886816501617,1198.458268255,0.644655823707581,15.9986315965652,63.889714717865,0,0,0,0,349.505839496851,0,3.73554641008377,0.685518980026245,737.124867469072,0,0,1.95201301574707,671.160675048828,5.827108502388,0,0,2.56581711769104,0,33.4325226843357,0
399.496478289366,35.1409265995026,6736.36748191714,8.11595946550369,38.6296501457691,116.879183858633,4674.97502624989,955.12600043416,218.018605202436,154.200159549713,135.075442105532,140.94499117136,3.63843077421188,3036.5779055655,1688.03877162933,10907.4455699325,6199.68994599581,275.584476411343,634.359318912029,3.84233349561691,0,1635.04914832115,54739.169295758,1247.15313944221,10.9861786961555,4425.22196114063,3366.71019148827,22246.4820589423,3710.40041673183,13072.731684655,1.92106291651726,31.0580541193485,1331.00962844491,16217.4663767815,5719.85682249069,19919.6332621574,1686.13365653157,15725.0962769687,8864.96733063459,216.061767578125,338.841391563416,33.1733345091343,1043.57168087363,46.8111298382282,55.7181231379509,57.6004658341408,48.7603709101677,35.5718414783478,1.93866312503815,34.7658237814903,23.3246626257896,34.9726576805115,4.84034192562103,7.04203695058823,9.65720838308334,88.896901011467,63.2753418385983,91.6426867842674,7.14594861865044,0.662819087505341,2.36085546016693,0,88.9125776290894,65.3932211399078,2461.36063495278,5.57882881164551,0,0,0.839091420173645,1626.98140281439,1530.92421656847,909.600584894419,2704.26458320022,2.29757308959961,38.0710840523243,956.515062123537,1761.94404646754,63.2192728817463,352.488045573235,1.65833234786987,13.4553532898426,0,57.683374017477,518.083387702703
0,4402.69057154655,28.914443731308,1.19533571600914,2.58410942554474,5.1871617436409,34.9377365112305,14.5280729830265,5778.7936142385,1.50956889986992,787.888700425625,2.39757072925568,937.590280383825,6.83710840344429,36.4616855978966,9063.77285289764,2.50657385587692,4.91590529680252,3.09158352017403,0.393743932247162,1635.04914832115,0,1821.40046131611,15934.7109510303,1863.85729596019,73.9276400208473,10277.072916925,1922.52506065369,5.25198322534561,0,96.7657643854618,2.14090812206268,0,70.7622304856777,11.7002654075623,157.33189791441,59.8331505060196,120.452136009932,31.581424176693,41.3530676960945,1.77772462368011,76.1679465174675,203.732240617275,37.1898095309734,36.7743408381939,35.4472990036011,15.1935396790504,9.89427214860916,0.453586518764496,2.82516586780548,222.206453084946,24.0002174973488,2.40758860111237,0,2.26719552278519,22.1886818408966,34.5870244204998,57.5173265039921,7.60152363777161,12.1678079664707,5.15867894887924,16.7107583582401,13.4303770959377,3.91217231750488,3538.99923887849,7.98903554677963,1.00406160950661,0,2.58619904518127,261.256611317396,5245.2866627574,1098.06255587935,1018.15354585648,13.7955557107925,28.3690358698368,5037.80746296048,319.873177856207,9.71478664875031,40.2581979036331,11.7372642457485,2.39703422784805,0,28.3126927018166,8.81217110157013
634.47280856967,49.1149813830853,51092.9724798203,8.91571450233459,22.4946686923504,119.778471112251,4591.31179884076,1123.45475432277,119.272571146488,164.097238093615,402.418488442898,62.0107987821102,8.8247167468071,4096.07566049695,1976.53034129739,17203.364592135,15056.5827679932,920.446226447821,1831.37260639668,14.2864156365395,54739.169295758,1821.40046131611,0,1355.47499644756,7.92692023515701,13758.2951185405,27758.2016719282,15187.5559569597,4283.69469937682,4803.30112466216,3.4431734085083,44.006028264761,1032.86803895235,15081.4409183264,9778.0168287456,43399.9047033489,10592.185159117,28801.615603596,27391.5425794423,169.773121595383,342.935354888439,78.3780541718006,930.155041784048,123.29003149271,94.6648206412792,226.265771716833,45.8175880908966,24.7560709118843,0,11.7960495352745,163.884009510279,277.917491972446,3.50447517633438,6.49953711032867,9.4736550450325,94.612073123455,57.1251995563507,40.4833971261978,11.7884852588177,3.31764537096024,5.92104333639145,1.6515879034996,65.7805456519127,265.358171761036,11189.1807157695,24.0579323768616,3.3525165617466,1.67417842149734,1.62842363119125,1096.42735302448,2320.91500717402,6289.75710719824,1861.8974994421,6.62178200483322,152.394269227982,8677.85582613945,808.681756198406,20.8343271613121,135.697836011648,6.27298733592033,0.491891026496887,0,48.7638309895992,2909.99510169029
4.94799113273621,2845.49563491344,219.878610908985,1540.16855165362,222.337644785643,173.617213666439,491.643969655037,341.577520400286,35862.0301442742,1432.11899623275,542.110571503639,553.576478809118,495.878644496202,207.784242808819,1900.04686439037,2204.89478585124,50.8705950975418,40.1567532122135,29.7988607287407,674.232435673475,1247.15313944221,15934.7109510303,1355.47499644756,0,1308.8663726449,275.996123284101,8510.07816231251,19006.3538634479,425.219240784645,12.2877508997917,64.295457392931,18.3974918723106,42.7860312759876,506.587195277214,278.571093082428,1760.55496954918,243.763668358326,416.853123307228,325.283707976341,1343.91991049051,82.0905930697918,44.7509956657887,1546.81180173159,67.3769154250622,514.790155261755,203.927048027515,552.219046056271,210.14724996686,31.3442054688931,20.5845829546452,78.84884339571,86.2311929762363,1179.60215398669,21.0085477232933,431.359629929066,1456.01413545012,1859.85514199734,3936.14534559846,2477.66182716191,62.8811202645302,985.165663123131,8.93826726078987,657.85779184103,228.967686474323,2268.88263964653,4.65558326244354,0,2.25617724657059,597.52658072114,1024.22728174925,2367.79200491309,1024.26510471106,11543.9809463024,10.6316004693508,40.9114597439766,1612.8772739172,8522.7124004066,394.934712409973,150.74584710598,1.88158464431763,203.356492459774,4.541264295578,552.104577571154,98.1381320655346
0,2684.79447376728,15.5828820466995,5.2336847782135,4.81020271778107,3.0615326166153,18.5400114357471,12.6506972014904,2855.80993843079,7.04081338644028,1683.59074687958,1.79943636059761,16545.9130288661,13.0227510929108,28.9784636795521,58.0211917757988,6.62437748908997,7.36901491880417,4.93590742349625,1.30828067660332,10.9861786961555,1863.85729596019,7.92692023515701,1308.8663726449,0,1738.57779446244,18172.5430210531,142.14570069313,7.77917969226837,0.706381618976593,2791.23461589217,5.01700323820114,0,204.798687666655,4.05662375688553,87.1974748969078,226.427990555763,193.996887564659,35.0806953012943,38.5989077985287,0,794.82394310832,18.7375966310501,29.1706201732159,83.4898051917553,10.7896470427513,7.71942222118378,5.11541384458542,100.917305618525,0,560.933316111565,2.14587795734406,3.7603645324707,0,2.24118393659592,8.765804708004,9.26504719257355,19.6171216964722,3.6675289273262,844.557975739241,3.14734971523285,1952.30179968476,0.487759172916412,0,2.98933953046799,0,4.24933248758316,0,0.475107759237289,0.367582112550735,19.2572705149651,3.24192029237747,20.3272205293179,2826.48701581359,446.955911189318,2247.04498374462,7.90779992938042,1.05437856912613,0,603.355883300304,8.01823630928993,0,257.71536514163,1.42970180511475
383.280478894711,672.303795665503,24442.9755631089,37.2766599953175,77.1013643741608,761.651005089283,2854.53820541501,3440.20867133141,270.819686561823,1751.49376238883,14231.184512645,819.001317292452,1010.70220142603,4528.81000813842,259.783951461315,59.1967122554779,20194.6320229173,5304.59109669924,5335.5677139163,136.274994730949,4425.22196114063,73.9276400208473,13758.2951185405,275.996123284101,1738.57779446244,0,38199.7328782082,1825.37604779005,2815.21431496739,811.026645451784,2196.80619454384,696.805359452963,166.701986163855,17178.2908689082,1779.88222774863,24754.2454925478,20970.868172884,17838.010011524,15963.8155968487,100.828401774168,277.699286788702,958.680151969194,449.994113177061,424.745359331369,412.527777522802,360.053732842207,35.0990579724312,18.3611630499363,30.1569646298885,1.50641864538193,3326.61536508799,118.561485558748,3.08007618784904,0.771293938159943,10.8857282400131,48.6753644943237,20.1584514975548,109.167770951986,9.19112727046013,1168.81065261364,19.0059504508972,3746.56298688054,14.7785293757915,137.802913159132,61.123149305582,86.1327339112759,36.9779399335384,27.3194600641727,1.50133115053177,17.9298425614834,120.337779462337,48.6054644882679,85.8306804895401,2403.84667932987,6222.5847787559,24910.1055865884,81.1636187136173,3.96072918176651,5.99142509698868,3908.59243112803,4.51600295305252,0,356.097175806761,1812.34869128466
66.5618742108345,33819.2435438037,6455.91449993849,12.1695968210697,22.0523712038994,187.394335865974,1050.5634368062,890.637196153402,5127.01736202836,379.724574536085,1476.68547797203,221.962381899357,2492.57169675827,1015.58600309491,449.254839390516,10993.9954411685,4820.04129478335,946.72650334239,2055.82353109121,37.1594785153866,3366.71019148827,10277.072916925,27758.2016719282,8510.07816231251,18172.5430210531,38199.7328782082,0,6208.43769013882,667.447139799595,201.584151506424,1988.65387389064,176.179678797722,47.8168465197086,8201.98113465309,2929.63621717691,32847.6502380669,15577.7159894109,14122.0200732946,13959.2808681428,97.8906444013119,186.090918749571,239.878038138151,2813.84189283848,942.170052886009,1668.25849384069,1413.66884034872,54.4577333927155,36.3166564106941,17.7625311613083,13.7499540150166,24860.3831221461,1798.89888337255,8.63228246569633,0.703921973705292,11.7929570674896,279.608717218041,106.098130017519,271.214519768953,16.0951872766018,1080.56763225794,26.1512021124363,3527.60747867823,170.257680028677,228.499707728624,8583.21278876066,591.06069457531,81.1269406676292,116.474110931158,4.61360877752304,456.786623030901,7781.1512286365,4785.62185004354,2573.86392977834,4925.03564411402,16782.3046084046,147043.110738128,763.894156336784,23.4584620296955,55.9703799188137,3837.42958244681,4.87185463309288,2.19384038448334,1194.89031887054,2393.85142582655
425.559200495481,279.474823445082,2904.87327951193,13200.9459776878,452.167102783918,1837.15757888556,36354.7969154716,4046.04953914881,12378.0358924866,7898.87631139159,563.690535098314,4095.8705457747,71.7265703678131,4985.59553843737,2651.12219318748,1508.79181045294,748.369324177504,222.948476880789,280.142675429583,7079.98520857096,22246.4820589423,1922.52506065369,15187.5559569597,19006.3538634479,142.14570069313,1825.37604779005,6208.43769013882,0,8241.54102447629,16567.6845598817,9.13716480135918,218.529800444841,1560.9173912704,6050.52484437823,3734.83039727807,15393.7906554043,941.369326651096,5744.77389773726,3452.63288146257,1167.41721916199,1166.65278446674,86.0112636685371,3866.91749757528,79.401981651783,1615.88579782844,604.453048795462,1412.36143627763,677.797756314278,61.4025914371014,55.7575466036797,59.4256285130978,210.085457056761,1825.24811440706,34.9005613029003,1062.7066411078,3861.91916450858,6047.84071198106,4407.13685113192,4590.70364840329,60.5755194723606,1297.00016000867,1.7484358549118,1888.4386126101,451.254899293184,1472.32506972551,3.37814953923225,0,0.85079550743103,1232.18806913495,1319.19284027815,1330.25531080365,922.312865555286,19269.9935129285,5.7396654188633,44.2197553217411,1880.02544283867,19045.1281541586,850.601256877184,168.882784545422,0.904854446649551,415.599501520395,17.4911054372787,1930.85735395551,300.075147897005
16072.6350083351,21.3865256309509,1263.87430730462,100.454939901829,83.5246342718601,878.705958276987,10307.6325175166,4114.12830415368,265.46957141161,3700.60779589415,687.532916128635,992.065551549196,16.3354096710682,34004.542573005,290.610318303108,8.18755739927292,5004.98387786746,588.754527568817,1209.23002141714,220.827485799789,3710.40041673183,5.25198322534561,4283.69469937682,425.219240784645,7.77917969226837,2815.21431496739,667.447139799595,8241.54102447629,0,25549.4593473375,3.95294779539108,1716.5354065001,5857.50964558125,7661.17524638772,378.031720042229,3219.270375669,99.4240211844444,1954.28359392285,543.072912424803,176.349362045527,319.708410680294,27.7269332408905,206.529597520828,0,48.8092796802521,22.5722292363644,76.2610835134983,8.17726075649261,0,0.495846420526505,8.86195862293243,2.60044458508492,15.6150047779083,0,10.9501973986626,173.398406624794,95.9979805350304,165.375872045755,34.8821893930435,0,30.205179899931,1.27729821205139,38.8591448962688,14.900283575058,17.0067505836487,0,0,0,8.05978488922119,34.5965219438076,17.3375115394592,12.6778529584408,899.58006927371,1.80518871545792,5.6954964697361,50.1325759589672,1103.41152974963,12.7130204439163,2.55163729190826,3.27558115124702,0,0,61.8114550411701,16.5702387094498
10215.6741963327,0.853437840938568,867.240908950567,9.22320446372032,55.648476600647,241.52486500144,18729.5837344527,4353.03425294161,13.0408817231655,261.985919207335,75.4473246335983,51.7325149476528,3.97619408369064,27985.3646436036,306.154920488596,5.60725158452988,1868.00681868196,72.6940378248692,172.453675359488,5.54239451885223,13072.731684655,0,4803.30112466216,12.2877508997917,0.706381618976593,811.026645451784,201.584151506424,16567.6845598817,25549.4593473375,0,0.548642933368683,14.624994456768,1804.0015347302,5134.9676977694,585.707526504993,1011.05556067824,42.2001110911369,2780.56299039721,1062.68302994967,75.7582928836346,173.617718577385,4.88975948095322,12.1886220574379,0,4.67989104986191,3.26029497385025,3.72912657260895,0.461294770240784,0,0,0.575712978839874,1.31801235675812,0,0,1.34535944461823,5.19478151202202,12.6141699850559,8.59415721893311,1.91947281360626,1.24071907997131,0,0,2.18137210607529,4.54157644510269,0.576047360897064,0.665033280849457,0,0,0,4.95363229513168,3.1171732544899,4.93268585205078,26.1572279930115,0,3.23808309435844,25.4716899991035,24.2538939118385,1.12746700644493,0,0.350319623947144,0.448951572179794,0,3.05202317237854,35.9037798345089
0,94.204826593399,5.78779762983322,0,0.900783777236938,1.54756471514702,4.49284821748734,4.50768512487411,210.095779389143,1.81491950154305,847.384329855442,1.64824438095093,3834.81115502119,3.44028320908546,0.504030168056488,0,0.569594085216522,1.35105276107788,2.94511163234711,0,1.92106291651726,96.7657643854618,3.4431734085083,64.295457392931,2791.23461589217,2196.80619454384,1988.65387389064,9.13716480135918,3.95294779539108,0.548642933368683,0,0.568074405193329,0,73.1597295403481,2.59268832206726,50.8717406690121,948.255179852247,117.247831255198,37.4016280174255,0.594493210315704,0.630016088485718,85.1798063516617,4.07877498865128,73.9494140744209,29.3001140356064,9.88679772615433,0,0.873509228229523,8.80659115314484,0,39.464694082737,3.38615274429321,0,0,1.51278233528137,0.36590364575386,2.367052257061,1.00294065475464,0,914.112526744604,0,1933.92393109202,0,0,0,1.58600211143494,9.02080273628235,0,0,0,11.5372806787491,1.43874970078468,1.89678162336349,1287.02255988121,716.606920868158,1529.90444999933,1.63808393478394,0,0,1443.73183262348,0.537418782711029,0,51.2401564717293,3.30637204647064
