0,0,0.00672714388991475,0,6.28742853286743e-05,0.00337927418641949,0.152601045367624,0.0540117303839285,0.00133941924373755,0.00149470194871574,0.00263519067021532,0.000370965508489179,4.66935053815842e-05,0.796428220646822,0.00029134403037529,0,0.0405022888979412,0.00192332542475753,0.00435074921991849,0.000131535388851214,0.00616809255032329,0.000114168481102753,0.0134173153740921,0.00526324424334855,7.8108348243141e-05,0.00290335507803368,0.00581631584992719,0.00710207383624777,0.73423354318641,0.326018373122601,0,0.000980498396852587,0.00428946093487787,0.0285450309488361,0.000954879868973493,0.00638487146017313,0.00212159525291591,0.0168519989222849,0.00612623550839381,0.00135288258607679,0.000838985314255858,0.0003252151233284,0.000864378390267846,0,0.000299387732827378,0,0.000291057684548664,6.58509473814011e-05,0,0,0,0.00010317783173089,0,0,0,0.00124266483360514,6.86707165456295e-05,0.000220349091055012,2.75820621062279e-05,0,0,0,0,3.33433862012386e-05,0.0004953305873281,0.000178305352851963,0,0,2.78123441622734e-05,0.00016950342051301,8.4517483761406e-05,0.00024821269032383,0.0034245561573349,0,4.37233955102921e-05,0.000903063608125446,0.00212760720656075,0.000258389523891163,0.000445926549528551,0,0,0,3.02946243228436e-05,0.000196163702190399
0,0,0.000761020061436365,0.000261432086596584,0.000763422641326907,0.00010441561715455,0.000292727690087986,7.3300312734604e-05,0.0855216544902225,0.000285998263966084,0.036946371010393,0.000663990545783329,0.198267472679288,0.000289321451178074,0.00528582016116743,0.0343029407955194,0.002983782711238,0.00216179954797583,0.00537750465086803,0.000165725332391739,0.00135838790800538,0.207193010567088,0.00979402167176039,0.29353621194947,0.314682890795649,0.0160726728085294,0.974930420291721,0.00963235597972001,0.000350238840560675,0,0.00439311084869814,0,0,0.0159325538984096,0.000613089220443964,0.0110735228736961,0.00437385564057455,0.00484202142394981,0.00310151661223669,0.00766474454575993,5.97027626054764e-05,0.00903050431869395,0.0286939485797789,0.0134872917677679,0.00914393939673659,0.00931144673521185,0.000284516063232994,0,0.00891346629208142,0.000101169766777897,0.108922037963469,0.0113564299136013,0,0,6.37481276390075e-05,0.00141582791651072,0.000165606248000908,0.000732187910270116,0,0.0122444927758802,3.25617329114914e-05,0.0384830116299398,0.000129888337471819,0,0.00259152890266385,0.0219278540139489,0.00275880270236478,0.0124415679416118,0,0.000966564957020327,0.0026412195682663,0.00773405274607887,0.00314931075925484,0.00678896330201483,0.0546720363543929,0.258848809837106,0.00160563391048865,0.00031035419681468,0.000752056022876647,0.00124733463401385,0,7.13099821517945e-05,0.00542203692221689,0.00182651013142805
0.00672714388991475,0.000761020061436365,0,0.000316810435285091,0.000419755081250095,0.00887715941276505,0.274929643680351,0.140079282679377,0.00210179313567166,0.0102368267332101,0.0142076631352368,0.000891403336142922,5.02306243309021e-05,0.116267385505613,0.00221568362906885,0.00768369185732088,2.40880055325612,0.0216415301836247,0.142179592318516,0.000477423690716314,0.47124776337782,0.00185643540342865,3.9979786256749,0.0194949114653178,0.000120443296901607,1.53572021107032,0.843227447163406,0.214798184091279,0.0417995604446364,0.170194764352045,0.00106719524722767,0.000910420965267279,0.00270379061502199,0.119349472532157,0.0269913522639896,0.622486220807345,0.211499485345289,0.293292540510663,0.231506200107269,0.0083226873183021,0.00941497946098554,0.000244672633224821,0.109083006653218,0.0124017311864771,0.0444187506748734,0.0354436986106333,0.00177492096049247,0.00100407023333459,0.000221660622959661,0.000262609789549684,0.0195267406303356,0.123482913932231,2.52036568377971e-05,0.000454502354118347,0,0.0124767050003957,0.000430265546557903,0.00145170213014588,0,0.000376589150674439,0,0,0.00094912709887619,0.000461053756351376,0.0175038194690879,0.0792923818002916,0.00172547999886889,0.0108044300773027,0,0.0113224809586052,0.00439619109290428,0.133855475569941,0.0217856124940879,0.000227257828255177,0.0277665742368028,0.417762652279522,0.0196377332148543,0.00144002821783032,0.0117866446872106,3.80108619200706e-05,0,0.000108101201991606,0.0147879100047201,0.012585516793352
0,0.000261432086596584,0.000316810435285091,0,0.00510975736129117,0.0290464575316527,0.0075649293391741,0.0239112045948988,0.0995000434817548,0.481734123959197,0.00199922385393519,0.730930226551631,0.000169761045657349,0.00862680416556961,0.0259031895475558,0,0.000383943694511032,0.00108291162947688,0.000594034626598263,0.978352466089658,0.000114929074424314,0.00027385112443614,0.000315818438459873,0.213346153286578,3.18625350797653e-05,0.000715825059751796,0.000335194031078625,1.11318205528497,0.00587700544122791,0.000426154773792028,3.41847000733853e-05,0.00192229388022222,8.01076181194779e-05,0.0146819050982719,0.00155040218300343,0.0190781631831416,0.00117848927298961,0.00392954437596888,0.00208839178506217,0.0277560873821646,0.00207333835055022,0.000962927086442759,0.00567396740294237,0,0.00160139101569628,0.000223076038366413,0.0230724722069003,0.000615026356526184,0.00044320662579403,0,0,0,0.0832181425433239,0.00214985938763852,0.0106865324880026,0.0111115495198298,0.0107390157174404,0.0311789086213007,0.148749924281563,0.000141811084160042,0.0275286414391445,2.85834932978153e-05,0.00138470299906769,0.0108386834246067,0,2.57743897245884e-05,7.32388053152562e-05,3.83697079356193e-05,0.0367977341912234,0.000203200762271118,0,4.97509159672737e-05,0.045359154323371,0,3.08012797164917e-05,0,0.107732528635934,0.000840721145110704,0.000325968486433983,0,0,0,0.00172164148387857,4.06781335816383e-05
6.28742853286743e-05,0.000763422641326907,0.000419755081250095,0.00510975736129117,0,0.100475687411723,0.00528621871202488,0.00609865801172018,0.0624432759459343,0.0128583411754593,0.000198281597977066,0.0704213438512843,0.000349704641897106,0.000936632607630588,0.245217352181969,0.000672335274048042,0.000836780860364053,0,0.00021098988965807,0.00443229166675758,0.00975418701315152,0.00280628812411137,0.00951938317486697,0.0292223301288481,0.000573912627723599,0.000523773841557312,0.00358790768648315,0.0162403958308694,0.000789467913385535,0.00526107243412943,0.000112090905770302,0.082491024633128,0.000227073727885294,0.0881375241334559,0.137799301320783,0.0272466392481769,0.00182167929243393,0.00135727160269461,0.00334137225774451,0.824861654329174,0.600692776915259,0.000363396363490677,0.0087848246771743,0.00962648537367641,0.00314497281908684,0.0267016214521462,0.0349128770326418,7.69669857891082e-05,0.00032289393771801,0,0.000492831423031139,0.000716633909760475,0.00747634744514226,0.00210704398154969,0.0111475464835473,0.00368021001848016,0.00355849225340982,0.00486253881167321,0.0110746151701265,0.000353897228678799,0.0126201823512189,0,0.00108749565528702,0.0109346724284486,0.000229580051366043,0.000717403153941822,0.00136334535865002,0.00245290655038948,0.00995478773250049,0.000881283444562341,0,0.0022193751332551,0.00608429351411719,9.84727606109617e-05,0.00428078174831628,0.00462776179772673,0.0167243221892787,0.000371111432285499,0.00170355437214246,0,0.000182893345702315,0.000145305936803627,0.00120925933513469,0.243197358612446
0.00337927418641949,0.00010441561715455,0.00887715941276505,0.0290464575316527,0.100475687411723,0,0.674897683691732,0.999570697736145,0.0368307920818318,1.8081901505316,0.0183677899365542,0.827216355070835,0.00145713200943088,0.0663952013446117,0.472166265987492,8.80086039862634e-05,0.00864560335994623,0.00646336999469519,0.00768963861417745,0.0233794371371936,0.00287206108891025,8.52850210176947e-05,0.00863957861404964,0.016018923012716,6.21012398488998e-05,0.00866047383490836,0.00343173710710831,0.243274126606935,0.0324584457095598,0.0268126643016257,0.00125743980255861,0.0161464483438372,0.000688105270533514,0.0963180326726935,0.171417200195077,0.206019815004675,0.00809344665658893,0.0212455034206193,0.0219936141520561,0.770575324664576,0.192564901889729,0.011335027014916,0.0127138395598241,7.39977821163654e-05,0.0118139669243271,0.00357202119720555,0.0392495337049266,0.00393645212087088,0.00502550774207196,9.17639058418754e-05,6.23336141258239e-05,5.06809963999271e-05,0.0148913129030223,0.00412027903188815,0.0131613332150781,0.016028732556047,0.0102035332288264,0.0153863999855445,0.018432080920174,0.000203393926778984,0.0228730174563353,5.6223868527317e-05,0.0025807031254632,0.0159432116823276,0.00043068691596837,0,0,7.75113764957429e-05,0.0139096992146821,6.31065799634457e-05,0,0.000593419214463759,0.0444907780692325,8.49380804277423e-05,6.04057918704986e-05,0.000416054659295225,0.0589031454233183,0.0018973991079403,0.00076156772392874,0,0.00169630318014278,0.000268981125180245,0.00368985386093116,0.0159147011842916
0.152601045367624,0.000292727690087986,0.274929643680351,0.0075649293391741,0.00528621871202488,0.674897683691732,0,2.63747265861428,0.0375522952439339,2.33786648044034,0.0845365876946419,0.0418900666803463,0.0101506899415209,2.13635042601587,0.0593276317284494,0.00157450359244666,0.126896190715866,0.0446130048509787,0.0473420639752282,0.00978219454731535,0.145425336822767,0.000653314015824509,0.315956729810751,0.108302939895424,0.000365678412516689,0.113845741345785,0.0867376706935817,3.94909813460332,0.794995350353573,1.84176666071363,0.00553925215046683,0.0509427466332467,0.0444115606932494,0.524967732742282,0.12775696282766,0.858754914820972,0.0548856637919696,0.283944781032751,0.125978474264646,0.222902512158341,0.0923999379539583,0.016368829866039,0.140947347476734,0.000752039569238375,0.0378550091796127,0.0124195842299261,0.0812627157711104,0.0189569637744039,0.00702460189338012,0.000459485834832001,0.00120845837615662,0.00290202748209157,0.0122618033271193,0.00176139551664648,0.00829377518488958,0.177483214472603,0.0447596362678262,0.0348686058282698,0.035627591706432,0.00143653260105257,0.0069134395010293,0.000602529271529388,0.0161693393948922,0.0104932893625694,0.0119928205380638,0.00138498616566567,0,3.30317098650455e-05,0.0201747244078182,0.0165216841181894,0.00250218301007023,0.0158713114011493,0.323510605286208,7.9713073047066e-05,0.000343684950048494,0.00954207232014971,0.302261668651667,0.0299008822026155,0.0306587032131261,0,0.000951440395608472,0.00146317683375993,0.0260753421609617,0.018204215316821
0.0540117303839285,7.3300312734604e-05,0.140079282679377,0.0239112045948988,0.00609865801172018,0.999570697736145,2.63747265861428,0,0.0232885560581579,1.51671657490001,0.0166703226787239,0.411938620870032,0.00114638181676512,1.27620564547293,0.0277116766641133,0.000431688560256529,0.20350566763812,0.0102146949495424,0.0277916215582472,0.0334305928604061,0.0250302587911685,0.000218662599590063,0.175753737983152,0.0327637610205524,0,0.0477845938773451,0.0360785596623492,0.344988738682417,0.218091991369071,0.784031595454371,0.00122088391882281,0.0498243559486669,0.00464796437508759,0.168353699574145,0.0151538661595585,0.287422177033406,0.0192737241642821,0.0932955931995237,0.0582650810953377,0.306765094827389,0.0746928233488005,0.0140906285569142,0.0273361781524515,0.000274154307044363,0.0170341580017783,0.00703758320266585,0.0261505410177742,0.00592618578789768,0.00537068552830968,9.19146641321184e-05,0.000319802065757561,0.000426870595308781,0.00453600311597958,0.000501385474550772,0.0035054044001205,0.054516340022513,0.0152845474767257,0.0175389262918362,0.00662014159034729,0.000113853864464378,0.00270669006723633,0.000182429529176903,0.00295404381909485,0.00414400064942966,0.000704193232932759,4.33639295774459e-05,0,7.39034922649386e-05,0.00461166707435445,0.000698018952436853,0.000336248665380764,0.00177571325784831,0.132285406168433,0,0.000455027574743557,0.00272115468578782,0.0988336321696874,0.0040845965513546,0.00165426676471281,0,0.00278243269053326,0.00025642668922348,0.00676215480844359,0.00209977531132622
0.00133941924373755,0.0855216544902225,0.00210179313567166,0.0995000434817548,0.0624432759459343,0.0368307920818318,0.0375522952439339,0.0232885560581579,0,0.218054499924662,0.00689335793884335,0.280573895375627,0.0473487600033058,0.0128316762379448,0.278021244889769,0.00691488897314257,0.00323816164788652,0.00240099048285656,0.00261767610806808,0.101053678778847,0.0012975877690916,0.464118866701652,0.00455483588275237,2.12080904523584,0.11285413605,0.00680857142173734,0.240619823679803,0.588577513291667,0.0294453880992083,0.00262293842026362,0.00350073413477382,0.00307147508421793,0.00413427496713295,0.0225990360524046,0.00643605502438702,0.0474352227337341,0.00290867227228246,0.0133802196629298,0.00590808617449608,0.165353616374346,0.00413502699569435,0.00317315038709436,0.03616301476478,0.00296199682204985,0.00940159003086908,0.00381230687159357,0.043747311764645,0.00441257781023855,0.00161551854775986,0.000581943759630489,0.00131304658431373,0.0011017840042295,0.0477362496032328,0.0058685404748374,0.0196604951788945,0.0465506534627393,0.0201970554453897,0.299519316642962,0.0389678524287849,0.0040283509577395,0.0606050257044943,0.00691378345180979,0.00755276146470208,0.0329867951456215,0.0672319441704666,0.00115874216479554,0.00149833004483342,0.00144552187110729,0.0386669551973385,0.0353755951980569,0.0211972526184121,0.0138308046735465,0.378549288379004,0.00117896287043238,0.00331297524547119,0.0090007898960641,0.24491968578943,0.0145491355444863,0.0084653126186299,0.000537258030768156,0.00203327443231831,0.000800259351903388,0.00755123702995063,0.00469885677189588
0.00149470194871574,0.000285998263966084,0.0102368267332101,0.481734123959197,0.0128583411754593,1.8081901505316,2.33786648044034,1.51671657490001,0.218054499924662,0,0.0652020763214567,0.622408120507264,0.00618707414029727,0.249483262986081,0.068522217453572,2.50996915410519e-05,0.0194944595434556,0.0314072468513231,0.0269053093940759,0.434090069868462,0.00225981933415661,0.000357040562384891,0.0109246662142024,0.166765875678818,0.000185823774409103,0.0324617165589625,0.013793325250797,1.45765840002946,0.157451775536136,0.025180874788867,0.00396727373731871,0.0458825726875606,0.000871751609113029,0.307786800465846,0.0310944119822584,0.489841667401674,0.0329365993335213,0.113873439698349,0.0511752364903069,0.184753881096684,0.052673918493186,0.0180003032661784,0.0350144966204511,0.000568313982411861,0.0150010664902651,0.00452271101718378,0.0955163653680687,0.00771966921400136,0.00502368493122382,0.000148993971175003,4.27493676767349e-05,3.05626675217628e-05,0.107648129806065,0.00746381485050771,0.0323487982788493,0.106571154164534,0.0660800973156348,0.104312920725193,0.170978257928711,0.000151394191935825,0.0722538231921985,5.08306138701439e-05,0.00414907842429972,0.0328248460329892,0.000459086644684839,3.11857253029346e-05,0,0,0.126057423463977,0.000858059678727867,9.98487918969151e-05,0.000631410066831065,0.306401145540719,0.000155374857406426,0,0.000312826646550608,0.530625672911043,0.00563083953270578,0.00214216444247847,0,0.000122776396547556,9.29583982217788e-05,0.0101601048041727,0.00183147292885938
0.00263519067021532,0.036946371010393,0.0142076631352368,0.00199922385393519,0.000198281597977066,0.0183677899365542,0.0845365876946419,0.0166703226787239,0.00689335793884335,0.0652020763214567,0,0.0239022618530813,0.557136001306002,0.0501151378453554,0.00108589024383859,0.000963516515863036,0.154592330173201,1.46332005173132,0.130313924074188,0.00329358699836011,0.0112669406586752,0.00618962920477553,0.0423212656523073,0.0109992068070973,0.038354932357511,0.472922901920617,0.0975918974983097,0.0225841169376121,0.0541789041272557,0.0216847951115487,0.0866380999948624,0.025014264225337,0.00201969570356712,1.07033470855363,0.0190121741341148,0.224556367063346,0.587949619742298,0.515585838622618,0.152791335988407,0.00868823180500515,0.00140797690932355,0.425725647877322,0.00309985369915395,0.211481510128625,0.00336566899925365,0.00135637243848467,0.000758201758118246,0.000178510041794586,0.0646491055633684,0,0.00437535758395157,0.00112161031762075,0,8.63473074239731e-05,7.76838082139968e-05,0.00106775124201121,0,0.00192727341326809,0,0.204740109146084,9.6633681238747e-05,0.552629359302842,0,0.000286034378453636,0,0.00106096968256659,0.0171434203669851,0.000687934321881294,0,0.00014863388747735,0.00111322519571714,0.00100704884339132,0.00351258005691948,0.0299259023036635,0.199453301062756,0.0956069107123806,0.00155410937454128,0,2.98240080795765e-05,0.127676246511025,0.00011759162136898,0,0.000669987173694992,0.00849677423941752
0.000370965508489179,0.000663990545783329,0.000891403336142922,0.730930226551631,0.0704213438512843,0.827216355070835,0.0418900666803463,0.411938620870032,0.280573895375627,0.622408120507264,0.0239022618530813,0,0.00237899030677014,0.0733737440371551,0.263633506658335,0,0.0042342935345747,0.0138408206536426,0.0093155362499804,0.623574240630689,0.000291509010171032,0.00131177341840181,0.000637691673737812,0.135118444178102,0.000370215503268957,0.0117895723757968,0.0046072774916316,0.800838101816815,0.0410970863650612,0.0041701434702105,0.00118645815702038,0.0158906989874458,0.000237023977375459,0.0893641627876,0.191228782926398,0.0875027929070595,0.0115118090049568,0.0261703165453019,0.0146468038203395,0.193971952883689,0.0104564407680922,0.00800990940198653,0.0103295984739032,0.000357868029284906,0.00636699672392364,0.00314128970961399,0.0796175253382398,0.00276331051924467,0.00281007417644792,0,5.80457107546806e-05,0,0.0857113748516665,0.0120279373526735,0.0519742391299367,0.0175138775777304,0.0206033912630034,0.0665582099195826,0.075448295044953,0.00113584759226589,0.0929725941384695,0,0.00495951374662171,0.0527494661589503,0.000265451169719696,0.000183999672066593,0.000711953902241278,0.000624384518270159,0.0743130770518876,9.12840360414505e-05,0,0.000318349263741302,0.0676072829479523,0,0.000469288959436083,8.75519509496215e-05,0.197491090619505,0.00194753418751774,0.000506540312889862,3.79555687411308e-05,0.00101312688495555,0,0.00450209550387067,0.0142425951499171
4.66935053815842e-05,0.198267472679288,5.02306243309021e-05,0.000169761045657349,0.000349704641897106,0.00145713200943088,0.0101506899415209,0.00114638181676512,0.0473487600033058,0.00618707414029727,0.557136001306002,0.00237899030677014,0,0.00280499193731232,0.00157389828840809,0.00592623869396453,3.96335255807877e-05,0.00173578954855013,0.000521550243413973,0.000538822329645825,0,0.069647160427211,0.0014336640069437,0.0919799260956451,0.405821042013775,0.0137893233639214,0.252954366141676,0.00477080806494927,0.00524178831805687,0.000817247673144863,0.111585668235137,0.00222432446685762,0.000137671211873532,0.152634009605518,0.000759018215028766,0.0105114957997753,0.317239772328992,0.0458991804506136,0.0119683633003969,0.00409276423511367,5.14225789243698e-05,0.332277027391232,0.000928787814683819,0.330184253572231,0.00343949008987283,0.000872700323656942,0.000176858177446175,5.318820670681e-05,0.0864884190756799,0,0.0100658669246315,9.56243525590899e-05,0,0,0,0,2.91853167590618e-05,0.000720592632741738,0,0.569143684499029,0,1.7614898645269,0.000122805715622234,0,0.000109378896743774,0.000293937712687683,0.027478959398572,0.000863579803334429,0,0,0.00334126223318667,3.66914669672012e-05,0.000683461631495762,0.163619771564476,0.484816935240715,0.282578975646388,3.03063123468876e-05,0,0,0.434650237218473,0.000181872412945747,0,0.00137527831029625,0.000413848229417038
0.796428220646822,0.000289321451178074,0.116267385505613,0.00862680416556961,0.000936632607630588,0.0663952013446117,2.13635042601587,1.27620564547293,0.0128316762379448,0.249483262986081,0.0501151378453554,0.0733737440371551,0.00280499193731232,0,0.00590494137709637,0.000379063376215124,0.340814257782179,0.0336172035057422,0.0565235107254325,0.0105186351548201,0.0368312950005017,0.000563291918303919,0.179331363103576,0.0322953453351692,0.000189291210779714,0.0565336500604609,0.066742508858877,0.135573220938181,1.2477946024995,1.86796490765214,0.00305270052294388,0.0350946585781962,0.0115098943537915,0.237578753967703,0.00711826929187589,0.153376930608895,0.0356915441291078,0.134583020715085,0.0586500969325095,0.0425105580921591,0.0222933672766231,0.0102465683848347,0.016221631437961,0.00108163889406309,0.0100445204147428,0.00399991069116726,0.0109830278761396,0.00361764949740358,0.00339863264736543,9.87265048147199e-05,0.000332394880622006,0.000540264080775261,0.000842437024530032,0.000156747530807018,0.00090008574498296,0.0276587090898471,0.00662264775884871,0.00999220165496047,0.00068539491892476,0.000136343775215721,0.000826658153325752,0.000297092544998646,0.000741887962861063,0.000757118620535374,0.00101798959157324,0.000321795289287758,0.000250304024376297,0.000182649886098718,0.00132993002760243,0.000603822343674517,0.000412167879007817,0.00156688765014968,0.0680035471392825,0.000139647262833595,0.00248727208765698,0.00684126334589124,0.048092195972843,0.00296034333257103,0.00204134371712136,0.000140339460765839,0.00183514751662188,8.57300871973518e-05,0.00268451590318093,0.000739782060752103
0.00029134403037529,0.00528582016116743,0.00221568362906885,0.0259031895475558,0.245217352181969,0.472166265987492,0.0593276317284494,0.0277116766641133,0.278021244889769,0.068522217453572,0.00108589024383859,0.263633506658335,0.00157389828840809,0.00590494137709637,0,0.000270595282198048,0.00200851455877576,0.000585874637993145,0.000579188390832997,0.0220339285986709,0.00533791635987754,0.0169701357587644,0.00598121930974202,0.141718790377737,0.00592224612306833,0.000865410853916644,0.0133163500056706,0.0868315541095784,0.0128381822097108,0.0290122224180966,0.000107984806061554,0.00420797065795384,0.00136697251197681,0.0195342191425643,0.108436198348709,0.051273522623524,0.00138903000458336,0.00332360444216137,0.00489956535685458,0.252682474745864,0.00209592466920376,0.000271914761098051,0.0106185217207748,0.00104783763005805,0.00358237816625505,0.00356258568571129,0.0520894577014339,0.0013883654489356,0.000760894885497094,0,0,0.000133310386425304,0.0154756588012828,0.00621943840156717,0.0181441312534179,0.01219785112615,0.00911597844677466,0.0187162262362708,0.0208849735783891,0.00058578042563138,0.0299828601908632,0.000256007715535068,0.00313145638987155,0.0213104046331763,0.000743040849749855,7.52592600042342e-05,0.000523829380120182,0.000354426254907417,0.0204630416144995,0.000694992898258209,0.000131668492413425,0.000755443700859973,0.030182423149284,0,0.000455275246771288,0.000916947256544778,0.0477807083411972,0.00166997290971666,0.00141424373292475,8.49482746232984e-05,0.000641997460000992,4.58147553926468e-05,0.00239692859315257,0.0414381913915173
0,0.0343029407955194,0.00768369185732088,0,0.000672335274048042,8.80086039862634e-05,0.00157450359244666,0.000431688560256529,0.00691488897314257,2.50996915410519e-05,0.000963516515863036,0,0.00592623869396453,0.000379063376215124,0.000270595282198048,0,0.00761755309396173,0.000746244070049857,0.00168283859796896,0,0.314064274328008,0.35655488230843,0.525882752146436,0.500857529326618,0.0210503037005888,0.00598240537727365,0.544988416204043,0.464424343107195,0.000397969011252737,0.00604996592525925,0.000389501743849754,0,0,0.0328530889183245,0.0119756654719843,0.263222017334774,0.040309766245557,0.0834258129286811,0.0517756791223659,0.0033248674440126,0.00357938601272736,0,0.0421598346936735,0.00495120846059504,0.0188650777986667,0.0150054642266224,0.00338758130421567,0.00038471808099246,0.00135368900807605,4.08012861797333e-05,0.00504084552059427,0.00962466660951063,0,0,0,0.0114095957451682,0.0012537625112679,0.00199608720371247,0.000163463413457966,0.000149211622416115,0.000132955143679047,0.000581041022286129,0.000915112977226639,0.000793046502219058,0.418547846459382,0.00708509803819671,0.000172548226113653,0.00219634750451803,0,0.178849431195617,0.0957869196560828,0.559990773984191,0.071148885548138,0.000188393555465698,0.00543972789603753,0.178002558931885,0.036639475734696,0.000752401183356856,0.0150513099434401,0,4.82591883107186e-05,0.000327692556080103,0.00803302082503083,0.00420882749128332
0.0405022888979412,0.002983782711238,2.40880055325612,0.000383943694511032,0.000836780860364053,0.00864560335994623,0.126896190715866,0.20350566763812,0.00323816164788652,0.0194944595434556,0.154592330173201,0.0042342935345747,3.96335255807877e-05,0.340814257782179,0.00200851455877576,0.00761755309396173,0,0.189412702660267,1.30520754636703,0.00075010701580868,0.184796543144273,0.0061824636044127,2.05794133713498,0.0178176067722004,0.000489357989821672,0.412182614125558,2.01398018501915,0.0728022488845571,0.291752156352622,0.766367264727766,0.000254514186243868,0.00274824634810953,0.00945329566876685,0.925735295297262,0.0223703094614153,0.418165050143536,0.401103111957958,0.429746385796474,0.243824432997072,0.00849667040757522,0.00795901457716881,0.00105083486346359,0.0761329306964904,0.0091534715292296,0.0312119158229075,0.0218377148166338,0.000730583964667799,0.000522537231393528,0.00016000550185833,0.000104083072421837,0.0154301917613767,0.0850855537224145,0.000195764176254701,0.000373549855449772,0,0.00480026277236638,3.5848766891098e-05,0.000580048455050897,0,0.000162266262752151,4.35329474455833e-05,0.000244779463486576,0.00027753239137702,0.000232630242498207,0.0086453183701887,0.0599426913151257,0.00178398690226292,0.0116567009101905,0,0.00551128073294306,0.00294441016438193,0.08543347810605,0.00819334245672842,0.0004493161044837,0.0418979085286859,0.35771811239033,0.00599693203921466,0.000108329167967749,0.00439329812399168,0,0,4.97934664017677e-05,0.0108490080072824,0.01257467239065
0.00192332542475753,0.00216179954797583,0.0216415301836247,0.00108291162947688,0,0.00646336999469519,0.0446130048509787,0.0102146949495424,0.00240099048285656,0.0314072468513231,1.46332005173132,0.0138408206536426,0.00173578954855013,0.0336172035057422,0.000585874637993145,0.000746244070049857,0.189412702660267,0,0.796715865219559,0.00195241519461064,0.0118169981240345,0.00131881890763578,0.0430638841511109,0.00482093310746298,0.00843822156546308,0.18450853433999,0.237683814447368,0.0108397271479339,0.0346034477782647,0.0165656604657869,0.0175962329750728,0.00970024523670001,0.000416858726469755,0.449653323431581,0.0300813576857438,0.453250892987623,0.267735333311592,0.317743340121221,0.22016162674266,0.00545259830470176,0.000955056521725843,0.000720510584104443,0.00707592539531393,0.0060583347291315,0.00240357967292103,0.00177319704797816,5.81158432039261e-05,0,0.00018169912884121,0,0.00748222091615078,0.00212516845191292,0,9.26487581417087e-05,0,0,0,0.000669256450485706,3.12009218866825e-05,0.000528657661955452,3.80084296056748e-05,0.00156634931009417,8.23962042594913e-05,0.000275559024572754,7.36527873779299e-05,0.00334825909765763,0.00537327203206587,0.00384851967415509,0,3.16308689722538e-05,0.000818212339796737,0.000791557788049363,0.000138481732214927,0.00289656066822009,0.0769348503655729,0.103200633980945,0,3.41446142406464e-05,0,0.00407799387894759,0.000101472579157734,0,0.00131899780113087,0.021705718400885
0.00435074921991849,0.00537750465086803,0.142179592318516,0.000594034626598263,0.00021098988965807,0.00768963861417745,0.0473420639752282,0.0277916215582472,0.00261767610806808,0.0269053093940759,0.130313924074188,0.0093155362499804,0.000521550243413973,0.0565235107254325,0.000579188390832997,0.00168283859796896,1.30520754636703,0.796715865219559,0,0.0011007766343163,0.0320937499262292,0.00151578263247084,0.149058515461566,0.00698227011103535,0.00320464876165924,1.16038097821451,0.612423514089794,0.0161532160799871,0.0479039554702226,0.040305681647077,0.0029797734886744,0.0051930700487001,0.00164123144728503,0.781308342051484,0.0298165274729745,0.57305310193831,0.31019178042647,0.343522571253533,0.258737859069023,0.00521972391165046,0.00175604971364493,0.000409557028430271,0.0311658015635131,0.0103150324902636,0.0126291976836301,0.0117201035932205,0.000505515116049385,0.000198584444796753,5.45831928251266e-05,0,0.0271284024177458,0.0269753897078462,4.08836060308457e-05,0.000482409498272323,5.70077238149643e-05,0.000238048379946899,0.000112397893981934,0.000854275740137103,0,0.000162678443180179,0,0.000242554517884111,0.000129952574249268,0.000388199908915329,0.000774211436586283,0.0308854059140515,0.00923975084593248,0.028046729603737,0,0.000639220398403072,0.00115515904927425,0.00668716855528164,0.000613755325884962,0.00450168350425186,0.187046000898746,0.304740609823592,0.00037870894926281,0.000174064199424505,0.000440938821950913,0.00110547014225664,5.36747815155029e-05,8.3745264838028e-05,0.00807752987531091,0.021181447669784
0.000131535388851214,0.000165725332391739,0.000477423690716314,0.978352466089658,0.00443229166675758,0.0233794371371936,0.00978219454731535,0.0334305928604061,0.101053678778847,0.434090069868462,0.00329358699836011,0.623574240630689,0.000538822329645825,0.0105186351548201,0.0220339285986709,0,0.00075010701580868,0.00195241519461064,0.0011007766343163,0,3.92621348499298e-05,0.000247012442184019,0.000410604197894955,0.220601142066602,8.12606965799331e-05,0.00207543177897606,0.00113608371833396,0.735864051261233,0.00866610628939015,0.00135068722000036,0.000301251322610235,0.00295391006763296,6.52588381103038e-05,0.0186145519924198,0.00116153014597835,0.0284401463255013,0.00188167437402749,0.00510542348502545,0.00287324760415992,0.0289631727233022,0.00291052835633054,0.000684456547098255,0.00724485640830244,0,0.00198333765524382,0.000570407374245357,0.0275592433530276,0.0022750013476955,0.000896190498949959,3.17332952382088e-05,3.89564079977989e-05,0.000129349532478333,0.0591601247150001,0.00370058597035017,0.0115680958553595,0.0209024205673984,0.0173548983790927,0.0399876182039546,0.0642991393637266,0,0.0315167915393516,0,0.00282015352586775,0.0132763139449723,0,0,0,0,0.0440058566294789,0.000132265735374642,0.000126396255083656,9.19998381857873e-05,0.0758658843547204,0,0,0,0.166851371342567,0.0011072855851294,0.000459767505449009,0,7.10746159129143e-05,4.31596409980774e-05,0.00476118757702145,0.000168922293249035
0.00616809255032329,0.00135838790800538,0.47124776337782,0.000114929074424314,0.00975418701315152,0.00287206108891025,0.145425336822767,0.0250302587911685,0.0012975877690916,0.00225981933415661,0.0112669406586752,0.000291509010171032,0,0.0368312950005017,0.00533791635987754,0.314064274328008,0.184796543144273,0.0118169981240345,0.0320937499262292,3.92621348499298e-05,0,0.0124763182301195,4.11026064429587,0.110091809834579,0.000900843152618405,0.0747080265213217,0.158637635180226,1.79388805122723,0.0814806464184187,1.21622684776792,0.000267215596412373,0.00100073868584905,0.0135096781695505,0.710736480330244,0.182512695585355,2.05746447964831,0.309782900961189,1.09112471264891,0.669786077099923,0.0441486030676736,0.0329654211225978,0.000610847599496698,0.020755647712545,0.00323525183142986,0.00595125001285086,0.00630348300036021,0.00646451029381885,0.000619178846712685,0.00138701673706055,3.04856406450749e-05,0.000932078884583332,0.00530153392814054,4.97308246198654e-05,0.000260573836928272,0.000245519517742682,0.00758472840418669,0.000556069535238647,0.00298004847796054,0.000576552483112192,5.92128987911225e-05,0.000201124134034538,0,0.000288890393407345,0.00232271789957943,0.146775914603687,0.00329032172606063,6.05357377289772e-05,0.000624022260556984,9.8184380680704e-05,0.204985856076613,0.0188679383316982,0.171677862217392,0.0754485942088614,0,0.00176837814239201,0.0324254912095332,0.0538721378761512,0.00277701136309347,0.0342095625626129,0,0.000110093463358498,0.00154160197050448,0.00470782590109591,0.0297503337780549
0.000114168481102753,0.207193010567088,0.00185643540342865,0.00027385112443614,0.00280628812411137,8.52850210176947e-05,0.000653314015824509,0.000218662599590063,0.464118866701652,0.000357040562384891,0.00618962920477553,0.00131177341840181,0.069647160427211,0.000563291918303919,0.0169701357587644,0.35655488230843,0.0061824636044127,0.00131881890763578,0.00151578263247084,0.000247012442184019,0.0124763182301195,0,0.050076219547204,2.66821635845127,0.154002398563945,0.00490890527193561,1.0920772104749,0.100694314919259,0.00125559240811515,0.000637458352365017,0.00264751806146193,3.0797820664072e-05,0.000175504260848808,0.00742192106556347,0.0015011206025475,0.0216079171075692,0.00363147434408426,0.00553363701492448,0.00394907076131773,0.0203743656415602,0.000565832354455948,0.00171326858596917,0.0476882291734862,0.00645348845055299,0.0171296516120574,0.012997299957712,0.00530173920256062,0.000500636186109924,0.00232107068030577,3.26100713932514e-05,0.031427700002269,0.0129876574605677,0.000160044535123157,0.000398751082125664,0.000223899269164896,0.00632608973969221,0.00057560664214325,0.00684721724686417,0.000352730251586437,0.00380349364513636,0.000106154414141464,0.0102962518783384,0.000559535555270434,0.00134053616896563,0.202110928890483,0.0113472178112606,0.000278562433473873,0.00366702809491653,0.000106287072138119,0.0479702862034573,0.08435037972003,0.137300446690887,0.0745250182928905,0.003720455847999,0.00766051550870215,0.304669744296312,0.0250119088689381,0.00127549245507245,0.00549585916657105,0.000313326254689979,4.17434097973824e-05,0.00015961966791544,0.00625733941758614,0.0017755227645813
0.0134173153740921,0.00979402167176039,3.9979786256749,0.000315818438459873,0.00951938317486697,0.00863957861404964,0.315956729810751,0.175753737983152,0.00455483588275237,0.0109246662142024,0.0423212656523073,0.000637691673737812,0.0014336640069437,0.179331363103576,0.00598121930974202,0.525882752146436,2.05794133713498,0.0430638841511109,0.149058515461566,0.000410604197894955,4.11026064429587,0.050076219547204,0,0.266192428038155,0.00363993330072098,0.242089781973993,2.66967263748249,0.865348929290807,0.102638831822921,1.56295509292398,0.000953227416995142,0.00126626122570009,0.00833883669986859,0.999819917845892,0.191281389555971,2.88684779367735,0.490534124523922,2.04001970155465,1.13305438970479,0.0460169336508432,0.0591864090426666,0.00126686379607558,0.15012197959017,0.012733923890113,0.0696945117810795,0.0499620681547242,0.00581195963726635,0.00123134808405747,0.00312141032441411,0.000444033425421953,0.0107878232075332,0.0511373459138675,0.000116135637971592,0.000398394853538704,0.000187102962989759,0.0397982335298798,0.00196727853406634,0.00263247468123364,0,0.00033874351393404,0,0.000238637744792461,0.00247310238614974,0.0016071828233634,0.557434298785112,0.0323403546716232,0.000959059157668162,0.00632271852826209,4.27664756721496e-05,0.355470314279307,0.0660135510836496,1.39610265738791,0.105301181171101,0,0.01767450266325,0.494825210339526,0.0710296696853327,0.00282226122961135,0.0365980011752815,3.9544567448616e-05,0.000422613332641554,0.000505284257125855,0.0290590859282632,0.041811942431655
0.00526324424334855,0.29353621194947,0.0194949114653178,0.213346153286578,0.0292223301288481,0.016018923012716,0.108302939895424,0.0327637610205524,2.12080904523584,0.166765875678818,0.0109992068070973,0.135118444178102,0.0919799260956451,0.0322953453351692,0.141718790377737,0.500857529326618,0.0178176067722004,0.00482093310746298,0.00698227011103535,0.220601142066602,0.110091809834579,2.66821635845127,0.266192428038155,0,0.237406268424268,0.0230611044949848,0.947593392348889,2.22784060406887,0.0953457825617637,0.0159779585010204,0.00495080498914404,0.00391019179347481,0.0188291546094126,0.0881490337935174,0.0280539624651266,0.310583452259699,0.0385619126048698,0.0749150311068924,0.0429910682800668,0.119120384245254,0.0138632191933198,0.00334493847406197,0.286737684561239,0.00926848844894841,0.0722338010409059,0.0292213975665938,0.121375116137705,0.0280361618950937,0.00838534359507624,0.00267311993121614,0.00988804582189835,0.0149216170478112,0.0435031231942723,0.00432682033259812,0.0115267855632664,0.302375503367575,0.0673948565312595,0.289773144404941,0.0762309749543373,0.00711213331602673,0.0252761269155288,0.0134551578725012,0.0289746375060869,0.0278751155090434,0.309656817577073,0.0126119829483581,0.000454868611159086,0.00338030357415919,0.0474499648922731,0.282868120980784,0.12346182083291,0.187537322024584,1.39206760982953,0.00236693007404881,0.0100130813520569,0.135070393766313,0.808737860339914,0.0858666766836757,0.117614284529396,0.000516650931540871,0.00603330394096756,0.00821801088601215,0.0519788490222266,0.0146477674667108
7.8108348243141e-05,0.314682890795649,0.000120443296901607,3.18625350797653e-05,0.000573912627723599,6.21012398488998e-05,0.000365678412516689,0,0.11285413605,0.000185823774409103,0.038354932357511,0.000370215503268957,0.405821042013775,0.000189291210779714,0.00592224612306833,0.0210503037005888,0.000489357989821672,0.00843822156546308,0.00320464876165924,8.12606965799331e-05,0.000900843152618405,0.154002398563945,0.00363993330072098,0.237406268424268,0,0.0210730748363916,0.760643023159912,0.00635955973108649,0.000371067237348175,0,0.022278294379291,0.000194848151585769,3.72586697693825e-05,0.0560159706064815,0.000540019742955494,0.00492884269904494,0.00466167377508659,0.00218704093151665,0.00151311437712107,0.00815409546034499,6.81256305845261e-05,0.0220522427701845,0.00492270627117276,0.0179696071141036,0.00251736940177503,0.00154317658842216,0.000181375166088581,0,0.0215935597820649,0,0.031419964583828,0.00114374196998649,0,0,0,0.000244731075497532,0,0.00113566111985135,0,0.0366048796829035,0.000124679243454265,0.26613934893474,0,4.95878303632736e-05,0.000702735443595743,0.00187756133038401,0.00422514698203068,0.00274787734879575,5.63218843400001e-05,6.92851988041878e-05,0.00223153445157694,0.00123214170089006,0.00207258916112394,0.0707575321091685,0.0792475221674078,0.175133480540612,0.000339260542179966,3.13603697815418e-05,8.53324425384522e-05,0.0424751709806929,8.61641304725649e-05,5.97570914686203e-05,0.00150852842698431,0.000225514564850235
0.00290335507803368,0.0160726728085294,1.53572021107032,0.000715825059751796,0.000523773841557312,0.00866047383490836,0.113845741345785,0.0477845938773451,0.00680857142173734,0.0324617165589625,0.472922901920617,0.0117895723757968,0.0137893233639214,0.0565336500604609,0.000865410853916644,0.00598240537727365,0.412182614125558,0.18450853433999,1.16038097821451,0.00207543177897606,0.0747080265213217,0.00490890527193561,0.242089781973993,0.0230611044949848,0.0210730748363916,0,4.74952957884607,0.0441307177433228,0.0434899636114088,0.0421202972595788,0.0650958967102601,0.0117677539452556,0.00113137987413368,0.248452273849321,0.0367041933548709,0.837170800085934,1.09123109178738,0.36206376740757,0.251243252080426,0.00803959383826962,0.00326664825112424,0.00192514200629783,0.178919374671253,0.139042251122621,0.0779010180287908,0.0598938009089418,0.00103523198204455,0.000474226112094212,0.000421604320378018,0.000162843769526911,0.128636314704634,0.153517026091308,8.24298562977794e-05,0.000134965539779377,0,0.0041224916630918,0.000399643728594017,0.0025470052993947,0,0.0303529540159902,0.000193326474174785,0.101988183272819,0.00117722016452251,0.000465170980131626,0.00410078508457289,0.181846293718416,0.109252145377246,0.119872263888745,0,0.00445869102567501,0.0108249990516161,0.0302966179295171,0.00510751225976658,0.0478971034124053,1.43392284728954,1.90047143963613,0.00475706668970218,0.000592472370434189,0.00336738195343824,0.147803810716903,0.000133087143013573,0.000310977753973675,0.0443259927467126,0.0241027261174401
