0,0,408.116445839405,6.07645460963249,1.24447730183601,36.0995789766312,8623.89422610402,1232.9149953723,65.7358556091785,200.079241096973,16.2120805084705,3.37557688355446,1.03080609440804,12434.7361142039,9.72070354223251,0.44599586725235,481.46758249402,13.2694696784019,105.430712133646,12.5161155462265,43.3257264494896,0.915129959583282,411.761845946312,112.840728372335,0,114.360914617777,282.841684907675,187.934478849173,12907.7037398815,11355.6345230341,0,2.4206383228302,61.3086185455322,481.062009930611,27.2275832295418,41.5393513441086,18.4712406694889,359.890691697598,108.10373160243,2.64073830842972,16.5547662973404,0.663094460964203,30.130902081728,0,10.9689191579819,5.00330716371536,2.06961244344711,6.47819617390633,0,0,0,1.0788047015667,0.720729053020477,0,0.507884323596954,14.8056370317936,0,13.6126827895641,1.05936515331268,0.858390152454376,0,2.17382329702377,1.26117676496506,0.926686644554138,1.16248679161072,1.83372732996941,0,0.604770839214325,0,0.935322463512421,0,0.792272746562958,38.4171706736088,0,0.993026852607727,15.9283509850502,32.6453676521778,9.06774967908859,0.449402362108231,0,0,0,8.81975817680359,4.51161253452301
0,0,29.9805884957314,4.11335971951485,13.2031402587891,2.42183059453964,7.2957181930542,9.67643249034882,719.130250781775,4.47965559363365,290.759386479855,40.9841221272945,2448.3693344593,16.3636611104012,164.464083254337,60.167305380106,73.3393488228321,8.39055427908897,44.1856703460217,3.92540082335472,27.7507074773312,2413.65051916242,20.4732475280762,2043.10910394788,3116.35064935684,267.996022850275,22394.1988345981,181.147325336933,14.9160020947456,14.0942467749119,151.148925662041,1.38419842720032,1.62053266167641,147.202433884144,15.2714042365551,93.0989098250866,102.897948473692,141.485928714275,68.1406294107437,23.5606516003609,3.20388504862785,137.731094390154,112.437702000141,32.0042633414268,94.2153310477734,54.9307821989059,2.35789155960083,0,12.579280436039,2.07742667198181,2693.65035784245,112.499719470739,0.670821189880371,2.86670738458633,2.45132976770401,0.406699895858765,2.67193627357483,20.5518002510071,0.781878232955933,54.8154362738132,0,120.990044116974,3.92283207178116,11.9323621988297,4.18161568045616,110.075368881226,11.4386142492294,74.9130223989487,0.739392220973969,8.06451436877251,43.0243633985519,10.2088078856468,36.9948910176754,80.7389414906502,520.266076266766,9304.29750436544,8.82406249642372,0,9.66623911261559,46.5385710299015,0,0,29.3245840966702,9.6427321434021
408.116445839405,29.9805884957314,0,14.5836044251919,14.3504647612572,171.857018738985,484.574332505465,2475.95626273751,34.4245307147503,304.241541773081,91.3956002891064,42.1379142105579,0.627247214317322,3520.40138089657,89.9716460108757,41.8322717547417,19210.2941475809,210.945088416338,2028.46662703156,26.1450361013412,7179.10301086307,3.6651214659214,84481.6569362283,89.3308212161064,0,24079.2548988461,10416.4290854633,1071.50347998738,2462.69696173072,3986.09004408121,0,52.3087253272533,114.891251683235,8466.81509831548,1218.19140848517,3854.42503529787,2453.57734137774,8056.25272229314,5630.39175727963,129.752646148205,200.809817045927,22.8505072593689,398.418970704079,70.2313644886017,241.087383568287,165.601095587015,7.09778738021851,10.4864994287491,0,0.594332993030548,62.0556471347809,686.34656560421,0,0,0,7.831985861063,0.666014969348907,6.33679151535034,0,4.9868540763855,2.52147024869919,2.51705008745193,7.54894191026688,4.95537084341049,4.74096503853798,392.647903889418,6.13551199436188,134.079244107008,0,20.396536052227,0,96.1224525272846,17.6691066622734,3.57774883508682,761.281056255102,8430.61926460266,16.7680990099907,7.57689920067787,23.2405363619328,0,1.39630663394928,0,114.290359765291,589.590711206198
6.07645460963249,4.11335971951485,14.5836044251919,0,37.0403102338314,90.0957390367985,102.945052176714,306.008614584804,3563.31834560633,6114.92930753529,23.5134496986866,3562.64248359203,11.4132051467896,310.991943791509,490.585543900728,6.5408727824688,1.12446591258049,19.0498472750187,7.76142969727516,16774.0635800809,1.5757554769516,19.6308105885983,27.428551286459,8498.58794614673,3.29229152202606,10.8120282590389,56.8279581964016,7393.33853310347,172.784978225827,30.3516638278961,0.512799918651581,5.387610912323,7.98791429400444,218.70862275362,94.6305434703827,630.934135347605,27.5638320147991,144.256852209568,35.241361618042,123.109866738319,109.116452842951,161.78470236063,385.337399154902,6.48746863007545,265.606116622686,47.910163640976,466.549263894558,203.633476942778,2.90259477496147,3.46040084958076,0.385639607906342,0,2203.75196132064,24.4988061487675,75.3874714672565,395.120885133743,176.213413059711,1215.21017289162,2648.04107257724,390.840300619602,242.713632196188,292.757657110691,151.304272979498,174.707214236259,0,0,1.15171545743942,0.79370453953743,713.763084024191,0.360364973545074,0.42700383067131,0.361786156892776,1845.47216454148,0,1.79071861505508,11.2937870025635,3247.73725318909,89.9036934375763,6.16957437992096,0,41.9878814816475,3.70272448658943,214.540628045797,27.8708563148975
1.24447730183601,13.2031402587891,14.3504647612572,37.0403102338314,0,314.682378411293,16.9101373851299,28.7958142757416,899.589244514704,87.8242519497871,8.06356585025787,185.596025049686,21.9522283375263,29.1004602909088,5240.52282091975,58.9697695970535,7.98287606239319,4.04822254180908,8.74086761474609,23.4418149292469,138.0621753335,47.5182235836983,410.308776497841,171.548829287291,15.7961919903755,8.83742213249207,157.670723974705,143.347640454769,15.6058499217033,54.1907018125057,4.41118335723877,556.010480701923,0,544.51351827383,851.617207705975,524.032622665167,31.6181729733944,29.4493485689163,82.6724774837494,13689.5381735265,2787.15343081951,19.1232149004936,21.3685667514801,67.5967459082603,14.3418371677399,86.2530496120453,10.9934317469597,1.26468634605408,0,0.484253764152527,0,5.95729547739029,28.7282727956772,1.46161603927612,3.69210636615753,5.59187230467796,1.70137542486191,13.5726589560509,19.9932585656643,31.5776537060738,2.28514844179153,14.5242223143578,0.411669880151749,9.47121578454971,3.48292642831802,1.42953419685364,5.47249805927277,9.62605726718903,4.96164253354073,2.09609305858612,0,9.60136979818344,30.7712647020817,0,24.5584594607353,29.9892441630363,35.9102960824966,4.69400823116302,0,0,1.44330477714539,0,4.60817492008209,1018.06364911795
36.0995789766312,2.42183059453964,171.857018738985,90.0957390367985,314.682378411293,0,7844.97101348639,14981.6280629635,520.492625266314,27802.0868648887,151.693405598402,12558.0722759515,9.51970446109772,880.098924905062,5327.2691604495,18.7396721243858,22.8131563663483,93.8313182890415,49.2050617933273,1149.07307629287,16.7874477207661,7.39047709107399,244.836523264647,228.59337413311,0,77.2977322340012,183.765265196562,977.990650862455,230.327947720885,678.310672551394,2.78420162200928,106.622367143631,8.71947851777077,320.560990333557,635.18190151453,5598.81263172626,122.360628813505,305.777398496866,186.681712001562,15792.8722698987,2018.09867921472,284.270001322031,153.707777917385,0.598973751068115,77.5622084736824,15.1901428699493,35.5078210532665,47.7249505519867,0,2.24150598049164,0,0.494449824094772,49.9077404737473,0,8.82337957620621,156.927580922842,27.6205290555954,118.042753309011,152.49428191781,158.222140908241,8.89437326788902,145.709734708071,10.3847840428352,9.9898042678833,2.27939343452454,0.815775752067566,0,0,27.0193443000317,0.646321356296539,1.07751393318176,0.955138206481934,206.665248930454,0,0,30.6522178351879,240.057493418455,30.7145366966724,3.75814944505692,0,4.01506313681602,2.01025015115738,70.4155498445034,63.8210354447365
8623.89422610402,7.2957181930542,484.574332505465,102.945052176714,16.9101373851299,7844.97101348639,0,16456.817817539,1403.66893619299,38880.5781141222,100.767822921276,348.144230037928,14.632322460413,20936.5681808889,329.902056694031,95.4347554147243,18.4389896690845,83.4498291015625,61.9644750952721,132.607169106603,38.0682052373886,12.5410760045052,806.240369349718,12071.326136604,3.87875214219093,87.5766584277153,607.209741503,74507.170298025,1583.1690273881,10344.5582924187,1.23760569095612,25.5905871391296,33.1368827521801,585.000440686941,202.575130909681,1064.4300493896,118.141884535551,497.162312418222,164.940130770206,145.506231606007,193.649320036173,53.1586427390575,943.185935616493,22.2992304265499,488.151099085808,115.641541868448,152.411495387554,211.839869439602,1.73906028270721,18.9585798978806,1.17418128252029,5.70116454362869,34.6019848585129,1.07686996459961,26.039216786623,670.133800059557,132.035970538855,336.86710318923,229.453874766827,123.623187571764,29.9831742942333,41.9854153096676,184.283165067434,64.8628122806549,5.42737030982971,0,0,0,41.6927880048752,1.15306758880615,7.0537850856781,16.3697282671928,911.523765295744,0,0,143.572283029556,854.777124688029,260.078954160213,35.8344324827194,0,11.3679043650627,19.1698888540268,250.553428590298,139.096390634775
1232.9149953723,9.67643249034882,2475.95626273751,306.008614584804,28.7958142757416,14981.6280629635,16456.817817539,0,554.900062710047,20707.2342537642,1434.451251477,6100.99977642298,89.1246358752251,19908.7632481456,545.713029563427,44.6319106221199,1218.03785470128,998.011673003435,973.674393385649,2506.25979036093,217.811535388231,8.41492918133736,2615.25722107291,819.260867789388,7.91437560319901,1203.90342304111,1904.5711736232,2395.48995630443,3726.72108723223,16643.3651081324,17.748276591301,194.708804965019,57.9163499474525,1822.62581168115,276.979263782501,4563.90731851757,670.585763245821,1855.85534903407,712.147644251585,1184.90032503009,915.635781377554,358.336619764566,283.439563244581,3.3088997900486,195.503717213869,20.7552224397659,49.3787633776665,35.6377378106117,1.06406462192535,3.74300247430801,4.26795780658722,6.21154350042343,64.9960527122021,0,5.79928958415985,336.747772783041,20.043554097414,177.013548284769,142.592899888754,141.009271860123,9.62981441617012,134.254021376371,10.6930391788483,9.68080258369446,5.63694956898689,2.63064622879028,0,0,37.8955852389336,4.22260075807571,1.08689978718758,7.10086539387703,470.668999046087,0,31.3746452629566,195.328008264303,444.72998508811,49.1160101890564,9.85769060254097,3.82464289665222,2.43329429626465,1.91088736057281,91.1382390856743,36.7058291435242
65.7358556091785,719.130250781775,34.4245307147503,3563.31834560633,899.589244514704,520.492625266314,1403.66893619299,554.900062710047,0,3014.84361940622,246.003120481968,3299.56348255277,911.737518668175,798.126948207617,8127.23908123374,889.558315724134,16.3038032948971,26.8049533367157,38.2537855803967,1242.60985964537,449.86248010397,4301.30655890703,241.220249563456,30259.735739693,544.680240184069,87.8357455432415,3808.63386616111,9338.08488824964,935.052180886269,1016.10016381741,96.0456246137619,30.9440125524998,160.794569253922,627.748755276203,503.941749274731,2476.89107865095,215.546535789967,512.820703908801,167.850435554981,3030.45575910807,313.057993024588,203.743265450001,691.248582363129,90.2095001935959,233.893179446459,72.1077065169811,165.147455632687,99.4736466705799,5.48911827802658,39.9056127071381,23.0152262449265,13.4980481863022,798.982517272234,15.3375273942947,49.7628292143345,413.64669278264,105.924335688353,1283.28490439057,672.546082079411,150.07490465045,70.3021084070206,65.7686516493559,158.059117466211,117.058096021414,1057.17371103168,4.72764992713928,17.3300682008266,17.3761205971241,113.354368507862,506.354525446892,182.544821381569,138.78377199173,4246.93749308586,7.72752600908279,49.0218403041363,224.627298057079,1920.15943291783,282.554177522659,147.684521138668,4.5133712887764,14.8017126321793,22.5685741305351,110.911059707403,216.044636279345
200.079241096973,4.47965559363365,304.241541773081,6114.92930753529,87.8242519497871,27802.0868648887,38880.5781141222,20707.2342537642,3014.84361940622,0,867.310646831989,23136.2364799231,72.1219593882561,9261.15209540725,1745.79472121596,75.4480263888836,71.3080379664898,663.188104361296,493.255432873964,15082.9409743994,63.0313118100166,33.3618486225605,416.207385092974,1106.31144183874,3.67035794258118,563.946326583624,823.236604735255,6259.14021840692,2519.28351442516,660.781682193279,10.3675254583359,226.780440300703,51.7949042618275,2710.61236724257,1358.14170500636,9478.97082358599,669.536518424749,2643.58483590186,608.712928324938,1173.66963124275,1745.20283207297,827.327099353075,1374.48484447598,26.9211760163307,876.175734549761,146.261539250612,550.894489705563,599.564607739449,0.563894927501678,19.0522664189339,2.2020805478096,3.20860198140144,2510.47535212338,13.2771332263947,112.249907463789,1340.67000177503,320.230867430568,1165.56987053156,4110.00245374441,736.512433201075,149.233379095793,550.502916276455,249.056116789579,176.54307243228,3.50172045826912,0,0,0,724.972622200847,0.978065937757492,1.79803350567818,5.12715268135071,3280.62872907519,2.10136210918427,0,69.0976520478725,5103.54475177824,294.949717819691,22.1768506169319,0,33.015992641449,13.5056061446667,570.295384407043,212.80375829339
16.2120805084705,290.759386479855,91.3956002891064,23.5134496986866,8.06356585025787,151.693405598402,100.767822921276,1434.451251477,246.003120481968,867.310646831989,0,470.757780075073,8796.24475705624,2322.73569908738,81.4827070534229,6.53263282775879,367.648308634758,13764.7916139364,2878.878862679,191.177045464516,94.8280512094498,173.916900217533,140.564459443092,235.258056819439,870.314934402704,8055.49382653832,4363.2214179635,91.0009953379631,2058.89954218268,123.75117957592,1889.03591680527,1078.22738203406,19.2755046486855,15433.9247835279,264.644941598177,1915.270362854,9348.41005694866,4902.48579645157,1582.25860655308,81.5322442054749,144.237530261278,1188.18377739191,11.336502045393,104.822226643562,24.1393312811852,13.7065743803978,5.3743724822998,1.29025536775589,135.574777454138,0,246.280339092016,0.854991436004639,1.81234419345856,0,0.492280036211014,1.05398035049438,1.96049213409424,73.5656985044479,3.0598800778389,3104.84209269285,2.25884765386581,6094.58794337511,12.8378570377827,6.9508695602417,2.0528712272644,1.93593248724937,62.2873286306858,2.44139939546585,2.26475965976715,0.609703063964844,76.7447213828564,0,29.9375263750553,640.809490203857,1243.7440674305,1630.98669284582,9.12299796938896,13.6255283355713,0,1833.06485304236,8.42935734987259,0,92.3278201520443,117.754032969475
3.37557688355446,40.9841221272945,42.1379142105579,3562.64248359203,185.596025049686,12558.0722759515,348.144230037928,6100.99977642298,3299.56348255277,23136.2364799231,470.757780075073,0,81.9724068641663,1318.01010429859,2632.63504764438,8.11979767680168,23.8646783232689,299.477543711662,175.641499817371,13698.7171361148,20.5846957266331,87.4445388913155,58.9315882027149,1658.40803903341,21.6624199748039,231.956528812647,441.493371963501,893.302548080683,254.265369176865,103.042956501245,6.67976751923561,155.024848490953,3.4069838821888,739.441858410835,7130.90603795648,4621.26152923703,300.570320725441,845.556622296572,282.833782881498,2965.88810116053,881.700344443321,359.52218696475,94.8706677556038,9.43299633264542,21.6968077421188,15.0116623938084,94.3007812798023,17.6672354638577,2.91761386394501,1.1833781003952,0.873619616031647,3.0376296043396,711.699698999524,10.2089610695839,40.4829965233803,39.7688813507557,39.374347358942,167.973686605692,423.439671814442,166.069368690252,473.5915119946,103.588198006153,23.1943011879921,47.4550140500069,1.64702290296555,0,2.31506931781769,3.17088797688484,104.029938995838,1.81389033794403,0,1.30563974380493,267.117540746927,0,4.60599389672279,7.32631811499596,579.245671927929,6.76345244050026,0,0,4.60016083717346,0,12.2047671377659,820.217780292034
1.03080609440804,2448.3693344593,0.627247214317322,11.4132051467896,21.9522283375263,9.51970446109772,14.632322460413,89.1246358752251,911.737518668175,72.1219593882561,8796.24475705624,81.9724068641663,0,105.650635510683,216.829810768366,14.9731995165348,1.98348605632782,46.1893981099129,11.5067142248154,14.359772592783,6.16711938381195,1102.98011463881,1.61054044961929,1169.64174327254,8018.14450436831,836.581919074059,7253.46720924973,159.09445092082,50.9644206762314,24.7619178891182,4964.73805961013,54.8575492799282,0.254438936710358,1417.24780267477,3.64731949567795,73.0346883535385,989.042231827974,560.623104155064,16.1229157745838,47.8840615749359,15.1138980984688,3202.55452525616,21.2017276883125,130.417667895555,33.2291547358036,8.72938650846481,34.7197427749634,6.11349552869797,726.795667737722,0,654.608844608068,0.35694494843483,5.17589950561523,1.06094455718994,1.83525609970093,0.729309380054474,4.58141675591469,150.183281034231,20.8659320771694,4772.65737116337,2.664182305336,14268.6826395094,9.73811876773834,15.5682386159897,3.97705417871475,1.68138724565506,43.9548661708832,3.35476386547089,2.82542943954468,0,249.890850663185,0,85.6679928302765,1784.00056654215,988.124706268311,1955.87011605501,12.3808914124966,19.8304080665112,0,1981.13102191687,11.2119010984898,0,261.538896411657,3.78700864315033
12434.7361142039,16.3636611104012,3520.40138089657,310.991943791509,29.1004602909088,880.098924905062,20936.5681808889,19908.7632481456,798.126948207617,9261.15209540725,2322.73569908738,1318.01010429859,105.650635510683,0,321.481949031353,35.052256911993,2699.35475263,1853.20180985332,2350.12451776862,1120.2371827662,500.658780634403,16.1075158417225,3656.19023162127,1497.3655936867,13.4528282880783,2144.77435752749,3811.33236226439,2909.78352427483,32266.0028339475,33531.6628136635,19.5638654232025,126.454297691584,225.815205186605,4083.92359623313,327.013670802116,2567.52485388517,910.959414362907,3142.33726641536,848.850019156933,384.460850954056,708.874235838652,193.099986672401,374.682849854231,2.09843382239342,163.801651567221,38.3848839104176,41.7981865406036,49.4268117249012,3.39618355035782,10.4455347657204,15.4278389215469,8.5511614382267,36.8651014566422,0,3.39295649528503,379.957930773497,7.98271575570107,203.389593333006,66.2590583264828,74.3700350821018,10.1204430162907,74.7828858792782,15.1498098671436,10.178799957037,13.1272446513176,8.98913925886154,0.967756748199463,6.08134126663208,30.8366067111492,11.763957709074,0,9.96814081072807,592.855153590441,0.956481397151947,47.4473867714405,372.945840209723,551.566211998463,55.7476382255554,13.9643470942974,5.32321512699127,0,15.209679543972,104.259662866592,56.2992775142193
9.72070354223251,164.464083254337,89.9716460108757,490.585543900728,5240.52282091975,5327.2691604495,329.902056694031,545.713029563427,8127.23908123374,1745.79472121596,81.4827070534229,2632.63504764438,216.829810768366,321.481949031353,0,163.756219267845,19.8632928133011,39.9644652605057,32.4544997513294,334.976979672909,970.93028780818,390.023818522692,1108.0796533525,2582.74605625868,103.724831014872,57.0140525698662,1253.82050985098,2412.36878529191,143.997545093298,1024.11043027043,29.9316152334213,93.801855713129,10.7812717556953,170.551491767168,4135.04273062944,1795.71163111925,260.479375660419,213.182424128056,153.897865921259,11046.6415174007,274.078496813774,89.7416388988495,469.614683508873,160.819882690907,181.179757535458,260.132031142712,126.471203714609,52.1621569097042,4.56932711601257,11.1221895217896,3.37469869852066,9.12721353769302,232.176805794239,2.3877364397049,13.9366344809532,256.293472617865,23.0808496177197,209.123032212257,219.494018018246,132.220502585173,23.5834675133228,99.7587546408176,29.8255481123924,51.5039025247097,62.7087710797787,2.23821467161179,16.082466840744,25.7323467731476,63.6555817127228,93.6387112438679,9.53808844089508,47.2832278609276,734.76098716259,0.505188941955566,55.5189993977547,91.9458708763123,714.80310934782,71.6302197277546,57.4352788627148,0,8.23767134547234,7.39087599515915,84.5376429259777,1474.0546194613
0.44599586725235,60.167305380106,41.8322717547417,6.5408727824688,58.9697695970535,18.7396721243858,95.4347554147243,44.6319106221199,889.558315724134,75.4480263888836,6.53263282775879,8.11979767680168,14.9731995165348,35.052256911993,163.756219267845,0,6.13975176215172,17.9843807518482,10.0871676206589,1.5345042347908,10278.6121076047,12045.3982020915,8692.89782834053,3202.9581078887,19.6775909364223,24.3135289549828,2912.93893933296,2874.25570398569,17.9071420133114,66.7593132853508,1.74275034666061,0,1.54532569646835,180.191579461098,1367.69532343745,8660.68446281552,3015.71419528127,1685.89450591803,1565.19279974699,127.97601801157,105.616823792458,82.7069035470486,809.830571591854,199.223554760218,256.207866251469,253.200276643038,50.8077831864357,14.243130415678,4.99931079149246,4.16065347194672,12.7482985854149,138.355882167816,11.6430051326752,7.42837435007095,2.92045241594315,72.7934060692787,4.3321880698204,123.898662507534,0.532796859741211,6.66218838095665,9.48719918727875,0.724244236946106,15.6432923972607,100.309738218784,20231.8803949058,5.38015148043633,0,0.711957722902298,2.50027078390121,1442.47528138757,1267.88851517439,12894.4518535137,575.617380797863,0,2.73011219501495,14353.7933606505,432.979468435049,13.557640761137,45.2083808779716,0,0,0.892405688762665,26.1257060170174,335.231520295143
481.46758249402,73.3393488228321,19210.2941475809,1.12446591258049,7.98287606239319,22.8131563663483,18.4389896690845,1218.03785470128,16.3038032948971,71.3080379664898,367.648308634758,23.8646783232689,1.98348605632782,2699.35475263,19.8632928133011,6.13975176215172,0,448.402643322945,4827.90869396925,15.7164530456066,2477.20404306054,7.58038240671158,21009.7987011075,30.8661176860332,6.85730147361755,7655.30582770705,15858.6022738814,36.3990899920464,3768.21207463741,3318.08322381973,0,63.9364697933197,229.526847451925,5148.48550158739,120.048317849636,529.437823325396,496.323702067137,1228.53782781959,580.508709490299,14.2671614587307,33.3065339028835,4.39958280324936,104.975687235594,22.3564259111881,78.618483453989,28.6035259962082,0,3.36691391468048,0.454874277114868,0,81.7256011962891,101.673830479383,0,0,0,0,0,5.15573859214783,0,4.58884561061859,0,2.02373081445694,6.06644415855408,0.868751347064972,0,112.516971111298,5.3365181684494,124.889618605375,0,4.07320755720139,3.22917795181274,14.7423713207245,0.572025299072266,8.51286345720291,761.662496805191,2759.54332214594,0,0,3.89644515514374,2.03506970405579,0,0,45.9227029383183,61.0523137748241
13.2694696784019,8.39055427908897,210.945088416338,19.0498472750187,4.04822254180908,93.8313182890415,83.4498291015625,998.011673003435,26.8049533367157,663.188104361296,13764.7916139364,299.477543711662,46.1893981099129,1853.20180985332,39.9644652605057,17.9843807518482,448.402643322945,0,3069.78726619482,165.494024962187,69.3966386914253,3.31530299782753,248.354525595903,41.8620853126049,36.938962996006,8458.34259420633,3729.29832157493,67.4539519250393,2103.59671452641,103.901511311531,72.6672056913376,724.712478220463,4.74616330862045,5681.06626147032,608.005474686623,3332.85820296407,7514.47632920742,4433.79577419162,3202.07662680745,66.8940274715424,147.918271958828,84.5052310526371,8.72879064083099,27.2826646864414,14.7971679866314,12.5597968697548,0,1.20625841617584,4.58428129553795,0,31.3114267587662,1.20920211076736,1.61886459589005,0,0,0,0,17.2453383207321,0,154.787047237158,0,150.721760571003,2.27722156047821,0.701288402080536,2.95551320910454,3.36383211612701,33.9990257620811,12.1609866023064,0,0,2.46424543857574,1.00297725200653,0,40.6709389686584,646.076689630747,1106.01691436768,0,2.85035133361816,0,268.985122770071,0,0,11.0746432840824,250.237368285656
105.430712133646,44.1856703460217,2028.46662703156,7.76142969727516,8.74086761474609,49.2050617933273,61.9644750952721,973.674393385649,38.2537855803967,493.255432873964,2878.878862679,175.641499817371,11.5067142248154,2350.12451776862,32.4544997513294,10.0871676206589,4827.90869396925,3069.78726619482,0,100.854615479708,501.236472606659,7.80182984471321,1873.25410157442,54.535411387682,41.1080893576145,7128.16421934962,7134.09007409215,76.3031072616577,3363.2187577486,468.259831666946,2.67968529462814,395.91470298171,63.2039279043674,16407.7679946125,499.53518691659,2552.77721682191,2578.11652559042,4154.12692004442,2613.61448037624,67.0306153893471,127.903526574373,33.3121535778046,51.9787149429321,29.9757426381111,25.1787044107914,37.9906286299229,0.803817331790924,0.839875996112823,1.18714708089828,0,86.8246990740299,39.066948145628,0,0,0,0,0.350201696157455,5.41529011726379,0,25.2937897443771,0,23.4113662838936,0,2.66974020004272,0,39.4460390806198,19.2331253886223,66.5421579182148,0,1.75633203983307,2.82170307636261,2.09865152835846,0,14.8530026972294,825.913895398378,2477.32660540938,0,0,1.58301311731339,41.9050309062004,0,0,20.9570567011833,255.171845078468
12.5161155462265,3.92540082335472,26.1450361013412,16774.0635800809,23.4418149292469,1149.07307629287,132.607169106603,2506.25979036093,1242.60985964537,15082.9409743994,191.177045464516,13698.7171361148,14.359772592783,1120.2371827662,334.976979672909,1.5345042347908,15.7164530456066,165.494024962187,100.854615479708,0,13.225232809782,8.36358025670052,26.8365785181522,1391.71487736702,2.85195368528366,102.163284093142,148.091010719538,786.62728959322,317.113201111555,52.5097114145756,2.45181399583817,55.8216434121132,5.97160369157791,479.5280559659,151.612275004387,2007.37055885792,138.184154570103,567.968099713326,133.774131447077,330.410598903894,348.424341052771,206.024506926537,314.448159575462,6.61622726917267,177.768948078156,24.9965114295483,188.984695345163,139.1241928339,1.94619968533516,3.69589358568192,0,0,896.88767272234,8.98819336295128,38.2194795608521,267.419276922941,94.8652353584766,303.038657456636,1133.4455614835,215.793522804976,97.7263711094856,146.572651207447,85.3314270675182,53.7104343473911,0,0,0,0,224.022126808763,0,0,0,771.765842467546,0.518437087535858,0,1.33175620436668,1378.60493467748,62.2902135550976,4.0611187517643,0,11.1192654967308,4.59896111488342,106.929991990328,25.1716342866421
43.3257264494896,27.7507074773312,7179.10301086307,1.5757554769516,138.0621753335,16.7874477207661,38.0682052373886,217.811535388231,449.86248010397,63.0313118100166,94.8280512094498,20.5846957266331,6.16711938381195,500.658780634403,970.93028780818,10278.6121076047,2477.20404306054,69.3966386914253,501.236472606659,13.225232809782,0,1261.2469137609,94739.6086399257,665.160137027502,6.50535291433334,837.396744519472,4017.25162550807,10310.1864476204,688.05013898015,18766.0598981977,0.830929934978485,35.3143219649792,311.682094991207,18997.3644694388,4285.51154494286,12981.6503150761,2117.1096611619,20866.321378082,6714.01058441401,399.040491938591,618.92643737793,409.945046037436,558.299090445042,161.187741309404,65.9217303395271,72.426167756319,25.7303628921509,10.3870450854301,4.75612163543701,2.34589898586273,0,9.51877108216286,3.36440625786781,2.53728264570236,4.51062172651291,11.8157626986504,1.1793669462204,74.6489773392677,0.485050559043884,18.6023045182228,7.64759409427643,0.609004557132721,3.7015018761158,57.7984645962715,3889.49501666427,7.43338367342949,1.08081436157227,2.72355049848557,0.304939299821854,1672.19914928079,92.2251391410828,1727.77054640651,732.140307337046,1.13642698526382,4.41064897179604,455.740507781506,706.559554189444,29.7277295589447,69.5378589332104,0,0.696732759475708,1.64488887786865,26.7643685042858,675.520074605942
0.915129959583282,2413.65051916242,3.6651214659214,19.6308105885983,47.5182235836983,7.39047709107399,12.5410760045052,8.41492918133736,4301.30655890703,33.3618486225605,173.916900217533,87.4445388913155,1102.98011463881,16.1075158417225,390.023818522692,12045.3982020915,7.58038240671158,3.31530299782753,7.80182984471321,8.36358025670052,1261.2469137609,0,762.082530409098,15763.4209072888,1214.56218215823,49.8157243430614,19930.3472419381,1307.68825098872,25.8213014304638,62.862550765276,118.595871150494,0,8.3090732395649,59.7322912812233,32.2700389623642,193.57009062171,61.1775354444981,63.2910197973251,37.1005051732063,52.8359299600124,13.7137352228165,57.1243730783463,112.131959080696,15.9727779626846,25.1954020857811,31.1893814206123,3.75068479776382,3.65325480699539,4.49131709337234,0,99.2779147028923,18.6701014041901,0.730786979198456,2.10705131292343,1.97645646333694,4.17281344532967,0,26.7023944556713,0.385968416929245,22.3528372645378,1.30425941944122,55.8370916843414,0,25.9185356497765,1631.2300992012,1.95761263370514,2.69619345664978,0.866670846939087,0.997733294963837,150.379534006119,757.468416512012,346.594228416681,199.302184581757,17.6570823192596,74.4543317556381,3364.56115749478,65.1504158973694,1.51577091217041,2.65121757984161,24.9626881182194,0,0,7.70234781503677,12.9930954575539
411.761845946312,20.4732475280762,84481.6569362283,27.428551286459,410.308776497841,244.836523264647,806.240369349718,2615.25722107291,241.220249563456,416.207385092974,140.564459443092,58.9315882027149,1.61054044961929,3656.19023162127,1108.0796533525,8692.89782834053,21009.7987011075,248.354525595903,1873.25410157442,26.8365785181522,94739.6086399257,762.082530409098,0,467.025941967964,1.80052182078362,7885.80350875854,46821.9053951502,8673.19802582264,2459.21699026227,16418.6714355946,0,53.5169802904129,204.091863751411,19148.7858859599,9518.92992278934,33767.3267284632,14014.1114809811,34253.9679165781,20437.2684579492,1049.09093645215,892.857860982418,148.431265443563,420.533771395683,124.026759207249,223.274124085903,318.487016946077,34.6310423910618,41.8865622878075,0.800474464893341,1.148024559021,7.43392384052277,327.095091462135,4.25688996911049,2.89184063673019,0.93727234005928,49.313115477562,0.410175263881683,44.9370237588882,5.75706109404564,10.0443050265312,16.3890932798386,1.92324781417847,11.6278530359268,54.1147986650467,7208.89750531316,21.6095331907272,0.599234879016876,10.5369640886784,0.583916068077087,345.893890231848,281.219394892454,5560.56622299552,143.648409128189,0,60.6623652875423,10374.3623435199,112.368312120438,18.6328400969505,26.3675126731396,0,0.528292238712311,0.752382397651672,30.7948780059814,2246.06856536865
112.840728372335,2043.10910394788,89.3308212161064,8498.58794614673,171.548829287291,228.59337413311,12071.326136604,819.260867789388,30259.735739693,1106.31144183874,235.258056819439,1658.40803903341,1169.64174327254,1497.3655936867,2582.74605625868,3202.9581078887,30.8661176860332,41.8620853126049,54.535411387682,1391.71487736702,665.160137027502,15763.4209072888,467.025941967964,0,1079.11710116267,111.614022642374,12054.6362296939,25418.3719142973,1634.44311334193,2903.92193076015,170.669787198305,18.2949986457825,203.472685098648,1066.3552198112,837.545562326908,2985.70346999168,511.857834607363,954.689191907644,360.945823013783,556.91986399889,397.038585662842,283.441831350327,2404.60924050212,246.089940398932,654.825839579105,233.689982920885,203.872338503599,234.843229323626,11.2515787780285,69.7069289982319,37.2606058716774,21.2175515294075,624.660097062588,7.67585700750351,42.5215277373791,870.022041618824,184.576554775238,1589.44845160842,885.348867595196,127.616244971752,73.1991972923279,43.2013684213161,309.775152474642,160.123310029507,2223.04140400887,8.80833092331886,0.585832297801971,4.45820143818855,142.154555797577,1494.85287749767,189.047598510981,623.608521312475,6941.55667445064,7.28053444623947,37.3704087436199,423.87694811821,4338.50729250908,538.969959110022,450.613977998495,1.08382427692413,15.9313335120678,58.1278423964977,392.901883304119,397.817500174046
0,3116.35064935684,0,3.29229152202606,15.7961919903755,0,3.87875214219093,7.91437560319901,544.680240184069,3.67035794258118,870.314934402704,21.6624199748039,8018.14450436831,13.4528282880783,103.724831014872,19.6775909364223,6.85730147361755,36.938962996006,41.1080893576145,2.85195368528366,6.50535291433334,1214.56218215823,1.80052182078362,1079.11710116267,0,622.790109425783,13666.8370049,101.885550767183,10.5780636668205,9.47652232646942,1143.3176535666,4.03584966063499,0,106.923070311546,3.53879070281982,47.0774015188217,130.847177028656,89.609300583601,29.5797685682774,23.1534259915352,0.924180746078491,501.173433721066,23.3799444139004,68.5893041193485,23.0188593566418,11.1453856825829,9.33130019903183,0.76421731710434,118.310650616884,0,781.259157150984,2.68996727466583,1.07655239105225,0,1.37040066719055,0,3.55505201220512,35.8394383192062,4.08468934893608,719.921613693237,2.16247981786728,3005.24560561776,3.27535700798035,13.309229016304,1.19190895557404,0.969314277172089,32.7321838140488,16.3681968450546,0,0.844510018825531,58.9108079075813,0.530027866363525,22.4490582346916,1833.69367334247,1076.71002730727,3936.57191845775,1.21596843004227,5.33141398429871,0,964.427654415369,6.56219375133514,0,46.1811289787292,5.30808347463608
114.360914617777,267.996022850275,24079.2548988461,10.8120282590389,8.83742213249207,77.2977322340012,87.5766584277153,1203.90342304111,87.8357455432415,563.946326583624,8055.49382653832,231.956528812647,836.581919074059,2144.77435752749,57.0140525698662,24.3135289549828,7655.30582770705,8458.34259420633,7128.16421934962,102.163284093142,837.396744519472,49.8157243430614,7885.80350875854,111.614022642374,622.790109425783,0,38858.8617979288,84.1817620694637,2096.15927258134,1052.24054265022,1886.02941286564,438.062331527472,20.9964070022106,5517.68944650888,1107.49085304141,5441.09093746543,12288.5472921431,6006.13146993518,4605.01018628478,107.656910389662,190.418285042048,162.018720209599,458.730985492468,365.741002827883,404.518160223961,280.200086146593,7.81210440397263,10.604071855545,66.0876425206661,0,604.240729093552,187.631347924471,0,0,0,0.547921597957611,8.86883914470673,42.8070890307426,0,2266.42098888755,1.31798619031906,3044.25477212667,23.5634210407734,5.37815821170807,2.7166234254837,374.275958031416,423.489673495293,569.552011072636,0,8.80747216939926,61.5150802135468,36.6776621043682,20.3355475664139,815.182642936707,11017.0405942202,23907.4830819666,1.73567938804626,54.636057138443,18.1418628394604,3851.32687315345,7.15194356441498,0.408804357051849,330.273776173592,537.034796029329
282.841684907675,22394.1988345981,10416.4290854633,56.8279581964016,157.670723974705,183.765265196562,607.209741503,1904.5711736232,3808.63386616111,823.236604735255,4363.2214179635,441.493371963501,7253.46720924973,3811.33236226439,1253.82050985098,2912.93893933296,15858.6022738814,3729.29832157493,7134.09007409215,148.091010719538,4017.25162550807,19930.3472419381,46821.9053951502,12054.6362296939,13666.8370049,38858.8617979288,0,3896.00587320328,4158.96018922329,1958.85951280594,3580.51349657774,365.943416774273,74.9874015748501,20766.9738365412,6546.53016060591,25448.5559998453,18917.4061378837,29187.5325784385,21765.6521606743,782.415782958269,753.395782679319,328.903846114874,3876.39949929714,1377.65223580599,3096.43496587873,2042.95971241593,49.7499080896378,110.549564838409,258.681495726109,6.35401967167854,8209.14054358006,6238.01020222902,0.335669249296188,2.94814562797546,5.03437861800194,117.600306749344,30.3086429238319,237.655406326056,1.79779615998268,3799.32401007414,9.08814483880997,6646.01033261418,122.388584375381,80.6260278820992,2389.49449947476,3464.95654410124,746.122701019049,2309.78685036302,0.575190424919128,408.136171013117,2346.25353896618,4503.83142493665,262.090335160494,2947.99650153518,27185.55945912,204365.868092954,71.3005672097206,145.708525359631,316.116992205381,6979.37710559368,30.5860050022602,4.82041737437248,1361.44986999035,2967.51001536846
187.934478849173,181.147325336933,1071.50347998738,7393.33853310347,143.347640454769,977.990650862455,74507.170298025,2395.48995630443,9338.08488824964,6259.14021840692,91.0009953379631,893.302548080683,159.09445092082,2909.78352427483,2412.36878529191,2874.25570398569,36.3990899920464,67.4539519250393,76.3031072616577,786.62728959322,10310.1864476204,1307.68825098872,8673.19802582264,25418.3719142973,101.885550767183,84.1817620694637,3896.00587320328,0,2479.73342788219,25525.9464536607,14.4110184311867,29.1809270679951,706.424924820662,2782.52161058784,2480.22924906015,8498.47934314609,1860.18144398928,3609.75899271667,1425.12939715385,567.967609792948,905.885199487209,780.027499377728,5243.67904442549,407.970785588026,1462.02877986431,498.540797919035,582.247680872679,656.194615215063,22.6741333007812,136.364178806543,12.0280280411243,28.8124756813049,1542.5372312218,12.9803366661072,104.149909764528,1466.25115939975,377.472638845444,1776.77125543356,2478.24833227694,448.091754704714,191.909227877855,157.562319874763,579.003019958735,411.855841249228,2166.73973309994,9.23524513840675,0,2.02491736412048,494.811732068658,1881.99804669619,126.802133560181,691.127648562193,10275.9700405598,0.809855401515961,11.8157403469086,755.626298874617,7829.59306576848,1092.76906952262,956.197770595551,0,40.2061129212379,94.3856928944588,802.767481505871,736.158643633127
12907.7037398815,14.9160020947456,2462.69696173072,172.784978225827,15.6058499217033,230.327947720885,1583.1690273881,3726.72108723223,935.052180886269,2519.28351442516,2058.89954218268,254.265369176865,50.9644206762314,32266.0028339475,143.997545093298,17.9071420133114,3768.21207463741,2103.59671452641,3363.2187577486,317.113201111555,688.05013898015,25.8213014304638,2459.21699026227,1634.44311334193,10.5780636668205,2096.15927258134,4158.96018922329,2479.73342788219,0,23177.7886555493,10.131285071373,160.719288676977,7165.76149916649,14541.8987194896,147.222995340824,845.040179371834,765.01864361763,3547.84802171588,695.35132470727,126.139056161046,320.385860979557,55.4574955701828,503.093345224857,12.3341563045979,228.158648699522,42.9175526797771,66.7476504147053,60.4936482608318,2.8014310002327,11.3900585174561,13.8389219045639,4.37893986701965,13.931203186512,0,5.44971957802773,332.318837225437,15.8839117586613,197.054167091846,87.424050450325,33.4855285286903,7.83905947208405,35.9929477572441,35.0538473129272,32.5248782336712,11.4174308776855,9.55369168519974,1.41868257522583,5.81111299991608,15.2175842225552,9.11651411652565,2.82495841383934,3.18577867746353,741.68592825532,1.90626156330109,88.3247943818569,371.850087225437,586.018818467855,106.026356101036,25.6533796191216,4.05142796039581,0,11.0248823463917,140.818467229605,37.2116312384605
11355.6345230341,14.0942467749119,3986.09004408121,30.3516638278961,54.1907018125057,678.310672551394,10344.5582924187,16643.3651081324,1016.10016381741,660.781682193279,123.75117957592,103.042956501245,24.7619178891182,33531.6628136635,1024.11043027043,66.7593132853508,3318.08322381973,103.901511311531,468.259831666946,52.5097114145756,18766.0598981977,62.862550765276,16418.6714355946,2903.92193076015,9.47652232646942,1052.24054265022,1958.85951280594,25525.9464536607,23177.7886555493,0,4.62537822127342,22.4473633170128,7586.59832820296,19964.8061563969,2250.28473070264,4819.92896234989,1013.96146556735,11304.655816853,2253.66486012936,305.815451472998,949.252839684486,459.138482511044,1354.9176478982,80.0402958393097,424.074717640877,142.381587415934,119.130302369595,208.574737817049,2.16042518615723,28.6281077861786,0.522395968437195,8.9172240793705,19.7258670926094,0,21.0014747083187,512.777579218149,76.5656182467937,187.059028178453,70.3767124712467,101.81527864933,32.9643020629883,43.4348815083504,133.153962165117,96.189923286438,277.57863214612,2.22409945726395,0,1.19682109355927,16.934352606535,336.626344919205,16.6322076618671,80.1800951957703,1554.29438644648,0,4.76353394985199,128.776745557785,1147.28207710385,278.07533338666,172.191012024879,0,13.2196238040924,17.4843112826347,224.157137095928,454.342112630606
