0,0,411.025152891874,0,0,112.756548821926,5499.7333959043,2777.35533004999,0,23.4298619329929,68.0641873478889,8.16227281093597,1.90811562538147,9443.26448461413,1.8718763589859,0.732464253902435,328.803756922483,87.5017073750496,201.456745922565,4.57507258653641,170.302583217621,0,396.847504347563,1.87293034791946,0,258.310205817223,159.570809498429,21.0776491761208,5350.05542692542,8280.69235116243,1.67153656482697,5.83656167984009,38.8269442021847,216.015052556992,6.18823766708374,51.7699967324734,15.0410263240337,81.460141569376,27.9109926223755,6.32346540689468,4.57609748840332,2.21649569272995,1.0336492061615,0,0,1.86976051330566,0.611697852611542,0,0,0,0,1.38917416334152,0,0,0,0.98639303445816,0,0,1.17526352405548,0,0,0,0,0,0,0,0,0,0,1.37085950374603,0,0,3.74885708093643,0,0,5.24293065071106,1.1096214056015,0,0,0,0,0,0,0
0,0,24.8367433547974,6.70422965288162,8.18348145484924,1.18407160043716,5.58805364370346,1.22176140546799,3249.44600379467,3.73326474428177,194.280643463135,0,2022.37919634581,0.952104687690735,124.402567863464,374.145090162754,12.8801106214523,6.00889566540718,6.20426952838898,0.439199805259705,67.8508009016514,5234.4856274426,38.8645067512989,5836.38894739747,2043.17353105545,171.997515231371,13628.6792698205,416.438837230206,2.18324583768845,0.839443534612656,18.8182011246681,3.20166623592377,0,262.702279776335,0.797256290912628,59.8592952489853,242.022521913052,83.7973137497902,19.0427827239037,120.416239202023,0.548278272151947,555.25531950593,176.131314456463,247.933808684349,58.4443306028843,29.4258569478989,3.06314158439636,0,106.816608786583,0,2142.38509351015,183.072234719992,0,0,0,5.00889986753464,0.479935228824615,13.9722346663475,0.460160583257675,97.8116214871407,2.72335141897202,317.49718183279,3.67472517490387,0,42.496332347393,52.6716719865799,14.815368950367,17.361466139555,0.799215316772461,3.39098343253136,354.791891992092,44.9483086168766,91.0927468538284,185.242363452911,342.315341860056,6162.10508257151,16.0224387347698,4.37716239690781,6.16420471668243,32.0638025701046,0,0,7.15148419141769,3.49472987651825
411.025152891874,24.8367433547974,0,4.37743863463402,29.0617183446884,380.584535270929,7290.59356483817,3032.07975843549,2.9056750535965,259.082803875208,224.078873246908,27.9249028563499,2.4579598903656,2672.52445867658,80.4959907531738,183.506124705076,28786.8236122727,1031.20058625937,3961.73564463854,23.5893523395061,11730.2879244983,27.6728628277779,54555.7067057788,60.6690728068352,2.09274214506149,51597.0520606935,35599.4321077168,999.580298662186,692.007595419884,8116.75232958794,0.715140879154205,12.3994492590427,60.9617375731468,6427.29091751575,698.964126467705,14793.2722533941,6472.30852347612,7516.55556467175,6255.15749302506,66.1154308319092,45.5279810130596,14.7759456038475,531.108694851398,145.435477077961,147.708140701056,129.935566067696,26.0664938986301,8.8559901714325,4.10295230150223,1.21877610683441,73.375845849514,2318.95906856656,0,0,0,112.931920617819,4.62257677316666,4.82450467348099,0.896273791790009,3.75757771730423,0.440585404634476,1.59823179244995,22.1731577217579,0.999671041965485,250.386277347803,230.321090459824,13.4128598570824,51.0874010920525,0.510719478130341,38.9493560194969,126.867351263762,673.16038620472,190.869012922049,2.9859157204628,697.352196991444,11251.3053133488,97.7503004670143,20.4325602948666,30.8125405907631,2.28025797009468,0,0.500178098678589,31.0972050428391,652.099281102419
0,6.70422965288162,4.37743863463402,0,41.9501893520355,58.9996740221977,278.041048943996,73.7914462983608,1905.16996869445,9684.5684158504,11.6620577722788,681.744990676641,1.14869669079781,137.647303819656,454.08408048749,0,1.01589787006378,8.28974115848541,7.74833476543427,19404.8387979269,1.17311978340149,5.69946324825287,0.481207728385925,5392.3907418251,0.332231223583221,18.4405948519707,6.82806017994881,9605.51808017492,130.756578356028,1.13900619745255,0.877809762954712,18.1148627102375,1.92223423719406,318.350670307875,109.362084150314,617.96980163455,3.09681764245033,157.268154621124,24.9760836362839,400.963701307774,73.4419419467449,1.82392320036888,215.411710590124,2.66148519515991,41.0494606494904,4.46057972311974,514.112590998411,28.5246366858482,2.58838725090027,0,0,0,455.224176615477,43.5962279140949,33.5989665687084,85.4499290287495,16.8418600559235,230.145642489195,625.298453658819,0,249.729624956846,0,8.0536732673645,265.521259337664,1.11043703556061,0,0.403745889663696,0.605789363384247,260.763740539551,0,0,0,778.3476575315,0,0.443157225847244,0.323451429605484,1614.20981803536,7.40979924798012,0.791549324989319,0,6.14252787828445,0,24.5594736039639,4.97455233335495
0,8.18348145484924,29.0617183446884,41.9501893520355,0,2902.01316308975,60.3667258620262,27.5493791699409,289.38531512022,114.096872597933,11.2951392531395,3478.02183893323,2.46346998214722,6.42289113998413,4531.14907985926,65.0875608325005,11.1694388389587,6.06670844554901,2.15839868783951,417.73455619812,215.606058418751,13.9696182012558,499.254408955574,419.971965312958,4.02728915214539,6.10660997033119,156.977475464344,184.557706475258,2.19313442707062,26.1709591150284,0,563.478289842606,1.4387423992157,1389.11444273591,456.53504511714,105.239275038242,88.9241327047348,27.1942695379257,404.411261498928,15638.2072522342,1017.61936414242,2.34378826618195,51.3950592875481,2.41496843099594,8.82032763957977,20.6307327151299,116.440644234419,4.45139330625534,2.28112435340881,0,0,2.46856677532196,27.2043175697327,10.0831382274628,8.48614618182182,6.885105073452,1.18692517280579,12.0948510766029,53.4711117446423,1.12492752075195,40.252366900444,0,0.612857699394226,46.3315615952015,2.30301278829575,0,3.40580689907074,1.37768805027008,15.3070760071278,2.62405157089233,1.12086117267609,5.6021945476532,42.1734589338303,0,7.42741397023201,5.60176813602448,129.893133878708,2.62241685390472,1.23631143569946,0,4.08400136232376,0,0.640568792819977,769.541670113802
112.756548821926,1.18407160043716,380.584535270929,58.9996740221977,2902.01316308975,0,11703.3290710151,14951.2681785822,171.442309528589,17113.7443728149,581.257778286934,11808.5957151353,24.2601927220821,1993.80270051956,6840.3239812851,0.518006503582001,189.485003769398,514.332669019699,268.786832928658,703.577882319689,150.583094805479,0.334885001182556,227.278247892857,218.450489401817,0,659.959622383118,338.753070443869,1691.32259768248,914.036925733089,1025.70265468955,10.0224603414536,605.615070074797,37.0151552855968,2268.31392294168,1361.93414571881,4164.16820174456,111.112958878279,1081.84169062972,95.3490907549858,10140.3279479742,2726.56378418207,146.871919989586,71.7216110229492,7.03949168324471,57.5310498178005,41.9454745352268,93.1801182627678,25.8903851509094,38.8887683153152,0,0,0.606302559375763,44.7522614300251,4.09711521863937,2.77324885129929,20.367631316185,7.21630877256393,33.9708034992218,56.8570666611195,2.00902941823006,31.2895888090134,0,2.41635179519653,31.0755372345448,0,0,0,0,26.8117293417454,0,0,1.02603244781494,206.637682080269,0.659536957740784,0,5.85608771443367,312.239577203989,1.23055320978165,0.511945486068726,0.709345936775208,0,0,4.87964108586311,140.560158580542
5499.7333959043,5.58805364370346,7290.59356483817,278.041048943996,60.3667258620262,11703.3290710151,0,12958.3566283286,481.313448399305,43246.9371345639,1110.80170431733,712.418474048376,24.6538483202457,28925.859341234,1111.70498999953,42.0248848199844,434.582308858633,1000.10712346435,844.996659010649,432.817187279463,8784.14075800776,21.166197180748,4542.20510360599,1287.98024025559,3.00004947185516,2778.27795955539,1999.71896401048,56278.784719497,13371.6004330814,15463.7943097949,19.3330636620522,406.207298517227,2029.47916290164,9921.19149470329,5028.2271977067,14562.3870628774,837.504550665617,9119.40161502361,2843.03849440813,1298.8754478991,1736.9865694344,128.072834402323,1504.6087372601,26.0530344545841,359.480311602354,151.140787363052,763.230952709913,175.609983831644,56.0866779386997,6.62718412280083,2.88818210363388,27.4259458482265,267.919250041246,25.0079562664032,23.1920320689678,320.05314335227,94.1050835251808,230.847837746143,616.663436025381,3.25364926457405,94.941684871912,0,74.2637306749821,110.077741533518,41.5818012654781,4.84104585647583,0,0,149.753564506769,18.4898087084293,9.30739015340805,22.2743955552578,3373.38323435187,0.899361431598663,11.7275339365005,120.794089078903,4111.70115193725,123.740177482367,43.3631899952888,0,0.8003209233284,1.51659831404686,110.904122412205,502.51475507021
2777.35533004999,1.22176140546799,3032.07975843549,73.7914462983608,27.5493791699409,14951.2681785822,12958.3566283286,0,55.9064947664738,11457.7928030789,988.1500248909,1828.97409033775,54.1145134866238,23225.3480477333,353.202676832676,4.14248293638229,2488.3264067173,861.142786026001,1670.25655448437,766.438037782907,1237.98748588562,0,2645.5351806879,93.0223194956779,7.86406007409096,2297.56471005082,1555.26643690467,1039.96486750245,5312.98977574706,13893.2062567472,17.3259335458279,322.399952173233,87.3133020997047,2868.97677528858,403.593740284443,3899.92088833451,232.617556452751,1319.49292993546,171.464231848717,2573.83094081283,489.296957433224,114.289623707533,46.1519390642643,9.23972594738007,43.7752587497234,57.9089578092098,46.3247365057468,33.6002751290798,30.1194059848785,0,0.730123937129974,4.7604985833168,4.36115634441376,0,3.11368316411972,7.49287164211273,8.68518799543381,16.2169161736965,14.5580348670483,2.41048592329025,11.2626296877861,1.60870325565338,4.19541111588478,18.2990999817848,4.17327636480331,0.671235918998718,0,0,6.34955626726151,0.62162309885025,0.694826543331146,0,98.8610553741455,1.18248558044434,5.65228188037872,36.9518273770809,104.902788281441,0.972657561302185,2.90156978368759,0,0,0,1.5349977016449,42.0586624145508
0,3249.44600379467,2.9056750535965,1905.16996869445,289.38531512022,171.442309528589,481.313448399305,55.9064947664738,0,1597.56804165244,148.559246361256,1581.81689798832,1261.46015965939,43.5731703341007,3156.40836489201,71.0432431101799,3.80271491408348,5.578005194664,1.59387549757957,1321.03568285704,26.9204094409943,9218.51708945632,18.3765180408955,40808.6155007184,1491.87255737185,53.044517993927,5021.0318787396,9127.99378448725,28.7706594467163,13.1162311434746,45.8730697929859,35.3813265562057,4.10915172100067,228.935919344425,23.3193802237511,645.533264636993,202.809296429157,82.4694498479366,14.147455483675,1440.85511142015,23.9056596457958,228.714091539383,547.32192325592,108.404933869839,117.969289630651,28.2434717416763,536.152077138424,49.1033653318882,40.2764512002468,1.69280362129211,64.0184434950352,6.31359580159187,804.76497516036,79.5202679634094,54.6780031919479,209.16901448369,69.2045114040375,3355.7277687788,781.415582805872,89.5070797204971,269.734180659056,159.938585400581,55.6393246054649,284.50489705801,561.552202314138,4.25897318124771,21.2016063332558,7.29916670918465,326.348656564951,134.223787277937,180.150871068239,290.311538815498,7846.10584875941,74.7841850817204,54.6529457867146,215.958827733994,5537.05181717873,98.6391545832157,43.3415312767029,5.29965624213219,8.90206950902939,2.71927404403687,51.717050075531,50.0121775865555
23.4298619329929,3.73326474428177,259.082803875208,9684.5684158504,114.096872597933,17113.7443728149,43246.9371345639,11457.7928030789,1597.56804165244,0,1384.67031875253,17968.7201165259,32.4625553786755,6706.2258990407,1022.20487317443,0,60.6581670343876,1136.95062890649,779.888147562742,18933.9202501476,86.603524684906,3.31704986095428,95.0298887193203,1987.44933655858,0.763504713773727,1985.77319592237,714.555451005697,11661.6500970423,3745.0122308135,299.470519334078,15.0333554148674,572.887480348349,46.1027869582176,6490.578977108,3165.61675056815,11654.6064432263,242.971472382545,4484.1929256618,430.632091999054,2526.5744510591,1590.54385656118,173.00366511941,429.017237722874,8.55150532722473,148.304408431053,85.8790213465691,831.850027650595,71.7347851991653,40.7314479351044,0.395226001739502,1.40070259571075,0.636755645275116,543.275232881308,84.2622272670269,49.2810305356979,214.04131808877,19.4029180705547,317.310469031334,1201.69050228596,1.25497484207153,334.125616371632,2.03050148487091,11.3741902410984,348.254321992397,3.88141828775406,0,0,0,270.459814339876,1.73258358240128,0.532662749290466,0.742111265659332,1893.99744734168,0,0.464880108833313,1.93197157979012,3407.63886883855,8.99486827850342,1.03321194648743,0,7.68809753656387,0,34.6311437785625,238.902075529099
68.0641873478889,194.280643463135,224.078873246908,11.6620577722788,11.2951392531395,581.257778286934,1110.80170431733,988.1500248909,148.559246361256,1384.67031875253,0,804.631959617138,7444.57318565249,3215.49886664748,28.5790010988712,21.9247362315655,174.982130914927,5019.49133312702,1218.1462777257,373.487945020199,169.157051712275,62.0743609368801,219.594067424536,110.778724253178,749.003150910139,4204.27698689699,1286.36274510622,230.454321086407,5191.03999444842,390.879971086979,747.622238487005,2169.80091264844,25.625305891037,12649.5193938911,222.700218766928,3051.10209408402,4554.41138362885,7946.74888455868,1109.11812284589,243.870950162411,92.4677435457706,1676.26677972078,43.5568499565125,2334.76952618361,77.9472968578339,22.0834406018257,26.2579010725021,2.83080303668976,821.790650308132,0,68.323582559824,0,0,1.74176275730133,1.17977488040924,0.512073636054993,7.44138342142105,100.857248574495,1.14197993278503,3980.84691253304,1.33796072006226,6406.76845046878,6.10613590478897,6.09388673305511,1.16691383719444,0.862401247024536,115.036181360483,4.80547297000885,0,1.09152349829674,48.2306742966175,0,47.2069551944733,373.529957830906,976.579614400864,1781.90446040034,22.9059538245201,13.6516390740871,0,1425.59845286608,1.65158951282501,0,36.0605353713036,145.355315744877
8.16227281093597,0,27.9249028563499,681.744990676641,3478.02183893323,11808.5957151353,712.418474048376,1828.97409033775,1581.81689798832,17968.7201165259,804.631959617138,0,21.0124273598194,1386.07953736186,9960.36045202613,0,26.2583586275578,723.538213133812,342.772598415613,20393.1297137737,6.01414057612419,1.73630785942078,15.7523539960384,2480.49372342229,3.84387028217316,1078.2937554121,394.719143509865,551.106375426054,969.890517890453,17.8348658382893,12.6785333454609,655.943323612213,0,1685.98152175546,1797.47059550881,1498.94398367405,94.5470484495163,1093.03806936741,71.1424163281918,7002.97199451923,311.196982115507,134.082777053118,149.090876042843,1.21186873316765,66.644319832325,47.9827668368816,482.170708686113,23.764156639576,27.1686808168888,0,0,0,144.800269186497,44.2062513828278,40.7417012155056,33.1444784998894,14.7986797690392,144.936770349741,233.097144812346,4.37520903348923,769.90556922555,0,6.72407269477844,198.15756586194,0,0,0,1.58289921283722,88.4983438551426,0.948178350925446,0,1.04795861244202,276.171426981688,0,0,1.14103841781616,539.244067788124,9.01017180085182,0,0,0.88219290971756,0,11.1727651953697,214.494959592819
1.90811562538147,2022.37919634581,2.4579598903656,1.14869669079781,2.46346998214722,24.2601927220821,24.6538483202457,54.1145134866238,1261.46015965939,32.4625553786755,7444.57318565249,21.0124273598194,0,177.622335284948,32.6166482567787,27.5369038879871,0.853196501731873,20.3893216848373,1.92366051673889,6.10333773493767,2.95792153477669,959.714361995459,9.00538757443428,813.672747910023,9761.53450357914,216.22551381588,1648.18705901504,84.4660297334194,285.537533253431,13.5095327794552,594.927570730448,222.76179894805,0,3881.60470241308,6.21004271507263,140.262393414974,1763.11159670353,1058.91199836135,48.8871968388557,53.846015304327,12.0428625941277,2066.20933395624,44.322824716568,3327.62761077285,244.297816962004,20.0333092212677,17.3882834613323,10.7969734370708,2677.59261617064,0,136.712255954742,0.699690520763397,1.33947515487671,0,0.870840072631836,1.23073822259903,3.47585994005203,222.652064919472,1.90452069044113,5447.6169628799,1.54062104225159,12498.8883382678,19.8835417032242,7.8039847612381,2.27838164567947,2.35701417922974,126.302344828844,10.8925341665745,0,0,144.938499093056,0,60.1386598646641,1427.07238087058,1041.97583624721,2591.23207378387,12.2681069672108,47.8787496685982,0,1856.21555039287,8.05008459091187,0,103.266259908676,8.32441520690918
9443.26448461413,0.952104687690735,2672.52445867658,137.647303819656,6.42289113998413,1993.80270051956,28925.859341234,23225.3480477333,43.5731703341007,6706.2258990407,3215.49886664748,1386.07953736186,177.622335284948,0,92.2108616828918,7.56856828927994,3189.29137423635,1911.9632729888,2837.22007468343,753.297540336847,1568.83303555846,0,3171.47103378177,97.7593358457088,8.53241696953773,3272.60400132835,2008.77227696776,1309.77666532993,20732.8849816024,20804.3181922734,62.1253471672535,147.247735381126,211.928801089525,5008.72891703248,367.234196722507,2222.47520288825,359.644653558731,1621.56802138686,260.978292137384,507.280414015055,272.066384166479,89.6736135184765,44.5649099647999,14.8105815649033,19.224415153265,22.8363657593727,25.6158268749714,12.4201155900955,16.3321231603622,0,2.49194002151489,6.84463456273079,4.63543474674225,2.23431280255318,1.73104965686798,12.5917663574219,2.10545507073402,14.3338016867638,6.63197180628777,10.9024520516396,10.0714405179024,18.2115676403046,1.3514496088028,2.72031593322754,4.25301748514175,0,1.45844614505768,0,1.89658525586128,1.04568552970886,0,2.4277009665966,111.859376192093,2.74566122889519,5.76131400465965,37.9044003784657,83.9147950708866,2.98906737565994,1.52018886804581,1.52023985981941,0,0,0,22.3991340994835
1.8718763589859,124.402567863464,80.4959907531738,454.08408048749,4531.14907985926,6840.3239812851,1111.70498999953,353.202676832676,3156.40836489201,1022.20487317443,28.5790010988712,9960.36045202613,32.6166482567787,92.2108616828918,0,104.088733971119,14.7967718243599,29.7210607528687,19.8950065672398,1417.89893633127,800.354478657246,207.157998770475,876.853449225426,4880.0705140233,49.1566969752312,63.5067507326603,448.399348348379,1961.73556041718,50.9599415063858,166.479044258595,0.902004152536392,351.064169347286,4.17246603965759,461.356052935123,2093.84285250306,621.494800150394,127.606204539537,151.367994070053,315.677653133869,5019.36062252522,237.23671746254,14.5145688652992,227.608408302069,12.1279064416885,42.9444971978664,43.2964466810226,519.725383847952,25.9732886552811,6.1636306643486,0,2.72443723678589,0.991992771625519,174.496276080608,41.8173116445541,28.9096421003342,43.3781123757362,13.8770884275436,127.511404514313,239.534136623144,4.65642777085304,149.794624716043,0.416565179824829,20.37942892313,215.731634050608,6.88542851805687,2.48486924171448,0,1.19992411136627,94.0129567980766,11.5635659694672,5.2543740272522,12.2437742948532,470.465390175581,0.883709728717804,7.82235735654831,10.9015816152096,702.778621405363,17.2194154262543,2.50145298242569,1.81539440155029,0.587607204914093,0,17.4224874675274,1946.32117888331
0.732464253902435,374.145090162754,183.506124705076,0,65.0875608325005,0.518006503582001,42.0248848199844,4.14248293638229,71.0432431101799,0,21.9247362315655,0,27.5369038879871,7.56856828927994,104.088733971119,0,34.2314254939556,16.3409549295902,28.4707501828671,0,12393.129047066,6788.77743536234,9558.3202881813,4287.43019208312,44.4644915759563,87.5641737878323,8194.40597212315,2578.32298392057,7.84058153629303,77.2651518583298,1.85057657957077,0,1.5392581820488,550.773174732924,367.464840173721,7510.06929609179,2577.35217857361,2058.19513228536,2109.99596098065,7.73271197080612,10.5984690785408,10.5946066975594,1478.22434127331,128.030779600143,253.160635024309,142.226588696241,143.720439344645,22.5738176107407,1.61787039041519,36.5080428421497,21.300175100565,195.743392825127,0,0,1.76960387825966,152.065387815237,84.3896182775497,120.790396273136,5.70744481682777,7.66614383459091,0.444441139698029,1.41531544923782,211.060744911432,15.0578353404999,11811.6716846824,21.8885093331337,3.97932952642441,5.51383352279663,2.48834705352783,2316.73143330216,2164.18570157886,8459.54021912813,2618.6035348475,3.06946805119514,45.1470964252949,5146.81648388505,930.831145703793,450.528704732656,764.130530595779,1.06943893432617,0,24.0783280730247,61.0182009935379,340.228935152292
328.803756922483,12.8801106214523,28786.8236122727,1.01589787006378,11.1694388389587,189.485003769398,434.582308858633,2488.3264067173,3.80271491408348,60.6581670343876,174.982130914927,26.2583586275578,0.853196501731873,3189.29137423635,14.7967718243599,34.2314254939556,0,1058.36185765266,5725.26022282243,18.8762127459049,1754.66449290514,3.94892060756683,13884.2240444422,18.4597495794296,5.43824344873428,17613.1460252404,22076.851115346,78.6314791142941,3004.84782382846,5558.80106338859,0.489407360553741,5.61834537982941,332.253158032894,3232.54147696495,82.5685203671455,2956.80358940363,2070.60963609815,1372.8119584322,822.740165263414,32.4353460669518,9.32826119661331,3.71112853288651,41.0919776856899,3.58169513940811,13.9911863803864,11.3986899256706,12.95656940341,1.24861884117126,1.0841851234436,0.530753552913666,13.8253556489944,78.2187165617943,0,0,0,3.64795044064522,0,3.8126865029335,0,0,0.542781412601471,1.94126057624817,1.07243847846985,0.868562996387482,21.5919251739979,9.91504865884781,0.631039023399353,1.3288322687149,0,10.8324288725853,2.99761039018631,11.2081508934498,51.3126348853111,4.74469816684723,139.734522521496,585.802287518978,17.3746228218079,7.38560035824776,5.87240386009216,0,0,1.1509929895401,1.38505956530571,68.5326941907406
87.5017073750496,6.00889566540718,1031.20058625937,8.28974115848541,6.06670844554901,514.332669019699,1000.10712346435,861.142786026001,5.578005194664,1136.95062890649,5019.49133312702,723.538213133812,20.3893216848373,1911.9632729888,29.7210607528687,16.3409549295902,1058.36185765266,0,1850.2759398222,264.638765752316,170.017583191395,0.671165585517883,1134.5297190249,43.2243360280991,25.3674341440201,6093.53808456659,1482.73190608621,131.021766066551,2532.60226991773,553.521114856005,59.399402141571,674.69818264246,60.6900561749935,3447.58758231997,319.586567342281,5093.77476832271,6054.90744569898,6508.98560643196,1802.73902529478,190.792388498783,31.8373415768147,16.9339610934258,25.3035512566566,182.434589147568,15.1390648186207,17.194045394659,5.18863862752914,0,6.770083963871,0,11.7511810660362,6.77106615900993,0,0,0,0,2.78109806776047,0.667031109333038,0,192.001761615276,1.481026917696,255.592616409063,2.31286323070526,0.930517673492432,5.60351634025574,2.57406634092331,54.67607614398,19.209727704525,0,2.47066956758499,0.801472723484039,3.22697865962982,6.26960343122482,27.1273178458214,625.912358880043,1092.50818866491,8.12310221791267,1.45983475446701,2.01256084442139,185.374946266413,1.30941653251648,0,2.18417912721634,240.535060465336
201.456745922565,6.20426952838898,3961.73564463854,7.74833476543427,2.15839868783951,268.786832928658,844.996659010649,1670.25655448437,1.59387549757957,779.888147562742,1218.1462777257,342.772598415613,1.92366051673889,2837.22007468343,19.8950065672398,28.4707501828671,5725.26022282243,1850.2759398222,0,152.827769070864,683.446264982224,0,4613.529361099,25.8757501244545,3.55309760570526,9854.2027233839,1966.7611849308,116.212344139814,2847.2118563503,1899.74040442705,3.26693689823151,59.3580978214741,199.583134710789,6981.98822411895,133.326934814453,3222.12147417665,2119.98949372768,2424.56856063008,933.465803980827,122.701578229666,22.5524501204491,4.1433510184288,17.1304945647717,13.3454367220402,4.93092462420464,2.07189321517944,13.3322340548038,0,0,0.494716614484787,3.74939578771591,9.76713752746582,0,0,0,0.429582267999649,0.412007659673691,4.76703530550003,0,0,1.38161110877991,5.58052182197571,1.94750171899796,1.70815235376358,14.2319901287556,2.5034511089325,4.78396093845367,3.27753776311874,0,13.0678962767124,5.14201766252518,6.93673500418663,37.3429871499538,0.857032120227814,135.610947310925,304.625881224871,17.7915880382061,7.58928233385086,3.34169185161591,5.46824681758881,0,0,0.704038262367249,82.5592277050018
4.57507258653641,0.439199805259705,23.5893523395061,19404.8387979269,417.73455619812,703.577882319689,432.817187279463,766.438037782907,1321.03568285704,18933.9202501476,373.487945020199,20393.1297137737,6.10333773493767,753.297540336847,1417.89893633127,0,18.8762127459049,264.638765752316,152.827769070864,0,4.92406910657883,6.22905504703522,4.10041695833206,1783.89037418365,5.10000377893448,454.109866648912,181.604545027018,4411.03851646185,671.474851965904,6.10691350698471,5.16170999407768,187.622899591923,1.15925300121307,1339.76734340191,316.005603194237,2575.19653910398,61.7842642068863,751.866911113262,93.9920274019241,1497.30220982432,283.809033840895,56.3043073415756,313.079193025827,2.27644038200378,77.875589042902,29.5667489767075,533.780493766069,40.484060883522,13.3657334446907,0,1.80198168754578,0,494.130865007639,55.9826855957508,30.3048467636108,95.8961150348186,22.1478459239006,213.001399099827,498.853031873703,2.50071737170219,415.269427359104,1.35307991504669,18.3901560008526,241.253345519304,0,0,0,0,190.383065760136,1.03680455684662,0,0,1039.8203946352,0,0,0.508701384067535,1979.76044291258,20.0422220230103,1.50170314311981,0,6.0133690237999,0,22.6080556809902,19.0054191350937
170.302583217621,67.8508009016514,11730.2879244983,1.17311978340149,215.606058418751,150.583094805479,8784.14075800776,1237.98748588562,26.9204094409943,86.603524684906,169.157051712275,6.01414057612419,2.95792153477669,1568.83303555846,800.354478657246,12393.129047066,1754.66449290514,170.017583191395,683.446264982224,4.92406910657883,0,837.122146546841,56241.9498043656,458.879590272903,15.6756558418274,1454.40983352065,4712.69363805652,4131.88017383218,1081.4179455936,36962.8927004039,1.42736658453941,5.37025856971741,322.532033264637,15978.3982696235,1783.44567605853,16994.1541127563,1199.80218476057,13847.9880607426,9215.7420130372,50.3675835728645,105.611474305391,5.84747213125229,1353.44537341595,87.7622798979282,215.776683300734,130.156554609537,401.506364047527,24.881168961525,5.57383859157562,41.7527416646481,2.77395537495613,133.836509436369,2.19109255075455,3.09109252691269,4.0597108900547,193.118904709816,104.816409885883,81.5994516015053,6.62311145663261,3.63827875256538,3.42686438560486,0.737433791160583,293.743021577597,12.8159500360489,2254.28608596325,15.0203638970852,1.78030067682266,6.7297657430172,1.6647921204567,1240.02155101299,477.1712474823,1191.35152623057,2548.33523890376,0,18.2010637819767,989.237917810678,1082.96014949679,563.359853059053,811.939820438623,0.37428230047226,0,26.9218272268772,68.849864423275,884.696742892265
0,5234.4856274426,27.6728628277779,5.69946324825287,13.9696182012558,0.334885001182556,21.166197180748,0,9218.51708945632,3.31704986095428,62.0743609368801,1.73630785942078,959.714361995459,0,207.157998770475,6788.77743536234,3.94892060756683,0.671165585517883,0,6.22905504703522,837.122146546841,0,725.305037349463,14513.0416375399,1426.71563446522,31.6577698290348,9451.2191593945,1071.47031033039,1.25765359401703,13.0479454994202,24.8735883235931,1.87240624427795,1.31025373935699,97.2481210827827,6.99700009822845,99.9974592328072,151.969691514969,62.3747896254063,19.8880037665367,153.741504132748,0,194.849733054638,614.243585139513,131.764875352383,112.829021662474,67.7633811235428,29.2620481848717,6.56208002567291,39.0498881340027,9.66660445928574,39.6220626831055,77.3337200582027,2.08079272508621,3.07373130321503,2.70468521118164,62.0313685536385,20.7489741146564,335.981414794922,4.26783564686775,58.089715898037,5.36748474836349,147.365395724773,73.312809497118,0,2279.98911884427,21.8955328464508,4.1603347659111,10.1247217357159,0,788.391950070858,1462.19826480746,1115.70431679487,1473.03932005167,44.9439606666565,77.5014185905457,3509.34459170699,366.338110685349,157.348434388638,236.455395877361,15.0335093438625,0,0,25.9289295375347,65.7686146497726
396.847504347563,38.8645067512989,54555.7067057788,0.481207728385925,499.254408955574,227.278247892857,4542.20510360599,2645.5351806879,18.3765180408955,95.0298887193203,219.594067424536,15.7523539960384,9.00538757443428,3171.47103378177,876.853449225426,9558.3202881813,13884.2240444422,1134.5297190249,4613.529361099,4.10041695833206,56241.9498043656,725.305037349463,0,763.169410765171,0.461117297410965,7575.14044359326,30462.2738279998,2458.00149944425,2214.49910196662,19035.580912441,3.95640301704407,10.484680056572,267.480111658573,15123.5868602991,2385.12846538424,35181.8532501459,9232.21542960405,21551.2242851853,19474.2993516624,95.4085540175438,107.589493066072,9.16771525144577,1043.96634930372,93.9015397131443,193.975314378738,156.931634962559,174.800139158964,10.4457086920738,0,14.9867418408394,9.79538372159004,341.040664702654,0.640623569488525,1.30686342716217,1.58104881644249,105.029884308577,47.1257833242416,14.8406772911549,4.69412881135941,2.84624010324478,0.745970040559769,0.649363458156586,109.314225792885,10.8944969177246,6078.07757720351,42.8775210380554,2.42749783396721,11.776758491993,1.69562447071075,1789.19725334644,713.432681113482,4805.60510680079,1467.31527730823,1.10613313317299,60.5115895271301,7708.71456494927,539.315251648426,209.407816499472,506.46632835269,0,0.63762229681015,8.27284532785416,45.1846655905247,2099.48279684782
1.87293034791946,5836.38894739747,60.6690728068352,5392.3907418251,419.971965312958,218.450489401817,1287.98024025559,93.0223194956779,40808.6155007184,1987.44933655858,110.778724253178,2480.49372342229,813.672747910023,97.7593358457088,4880.0705140233,4287.43019208312,18.4597495794296,43.2243360280991,25.8757501244545,1783.89037418365,458.879590272903,14513.0416375399,763.169410765171,0,1566.69734317064,135.931976437569,11137.0004643798,22367.8385033607,158.804378062487,321.934849709272,40.2721410393715,52.8097403347492,50.525415211916,1743.98280510306,665.663184821606,7295.29214644432,1008.25162518024,1161.41804400086,775.930386602879,2470.28695967793,98.6873852014542,120.957645922899,5821.94162595272,198.723783284426,941.181720286608,323.563032001257,1761.83549669385,357.413498938084,87.4056065678596,102.495022535324,135.42781367898,102.783928692341,1080.96827122569,67.0090576410294,120.272365957499,1121.14391744137,364.649638146162,4024.27914258838,1874.53310355544,84.860884398222,455.921630889177,96.5175599455833,704.400506913662,441.00626718998,2004.29212248325,14.2135389149189,3.7133295238018,6.96118453145027,498.000456184149,731.730940490961,871.941111117601,1065.77865585685,25412.2591204941,68.3791218996048,45.8759936094284,1229.80233424902,16168.8237860203,1370.74729704857,925.042582124472,4.22947508096695,11.0982728898525,29.5775865316391,391.88397911191,436.43598228693
0,2043.17353105545,2.09274214506149,0.332231223583221,4.02728915214539,0,3.00004947185516,7.86406007409096,1491.87255737185,0.763504713773727,749.003150910139,3.84387028217316,9761.53450357914,8.53241696953773,49.1566969752312,44.4644915759563,5.43824344873428,25.3674341440201,3.55309760570526,5.10000377893448,15.6756558418274,1426.71563446522,0.461117297410965,1566.69734317064,0,273.791176348925,15116.4831099808,114.713684290648,22.1532735824585,2.96398651599884,287.158210873604,14.8623774647713,0,956.664285093546,1.10655146837234,37.7311875224113,544.793726295233,290.834878921509,7.25222343206406,35.0905939340591,0,2319.73147702217,30.1497136950493,512.63696411252,80.1707017421722,11.8550637960434,3.91952168941498,2.03547883033752,377.793678879738,0,375.45614272356,8.62757682800293,0,0,0.494428008794785,0,1.08146050572395,54.5258683860302,0.465558499097824,445.340966016054,2.04905128479004,2524.71527305245,5.82125124335289,1.67055410146713,4.04517874121666,3.46488916873932,77.5068873763084,5.30408048629761,0,0,20.7996314764023,3.38550609350204,27.4396969974041,1702.00776267052,424.048787027597,2378.22754412889,2.72097456455231,5.98356041312218,0,381.855970710516,0,0,17.244089782238,1.15770989656448
258.310205817223,171.997515231371,51597.0520606935,18.4405948519707,6.10660997033119,659.959622383118,2778.27795955539,2297.56471005082,53.044517993927,1985.77319592237,4204.27698689699,1078.2937554121,216.22551381588,3272.60400132835,63.5067507326603,87.5641737878323,17613.1460252404,6093.53808456659,9854.2027233839,454.109866648912,1454.40983352065,31.6577698290348,7575.14044359326,135.931976437569,273.791176348925,0,22546.908072114,377.714668750763,3150.59296257794,2389.32180470228,547.971035242081,491.485126197338,109.08182528615,9365.89723038673,775.94867837429,16288.5837513208,18520.5775843561,12338.1453152299,5620.06912317872,264.843610018492,62.2327314913273,81.6966626644135,581.603534787893,1155.72266751528,270.822046220303,150.25120806694,37.7912694513798,6.91640803217888,31.2689427733421,0,458.340244710445,685.266914486885,0,0,0.715806007385254,20.4313424527645,1.98159176111221,17.2375812232494,0.5033358335495,1503.89918521047,6.15285366773605,2764.37344384193,13.7581330537796,3.46091252565384,15.471882045269,262.127897024155,433.272267729044,393.686513453722,0,15.6455584764481,40.6236636042595,57.5229120254517,40.2853753566742,423.053722262383,8442.67028561234,20368.3391867876,17.1269615292549,12.3884488642216,11.5221186280251,1470.30120050907,4.6495606303215,0.595212399959564,47.0638281404972,604.515461623669
159.570809498429,13628.6792698205,35599.4321077168,6.82806017994881,156.977475464344,338.753070443869,1999.71896401048,1555.26643690467,5021.0318787396,714.555451005697,1286.36274510622,394.719143509865,1648.18705901504,2008.77227696776,448.399348348379,8194.40597212315,22076.851115346,1482.73190608621,1966.7611849308,181.604545027018,4712.69363805652,9451.2191593945,30462.2738279998,11137.0004643798,15116.4831099808,22546.908072114,0,2639.78950721025,1542.26589110494,1888.91763809323,545.958257853985,97.7802240848541,89.6398635804653,17405.8447344899,2695.00138428807,51443.8275024295,27373.4424102902,28549.1437906027,23685.8006129265,407.504775077105,161.135562330484,124.725610941648,5967.50668162107,3213.859585464,2258.45004248619,1472.91438353062,107.025673270226,30.5746125876904,113.080527067184,0.534470438957214,7010.25076651573,17273.0743173659,0.581128001213074,0,4.88768836855888,445.232621878386,31.7792793810368,79.9026091396809,3.07930585741997,1815.62128084898,1.60038828849792,5388.71783661842,65.9431929290295,1.25959312915802,4912.96885430813,2661.69568762183,784.041141062975,1234.20300500095,0,433.76268646121,4468.86969295144,6251.56112927198,1071.97426378727,2339.84662243724,26845.8258031607,161435.01346153,327.708598405123,28.3047430813313,168.294973939657,2060.82937562466,7.19890829920769,2.87726700305939,404.614211305976,2493.75683420897
21.0776491761208,416.438837230206,999.580298662186,9605.51808017492,184.557706475258,1691.32259768248,56278.784719497,1039.96486750245,9127.99378448725,11661.6500970423,230.454321086407,551.106375426054,84.4660297334194,1309.77666532993,1961.73556041718,2578.32298392057,78.6314791142941,131.021766066551,116.212344139814,4411.03851646185,4131.88017383218,1071.47031033039,2458.00149944425,22367.8385033607,114.713684290648,377.714668750763,2639.78950721025,0,1940.65139678121,13685.7406720519,18.7430364191532,142.696716755629,1048.23202753067,8596.89537245035,3491.91561177373,21945.6144778728,1745.41738697886,7688.95644104481,3916.98986563087,1452.60381796956,823.912546902895,46.7007701694965,7204.48103779554,163.750724345446,1171.17087030411,332.037925034761,3345.66869771481,545.603166133165,93.740924179554,93.8552290797234,18.0587458610535,67.6073527634144,1680.20443895459,150.13798597455,147.187275320292,1539.8271035254,381.593374341726,2390.75057676435,3085.25372174382,8.58206528425217,730.156002521515,4.68853768706322,596.362572491169,842.886463671923,1155.85807615519,11.7140201032162,1.80116406083107,1.34728106856346,849.661788314581,570.642666727304,352.377964526415,719.945259362459,22018.2599077821,8.63446110486984,7.3490899503231,662.15828871727,20149.9049641192,1306.83131039143,845.478848397732,0,12.3481633067131,42.5619161128998,478.723441213369,683.789858281612
5350.05542692542,2.18324583768845,692.007595419884,130.756578356028,2.19313442707062,914.036925733089,13371.6004330814,5312.98977574706,28.7706594467163,3745.0122308135,5191.03999444842,969.890517890453,285.537533253431,20732.8849816024,50.9599415063858,7.84058153629303,3004.84782382846,2532.60226991773,2847.2118563503,671.474851965904,1081.4179455936,1.25765359401703,2214.49910196662,158.804378062487,22.1532735824585,3150.59296257794,1542.26589110494,1940.65139678121,0,13027.1166106462,107.309594810009,399.280365794897,4673.61406803131,17804.4257016182,86.4724674224854,871.173783808947,379.406391888857,2242.45276960731,186.567662328482,248.982022166252,163.624252796173,55.4636532962322,57.98186647892,24.4508686065674,17.3793606758118,7.47653388977051,28.8573370575905,6.05119287967682,25.8191260099411,1.12274384498596,1.61831891536713,1.25730234384537,1.20005917549133,0,0,7.86164149641991,1.4578857421875,10.8117108047009,2.34779644012451,11.8388188481331,10.723459392786,20.3229759931564,1.72422337532043,2.31545889377594,8.76221650838852,0,0,0,0,9.11032330989838,3.11927479505539,0.758606910705566,135.612109333277,3.28637439012527,7.65733754634857,13.4322038888931,87.702956110239,5.53830146789551,6.07696771621704,2.24651861190796,0,0,1.14827224612236,11.2548308372498
8280.69235116243,0.839443534612656,8116.75232958794,1.13900619745255,26.1709591150284,1025.70265468955,15463.7943097949,13893.2062567472,13.1162311434746,299.470519334078,390.879971086979,17.8348658382893,13.5095327794552,20804.3181922734,166.479044258595,77.2651518583298,5558.80106338859,553.521114856005,1899.74040442705,6.10691350698471,36962.8927004039,13.0479454994202,19035.580912441,321.934849709272,2.96398651599884,2389.32180470228,1888.91763809323,13685.7406720519,13027.1166106462,0,4.10434603691101,37.8744921386242,1992.65830662847,12933.0178210139,377.578089594841,3324.65798130631,296.38731366396,3861.55985933542,1391.74255234003,75.8794628977776,115.877627402544,13.3960988223553,768.335845410824,19.7330215275288,113.375705778599,62.944352388382,320.023898363113,38.7891306579113,7.21675896644592,14.8407521247864,1.67056840658188,41.3443601727486,3.44594144821167,2.10133343935013,2.66036066412926,74.413803756237,43.0027584433556,65.8219857513905,16.0432614982128,0.624983668327332,3.25898104906082,0,96.6516466736794,15.8509820997715,320.931947946548,1.71547788381577,0,2.48966068029404,4.4781888127327,223.072935760021,59.2877808511257,87.1172403693199,1782.35862848163,0,10.3888382613659,118.039546281099,875.600149601698,198.446793287992,144.91900703311,0,0,12.901474416256,27.1607085168362,123.84463006258
1.67153656482697,18.8182011246681,0.715140879154205,0.877809762954712,0,10.0224603414536,19.3330636620522,17.3259335458279,45.8730697929859,15.0333554148674,747.622238487005,12.6785333454609,594.927570730448,62.1253471672535,0.902004152536392,1.85057657957077,0.489407360553741,59.399402141571,3.26693689823151,5.16170999407768,1.42736658453941,24.8735883235931,3.95640301704407,40.2721410393715,287.158210873604,547.971035242081,545.958257853985,18.7430364191532,107.309594810009,4.10434603691101,0,73.6754543185234,0,196.424553483725,12.3598930537701,150.078695714474,446.639740675688,205.733172208071,67.6026503443718,9.45831456780434,4.22990986704826,36.6911706328392,22.5096005797386,381.68904209137,23.298464179039,8.21824634075165,0.829515516757965,1.93355423212051,63.0702130198479,0,30.5227132439613,1.91776502132416,0,0,0,0,1.21592652797699,26.8970828056335,0,1539.74485382438,0,2804.79064312577,1.75529307126999,1.82578760385513,0,0.622681021690369,72.4449973404408,10.8850921988487,0,0,9.34115961194038,0,6.82201877236366,224.313800275326,610.742270737886,1379.21968913078,5.31155461072922,1.94223666191101,0,838.325233638287,1.82571995258331,0,7.86565214395523,8.87724849581718
