0,0,0.0023151611548164,0.000207116799864623,0,0.000861576250237689,0.640301303441225,0.0547959324552248,6.79815739955663e-05,0.00305115902982253,0.000551182597441828,2.53907595228911e-05,7.44348266497313e-05,0.790629317786298,0.00016333626520704,0,0.0110651675110543,0.000203313660686749,0.00289344207555012,0.000128935072719812,0.0161358262554644,6.99117230256557e-05,0.0263499562696741,2.18569751391023e-05,0,0.00567654943951428,0.00171616921290319,0.00230160941329422,0.378933835997836,0.529698268344666,0,4.41889879970223e-05,0.000600904409842262,0.012191752002593,0.00160084617310764,0.00235574647390401,0.000335082328030023,0.00490798013549114,0.00192241453668647,0.000272121870681256,0.000325326749979749,0.000214847724220473,9.74206386406662e-05,0,0,0.000107508892386442,0,7.03528600357534e-05,0.000162697224188376,0,0,0,3.17480739571273e-05,0,0,0,0,0,0,2.139502276209e-05,0,0,0,0,0,7.20755817780911e-05,0,0,0,0,0,8.47317631357222e-05,3.61345899407745e-05,0,0,0.00011134562495783,0.000208189637250611,0,0,0,0,0,2.13321942634463e-05,0.000305253393884933
0,0,0.0331900598044983,0,0.000543931917702216,0.000158044171630776,0.000635334615678765,0.000261042165695948,0.217602374765544,0.000162041958323693,0.000906812507344741,7.79403188273189e-05,0.0865985382402982,2.57994695403725e-05,0.00403002710853475,0.0128110850524669,0.0653333456553582,0.00288131339201395,0.0334241429654575,2.0063761225158e-05,0.00221617526379289,0.2595755204521,0.00702960707523676,0.135015896249428,0.256738957512965,0.264772927992183,2.12425399318804,0.0110938088273299,0.000111832904647744,0.000445211208271972,0.00377854596591781,0,0,0.0262939183335537,0.00617011401525587,0.064448916009315,0.0126864141580869,0.0133210693574657,0.0182670858122555,0.00331492677932349,0.0001577050353315,0.00839400617865608,0.0562915358782789,0.00868697903862454,0.0125886522406711,0.0181057120025896,0.000271595661488334,0,0.000567692862457252,2.43414334963113e-05,0.274411797940009,0.00982833099318134,0,0,5.49270964152932e-05,0.000525807589569381,0.000354813701667684,0.000350674382353288,3.28858177116215e-05,0.0109080755870209,9.63547996600629e-05,0.0201794386133555,0.00116818823226741,0,0.00122786699624552,0.0649323190226654,0.00114276847860245,0.0264235436222585,0,0.00142032813995172,0.00519564221676954,0.00786322067467194,0.00129717415168503,0.0129459860946588,0.132206369135102,0.615182661963293,0.00133287361646943,0.00102648470162693,0.000923790092276637,0.00469034739864147,0,7.21122954686167e-05,0.0228033071544918,0.00819478297067366
0.0023151611548164,0.0331900598044983,0,0.000169483603034198,6.62351016768694e-05,0.000483722938956839,0.0597787023210302,0.0123052076310594,0.00155712827836892,0.000162312884615993,0.000205267071382642,0.000222518458448571,0,0.0153110167565162,0.000190099298878062,0.00457047976236459,0.569216289587967,0.00126991434123654,0.0512991563480324,5.05956527135432e-05,0.0814049315537366,0.0259424633286693,1.14533123322108,0.00261640605486724,0.000300216839887333,1.46712027028803,2.13567833810906,0.0440516471462297,0.0127015787893412,0.0566435590827887,0,6.33985753361823e-05,0.00127673338978415,0.0644165136804902,0.0114448002018265,0.07765449558404,0.0133360970291583,0.0279340575810205,0.0372628282089365,0.000824413862049777,0.000697240948693067,0.000444374680564821,0.123455238099498,0.00819534382965614,0.0320431261606742,0.0452691121775252,0.000725036275096124,0,0.000235779245806754,0.000195485320902648,0.0288014442520908,0.0465922240399564,0,0,0,0.00131799488439325,0.000300394522206089,0.000276630984478998,0,0.000465557898543576,0,3.46295800689519e-05,0.000980859266479102,0,0.005868129936574,0.135837412331629,0.000444236018546748,0.00632239871577234,0,0.0020736662809494,0.0159240510372488,0.0556490488730895,0.00148801370479736,0.000358249805214634,0.0566661227659135,0.509729481454022,0.00179718751702586,0.000419279902254107,0.00231136932867957,2.73001350926846e-05,0,0,0.0527512194678689,0.0102335772627161
0.000207116799864623,0,0.000169483603034198,0,0.00210894804500043,0.0327020831935403,0.0263952878625934,0.01953324907805,0.155356898034492,0.142947678751113,0.00143625662410511,0.377424795688826,0.000717315928669374,0.0101736344346546,0.0146595555902874,0,3.66883370207548e-05,0.00120220495073186,0.000322452472759715,2.44558228320312,0.00026761244432998,2.87504568266183e-05,0.000405094920287785,0.308707418961664,0,0.00142228307500088,0.000436278662251398,0.431596857202754,0.0103485570855554,6.93142289275822e-05,5.99089937049686e-05,0.000850430278664864,1.74267488056541e-05,0.0175798052829128,0.00261307580220174,0.0160676115374859,0.000268378720828584,0.0062394862900892,0.00284594248734583,0.0253808529535462,0.00235230452438369,0.00507180240398232,0.00588842146551211,0.0001212602421197,0.00121224417373331,0.00119929460064334,0.00371885442042088,0.000794954966843311,0.00261096349033687,6.6052273574513e-05,6.4987904817796e-05,0,0.0730996468404238,0.000245351073809052,0.00124865973009388,0.0123430314226856,0.00280031692298593,0.0530637804419516,0.0772574489731258,0.000133158640053525,0.100363898257303,0,0.00104684501329584,0.000863030867400081,0,0,0,0,0.0281517301536039,0,8.80649981556146e-05,0,0.122549978510021,2.3970867232731e-05,2.2961616156748e-05,0.00010874570862675,0.112195836866341,0.00107734124748972,0,0,5.05395956260979e-05,0,0.00284540594293298,0.000214125873976413
0,0.000543931917702216,6.62351016768694e-05,0.00210894804500043,0,0.00976615392769283,0.00397175823164149,0.00161902378899885,0.0206780753305448,0.00302405732955558,0.000278877154815727,0.0339786510905936,0.000188870876184332,0.000976971214014332,0.192841626869101,0.00212439379458597,0.000633508262359677,0.000187779313524056,0,0.00305198358969772,0.0101723282315298,0.000342365239198029,0.00808157804855583,0.0322360673848624,3.90674910286725e-05,0.000279700476699543,0.00197572503812612,0.0137322991204237,0.0020735597508315,0.00548139692526532,0,0.0252399684109466,0.000551949485078627,0.0028177425071368,0.0698094387641734,0.00162600476472255,0.000544534032005042,0.000930018143998236,0.00113270609695562,0.490851705992718,0.0114168434354118,0.000707892357554806,0.00064914538201343,0.000889475602838158,4.17183815235257e-05,0.0048391890583194,7.50605867623687e-05,2.78391834260255e-05,0.000131627503150821,0,0.000174572833651972,0.000240393552202803,0.000111697940888804,0,0,0,0,0.000164470251334691,0.000241139954487312,0,0.000233566000103742,0,0,0,0.00116357950643614,3.52961886585295e-05,0,9.49968645600917e-05,0,0.000503303534325188,0.000230419211124319,0.00147631081521038,0.000669279528897533,0,0.000239411034057569,0.00122155495667487,0.000941622240476863,8.33906063983618e-05,0.000101277130182946,0,4.98507904972851e-05,0,0.000128390146983147,0.0220067658492518
0.000861576250237689,0.000158044171630776,0.000483722938956839,0.0327020831935403,0.00976615392769283,0,0.634674058448633,0.623562191330141,0.0820359433689538,0.850465682744733,0.0156734248245832,0.814435704297149,0.00501591002177278,0.0607721335636277,0.135333242175406,3.55925138542056e-05,0.0012324233842018,0.00990226309056758,0.00309098082078729,0.0400111973970668,0.00207086122473353,0.000404934112367642,0.00464443280694899,0.0197726027297233,0.000132580131400001,0.00821495654819411,0.00283490941395089,0.0785538125530162,0.0285941709781489,0.0115476758757089,0.000763685265673436,0.0210142558180354,0.000382396386901135,0.0559194134770054,0.103995121009725,0.273664810691481,0.00485634085605121,0.0282635165209511,0.0205879766181346,0.183155449448726,0.126752389501867,0.0651532478670161,0.00577017450486792,0.000652361959482476,0.00616607061320812,0.0122744285952851,0.00462005998626806,0.0098063714044471,0.031944466077899,0.000122734506501996,9.80138896935582e-05,0,0.0159838190378801,4.50370120866716e-05,0.00242262734610412,0.00404123142110576,0.00799290438120374,0.0103848427802879,0.018078081856364,0.000198222062344998,0.0684711737354406,0.000329349911130515,0.00418138179116911,0.000928349754187525,1.91083234863907e-05,5.26187157025516e-05,0,0,0.0111222213928331,0.000145906003229821,2.14660754347265e-05,0.000136837424831521,0.0287121749013558,0,0.000341901280541628,0.000327947961857754,0.0379664334896764,0.000750026922442882,0,4.37691412955224e-05,0.00159117541754659,0,0.00174466864558935,0.007449433799502
0.640301303441225,0.000635334615678765,0.0597787023210302,0.0263952878625934,0.00397175823164149,0.634674058448633,0,1.66563658074458,0.047975025727967,1.81631680196564,0.0209950302642744,0.0314275926940269,0.00765839317054732,1.78721819267954,0.0466453777076203,0.00185790427652842,0.0418376499562637,0.0139765525359055,0.0150463994795256,0.00731809367972205,0.208324024299389,0.0031894706526842,0.3874308907728,0.0555549452044622,0.000335176211079508,0.0526607251063374,0.0655722958912166,0.94797570683755,0.397582578270154,1.17721628724794,0.0010107285846361,0.0120649274580876,0.010917226868132,0.490656288450533,0.16768645029792,0.620711631457139,0.0271206725807505,0.19693461514565,0.140549336285522,0.102658241371912,0.0623614041777911,0.0291338758782057,0.0311382304446247,0.00141217132735679,0.0105109200695344,0.0139856882225159,0.00588507332919694,0.00393765309195691,0.0179783307923828,6.05973623064993e-05,0.00162115347988786,0.00388595977567781,0.0185827065754303,0.000165672842089981,0.00151833217984369,0.0195834102813515,0.0053275871363682,0.0218876936634649,0.0330920196917379,0.000250944472484225,0.0187619288489401,0.000326345365438986,0.00441658417141102,0.00084254938798045,0.00480090779134001,0.00394269542382962,9.0422945668173e-05,0.000118592674536565,0.00601441121008537,0.00184939138862956,0.00519353001316344,0.0156532846798142,0.172657364919133,9.25732301682474e-05,0.00073947624137841,0.0589076998962292,0.229969317895539,0.00326635887091753,0.000162600425136647,6.63252428144931e-05,0.00037847624793503,2.80745048070967e-05,0.012872498067746,0.0249614748186847
0.0547959324552248,0.000261042165695948,0.0123052076310594,0.01953324907805,0.00161902378899885,0.623562191330141,1.66563658074458,0,0.0185711975615782,1.21240661659393,0.018286829216585,0.274650064120156,0.00659119258801494,2.01697827122155,0.0246131348724846,0.000360182451180777,0.0264011228337203,0.0122224493082374,0.0109621736552678,0.0236942457331168,0.0429025200051968,0.000331523649368396,0.0892851249958254,0.0128423458100659,0.000130606940779906,0.0297493379001789,0.00975663995701648,0.0725651607331551,0.172679598887963,0.451921776784076,0.000467802069585353,0.0131245660584336,0.00149121923463396,0.100640020944177,0.020030530765665,0.18563247700107,0.00393574046163971,0.0424723939802138,0.0236475837779067,0.0627502462846315,0.0413400286574078,0.0422987856134308,0.00434606457716075,0.000328176063077581,0.00482502559889418,0.00937128059928218,0.00286168735240943,0.00721029398159085,0.0250121830744837,0,0.000178087437026989,0.000292825097229597,0.00352172634258952,7.52879301708342e-05,0.00112753027678619,0.00384913617980566,0.00545139369101486,0.00520629451265472,0.00558384712299042,9.75873361868975e-05,0.0155647541549962,0.000554477645055091,0.00194863509965026,0.00041375751609106,0.000291052010715571,0.000358257250623956,0,0.000130576668485954,0.00261015755096943,7.94562244201004e-05,0.000333265644663289,0.000776686382158758,0.0289695140288179,0,0.000151645537270135,0.00457036484393844,0.0355283138130336,0.000290697513894296,3.85197400874376e-05,0,0.00137708533880731,0,0.00136907748678208,0.00170980755589556
6.79815739955663e-05,0.217602374765544,0.00155712827836892,0.155356898034492,0.0206780753305448,0.0820359433689538,0.047975025727967,0.0185711975615782,0,0.159560381563394,0.00399268585765831,0.256490977308673,0.148154128651765,0.0141259430675267,0.0931352519528728,0.0250415846728652,0.00427580058709517,0.0025552398206835,0.00194472768632748,0.0822735557272681,0.0271891139803621,0.382171172771476,0.00752545257237894,3.0825839888523,0.127401167430929,0.0167379245010708,0.375957343082533,0.606858872832301,0.014773713982279,0.00834472116069237,0.00609850936260183,0.00254310522656793,0.000360614084118891,0.0221197143168298,0.0121949083619966,0.075049674545917,0.00729504174257839,0.0158548776756752,0.00857465635560475,0.0816575905098201,0.00483685514599898,0.0443967028008488,0.0562443060831422,0.00408846109750715,0.00766353637514432,0.00586612794562993,0.00573699724058953,0.00173817710250812,0.00509414221670972,6.67129279319645e-05,0.00125923303724043,0.000263152799549943,0.0684833300581379,0.000595259867630733,0.000946522199849597,0.00949790763876497,0.00278961513363752,0.338840461501801,0.0583385897449307,0.0174721443166441,0.0696031902589793,0.0285716902142543,0.00185664872453717,0.00178845041998442,0.153126790895982,0.000633799518600558,0.000143383465724749,0.00039904671606026,0.0205120067048833,0.032002472781745,0.275144315590783,0.0405704423600608,0.465553068524604,0.00747558966563038,0.00404418368654388,0.0200577999509734,0.266964039086958,0.00338059115999355,0.000246567165480119,0.00345062863605249,0,0.000651736593990503,0.0109895916282811,0.0155641355574232
0.00305115902982253,0.000162041958323693,0.000162312884615993,0.142947678751113,0.00302405732955558,0.850465682744733,1.81631680196564,1.21240661659393,0.159560381563394,0,0.0441707770112395,0.471929333597323,0.0152450869288443,0.477744142892801,0.029642728727189,0.000865772642875046,0.000623654996488129,0.0284647643738974,0.0086453254098119,1.73422123188247,0.00230601753737832,8.63562644935009e-05,0.00571726430767641,0.219441689480624,0.000572244960223398,0.0221429510237491,0.00632469740732553,0.323087781381067,0.228078564714046,0.0040767783562734,0.00230077153060639,0.0241817104040857,0.000130446778920141,0.322044901760647,0.0753057202447885,0.636909607212264,0.0189626884775514,0.110249701264286,0.0783379285863648,0.118676595233757,0.0656820988619357,0.0620319432106278,0.016821019286899,0.000689565054712494,0.0065644545900566,0.0106714605102046,0.00861794156275543,0.00964782936122846,0.0387356803172173,2.82561385708094e-05,9.19418894908369e-05,1.88268838710308e-05,0.140109411770111,5.01662914634049e-05,0.00518238989804063,0.0361624328800812,0.00892130451063964,0.0875213939930725,0.21849983605879,0.000513630851363897,0.201192671082074,0.000942107545317357,0.00528819487428004,0.00220769492336818,0.000122679095474929,3.05790573881507e-05,3.17181735844195e-05,0,0.0536957590533475,1.46851549260378e-05,0.000206377050255892,1.83526057096839e-05,0.312327384431548,0,0.00014544226632928,0.000392377160645646,0.329398484633454,0.00262387463505716,0,9.59244186821938e-05,0.000809289962283148,2.88016579845786e-05,0.00845250588942994,0.00759689295457841
0.000551182597441828,0.000906812507344741,0.000205267071382642,0.00143625662410511,0.000278877154815727,0.0156734248245832,0.0209950302642744,0.018286829216585,0.00399268585765831,0.0441707770112395,0,0.0360065787064565,0.331211142916571,0.00593394542378189,0.0023299214029116,0.000287710060865021,0.0133285695631841,0.90199564389804,0.117895476158012,0.00262611469401194,0.000826064478215672,0.000469110345341724,0.00458702620326892,0.000867947493384443,0.0065973892429483,0.335022534492545,0.010552479453853,0.00310109539538207,0.0130959620722251,0.00507915014119781,0.0127740343017661,0.00977036770110047,0,0.899499972365013,0.00529609805404748,0.0619228901990174,0.0613885810293517,0.265763331339244,0.0301192208501436,0.0140372147207673,0.0050905409207626,0.129234397807799,0.000677273006952415,0.00107479998645647,0.00395200959946121,0.000617375273905214,6.66730258461712e-05,0.000106300274062443,0.00966676601599591,0,0.000804657904941704,0,8.2538725153649e-05,0,8.94929120711085e-05,0,9.73367625425934e-05,0.000631435543519287,6.0119186829579e-05,0.145005562271192,0.00150256100266163,0.331620562627885,4.5673224408549e-05,0,0,0,0.000509944591492724,9.75790805829408e-05,2.23620633960128e-05,0,0.000133401434781665,5.69790225881874e-05,0.000804884513238223,0.00925000957843085,0.035011906277981,0.0274805547849745,0.000118313150402918,4.01523486298978e-05,0,0.0519432484867372,0,0,0.000636049088611759,0.00347757174945011
2.53907595228911e-05,7.79403188273189e-05,0.000222518458448571,0.377424795688826,0.0339786510905936,0.814435704297149,0.0314275926940269,0.274650064120156,0.256490977308673,0.471929333597323,0.0360065787064565,0,0.012374238169637,0.199720165126832,0.141628079724994,0.00029636842584588,0.000370867888217202,0.0271696164439128,0.00802014952782776,1.04261335245472,0.00100402074752497,0.000101269939705557,0.00124671148962711,0.0321200479024567,0.000195731148622343,0.0203925625070543,0.00626327651971349,0.0491452608436441,0.153199707636149,0.00137603677583041,0.00134756206281118,0.0218723256410541,0,0.153992518316377,0.119845905688614,0.259009349716622,0.0119224751687883,0.0533446685469973,0.0327580955369392,0.26727779932895,0.0310066575580213,0.055495627858882,0.00367296723303812,0.000606295210967537,0.00394011844613416,0.00792198289374603,0.00794085214346282,0.00613213066766979,0.0314646160439102,0,0.000104619630057871,0,0.110070240641641,0.000474913259651166,0.00265564416171103,0.00452047666749862,0.00602095249806959,0.0691388436869748,0.0925165230253272,0.000308350467645264,0.332552929430095,0.000328333418939978,0.00162716863376182,0.0025119907859295,0,0,0,3.80484512649179e-05,0.0539792706017986,0.000106604914229786,0,8.74873101733804e-05,0.0620280851406029,0.000143408265712693,0.000290988104867595,0.000181600531763721,0.0720247447327751,0.000830290807894027,3.31321937095821e-05,7.91919281041591e-05,0.000792172812594761,0,0.0015106275710985,0.0101134263726165
7.44348266497313e-05,0.0865985382402982,0,0.000717315928669374,0.000188870876184332,0.00501591002177278,0.00765839317054732,0.00659119258801494,0.148154128651765,0.0152450869288443,0.331211142916571,0.012374238169637,0,0.00241050426932436,0.00335430979052549,0.00383942157071386,0.00044801379025121,0.00479536695404181,0.00127295015625034,0.00117157146712218,0.000689808841230618,0.0945647611328733,0.000925304686541461,0.0337987272321822,0.250111949509789,0.022078223666351,0.201541642040683,0.00470307789964192,0.00290746715058861,0.00154826376949052,0.0573439235919714,0.00334786698833445,0,0.242246970354806,0.00117585060263278,0.0138557798947598,0.0528167267685618,0.110679828581389,0.0037948550232862,0.00663460502540725,0.000709987199597845,0.100896968623656,0.00109221513236697,0.00519365942604146,0.0107329001117412,0.00047148864201006,8.09420969358803e-05,0,0.0353112821882201,0,0.00593854975814867,3.51699868751943e-05,9.65172262233677e-05,0,0,3.79731450704455e-05,0,0.00104279442251678,0.000110195211435503,0.547658216948758,0.000306250127104578,1.03089435663316,0.000110385058896553,0,0.000272691207023531,0.000279703871135688,0.000893638704158878,0.00129987398561874,0,4.5901584052527e-05,0.000189660107033533,0.000140964551065877,0.00078323592923911,0.127136211447182,0.103016121712658,0.0978877996577153,0.000763694574181194,0.000171471583198607,0,0.150269418231611,0,0,0.00245817317074635,0.000376187296178555
0.790629317786298,2.57994695403725e-05,0.0153110167565162,0.0101736344346546,0.000976971214014332,0.0607721335636277,1.78721819267954,2.01697827122155,0.0141259430675267,0.477744142892801,0.00593394542378189,0.199720165126832,0.00241050426932436,0,0.00646084321055417,0.00015650172343314,0.0781498110113418,0.00545853658867632,0.0218170766878355,0.0222465129106614,0.0754643242783736,0.0003790038243314,0.148007061829948,0.00868896313718835,2.39332874720782e-05,0.0388081258942813,0.0133984656672636,0.054996456904763,1.2184958781863,1.17881500886197,0.000126387415688825,0.0309260232582181,0.00472993631277795,0.129670989816318,0.00963560893362645,0.0761188395902697,0.00277610170524183,0.0531664524723647,0.0218053300695645,0.0248542332084608,0.0090949311399779,0.0108891262537551,0.00171390423347894,0.000158381975648787,0.00118313392239032,0.00102114438226265,0.000825917223594582,0.00161345524793322,0.00589529840805397,0,0.000328997139465058,0.000126412659188488,0.0020558585835153,2.85294378254146e-05,0.00010867470309906,0.00131188786073364,0.000498242049381459,0.00134384547302445,0.0019155740127427,5.63384397551626e-05,0.0103412390863244,0,0.000263243551825762,0.00011033969148919,0.000129171850355896,0.000273555125944573,0,0,0.001572579028811,5.81958388945431e-05,0.000333835700402525,0.000359451791816166,0.016169197592788,0,0.000180244765331286,0.00210262895987944,0.0173706640074569,6.57505144872309e-05,0,0,0.000208015712558699,0,0.000915473013055392,0.000946218104468304
0.00016333626520704,0.00403002710853475,0.000190099298878062,0.0146595555902874,0.192841626869101,0.135333242175406,0.0466453777076203,0.0246131348724846,0.0931352519528728,0.029642728727189,0.0023299214029116,0.141628079724994,0.00335430979052549,0.00646084321055417,0,0.0047437355233624,0.00168722894004549,0.0017410788006259,0.00116928569153821,0.0132651877016045,0.0199191909115979,0.00688240759976374,0.0140965501246081,0.152841359062271,0.00150596551036391,0.00242552815545235,0.0158529227511026,0.0841390519343737,0.00829991810802166,0.0198286294086781,0.000241493527616858,0.00535157916993577,0.00145089842837983,0.0139719861532206,0.0743606747172062,0.0484540973884131,0.00147426968348411,0.00583914443774375,0.00476130846690091,0.273918675507036,0.00504375538817123,0.00427838476749079,0.0064396735161906,0.00155394090632115,0.00107931270596956,0.00896306721714333,0.000802385455662595,0.00104875085124854,0.00301128011838985,0,0.000137543781849289,0.000317810831025267,0.000664372110146606,0,6.16100706785561e-05,0.00158405427989708,0.00105454580679258,0.00183327893965677,0.000871659146920666,0.00040205724566777,0.00374717236077817,0.000376968770811009,0.000340635281579465,0,0.00257881167578884,0.000124522120643967,4.21875400929093e-05,0.000114880165406871,0.000613325814604874,0.00253773252037155,0.00217677611505033,0.003298446610245,0.0172651739489832,0.000133066754552883,0.00090687261889758,0.00249889859239205,0.0224556670156541,0.000207181659088183,0.000157607640856558,0,0.000276880215365383,0.000175916101435268,0.000803011912472774,0.0299624377097946
0,0.0128110850524669,0.00457047976236459,0,0.00212439379458597,3.55925138542056e-05,0.00185790427652842,0.000360182451180777,0.0250415846728652,0.000865772642875046,0.000287710060865021,0.00029636842584588,0.00383942157071386,0.00015650172343314,0.0047437355233624,0,0.00696559887209013,0.00188550162209411,0.00185294256600637,0,0.337116519286804,0.818521739873593,0.829449810273226,0.160583056614602,0.00329486050370119,0.00694766766362689,0.595813670673512,0.140237295297499,0.000646299555895526,0.0027857605663075,3.39091703649223e-05,0,0.000342839831659019,0.0422574246866375,0.186117536165752,0.679766289312265,0.102797852431726,0.127671673598897,0.163343370297947,0.0142237901514153,0.00370069782419137,0.000733496243665643,0.0488958283759449,0.00522584763299594,0.00995729067381708,0.0165415596056327,0.000697547118452009,0.000211534104990524,8.73642444020388e-05,0,0.00300691396203864,0.00276117894677009,3.35981080082059e-05,0.000492107493073118,0,0.002794274264401,0.000724866146445456,0.00130309175917254,2.35203169483244e-05,0.000254386989490002,7.55603231948019e-05,0.000960228089631711,0.00137032415980842,0.000163547687592477,0.755706225472046,0.00240691239712821,7.49028589787276e-05,0.000396367060163632,0,0.0185211082927345,0.274743940448867,0.373408636739487,0.0226471642582306,0.000177242641493118,0.00284467529404502,0.29639077146442,0.0199068562378217,0.000368318516507051,0.000488250746598905,0.000100681221551961,0,5.59731694405675e-05,0.00712846532742912,0.0594740033272705
0.0110651675110543,0.0653333456553582,0.569216289587967,3.66883370207548e-05,0.000633508262359677,0.0012324233842018,0.0418376499562637,0.0264011228337203,0.00427580058709517,0.000623654996488129,0.0133285695631841,0.000370867888217202,0.00044801379025121,0.0781498110113418,0.00168722894004549,0.00696559887209013,0,0.0147060037344347,0.154553777618799,5.69594888653725e-05,0.265739524890885,0.0300386396390423,1.17409919629686,0.00780288386502343,0.00203415692827535,0.647063316652483,2.81494838464595,0.0348872503390257,0.124081214591724,0.16099941311111,7.95736485128492e-05,0.000174960653219846,0.023865443124799,0.326635426751035,0.0192527558101848,0.171952399618439,0.0332063762391778,0.0754984245673673,0.0578219143218158,0.00308643852218557,0.00260464848761903,0.000415023572674826,0.0934823249694342,0.012291700350714,0.0229371809484609,0.032810508409075,0,0.000312370388017488,0.000666111709779773,9.19954356733561e-05,0.0312315318022993,0.022630908383854,0,0,0,0.000644850431992454,0.000226699415481234,0.000195090852151215,0,0.000646338714138832,2.77587157329708e-05,0.000133124844111353,0.000421781743127686,0,0.00172215766527636,0.125808455723712,0.00104110255452273,0.025256146087572,0,0.00149055798136108,0.00569323650331724,0.0206940927038757,0.000862230452721916,0.00105998052256241,0.144823814306704,0.488936122896716,0.00109152276866775,0.000518226416770676,0.00136176455126762,0.000438190950331217,0,0,0.041334902706115,0.00978240273731187
0.000203313660686749,0.00288131339201395,0.00126991434123654,0.00120220495073186,0.000187779313524056,0.00990226309056758,0.0139765525359055,0.0122224493082374,0.0025552398206835,0.0284647643738974,0.90199564389804,0.0271696164439128,0.00479536695404181,0.00545853658867632,0.0017410788006259,0.00188550162209411,0.0147060037344347,0,0.256481012380869,0.00275481839155731,0.0019558895143173,0.000134752972137791,0.0112991328986989,0.000503804096667239,0.00230725530524811,0.215053757266277,0.0298775544978836,0.00274652841544195,0.0100736365267182,0.0045810947823121,0.00332155800938886,0.00664404527361014,5.91083782242536e-05,0.6665888950417,0.0301635042537534,0.306868183708518,0.119305744036094,0.242331020817591,0.142741756413865,0.00838863826029097,0.00848171314586557,0.00971624754981148,0.003031670162805,0.00146712280818605,0.0010389609813611,0.00332115929933835,0,0.000147016762613851,0.000317034559798014,0,0.00200774635371625,2.38833871654183e-05,0,0.000173011200953347,0.000136207603269052,0,5.5897164802444e-05,0.000526404121561325,0,0.00731685012350047,0.000845198567288358,0.0102834816570175,0,0,0,0.000352772746298442,0.000260977025348818,0.00242665254147202,0,8.85924086716173e-05,0.000202834119752491,0.000582502829263758,0.000224268515529308,0.00100460205693753,0.0430828285873245,0.03154219178039,7.15040802604974e-05,0,3.5785671938163e-05,0.0102519102526359,0,0,0.00107130754120628,0.0238169515335847
0.00289344207555012,0.0334241429654575,0.0512991563480324,0.000322452472759715,0,0.00309098082078729,0.0150463994795256,0.0109621736552678,0.00194472768632748,0.0086453254098119,0.117895476158012,0.00802014952782776,0.00127295015625034,0.0218170766878355,0.00116928569153821,0.00185294256600637,0.154553777618799,0.256481012380869,0,0.000553973932732174,0.0532729338406432,0.00228953911266285,0.246274127086929,0.000829978849783326,0.0159380766221512,0.711114116501419,0.691165813807143,0.0102376956252287,0.0347655367179248,0.0324749054174946,0.000920706739441836,0.00150955098830843,0.00432786932032902,0.769929008682487,0.0128632890707438,0.136298673200536,0.0261228624797313,0.0980086623579314,0.0763690145088089,0.00332368402995649,0.00177155958350011,0.000590123935578224,0.020297901618336,0.00720265648629614,0.00677832355375871,0.00765595306860029,0.000148854357383502,4.47974598831832e-05,0.000469731359529751,1.99054659560502e-05,0.0270360705727302,0.00215364260143437,0,3.84204283846736e-05,7.206066651392e-05,0.000409868517235145,0,0.000313975671698204,0,0.000581182184070325,3.16333999862552e-05,0.000988117217017121,0.000426803346938932,0,0.000179926929817262,0.010873349171232,0.00121341429733548,0.0436870920955551,0,0.000837693652313599,0.000938632400516413,0.00391477745072141,0.00013902620754565,0.00523868430790802,0.19528058787525,0.22355617797428,6.57245376217338e-05,0.000143966529976988,0.000639835651975679,0.0021626401009684,0,0,0.0128680939352673,0.0105781187912175
0.000128935072719812,2.0063761225158e-05,5.05956527135432e-05,2.44558228320312,0.00305198358969772,0.0400111973970668,0.00731809367972205,0.0236942457331168,0.0822735557272681,1.73422123188247,0.00262611469401194,1.04261335245472,0.00117157146712218,0.0222465129106614,0.0132651877016045,0,5.69594888653725e-05,0.00275481839155731,0.000553973932732174,0,0.000115738372804955,0,0.000427739282384849,0.0766965614190835,0,0.00175034338151993,0.000355678404591724,0.153495021120481,0.0139599403225626,0.000378222887500558,0.000168441032703835,0.00184653479862194,1.8392249371326e-05,0.0198147353023009,0.00308873509570839,0.038500468602276,0.00181304229442074,0.00731917960594207,0.00504029315410117,0.0267880146885764,0.0044200471755152,0.00699386338500033,0.00226013654868297,0.000181855744819978,0.000722320523631605,0.00164023435453877,0.00214805788441378,0.000663568166581896,0.00307230000069093,0,0,0,0.0602249691395757,0.000436633380828532,0.00102874349284043,0.00479156548239815,0.0010491644538638,0.0276270270810783,0.0422054134318239,0.000125831842178696,0.0851713082879721,2.64628600508272e-05,0.000561369822399088,0.000314116420316684,0,0,0,0,0.020950835781272,9.37028283236591e-05,0,0,0.0488687761796179,0,8.82009292590112e-05,3.23471186001062e-05,0.0436318427931146,0.000510748727129441,4.60157691128433e-05,0,5.11665326162875e-05,0,0.000751651563489391,0.000617925954817569
0.0161358262554644,0.00221617526379289,0.0814049315537366,0.00026761244432998,0.0101723282315298,0.00207086122473353,0.208324024299389,0.0429025200051968,0.0271891139803621,0.00230601753737832,0.000826064478215672,0.00100402074752497,0.000689808841230618,0.0754643242783736,0.0199191909115979,0.337116519286804,0.265739524890885,0.0019558895143173,0.0532729338406432,0.000115738372804955,0,0.0542469019914126,2.50503869919717,0.10749314562685,0.000830441643784937,0.109693040921707,0.161037122506396,1.92564274601339,0.127140103742692,1.83763626806962,0.000114059328236345,0.000532032365590256,0.037782768058149,0.988039588466082,0.331328843774601,0.55826130747696,0.0273484317639909,0.702346832124713,0.31945144277161,0.0411033555154785,0.0109775184954607,0.00167267953986583,0.0463265684321884,0.00461949344195427,0.00500378701658349,0.0132744510776832,0.000711905024589712,0.000300398756520724,0.000463673366614455,0,0.000983935358992148,0.000978747881798179,0,0.000243778437130702,2.79670457591415e-05,0.000224379016299364,3.11710896568716e-05,0.00497168463613098,2.7985182594654e-05,0,0,4.25197373545111e-05,0.000181959388619488,0.000357589592622793,0.155573614526769,0.00107117980459303,0,0.000136018363453978,0,0.0413766301394683,0.0615686208346474,0.0497932244747147,0.03062132836083,0,0.00114732883721088,0.033043169117948,0.0327846914120912,0.00177535969667087,0.000789433219756201,0,0,0.000406420962704533,0.00579427672665203,0.0658477592822057
6.99117230256557e-05,0.2595755204521,0.0259424633286693,2.87504568266183e-05,0.000342365239198029,0.000404934112367642,0.0031894706526842,0.000331523649368396,0.382171172771476,8.63562644935009e-05,0.000469110345341724,0.000101269939705557,0.0945647611328733,0.0003790038243314,0.00688240759976374,0.818521739873593,0.0300386396390423,0.000134752972137791,0.00228953911266285,0,0.0542469019914126,0,0.162102614107319,0.952957965706266,0.123683059772491,0.0188812083939166,1.78132566053265,0.098183870359732,0.000252055673633864,0.00156383784063588,0.00276286606883953,0.00013173701562311,0,0.0239750579924203,0.0153993160895012,0.0907941501905149,0.0105100102192128,0.0268489008101877,0.0214433138825153,0.00518181397537472,0.000999946943971164,0.00587146885343299,0.0548263222116841,0.0046613724899631,0.0135750256097715,0.0148820355330608,0.000719526450442143,8.9226532646978e-05,0.000721515886861564,8.11408495534837e-05,0.0359306993132485,0.0177321483837952,5.94163779055595e-05,0,0,0.00184787364438387,8.65673638487488e-05,0.00207078891137011,0,0.0116852461931787,0,0.0222012877352359,0.000621078275470709,4.0744426297456e-05,0.174954121284022,0.0261320081278943,0.000250478027368426,0.000753790187472708,0,0.00890498308034197,0.134886248931811,0.0880908156467474,0.0131683308100108,0.00481776655005352,0.0133462520122105,0.3080347920595,0.0158574052070523,0.000499379545188457,0.000552118426375088,0.00290807717301968,0,0,0.011746334130083,0.0134649885399476
0.0263499562696741,0.00702960707523676,1.14533123322108,0.000405094920287785,0.00808157804855583,0.00464443280694899,0.3874308907728,0.0892851249958254,0.00752545257237894,0.00571726430767641,0.00458702620326892,0.00124671148962711,0.000925304686541461,0.148007061829948,0.0140965501246081,0.829449810273226,1.17409919629686,0.0112991328986989,0.246274127086929,0.000427739282384849,2.50503869919717,0.162102614107319,0,0.0629177245214929,0.000879009133124711,0.867552231969307,2.25233482204827,0.835830677643476,0.196923640402777,0.901900541252445,0.000189197349700212,0.000822980130098666,0.0413770861760276,1.76224691575249,0.563117808865047,1.72156219602405,0.218034613313671,1.46604695521547,1.08325954924419,0.0669180153269716,0.0198926689317841,0.00296260308340172,0.124868799752279,0.0129749896011125,0.0384218790102305,0.0723660072237379,0.00186242992423349,0.00106248093686483,0.00108245329451547,0.00025350831420072,0.00892088836219724,0.0247990389643334,9.91354819386186e-05,0.000440285017101807,1.75378449989229e-05,0.0082457765826108,0.00198366203828125,0.00142898441309384,0.000122400137080639,0.000275193164886421,0.000229503967071569,0.000186447376242891,0.00241575898394252,0.000234896500337094,0.527876785494917,0.025787739521488,0.000614984855747311,0.00276927496682962,2.25536377589911e-05,0.0156486956937467,0.165769506808296,0.487441484815332,0.0246424066022536,0.000316441060797626,0.0176128536476693,0.846837908923652,0.0313087315543388,0.00120156068360857,0.00209965885619046,0,0,5.54115928072572e-05,0.0353170218375036,0.24300667055943
2.18569751391023e-05,0.135015896249428,0.00261640605486724,0.308707418961664,0.0322360673848624,0.0197726027297233,0.0555549452044622,0.0128423458100659,3.0825839888523,0.219441689480624,0.000867947493384443,0.0321200479024567,0.0337987272321822,0.00868896313718835,0.152841359062271,0.160583056614602,0.00780288386502343,0.000503804096667239,0.000829978849783326,0.0766965614190835,0.10749314562685,0.952957965706266,0.0629177245214929,0,0.0396356476437452,0.00795070793071594,0.511423654629909,0.92889401257001,0.0182286774477388,0.00128676339856775,0.00134736495502837,0.00376819697791872,0.00478678010096028,0.0431109276581409,0.0759723717048378,0.230713349438793,0.0230837378330754,0.0410139515082997,0.0307834841183238,0.140341877003813,0.00628897419894919,0.0107366653533665,0.210277511293267,0.0059113669615894,0.0285957969951294,0.0194583970395775,0.0269807366224114,0.00633612557632506,0.00546573537405265,0.000132369012837553,0.00171004607440245,0.00110509938700668,0.159470338560595,0.00138136230390426,0.0055648740758165,0.0497046605747668,0.0111289877158694,0.237861436786284,0.181458286326366,0.00426335023882766,0.145861168593528,0.00681624010394009,0.00992751379816955,0.00508750778602632,0.228619212125395,0.00140734404279207,0.000317710464672589,0.000663340762059609,0.0456035502419242,0.0800823929703625,0.149700419665416,0.083036401037622,1.20528517167897,0.00187406661009289,0.00212950507506981,0.0597957451580606,1.16565131841205,0.013701735318791,0.000842208344930004,0.000867991511049447,0.000342727156983098,0.00187667903031144,0.0483926054053488,0.0516976005516769
0,0.256738957512965,0.000300216839887333,0,3.90674910286725e-05,0.000132580131400001,0.000335176211079508,0.000130606940779906,0.127401167430929,0.000572244960223398,0.0065973892429483,0.000195731148622343,0.250111949509789,2.39332874720782e-05,0.00150596551036391,0.00329486050370119,0.00203415692827535,0.00230725530524811,0.0159380766221512,0,0.000830441643784937,0.123683059772491,0.000879009133124711,0.0396356476437452,0,0.149245350296929,0.765742599296604,0.00474056601401101,5.84295189330339e-05,7.84596727958054e-05,0.032979178108738,6.60998899704339e-05,0,0.00976498389488837,0.00133625102281194,0.0318144230622692,0.029022663058816,0.00802046846164447,0.00740837286298738,0.000888868875315019,8.60472887371928e-05,0.0233496628323057,0.00217322808416217,0.00188943568278829,0.00230885473597103,0.00122855942804299,0,2.54832875916928e-05,0.00334230796356357,0,0.0427480567506735,7.36344573704036e-05,0,0,0,8.2775301987183e-05,0,0.000575032206126165,4.85413797699809e-05,0.0240718776482368,6.14015154043077e-05,0.123258800293527,0.000204042430761284,0,0.000295632821500218,0.000931997898242544,0.000385908035859508,0.00541791033555243,0,0,0.000595171168779246,0.000147593458806101,0.000611567828442586,0.147631984221043,0.0750915137773995,0.107622455446019,0.000330405470766681,7.33476746611118e-05,3.44670068324804e-05,0.02850592150531,0,0,0.0024798100558143,0.00116033781293339
0.00567654943951428,0.264772927992183,1.46712027028803,0.00142228307500088,0.000279700476699543,0.00821495654819411,0.0526607251063374,0.0297493379001789,0.0167379245010708,0.0221429510237491,0.335022534492545,0.0203925625070543,0.022078223666351,0.0388081258942813,0.00242552815545235,0.00694766766362689,0.647063316652483,0.215053757266277,0.711114116501419,0.00175034338151993,0.109693040921707,0.0188812083939166,0.867552231969307,0.00795070793071594,0.149245350296929,0,3.43886356200351,0.0299115755344759,0.0387607325114186,0.0729061103519191,0.0560501580251535,0.00528848772471855,0.00363476981421905,0.563331401054737,0.0636242931711785,0.927879299734521,0.529070613991733,0.291256166570089,0.27417652631781,0.00813095710671891,0.0116780137096422,0.0149756514138804,0.22360047095006,0.0693212253965326,0.0696631152365669,0.0782674609894982,0.00112821987988688,0.000751491319562495,0.000925717103548621,0.0010656143995394,0.202330475272897,0.0260446904173005,0,0.000128826908243769,0.00017972350984996,0.00259425439063672,0.00139022628021938,0.0046579636344491,7.81998901719599e-05,0.0908415289532057,0.00113097389384072,0.163931363137018,0.00566492567137021,0.000139206692369557,0.00522429519006965,0.237343940878712,0.0138840422651941,0.265372448879442,3.69633771461606e-05,0.00726825560439141,0.00755121358211967,0.0359356515223177,0.00414996418582554,0.0892936014389344,2.13394703095942,2.5156889001757,0.00230403726104739,0.00325693686257063,0.00674599309478577,0.241168156613489,0,0.000197342281768638,0.120557466268733,0.0547076858425127
0.00171616921290319,2.12425399318804,2.13567833810906,0.000436278662251398,0.00197572503812612,0.00283490941395089,0.0655722958912166,0.00975663995701648,0.375957343082533,0.00632469740732553,0.010552479453853,0.00626327651971349,0.201541642040683,0.0133984656672636,0.0158529227511026,0.595813670673512,2.81494838464595,0.0298775544978836,0.691165813807143,0.000355678404591724,0.161037122506396,1.78132566053265,2.25233482204827,0.511423654629909,0.765742599296604,3.43886356200351,0,0.410039512020547,0.0215835782682663,0.0418140647818379,0.0423129153921571,0.00144984630159421,0.0046274082700157,1.3556174287427,0.276925869014162,2.38462917769917,0.339395931231933,0.727250828191364,0.915221942639546,0.0218534481156531,0.0153625265375188,0.00224712201858732,0.555472953750018,0.077759917081539,0.155704134939111,0.209127710817632,0.00334484864314249,0.00147441557614008,0.000673322658552287,0.00113483714980976,0.473210399821584,0.153222045301162,0,0.000543332729878289,0.000279751885644489,0.0132316493419584,0.00315942688949476,0.00394446922974061,0.000112409040338963,0.0211743411371075,0.000406863639782882,0.0710231422957555,0.00908688687808511,0.000756789376101431,0.118557223887093,0.45142864674767,0.00876950730109232,0.198556841611343,4.32042330859959e-05,0.0221889717395892,0.22241083627037,0.377661623783972,0.024771622334078,0.170188581816601,1.29507448463435,4.24361567360459,0.0365260985326104,0.00471202959174908,0.0138778736894416,0.111430804308102,0,0.000208818908788705,0.225831966416446,0.234297300375962
