0,0,0.00340980460537317,8.39676327624324e-05,0.000179635885777497,0.00557482022214548,0.34689265448858,0.0798668951449786,0.000215189112961811,0.00331512646040416,0.00194282556945623,0.00111297891303192,0.000723408273709342,0.65867095883789,0.000322313966718191,4.57095183240414e-05,0.0153932302143945,0.00109930018679288,0.00324149713842203,0.000155916027317828,0.00533063186233042,0,0.0213100790608581,0.000135389901939997,0.000106600490485144,0.0031456071241075,0.00561789480902556,0.00139667265395449,0.513297323965003,0.214799250801574,0,0.00443907270793009,0.00112011391317276,0.00965419492517489,0.000139116498775852,0.00329251520624002,0.000267212215721667,0.00393795843927806,0.00116527688608963,0.000803239873052025,0.000343453766492385,3.54650351759732e-05,7.4100970648551e-05,0,5.53613820869088e-05,6.24059079418898e-05,0,3.95307324060142e-05,0,0,5.41862734255195e-05,0,0,0,0,0,0,0,0,0,0,0,0,0,0,0,0,0,0,0,0,0,6.20954120926767e-05,0,0,0.000157720103636992,0.000133856293525463,0,0,0,0,0,0,0
0,0,0.00128520639583513,0.000171685852300697,0.000209163644041485,2.6097845494327e-05,0.000134063131933111,3.45819699498117e-05,0.122188520107258,4.09300608201981e-05,0.00273866822469583,3.68506739290059e-05,0.223595771646854,0.000200751695611712,0.00134554805582805,0.060943496980534,0.000967788236728575,9.60664263591768e-05,0.000180354526922005,0.000157504112095272,0.00131548732770416,0.275919497814042,0.00386586556354238,0.123880384912599,0.347127874220445,0.00482207473832347,0.862220494807202,0.00364701877952696,4.56550880070805e-05,0,0.00689396465533887,0,0,0.00213440308799695,0.000398445247448516,0.00620430867963527,0.00664920456498396,0.00465953468277256,0.00357441477873068,0.000462312745937056,0.000153650426435268,0.0261610099232101,0.011034293359427,0.0153343563090995,0.00510351301247649,0.00439225823495256,2.81748421654612e-05,9.33148885517002e-05,0.0164094684702405,0.000154875248706734,0.431258502234676,0.00472994753298152,0.000209175469842657,0,0,0.000968822164503101,2.81453046894997e-05,0.00136953551933545,0,0.00201857413426768,0.000113987612222519,0.0168300160199612,0.000194660384986803,4.27451761553883e-05,0.00357729172368413,0.00444414184250773,0.000150832276154044,0.00327861154353297,0,0.00117712312766031,0.0198635580183289,0.00350357132881877,0.00480227933614705,0.00451151182818921,0.0268130825718574,0.542435357774173,0.00186407300289915,0.000293774821007881,0.000578311114728558,0.00206509498223169,0,0,0.00218733506373697,0.00083834070278104
0.00340980460537317,0.00128520639583513,0,0,0.00297166708831786,0.00311804455293792,0.19483419824608,0.0388303112715713,0.000248355830606711,0.00514769429775017,0.00822961196303802,0.00352292081600888,0.00536026388263932,0.0465500197990947,0.00652485715053445,0.00561345950095443,1.1206792454637,0.0297172520591442,0.128999320451483,0.0008092356983905,0.158210016739806,0.00125357832763529,3.41425464355574,0.0102293942445887,8.34029212269605e-05,1.57452503451508,1.18571840778197,0.143716643366217,0.0255042335986828,0.0960849919701231,0.000121981131094151,0.00139084203547881,0.00324039537495308,0.174712444757997,0.0493464918532382,0.513536506022942,0.122126724368215,0.279880461648805,0.25199215874386,0.00311706315758642,0.00235388567148773,0.000201858065677661,0.044789068465104,0.00820870813073985,0.0180062232055871,0.0182610957673532,0.0013773586541779,0.000128616096241373,0,6.94118492927224e-05,0.02186608732118,0.12853294635065,0,0.00111189606844245,0,0.00671043734424031,0.000806100231453462,0.000133444498588127,2.62987679983914e-05,0.000580233231842687,6.22535178691834e-05,0.000191855856298804,0.0009045982042952,0.00120569148051694,0.00846999732377408,0.0172046277955733,0.000581125455207914,0.00475026347261134,3.49556068085373e-05,0.00277815649472791,0.00519169810591635,0.0373111740080511,0.00332436936405862,0.000196551718381321,0.0497864062915141,0.689888032855472,0.00570409788257327,0.000585517706311751,0.00219464117263022,0.000231086591332218,0,0,0.0111971651059782,0.0295842637938392
8.39676327624324e-05,0.000171685852300697,0,0,0.0123151153399778,0.00699592535569665,0.00439101323654698,0.00629056624355987,0.185092981031848,0.360506083766638,0.00106264038333685,0.170674834560495,0.00202554429190933,0.00394755668353309,0.048339204783937,0,0.00022293537108764,0.000259935550210482,0.000878159138290989,2.00538901028493,4.27789058148026e-05,8.04871194976568e-05,7.01092432342768e-05,0.206283372514388,0.00128082596853046,0.000552977131505689,0.000350901883097601,0.867963558590525,0.00419223695623659,7.11862620100615e-05,0,0.00137050560940522,4.3265719614768e-05,0.00534584779857808,0.000248682032128888,0.00542530162893852,0.000170003921873045,0.00572248718157486,0.00127960415726373,0.0260164314998847,0.00208512862615371,9.96983186877551e-05,0.00162560372625675,0.000128615051198506,0.00186861169013415,0.000579340053524494,0.00987316988810229,0.000132301862331516,0.000303861012193644,0,4.45254927643239e-05,0,0.0669299203666419,0.000594702732208985,0.00455155623319806,0.0114918759630727,0.00156706670314238,0.0466470173986878,0.0735894693304815,0.000908154813497442,0.030097639960853,0.000127956329849005,0.000865544423847849,0.00190114115785626,0,0,0,6.22616439783693e-05,0.0829126250738945,0,0.000311253553339142,0,0.0690893080011528,4.29282668647945e-05,0.000132152787567213,8.83717677253786e-05,0.125896720991472,0.000982847774903871,0,0,0.000158137812475914,0,0.000348113408430189,7.96664325198351e-05
0.000179635885777497,0.000209163644041485,0.00297166708831786,0.0123151153399778,0,0.1397116314431,0.0468283210807883,0.0869312774910975,0.0540981122099077,0.03580941051612,0.00029999750673429,0.0916642835041894,0.0139065811353991,0.00335815630663677,0.372336841269498,0.00437151129722224,0.00114657440655974,5.43221930620909e-05,0.00120627626608464,0.0128076504373255,0.028627691443639,0.00237953564804585,0.0462107126205546,0.0470049877495324,0.0104506310746727,0.00203801822586517,0.0149825068303797,0.0554737583251131,0.00285252487022441,0.00935442224279675,0,0.0431331792023833,0.000545122008741942,0.0854849444962243,0.385346744648554,0.178708823293706,0.0141821531134732,0.00930359298239295,0.0234226380822808,0.859759688912158,0.725837249488549,0.000433765317961729,0.00979769525865573,0.00916701733818012,0.00342481893243151,0.0258457126105331,0.00879592834201093,0.00111180486943337,0.00259380917532878,0,0.000192110146058983,0.00131340314185883,0.00101881321944707,0.000665222585197884,0.00217421269870047,0.00367300633295891,0.000531731017638812,0.0098779028131706,0.00443002946552106,0.00253131061893138,0.0140684861872688,0.000101698390594328,0.000303331439724058,0.00189945109130944,0.00555712036715207,4.71482620714724e-05,9.67288313846827e-05,0.000173478361076409,0.00900500375800816,0.00397202166356255,0.00113510008012965,0.00936706482504968,0.0134746748586069,0,0.000895953857951506,0.00906883842773626,0.0117928105529386,0.000505815173767072,0.000347509393673349,0,0.000282018010682196,0,0.000720007223742371,0.279540254077747
0.00557482022214548,2.6097845494327e-05,0.00311804455293792,0.00699592535569665,0.1397116314431,0,0.518777012697779,1.49539991482474,0.069004730539832,1.21210643315185,0.0158770642387899,0.863805458868429,0.0429301487347453,0.0744263040323978,0.409575344760375,0.000153306172898671,0.0111142415551233,0.0143702296763493,0.0180032566612208,0.0229251214677905,0.00978723591509467,4.47144613393545e-05,0.0188857482929824,0.00892673940664949,0.0162288177357278,0.0220578658963586,0.0159264232990554,0.170355690783364,0.0653030031055859,0.0334518034329707,0.0010509153467187,0.0337170570341569,0.00197141357192155,0.0730317948814408,0.559414646095562,0.155953577567876,0.00530481242266211,0.0399492369950289,0.0182867169551826,0.301839684061113,0.0277974392665386,0.00334491087278776,0.00859410342741533,0.000741312228377372,0.00732217256346461,0.00598744194654713,0.0264543084629286,0.00228095279450018,0.00511630988269605,0,4.53890665396273e-05,4.50800821987748e-05,0.00582955792733594,0.00117687844748971,0.00782315596151857,0.0064867427334942,0.00139657785335132,0.0259505382718853,0.0227229952325017,0.00560235033092027,0.0488483459047245,0.000208139029560858,0.00150258157631176,0.00193108093928534,0.000429280162146664,0,6.63067326427639e-05,0,0.0311862556413912,6.12814778535306e-05,0,0.00015550125540972,0.0380454017086548,0,0.000139284206133944,0.000197336769797796,0.0398729021091174,0.00175959562710712,0,0.000115279175095594,0.00121774546339629,0.000172036942659879,0.00151013552452819,0.0381596364895313
0.34689265448858,0.000134063131933111,0.19483419824608,0.00439101323654698,0.0468283210807883,0.518777012697779,0,2.07458921933417,0.0421767246797653,1.03622519699456,0.0413143684634853,0.105978510834823,0.0869573359973344,2.69874236881122,0.093983546471078,0.00323557776337462,0.108095486830021,0.043704320304031,0.0742800584874227,0.00930749384413082,0.801872615870281,0.000812370414578351,0.614707104540369,0.123795449784356,0.0139171144647919,0.108753486559405,0.145193305455021,3.81570850080434,0.722256852800369,0.811397088052868,0.00286087274471368,0.0835218880660398,0.135641481912031,0.424510179225672,0.128920958965192,0.598883844667892,0.0369741601200255,0.691514048112407,0.243454906665395,0.18030386067928,0.0733120805954341,0.00646256557268455,0.0755607225884233,0.00282101907604395,0.0710564712676205,0.0205754392550074,0.0348432493991225,0.00937878048831397,0.00758741964614576,0.000233179680061897,0.00025961185118559,0.00430843493021758,0.00795144474913296,0.00384134521726198,0.0208010174914563,0.0988973751222281,0.0299018683269316,0.0156534916117735,0.0744542775396477,0.0188573526564825,0.0192210119163884,0.000861017408260192,0.0249232399490059,0.00733449671995486,0.00672908157364135,0.000429975578114364,4.01632596159279e-05,0.000583989643431201,0.0337590699235506,0.00219524347167492,0.00308222620118118,0.00893702806387963,0.396865211663301,6.6049087534225e-05,0.000710515479765826,0.0292284380070924,0.389022584461092,0.0398005047985809,8.0906538042724e-05,0.000341099569197923,0.00989589912800643,0.00106093982832339,0.020361079491668,0.0313186942221563
0.0798668951449786,3.45819699498117e-05,0.0388303112715713,0.00629056624355987,0.0869312774910975,1.49539991482474,2.07458921933417,0,0.0106192120165292,1.63764609484199,0.0322247466456422,0.207109724743663,0.0506917339717661,1.84343297054757,0.0280068843254088,0.000365989975767928,0.101777072059932,0.0260316846833019,0.0369623457903002,0.0569381246077181,0.0963548856176919,0.000133568216047933,0.196952176051001,0.0117419243006617,0.010588830852637,0.053240750772004,0.0544737003038048,0.108465704676855,0.245225862581132,0.439950663175391,0.00207210683348012,0.135532159064858,0.0158020448876735,0.209059283458242,0.0168267234042026,0.204332480659445,0.00996958724065686,0.0991386406613096,0.0357075121359525,0.088905847114498,0.0176789886064841,0.00660278142852795,0.033009647517886,0.00114506478408119,0.0224660677080525,0.00951943957646659,0.0131369100732478,0.00506204766148091,0.00462812840390015,0,9.28562228412033e-05,0.000209364290269849,0.00170971323660129,0.000278105774593699,0.00467181653504675,0.0208659650337394,0.00412814612488029,0.00568518719927321,0.0110637331919484,0.00664442104943051,0.00837893354164066,4.21608690651715e-05,0.00327233542048052,0.00283858256495527,0.00144765541053478,0,3.39032686619818e-05,0,0.0066028822431326,0.000642850035240823,0.000368461878522718,0.000141191593549049,0.111599363992036,0,0,0.00150508365718182,0.082011045047491,0.00591844049279526,7.83007717031331e-05,0,0.00185478385709885,0.000283051093613637,0.00725037013657285,0.00234194994862211
0.000215189112961811,0.122188520107258,0.000248355830606711,0.185092981031848,0.0540981122099077,0.069004730539832,0.0421767246797653,0.0106192120165292,0,0.119601884530588,0.00143783948505187,0.256319866961226,0.0655137932867771,0.00274715221902146,0.141051635322298,0.0574670258174423,0.000474964337180194,0.000620926861724335,0.0013352701833602,0.100781784421071,0.0104527538129903,0.842211414393537,0.0117892240318868,1.96709163426072,0.0891170150286351,0.0018778251003566,0.244245759278986,0.565177490750562,0.00502863675015088,0.000372670394273847,0.00216594071394288,0.00398153733741914,0.000744032757240484,0.00736691927298496,0.0044472262004422,0.0163251317051145,0.00180904510159853,0.00811237099423431,0.00450426836581201,0.186275166865671,0.0102988991026966,0.00560179748522593,0.0605049071280853,0.00415278224569411,0.0265599112157539,0.0100867183918716,0.014943031162924,0.00257525215695711,0.00383816352219309,3.56267125166059e-05,0.00544789156182579,0.000580378223532417,0.0217245995801002,0.00161709929153329,0.00423667953826284,0.0165458984621043,0.00239890904509602,0.336343159860246,0.0354681610873746,0.00222761665543854,0.0209826036534484,0.00123389652882564,0.00348384957413646,0.00619650236157458,0.141903989092964,0.000386631548352537,0.00112488759491287,0.00105462270435542,0.0342789976444741,0.0374310424328388,0.275961320433562,0.0254054154203023,0.51570306107194,0.000498137153737226,0.00243106453161578,0.015243239097648,0.211944428913116,0.00836011332261649,0.000430721892874855,9.0417685382223e-05,0.00198118587186978,0.000710108745878999,0.00800267666235099,0.0156564513753731
0.00331512646040416,4.09300608201981e-05,0.00514769429775017,0.360506083766638,0.03580941051612,1.21210643315185,1.03622519699456,1.63764609484199,0.119601884530588,0,0.0489385957245908,0.493136640656174,0.0716164799620455,0.343107979953978,0.0538512787344858,0.000294979373051334,0.0182072104082153,0.0405133280052676,0.0566334550846974,0.725130970628583,0.0142130752912526,0.000305046683395577,0.0239172791852481,0.0205069417021069,0.0184699918604009,0.0674904268858547,0.0507829692570455,0.724940080658156,0.289395559750838,0.0190932846591349,0.00365611828808495,0.082736901386167,0.0040114703120556,0.212249674146648,0.0146953985019809,0.277534387556628,0.0122760508047981,0.192954062077468,0.0447957259907648,0.115627331310741,0.0417950335054981,0.00764376082598993,0.0167384343149835,0.000972894644501783,0.0191617566525291,0.00789983724710834,0.0477721496237213,0.00494335914814734,0.00823588906106342,2.1210111939928e-05,0.000329291679899642,8.47774308740648e-05,0.0571790664597865,0.0017192985859883,0.0285211343864967,0.0716315379967198,0.014518789684968,0.0622885550774234,0.278278905267813,0.0109252390582415,0.0905648902905638,0.000443038694025132,0.00756935110923828,0.00421491279685268,0.000473549527316802,0,0,0,0.180663904160938,0,0.000639743545220354,5.97820495479226e-05,0.251930743686705,6.66846898128033e-05,0.000154195932805571,0.000516860343934655,0.494044033114905,0.0105950675943901,2.67958140092581e-05,0.000191783576169205,0.00118915021169684,0.000141280452222666,0.00665342770332722,0.0026999076047985
0.00194282556945623,0.00273866822469583,0.00822961196303802,0.00106264038333685,0.00029999750673429,0.0158770642387899,0.0413143684634853,0.0322247466456422,0.00143783948505187,0.0489385957245908,0,0.0329451156924541,0.394967429048993,0.0384600618312095,0.00181653986875714,0.00076403834316293,0.0528082034334852,1.11675730725328,0.208059579195956,0.00384346569532395,0.0182341508745757,0.00177663268868745,0.0386310689141544,0.00308772967319171,0.0067809310491356,0.372783515045034,0.0520399229690356,0.0149122619858265,0.143082177173358,0.0158099729031782,0.0386979726765836,0.119219822576313,0.00306360216192821,1.12583876600306,0.00378212021760384,0.0532584530674327,0.196945826734908,0.558747402009073,0.0343429117234461,0.0068857418756839,0.000890181251366907,0.103659582802172,0.00103055278656546,0.0226409080442676,0.000363390906111073,0.00163501158652428,0.000605222874442053,0.00026819463609606,0.0226758879273018,0,0.002525782121948,0.000320490755303782,2.49502843230576e-05,7.86673435115216e-05,0,0.000218056097976065,5.3471628268677e-05,0.00188664846935012,8.36513090975403e-05,0.00898129063827315,0.000383682215161604,0.102354750365169,0,0.000132041158170295,0.000440898462250588,0,0,0,0.0001215057366898,4.05089646009505e-05,0.000345924812392104,0.000115173655796048,0.00486588112347779,0.00513351497195412,0.00523594937502812,0.0101420882944613,0.00165782911853668,0,0,0.0170847006181552,0,0,0.00037884671373055,0.00143716813910406
0.00111297891303192,3.68506739290059e-05,0.00352292081600888,0.170674834560495,0.0916642835041894,0.863805458868429,0.105978510834823,0.207109724743663,0.256319866961226,0.493136640656174,0.0329451156924541,0,0.0480877207716633,0.0879406535670548,0.168408313015189,0.0024763510898606,0.0102590892877893,0.0276414078901119,0.033023678513661,0.634250379480638,0.0185220592974027,2.89383841172665e-05,0.0244675993473177,0.0620480063796905,0.0101843051594057,0.0427290866934342,0.0363814573255893,0.136371858893935,0.119422070579116,0.0127911694746859,0.00209882652952994,0.049557140431121,0.00075080322560873,0.112169049711332,0.293578931958788,0.130710781572329,0.0131671518880813,0.0805320548013788,0.0304161251868042,0.23712945772979,0.0279012898968904,0.00615244019116771,0.0128669509403297,0.00113139445422105,0.0100540332047545,0.00563478162267086,0.0446523560754305,0.00368061407886099,0.00430002671150976,0,0.000102464971578836,4.10864248585939e-05,0.104921498631946,0.0024216396563687,0.0141576295990312,0.00605963651476351,0.00155297257836991,0.0798016979435564,0.0732277757841953,0.00761713634295484,0.146187531790789,0.00059859603340202,0.00212993877498127,0.00606740464071162,0.00267774776310671,0,0.000103763595498252,0.000124121014521074,0.111711316521414,0.00112917510749631,0.000500429755564499,0.000448112807571369,0.0626402135535384,4.47995222230911e-05,0.000225295510311657,0.00126383147342796,0.111312981115578,0.0022814284091243,0,0.000198647161460447,0.00167517990118473,0.000286294986751068,0.00275008547817183,0.0573678953093827
0.000723408273709342,0.223595771646854,0.00536026388263932,0.00202554429190933,0.0139065811353991,0.0429301487347453,0.0869573359973344,0.0506917339717661,0.0655137932867771,0.0716164799620455,0.394967429048993,0.0480877207716633,0,0.0142841972110545,0.0128488230121546,0.0115726270299681,0.00333120748193548,0.00253623790795888,0.00288991327076015,0.0107730999740009,0.0137033443819049,0.100150544908172,0.0301174310867621,0.074519606955009,0.347701942739414,0.0192456475847508,0.152149880710568,0.0719456789994956,0.0202744915680717,0.0114808926526361,0.0785896937094327,0.0459305077692557,0.000698001950296933,0.352606306110996,0.0556390580125488,0.687396559070416,0.385104569139398,0.666850468599068,0.162676115807811,0.251607218148939,0.0409122945729507,0.804962568661961,0.0795769929205021,0.206952458500942,0.101758669808004,0.0439364419262385,0.0973581843449577,0.0392223963581045,0.333380592032239,0.000110694483952492,0.0352647755333898,0.000939523550906562,0.000486647149662143,0.001920966702112,0.0149999943474774,0.0175488292441907,0.00749115117215975,0.0110121247469828,0.0259784129004625,0.119255553636961,0.0278756533977817,0.725005340998587,0.0099365475737981,0.00204447875694159,0.00320436055918313,0.000313853251623315,0.00163538866681927,0.000483346195582604,0.00569315049598562,0.0011246503601722,0.00704359793299144,0.00240470335333708,0.04089907824815,0.103450010848671,0.0455099724997897,0.180005050999899,0.0256984306773281,0.00867939930165308,0.000315803233544218,0.165184856391711,0.0245665092712526,0.000403074292853507,0.0275442533899449,0.0208233841555398
0.65867095883789,0.000200751695611712,0.0465500197990947,0.00394755668353309,0.00335815630663677,0.0744263040323978,2.69874236881122,1.84343297054757,0.00274715221902146,0.343107979953978,0.0384600618312095,0.0879406535670548,0.0142841972110545,0,0.00672948996918643,0.000256447857781494,0.201043721585515,0.0304991313420915,0.0496429203073527,0.0203454853960485,0.101069467593117,0.000237772751567909,0.302173177862383,0.00940244010866096,0.00671827192650635,0.0559050478544423,0.0803852193677436,0.064534474013026,1.38490835299577,1.18578650427465,0.00121544302775568,0.0767156697603109,0.0214910685253954,0.126988072925565,0.007371449595873,0.0909048584987566,0.00670669702971533,0.0732894643142534,0.0170549381796998,0.0190030551595466,0.00463028968868387,0.000898960172004631,0.0114469670777143,0.000452542025565109,0.00888079107000449,0.00295285930570418,0.00418621508490636,0.000895350794143632,0.0019295574729918,0,0.000434651706504285,0.000597988344979164,0.000233439961801577,8.98185675120711e-05,0.000406502475897044,0.00653540594936443,0.0004276704297667,0.00245110541075794,0.001555839717538,0.00145532674989787,0.00168680867974528,0.000114975007561517,0.000445038319486189,0.000723181455363362,0.00120784036092211,0.000110112395075869,3.59192244193256e-05,0,0.00115074618565071,0.000360799710311678,0,0.000408633440423641,0.046807615608437,0.000293729117399454,0.000229793486920816,0.00233393058195652,0.0312490582652227,0.00142104518572822,0,0,0.000249131808969027,0.000105453409793353,0.00268591009644124,0.00129185829588197
0.000322313966718191,0.00134554805582805,0.00652485715053445,0.048339204783937,0.372336841269498,0.409575344760375,0.093983546471078,0.0280068843254088,0.141051635322298,0.0538512787344858,0.00181653986875714,0.168408313015189,0.0128488230121546,0.00672948996918643,0,0.0137596692294508,0.00342416245732357,0.0016004062552618,0.00291139122198156,0.0437202845510309,0.0658077044278212,0.00800780163665207,0.0974369792397547,0.192630591770818,0.00686535609035384,0.00603477787989904,0.0431662979821902,0.186595835824807,0.00621388261963666,0.0196539244413331,5.11799533663988e-05,0.015655235417948,0.000737476564701819,0.012994252402675,0.578481626473197,0.053591294501694,0.0392459582669435,0.0204433756824694,0.045625028858533,0.435318437943195,0.0375587676760825,0.00069101434724621,0.019576009074232,0.00680775157380404,0.00790494233156098,0.0250445211396172,0.00761516759831028,0.00114050854533122,0.0022248695200243,0,0.000240498133273756,0.00162942088346437,0.00163148039869047,0.00108081147258313,0.00268140466639416,0.00419233866373227,0.000476708463674384,0.00933071294887959,0.0047500183640132,0.00179269729984257,0.0115865940358865,0.000221390561495257,0.000340433274290636,0.00326757041740099,0.00894265205415743,0.000164267133031595,0.000288683234024596,0.000346851497146952,0.00658731676807408,0.00775326289601183,0.00215187936587887,0.00800424272114832,0.0313894201928337,0,0.00125020303136838,0.00888412140940819,0.0217217303868824,0.00132426806215192,0.000363943601655579,4.87643788225114e-05,0.000223303019970861,8.36295994330884e-05,0.00221647194393693,0.207690873333958
4.57095183240414e-05,0.060943496980534,0.00561345950095443,0,0.00437151129722224,0.000153306172898671,0.00323557776337462,0.000365989975767928,0.0574670258174423,0.000294979373051334,0.00076403834316293,0.0024763510898606,0.0115726270299681,0.000256447857781494,0.0137596692294508,0,0.00558724227833159,0.000653805954343215,0.00216865781138171,0,0.471377316505821,0.845489871897352,0.577310718966212,0.137329039208834,0.0133919865585128,0.00276766455263625,1.22550667373719,0.0950412173132231,0.00056723829096497,0.00241398912376904,0.000459679576251188,0.00051681567135511,0.000244739409717351,0.0105323663176946,0.0513583802516937,0.292148963884754,0.0652313193891574,0.0764614722001409,0.0847751213613616,0.00582720928158145,0.00190899589423443,0.000923628787245211,0.178107421126014,0.0170755946691702,0.0647099299055154,0.0410443973526141,0.00820015675717533,0.0021808892293266,0.000389320423627981,0,0.00556857395688865,0.0063461631626933,0,0.0026456723544981,0.000456678089014825,0.00430498500948163,0.000275324931542009,0.00554552829922569,6.78214321878077e-05,0.00123321298070107,7.14962513538239e-05,0.000474806437609464,0.00080516786502878,0.00926884699977207,0.699978673285214,0.00191776331139263,0.0001221393830165,0.000903396681274465,0,0.136707612674478,0.27318004794533,0.381644784888467,0.0611114965041831,0,0.00388605625518505,0.19575734461391,0.117604695264653,0.00356567073289512,0.00159957550824489,5.35423868799269e-05,0.000900173394700681,0.00183343862832348,0.01274083914117,0.041032966339407
0.0153932302143945,0.000967788236728575,1.1206792454637,0.00022293537108764,0.00114657440655974,0.0111142415551233,0.108095486830021,0.101777072059932,0.000474964337180194,0.0182072104082153,0.0528082034334852,0.0102590892877893,0.00333120748193548,0.201043721585515,0.00342416245732357,0.00558724227833159,0,0.102155539977655,0.547207347325616,0.00233759318693378,0.254868184546074,0.000766640019420957,1.00760591670256,0.00506417223763244,9.12673212486449e-05,0.726774658114937,1.27840898289442,0.0590772464486407,0.174010575738685,0.293143505585231,0,0.00772811492040918,0.029441406389949,0.640919959054198,0.0172165458067641,0.186155893274478,0.0790295027825629,0.185189368323405,0.112491461097266,0.00472283082509483,0.00260733780578461,0.000338763073568261,0.00436194716300621,0.000750875509742324,0.00142210801834739,0.00178152413194383,6.4618712137717e-05,0,0,0,0.00454851683412881,0.0105621476630175,0,0.000328348508692676,0,0.000245244764019206,0,0.000462750254534501,0,0.000227387505950522,0.00011621239837535,0,0.000192932298499215,0.00052440858445527,0.00230693763722708,0.00222143467433198,9.95407294266881e-05,0.000670970278921506,0,0.000227988255448905,0.000943896518767315,0.00370294290918947,0.000703303450756531,0,0.00643991026055419,0.0716217784114599,0.000403027378036395,0,4.48540646519304e-05,0.00025316820495885,0,0,0.00070136346881478,0.00760364459530496
0.00109930018679288,9.60664263591768e-05,0.0297172520591442,0.000259935550210482,5.43221930620909e-05,0.0143702296763493,0.043704320304031,0.0260316846833019,0.000620926861724335,0.0405133280052676,1.11675730725328,0.0276414078901119,0.00253623790795888,0.0304991313420915,0.0016004062552618,0.000653805954343215,0.102155539977655,0,0.527339760070442,0.00499463763784485,0.0118729045941766,8.2718610341215e-05,0.0457533226651559,0.0025552464469108,0.000468381710262204,0.438191652488006,0.062601160742058,0.0123639690639594,0.0768317043172154,0.0154753083095544,0.00360699298108593,0.0367477893667102,0.00199948950538429,0.288838111135161,0.0118303333836246,0.123294516175988,0.122872207672982,0.302315148627481,0.0795786992612896,0.0041101593415561,0.000602473911203784,0.000511677115500772,0.000713337291701078,0.000421780454057407,0.000205305517950297,0.000231428018047881,0.000238566717880714,0,0.000184326438561773,0,0.000480342840482268,0.000554312474067277,7.948139586854e-05,0.000232167287778014,0,0,0,0.000375251750253916,0,4.63865379336953e-05,0.000284259455458957,0.00115493027903033,0,0.000280704415823019,0.000336471378646004,0,6.40010437556863e-05,0.000109174383017308,5.43679387124717e-05,0,0.000247050023519087,0.000192239100745108,0.000319298347379157,0.000220763848087036,0.00539097612892452,0.0178060616228593,0,0,0,0.00191325356303624,0,0,4.66781289174139e-05,0.00476725475450732
0.00324149713842203,0.000180354526922005,0.128999320451483,0.000878159138290989,0.00120627626608464,0.0180032566612208,0.0742800584874227,0.0369623457903002,0.0013352701833602,0.0566334550846974,0.208059579195956,0.033023678513661,0.00288991327076015,0.0496429203073527,0.00291139122198156,0.00216865781138171,0.547207347325616,0.527339760070442,0,0.00557084181602476,0.0769419095289146,0.000285907562133297,0.180769666875392,0.00582846999967398,0.00110333231252134,0.78468647564778,0.247981526704331,0.0329664046470725,0.0897626919188438,0.0456478533554958,0.000477648365618896,0.0234728305362043,0.00900894626029983,0.620375835337512,0.0238195106983731,0.2261269272571,0.126785839894703,0.263211417955931,0.16377195704686,0.00632009836017313,0.00152535539069758,0.000246077569089883,0.00220378145988198,0.00121214665624918,0.000342575337893194,0.000491812103859848,0.000209666894243622,0.000107456144357038,0,0,0.00151031695758339,0.0016209244807562,0,0.000302724826374036,4.41987507027328e-05,0,0,0.000931362544896598,0,0.000269358477513671,0.000447520494491836,0.000672120322570086,0,0.000375539004910338,0.000495707519162589,0.000282483855556905,0.000123930612515599,0.000256788840053639,5.69358172431588e-05,3.29064679371864e-05,0.000329356644729176,0.000704520377148562,0.00231869864974621,0.000184061101777577,0.00646651638126521,0.029186699591601,0,0,0,0.00138619851763152,0,0,0.000229529267251408,0.00938982467950461
0.000155916027317828,0.000157504112095272,0.0008092356983905,2.00538901028493,0.0128076504373255,0.0229251214677905,0.00930749384413082,0.0569381246077181,0.100781784421071,0.725130970628583,0.00384346569532395,0.634250379480638,0.0107730999740009,0.0203454853960485,0.0437202845510309,0,0.00233759318693378,0.00499463763784485,0.00557084181602476,0,0.00165902520012732,0.00015672531892401,0.00310495579944296,0.0357941436990975,0.00646957928979495,0.00801044903653852,0.00592121435488052,0.508738379713172,0.0223045826252773,0.00144055253845509,0.000397647787649501,0.00602921942502015,0.000264082480504411,0.0161106849029175,0.00141220083779946,0.0357128266293781,0.00181860176836265,0.014784644480096,0.00462275691359648,0.0358955494957072,0.00568366423347913,0.00116271930783777,0.00392855547189322,0.000217217082708123,0.00351226449588152,0.00111123930104283,0.0223491238097006,0.00147648851759424,0.00294120079146988,4.22003604743362e-05,0.000286383334915239,0,0.0375715992209044,0.00149465697621538,0.00930159164222074,0.0147816138077353,0.00270287345046752,0.0400904138238439,0.125533765792161,0.00293601047396169,0.0593327046207977,0.000170864328487784,0.0019561125307462,0.00205184048934251,0,0,0.000102341558422699,2.55332580827206e-05,0.0964525483610437,0.00013726300514229,0.000325324438920808,3.69387057775199e-05,0.0881385583316647,5.09496395322144e-05,0.000207026239087874,0.000530753039697599,0.188056207032657,0.00405284598155645,0,0,0.00074195659540244,0,0.0015491377975754,0.000245704368666684
0.00533063186233042,0.00131548732770416,0.158210016739806,4.27789058148026e-05,0.028627691443639,0.00978723591509467,0.801872615870281,0.0963548856176919,0.0104527538129903,0.0142130752912526,0.0182341508745757,0.0185220592974027,0.0137033443819049,0.101069467593117,0.0658077044278212,0.471377316505821,0.254868184546074,0.0118729045941766,0.0769419095289146,0.00165902520012732,0,0.0426513053680956,3.47769685968361,0.0491065102694381,0.00147269544642249,0.0564260106292642,0.451486508125882,1.39022797546164,0.0896085580719948,2.83558931962365,0.000409478952174535,0.00437846585529681,0.0354653114716935,0.782629998385317,0.221992777587178,0.807565392915592,0.0817106702442464,0.998390855670739,0.530544840798294,0.0323238358484826,0.00991553536935352,0.00121321250587907,0.150592954428729,0.00911575255616174,0.0533704451262578,0.0336524142519992,0.00802550082698217,0.00303714320607556,0.000436433524611592,0.000146114378081429,0.00103113714570762,0.0060805373480689,0,0.00554069886585005,0.000260020981463817,0.00276117625384994,0.000275549571714348,0.00171015521165589,0.000204838820224512,0.00224293579067026,0,3.37974911047161e-05,0.000696950517053398,0.0125513855241075,0.24955163515889,0.00131593809753523,7.05935024850133e-05,0.000438674933352393,0,0.109240628054383,0.0653057589797207,0.113524249292585,0.0381272618523172,4.97582306045055e-05,0.00158658400780045,0.0818243372265063,0.0798127645811469,0.00378863897678711,0.00101175331224277,0,0.0010976052894253,0.00113896231632238,0.0106959733479982,0.0809857123981916
0,0.275919497814042,0.00125357832763529,8.04871194976568e-05,0.00237953564804585,4.47144613393545e-05,0.000812370414578351,0.000133568216047933,0.842211414393537,0.000305046683395577,0.00177663268868745,2.89383841172665e-05,0.100150544908172,0.000237772751567909,0.00800780163665207,0.845489871897352,0.000766640019420957,8.2718610341215e-05,0.000285907562133297,0.00015672531892401,0.0426513053680956,0,0.0858912785600603,0.910009574069303,0.145639135436521,0.00149680558234683,0.78807622038906,0.0459787541131221,0.00014388294329381,9.79790910405576e-05,0.00459080562084524,0.000166711087896699,7.83824351965544e-05,0.00145538304207281,0.00280080103811194,0.0178690107709099,0.00619410240061176,0.00727660931310388,0.00513937155634164,0.00268737870599228,0.000317055206910235,0.00936986758397155,0.0463503311983639,0.00770632452739668,0.0204065583478102,0.0145095065591752,0.00173022113378889,0.000878395874534204,0.00540976280047109,0,0.0148759091807295,0.00672095048748894,0.0023726556703964,0.000573489435090512,0.000340888498566866,0.00284834492698628,0.000321549431775462,0.0303408894737764,0.000888997415996986,0.00129525793844447,0.000260323405257785,0.00273500594404222,0.000594162108711386,0.00209992075147306,0.253855137777067,0.00252289123508168,4.83946078215927e-05,0.000922261058364749,0.000597079415943056,0.0294868397066466,0.368922433532579,0.11022323737533,0.0792333597890186,0.000814769064232602,0.00446542341375814,0.322437153944869,0.0567420690104247,0.00132451812369268,0.000902188161271315,0.000332915910582531,0.000320793113031823,0.000463590589119011,0.00462473781437184,0.0100601518346417
0.0213100790608581,0.00386586556354238,3.41425464355574,7.01092432342768e-05,0.0462107126205546,0.0188857482929824,0.614707104540369,0.196952176051001,0.0117892240318868,0.0239172791852481,0.0386310689141544,0.0244675993473177,0.0301174310867621,0.302173177862383,0.0974369792397547,0.577310718966212,1.00760591670256,0.0457533226651559,0.180769666875392,0.00310495579944296,3.47769685968361,0.0858912785600603,0,0.0739526424953049,0.00112831843861152,0.626350649506579,3.11985740137694,0.511147078639761,0.171187101755847,1.61695164587712,0.00108940100222428,0.00817713607643728,0.0423018961865909,1.04183966448741,0.480817605502546,2.80502136211272,0.612767700158975,1.96231886058279,1.45053122780089,0.0385492095732932,0.0197056358009991,0.00279597097010299,0.167609704071423,0.0234251445415201,0.0712031512180966,0.0814736502618801,0.00765357065138543,0.00168907221456608,0.00045215404639394,0.000117347685297934,0.00731977271060963,0.083198900973598,0,0.00884364108538814,0.000150538032523203,0.0143200032725466,0.00110756566705953,0.00185471519257733,3.42925291117609e-05,0.00200282925617975,0.000102461341956773,0,0.00177507578302418,0.0114007560108862,0.765067083897215,0.011336352563565,0.000970346723887446,0.00381138070515373,3.37403580906868e-05,0.0924799477157056,0.195731396936272,0.72269860393952,0.0311001204335679,0.000101944444135439,0.0126075959114315,0.893779325105323,0.105047155074697,0.00131004103074962,0.0022898334166276,3.89907895876766e-05,0.000209981259954637,0.000898065313009263,0.0176723833129467,0.226036556100149
0.000135389901939997,0.123880384912599,0.0102293942445887,0.206283372514388,0.0470049877495324,0.00892673940664949,0.123795449784356,0.0117419243006617,1.96709163426072,0.0205069417021069,0.00308772967319171,0.0620480063796905,0.074519606955009,0.00940244010866096,0.192630591770818,0.137329039208834,0.00506417223763244,0.0025552464469108,0.00582846999967398,0.0357941436990975,0.0491065102694381,0.910009574069303,0.0739526424953049,0,0.0909918339270507,0.0146473831526279,0.600869054046889,1.3594325247573,0.037046246752531,0.00487628190259633,0.0029339571188829,0.00513127536501137,0.0130344760205235,0.0380399641624328,0.0449766671510985,0.214765068644605,0.024860696645955,0.0979506122270541,0.0641809933505195,0.0980138792983658,0.0137362779008367,0.00478378551684283,0.365235996937328,0.00768355764993329,0.247012254510736,0.0535829625270716,0.0805545375873423,0.0256970345421005,0.0102073357059891,0.000668315365537223,0.0109047462320935,0.00243219060934835,0.0182288624031179,0.00574733193258439,0.0217186854262631,0.152117396487997,0.0365136086216681,0.26089374035711,0.0738383975622974,0.028886392015443,0.0145598058196828,0.00217732635387116,0.0366646704408871,0.0387178279565131,0.176852249594493,0.000626962526819601,0.00235652647879532,0.00269871425193089,0.0384395715235748,0.0631250361324296,0.115431370225764,0.0572284477121979,2.04301898237714,0.000681902280155839,0.00636853137231907,0.0696817026961311,0.929084902155262,0.091827168606068,0.00109515910633661,0.000309677004073185,0.021223539927951,0.00784325230801258,0.0751742709415972,0.0448749567965651
0.000106600490485144,0.347127874220445,8.34029212269605e-05,0.00128082596853046,0.0104506310746727,0.0162288177357278,0.0139171144647919,0.010588830852637,0.0891170150286351,0.0184699918604009,0.0067809310491356,0.0101843051594057,0.347701942739414,0.00671827192650635,0.00686535609035384,0.0133919865585128,9.12673212486449e-05,0.000468381710262204,0.00110333231252134,0.00646957928979495,0.00147269544642249,0.145639135436521,0.00112831843861152,0.0909918339270507,0,0.0274408272471966,0.550254786189908,0.0402760164199055,0.00503883004021248,0.00020961193940323,0.0194608599429093,0.00930811183083049,0.000353661340808487,0.0144303181516848,0.0010251183034001,0.0422185873532559,0.0572321980026781,0.0204438616193943,0.00758754493317191,0.176101407830426,0.0077212439757739,0.0867104188684331,0.0415858200457446,0.0375570786465706,0.0232342089976171,0.00555787564886083,0.104220672054904,0.00300544240729662,0.0697891439656442,0,0.0728763551093862,0.000338254179734245,0.000303797660974359,0.000950755835799185,0.00563924392768271,0.00761565374544499,0.00426720126442469,0.00422396091212442,0.00285959383446688,0.0140978562521678,0.00817302085178295,0.135758783741569,0.00430717532723784,0.00263929577920261,0.000767362678575109,0.000731931423108496,0.000944270806275332,0.000576835071759585,0.00218764984586353,0.000183012183043313,0.00331102973420978,0.000620757068284506,0.0186636275328092,0.140343238494772,0.0451304212589993,0.290844537420879,0.0189064954509325,0.00536985107987032,0.000201428725231356,0.0437523486303338,0.00654326495400197,0.000157079760627556,0.00644538229319082,0.00283760463105801
0.0031456071241075,0.00482207473832347,1.57452503451508,0.000552977131505689,0.00203801822586517,0.0220578658963586,0.108753486559405,0.053240750772004,0.0018778251003566,0.0674904268858547,0.372783515045034,0.0427290866934342,0.0192456475847508,0.0559050478544423,0.00603477787989904,0.00276766455263625,0.726774658114937,0.438191652488006,0.78468647564778,0.00801044903653852,0.0564260106292642,0.00149680558234683,0.626350649506579,0.0146473831526279,0.0274408272471966,0,2.53294115523794,0.0415460582347413,0.100669181997152,0.0608564582010207,0.0181963057142313,0.0446561860073863,0.00503860390454776,0.483122437418437,0.0680833876737471,0.695207978874216,1.04060215852667,0.922222415178044,0.409033369183512,0.00867979499652389,0.00308282644417411,0.00728108852698937,0.015355471850666,0.0463039837354238,0.00804652711448049,0.0115236710999933,0.00103092773273076,0.000188326145939392,0.0122310769966521,0,0.0541373285185447,0.026528284204609,2.36851858592778e-05,0.00144644973336855,0,0.000950745561546329,7.5441564450443e-05,0.00422394049775256,0,0.0128342371266456,0.000209246176401964,0.174392191727924,0.000271380617442307,0.000909167221797306,0.00209289764699485,0.0115048829529744,0.00295342509031049,0.0107079146424237,0.000145270039501262,0.000936368430356841,0.00452323921315081,0.00451772922363636,0.00381105746859034,0.0276451147052071,0.328357144508507,1.0535738067062,0.000906486012171546,0.000325722940592563,0.00149461015349016,0.153928368440433,3.19277772847474e-05,0,0.00400416145842332,0.0266684494439413
