0,0,227.071567773819,1.06705543398857,1.1091445684433,53.5710352063179,5630.72942653298,2430.40316686034,0,3.82736855745316,7.62864425778389,6.76828837394714,1.97738310694695,12961.5461750925,2.88072168827057,0,593.623350262642,8.17966666817665,117.118064403534,2.70187455415726,52.157614171505,0,290.137680798769,6.34799706935883,1.1356548666954,139.451083421707,103.63565993309,20.7018824517727,4566.84762319922,6745.19368463755,0.4280746281147,14.5629513561726,0,71.9930031895638,9.07108071446419,69.3882120847702,26.1723939180374,32.8632313907146,31.2282809913158,5.43124389648438,4.85039609670639,2.48685792088509,0,0.495333760976791,0.497399300336838,0,0,0,0,0,0,0,0,1.12901139259338,0,0,0,0,0,0,0,0,0,0,0,0,0,0,0,0,0,0,1.25420928001404,0,0.41747510433197,5.4491154551506,0,0,0,0,0,0,0,0.573123216629028
0,0,39.8294013142586,37.8949835300446,12.7756887078285,17.8120459616184,0,5.9005326628685,3419.67416891456,6.61774900555611,174.30559194088,23.1350300312042,1946.98725014925,20.4956106543541,160.986727744341,337.554414600134,18.8685974180698,10.063803255558,2.39622187614441,2.78712895512581,23.7757243514061,3036.00108259916,23.9450455009937,1054.67907994986,1460.18588644266,80.7411974072456,18819.0097577572,54.5824486911297,20.2931641042233,2.26113259792328,188.554848879576,3.51093488931656,0,82.9696851968765,1.39079201221466,93.1850414872169,129.967775195837,39.911376953125,21.6885893940926,171.55575093627,2.75659734010696,310.980983495712,45.9460579454899,231.662526518106,15.1229014098644,16.1670630276203,9.90379327535629,0,15.6517578959465,0,1084.2832044661,30.7772634625435,5.00297719240189,0.796044528484344,0.398599326610565,0.877669155597687,0.688068389892578,100.902977436781,0,22.7618543505669,1.36413872241974,195.945028573275,1.12115812301636,8.33756375312805,38.0601871013641,10.6064361929893,16.9855044186115,15.8865129351616,1.54895195364952,0,80.9944348335266,12.8402407169342,65.9924861490726,127.827072441578,375.567843019962,5323.81737703085,10.8108515441418,1.50482952594757,0,54.0203745961189,0,0,1.56293892860413,1.82188653945923
227.071567773819,39.8294013142586,0,24.6493573486805,6.82704210281372,586.961641103029,2937.35202428699,7005.97047394514,20.6526933014393,152.276315182447,438.333761781454,108.896151036024,36.348696410656,2077.02168884873,83.4715209007263,95.5702466368675,27093.105925411,427.992465317249,1921.98769053817,56.0702216625214,1766.39267390966,23.3207494616508,50975.9194269776,154.255999416113,6.63039103150368,34829.3615527153,31489.7940707505,2286.44145090878,1409.45726916194,5728.13959690928,15.1691517531872,89.9150975942612,70.9854063987732,2315.31949226558,737.448243260384,10286.8775263727,6453.20486292243,2280.71527197957,2881.45618253946,290.412027150393,168.500374019146,111.80132201314,164.624441564083,2087.94677448273,64.8311498165131,83.6113371551037,22.1996937096119,0,0,1.35203814506531,284.519613564014,507.142459064722,0.58167439699173,14.0879030227661,0,15.6794435977936,3.46313574910164,11.0855504870415,0.848661601543427,0,11.5886094868183,5.11107912659645,6.2810030579567,4.48910248279572,83.6152766048908,184.769761115313,3.76107758283615,55.2074117064476,0,17.18001973629,45.2632721662521,142.497996389866,60.6112514138222,5.42997336387634,979.219728171825,11927.3499818146,80.3395813703537,1.97603893280029,23.2760681509972,3.25072890520096,0,0,5.34071278572083,358.789401292801
1.06705543398857,37.8949835300446,24.6493573486805,0,62.6169458627701,898.81999206543,778.44464045763,365.83799251914,8125.15569728613,12710.6228028536,157.779800653458,6426.43038925529,74.3770877718925,886.993242830038,692.759108275175,6.36421900987625,12.8736235201359,51.7374079525471,37.1172213554382,24201.9292119145,21.4009770154953,119.707647532225,39.4008238613605,12243.1158338785,42.9283167123795,108.282135725021,213.048072367907,18395.0261992812,1069.57743424177,53.3535912036896,10.4501925110817,210.137884140015,38.950405985117,263.393394052982,346.725269168615,1619.32366496325,86.2045927047729,175.005053430796,71.5592902004719,1025.95083910227,231.101664483547,161.94560983777,756.908744722605,2.9229978621006,43.3024152219296,11.5184087157249,1244.20286640525,56.6684906184673,12.8387626409531,0,2.51315718889236,0.715220212936401,3777.72206613421,113.62590816617,272.14652338624,88.832376986742,183.447595655918,625.690345913172,595.063248634338,6.71444696187973,1095.18141651154,1.6425883769989,69.5802159309387,442.816512167454,77.7450720369816,0,3.0893959403038,0.570746183395386,1362.71025463939,57.2177680432796,1760.6794628799,38.4487264454365,2187.4867323041,0.654064953327179,2.52899199724197,25.6803140342236,3101.52886992693,87.0430438220501,68.1355211734772,0,14.5190919339657,0.641904532909393,34.7255530059338,62.3450472652912
1.1091445684433,12.7756887078285,6.82704210281372,62.6169458627701,0,1283.83371737599,48.5093339383602,134.492345899343,318.454590588808,47.5900741517544,9.05017691850662,433.172334492207,7.27926832437515,25.7207193672657,2161.21689355373,8.01473903656006,1.70895653963089,1.00371837615967,3.54710155725479,31.1946856379509,78.2373373806477,56.1917639374733,123.146120637655,225.240850716829,8.45589259266853,5.99683576822281,69.2870333194733,136.289591640234,13.5499309003353,46.68356564641,0.508046627044678,132.576422810555,1.26516473293304,125.048754304647,1389.26290786266,96.6615804731846,14.0996959507465,11.9147289097309,12.4755544960499,10335.574895829,3469.92963734269,20.1711814701557,31.066615998745,7.66367590427399,11.1491004824638,53.2401502132416,43.2032507061958,4.88283455371857,0,0,0,2.99109852313995,34.3971685767174,1.30393862724304,13.2482756972313,0,6.35208404064178,27.1031275391579,2.42763519287109,0,25.6061573028564,0,2.4405505657196,11.1115182638168,6.35688257217407,0,0.533722102642059,1.12499248981476,12.6989066898823,10.5109392404556,22.5847981870174,22.0940950512886,25.7445878982544,0.759043455123901,7.83221435546875,11.2377110421658,33.3199359178543,2.4149751663208,6.33328896760941,0,0,0,0,893.109432071447
53.5710352063179,17.8120459616184,586.961641103029,898.81999206543,1283.83371737599,0,4899.62019714713,16788.3004401922,673.232167720795,20402.6700710356,302.441349893808,7979.8324033916,110.006751149893,1374.69666361809,3833.16525185108,10.1803675591946,404.670352458954,80.179138481617,128.880154043436,645.965869069099,535.213314861059,72.0031284689903,559.315238922834,652.641648799181,30.7206375598907,302.605952367187,217.216956079006,4065.15118314326,647.500911563635,736.476281791925,12.434045612812,676.129727005959,29.5661536157131,230.76758980751,23036.3871107399,1145.09674477577,155.692110240459,207.562260091305,93.1115505695343,6016.25407966971,713.528880923986,118.751309841871,96.8784004151821,8.23778834939003,6.33912169933319,8.39660742878914,134.069161653519,3.73091375827789,5.05306923389435,0,0,1.21768665313721,204.285538852215,4.79773640632629,16.4485999643803,8.40115785598755,8.18215095996857,50.1577134430408,21.083120405674,0,105.167983114719,8.00629955530167,1.65165001153946,39.517970174551,18.1805472970009,0,0,0,63.1163905858994,4.2624499797821,108.557605981827,12.9157228767872,259.325065523386,0.982081890106201,1.08250856399536,31.181508243084,297.255118042231,6.44137963652611,7.73334887623787,0,1.94117605686188,0,4.95854979753494,606.006995528936
5630.72942653298,0,2937.35202428699,778.44464045763,48.5093339383602,4899.62019714713,0,40895.8967594057,401.192432552576,27972.3535110056,304.758660167456,329.368185579777,79.8736273646355,24043.1755536795,584.919274091721,12.6602419912815,478.655442744493,132.519736498594,200.192724168301,449.87852281332,3819.83902674913,3.14954888820648,4330.28927952051,1426.69819694757,17.6704848110676,799.536330401897,541.673004359007,79653.9426940084,5051.12524580956,6548.31126636267,18.2676610648632,374.701967924833,339.462145924568,1046.66038519144,952.829087078571,4265.59766414762,495.050451219082,1076.35350456834,498.809515893459,1206.26122185588,324.13666793704,190.700809538364,212.402470707893,26.8794418275356,12.2254446148872,14.5269478559494,126.403237789869,8.90473729372025,7.07513216137886,0,2.70916539430618,10.5390058755875,95.7884531915188,7.49097782373428,17.5030493140221,13.3022999465466,18.5394732654095,32.6785639226437,17.1744317412376,3.15959072113037,102.344915747643,4.88440662622452,4.85751658678055,33.9118956625462,90.4188658297062,1.02577793598175,0.372541874647141,0,47.3654115200043,57.0204602181911,161.270227849483,50.342854231596,504.766242027283,1.43624857068062,5.08292850852013,267.436171025038,753.8419739604,26.3611942529678,32.6751389503479,0,0.609061419963837,0,12.6740892529488,168.052942276001
2430.40316686034,5.9005326628685,7005.97047394514,365.83799251914,134.492345899343,16788.3004401922,40895.8967594057,0,226.858332693577,11661.8753094226,565.524991869926,7325.22936424613,190.169109553099,21038.3803367019,827.987211346626,24.2462707459927,5324.5548363328,261.354398131371,1288.39082971215,1349.29683107138,3814.66110083461,16.1824565827847,5259.37637355924,460.816184729338,41.563213378191,2785.49830049276,1334.33916059136,5405.95882275701,2829.76027484238,11464.1986916065,18.9191335141659,689.306776255369,62.1647480130196,1115.9558416158,3592.43189883232,3039.8958863616,744.995109409094,1096.83734583855,617.145905926824,3006.15485584736,231.733842521906,205.625108808279,130.603954136372,61.2612149119377,4.48292183876038,10.0211482048035,107.250953823328,5.90408235788345,6.0146946310997,0,0.571508169174194,10.0651135742664,81.3120029568672,8.83992320299149,8.84890538454056,8.44709089398384,2.93917453289032,24.8424619734287,11.8512386977673,4.74991375207901,67.745326936245,12.1316536962986,0.518880426883698,25.1491979062557,59.1083254218102,0,0,0,31.0414768755436,17.9301986098289,72.0741419494152,31.9265578091145,297.703865408897,0,1.34490314126015,165.827598392963,288.002857208252,3.50575125217438,24.0805004835129,0.822301506996155,0,0,1.15793347358704,187.653746843338
0,3419.67416891456,20.6526933014393,8125.15569728613,318.454590588808,673.232167720795,401.192432552576,226.858332693577,0,681.975219249725,221.901990681887,2494.74668782949,2551.99941086769,357.560468137264,4382.82802960277,130.911173701286,12.0977966189384,20.5445258319378,17.4344429373741,685.221815049648,41.9027021825314,16675.7199836671,59.5202939212322,26975.949527204,2243.36337804794,69.9464361667633,9091.32538935542,4855.46355447173,504.968675434589,26.4611800014973,412.36553645134,107.022674560547,49.0136691331863,149.26056972146,208.819286286831,1049.65797454119,102.024261534214,98.144379734993,55.0830191671848,3307.56973367929,95.0818660259247,184.725361198187,661.474131286144,69.4441188871861,61.9985915720463,19.8704286813736,812.547701239586,42.0131470561028,15.2540266513824,0,85.4204615354538,1.40598917007446,1592.04958865047,88.6666085720062,178.287919163704,102.61699077487,157.62225818634,693.966057300568,149.596779167652,51.805025190115,639.793117076159,162.308793783188,57.4334664046764,370.728508889675,868.350460886955,4.36224552989006,23.5503737032413,8.54877796769142,464.387713700533,161.398473978043,2848.22254285216,199.335076183081,3568.28885394335,143.320011198521,76.4031051695347,1099.97880837321,2213.74688857794,143.246777802706,70.5437479913235,11.6052008271217,27.5846702158451,1.74923181533813,32.2470304071903,116.554856061935
3.82736855745316,6.61774900555611,152.276315182447,12710.6228028536,47.5900741517544,20402.6700710356,27972.3535110056,11661.8753094226,681.975219249725,0,877.684647023678,7120.39604896307,275.117458105087,4173.56853926182,643.978133052588,3.95563954114914,46.4710648357868,349.545707017183,216.045160740614,5201.30034679174,135.212283968925,14.4738156795502,208.051459997892,1224.10361799598,63.433722525835,564.323482662439,269.019431650639,48000.1182763875,2466.17022049427,186.947065770626,31.1117875576019,685.397886246443,61.5324772000313,746.212950974703,4098.69064736366,3219.28732019663,245.929139316082,380.256836682558,156.187310069799,1768.79019021988,520.943962365389,374.946513682604,151.893355607986,10.42796844244,7.09648168087006,2.61504465341568,177.494080007076,1.78157567977905,11.9919041991234,0.815661668777466,1.30025920271873,0,517.729849129915,16.3603401780128,33.1557830572128,16.5299781858921,6.39986133575439,80.8035236597061,35.5272129178047,1.58246922492981,252.850931197405,10.9094030559063,3.29335075616837,64.1479685306549,35.0262572467327,0,0,0,147.06419762969,5.46881347894669,240.090216517448,13.4525055587292,539.080980539322,1.79132717847824,0,11.5217778980732,660.425578027964,0.972223997116089,9.34797725081444,1.41961705684662,0,0,3.88046768307686,133.821220815182
7.62864425778389,174.30559194088,438.333761781454,157.779800653458,9.05017691850662,302.441349893808,304.758660167456,565.524991869926,221.901990681887,877.684647023678,0,1388.6839300245,6476.2643815279,3699.8321929872,79.6842206716537,54.2298958897591,792.442806452513,13921.305568397,1041.75636518002,336.770457208157,587.034009605646,164.547563701868,1086.65562361479,205.874664068222,933.825951337814,5604.80999210477,1254.94392131269,706.367327183485,7037.12781682611,557.528298407793,1822.79674452543,1253.23812192678,81.2891388237476,13215.9835987538,227.296209037304,1420.57404837012,6266.79062613845,2429.60766430199,775.213545113802,295.798085272312,143.831549853086,1940.74698874354,21.9573688805103,1536.85179930925,23.327746629715,13.5374691188335,26.4894863665104,0.670843422412872,270.646918058395,0,216.371885180473,1.68952238559723,4.23248928785324,0.955810904502869,0,2.04292014241219,4.23093616962433,188.046725809574,0,1300.05830541253,13.8086694777012,7417.3166693449,2.47470456361771,7.05173224210739,7.79858213663101,0,47.7192422747612,0,0.926402509212494,3.77110433578491,182.01680713892,4.9079704284668,82.3586201369762,413.635561823845,491.285311490297,1743.83046865463,12.1802267432213,8.93081146478653,1.97100347280502,2148.89469176531,15.8035743236542,0,25.5194711089134,51.0628246366978
6.76828837394714,23.1350300312042,108.896151036024,6426.43038925529,433.172334492207,7979.8324033916,329.368185579777,7325.22936424613,2494.74668782949,7120.39604896307,1388.6839300245,0,465.424342304468,4446.44222319126,5980.65285798907,5.04256373643875,63.7694109380245,441.150007665157,268.928312569857,21580.5690711737,49.1599939465523,123.888959318399,141.852088660002,2283.39265015721,103.897818773985,787.347978696227,504.503411054611,2181.71202009916,1415.1694073081,147.178348869085,72.8872659355402,977.512361109257,10.6773857474327,638.76664763689,1764.54579436779,4555.74068120122,288.229451805353,311.266646340489,74.5191226601601,5534.18087753654,688.63554045558,512.839091897011,597.902414768934,14.9093050956726,55.3748100996017,4.75443506240845,1290.61749488115,32.3199432194233,38.1941686868668,0,1.5184967815876,0.505476593971252,1739.53170436621,100.176850825548,273.564239293337,56.49391284585,171.735545545816,552.150320202112,248.943860352039,21.3015043139458,1512.19440352917,21.4351607263088,60.4662035107613,452.627405703068,80.1985413432121,1.00124338269234,7.20012167096138,0.761108160018921,788.064472824335,52.9972765147686,672.500988602638,29.661072075367,1238.91822248697,2.05619323253632,3.60629141330719,26.8649412095547,1681.70561411977,56.9562908113003,65.0150679647923,0.411811053752899,27.659431040287,1.11545163393021,21.7148034870625,228.352755755186
1.97738310694695,1946.98725014925,36.348696410656,74.3770877718925,7.27926832437515,110.006751149893,79.8736273646355,190.169109553099,2551.99941086769,275.117458105087,6476.2643815279,465.424342304468,0,865.697382628918,103.849738836288,285.746265977621,43.5000392794609,191.347153931856,102.806763857603,111.331790983677,40.2482698559761,1993.02354079485,76.9538048803806,401.992467492819,9691.40770196915,477.254892081022,6368.68693682551,239.940210580826,1042.12617877126,101.426160156727,3940.03449946642,379.235899597406,1.93314126133919,2668.8733766973,29.5353417992592,265.681695610285,2737.86507976055,1071.57688754797,59.4761576652527,201.247292459011,106.964706629515,2405.56019115448,31.5390772819519,3037.14426293969,68.5459853112698,16.5137058794498,25.3870738446712,2.00074577331543,1077.8164665401,0,656.155129224062,1.08890080451965,3.16410046815872,0,0.948604345321655,0.972721576690674,4.06367766857147,347.80477720499,1.28643283247948,2323.31809365749,8.61788868904114,13399.0789042115,6.17139852046967,24.9328539669514,13.3021658658981,0.900505840778351,48.3933597803116,4.30944210290909,2.71088266372681,1.20563450455666,397.423333793879,3.79103517532349,120.341391086578,1429.58726856112,946.179206818342,4574.75577560067,16.2430331707001,36.080756187439,2.14772701263428,2696.91943973303,45.3632135987282,0,50.9418432712555,8.17686811089516
12961.5461750925,20.4956106543541,2077.02168884873,886.993242830038,25.7207193672657,1374.69666361809,24043.1755536795,21038.3803367019,357.560468137264,4173.56853926182,3699.8321929872,4446.44222319126,865.697382628918,0,355.647436767817,29.5166771411896,6463.51532590389,1746.15867877007,2686.31054663658,1377.02429965138,930.985077410936,31.2003575861454,2656.46532875299,952.656374067068,130.14872866869,3398.25121963024,1876.27903705835,4764.86788950861,33371.5392652899,20623.7546495199,146.383465528488,370.962511748075,119.248869419098,2267.88979935646,422.206242114305,4157.69514015317,608.038956105709,779.536989599466,348.258672177792,1822.25726607442,253.679826110601,464.307312041521,221.256760150194,62.3169876039028,10.7704904973507,8.75422763824463,214.660377264023,7.69859862327576,32.2899364829063,0,7.63353708386421,0,117.467252850533,9.66289961338043,20.684704720974,20.4005447626114,9.87030524015427,62.039603382349,6.24669617414474,17.4445081353188,130.179271876812,92.8347833156586,3.1139115691185,48.0679060220718,212.09331575036,0,0,1.09886753559113,49.4596875607967,75.9787559807301,149.040210843086,79.378920763731,597.757459640503,10.186178445816,5.62876737117767,94.0961889624596,602.746324658394,4.88632234930992,62.866382598877,8.52869138121605,1.80999231338501,0,8.25189134478569,88.4159741997719
2.88072168827057,160.986727744341,83.4715209007263,692.759108275175,2161.21689355373,3833.16525185108,584.919274091721,827.987211346626,4382.82802960277,643.978133052588,79.6842206716537,5980.65285798907,103.849738836288,355.647436767817,0,142.013497591019,24.1255189776421,29.7345232367516,20.4312745332718,380.401053994894,496.153362601995,557.467898875475,568.759863883257,2640.79847481847,87.4571376144886,84.305253058672,659.597908049822,1770.59918421507,247.233765870333,715.399249881506,14.5884775519371,210.447252720594,9.53134363889694,102.772675901651,3967.01794958115,858.008520185947,118.369126319885,73.9973516464233,113.758354216814,7666.9092310071,95.892095208168,58.3763463199139,212.56006154418,9.23071676492691,15.0149164795876,66.1769622266293,412.956729888916,10.1954389810562,5.45143473148346,0,2.33810669183731,10.0973687767982,390.998808264732,14.769011080265,58.0774538815022,32.5377920866013,42.5418945252895,224.559398949146,51.4062836766243,1.98335760831833,222.394019693136,2.77885890007019,17.9786280095577,118.987977147102,140.356083363295,2.98652875423431,2.90609431266785,0,120.448742508888,76.9597674012184,272.77948012948,89.5307004749775,480.978438168764,9.46087431907654,5.05804204940796,100.778651535511,580.373202711344,24.60069835186,53.3029964566231,0.997696101665497,4.8722762465477,0,12.5828024148941,1091.35190975666
0,337.554414600134,95.5702466368675,6.36421900987625,8.01473903656006,10.1803675591946,12.6602419912815,24.2462707459927,130.911173701286,3.95563954114914,54.2298958897591,5.04256373643875,285.746265977621,29.5166771411896,142.013497591019,0,148.362496584654,66.2428723871708,78.5450535714626,1.53714641928673,18567.7548201382,8290.42116570473,8588.80330231786,7906.07655444741,290.101507425308,217.611389458179,18621.1846494973,4519.09053823352,39.7304844260216,259.435002982616,65.308894276619,19.8213976025581,4.40629813075066,240.927632570267,1844.21606978774,10695.4125124216,1748.63681596518,1346.98613512516,905.33607763052,219.775365650654,103.810875147581,375.882108867168,566.040179550648,269.987437188625,86.3473282754421,88.8712822198868,279.25753736496,36.7852639555931,54.3631235361099,2.53389877080917,210.297656685114,84.7071792185307,36.0346141755581,36.1486179828644,24.0921104252338,65.30937692523,44.5026905238628,39.1356287002563,79.2300853133202,5.80755877494812,159.876381248236,15.7922523915768,38.3924824297428,45.5152134895325,13737.7551769018,16.4144324660301,2.36828154325485,2.81414020061493,69.7677023112774,872.625128954649,1768.148783952,5917.85072606802,1940.39249005914,18.355251789093,89.4285175800323,8549.55710107088,1368.67173165083,76.7326861023903,334.224789917469,1.85753655433655,17.932828783989,3.77290856838226,55.8544694781303,661.858788996935
593.623350262642,18.8685974180698,27093.105925411,12.8736235201359,1.70895653963089,404.670352458954,478.655442744493,5324.5548363328,12.0977966189384,46.4710648357868,792.442806452513,63.7694109380245,43.5000392794609,6463.51532590389,24.1255189776421,148.362496584654,0,1086.88834324479,7335.42858824134,20.97452044487,2040.18101364374,14.6597645282745,15945.6409550607,132.537112921476,7.41027331352234,11688.1295176148,18117.2341597974,375.879783540964,6648.80701690912,10983.0161031485,11.6996621787548,83.053009480238,446.82213050127,4461.98115700483,189.294995397329,2785.5088904202,1535.76791328192,856.959457248449,953.741853773594,234.768344938755,52.9227390289307,62.6700972616673,23.4163910746574,323.839268028736,2.0818145275116,13.3397312760353,2.8228285908699,0,0,0,59.4742853045464,41.554202735424,0,5.72536438703537,0,1.5160858631134,0,1.62893354892731,0,1.05379581451416,0.361615598201752,6.14361226558685,0,0,26.9224526286125,6.7160165309906,2.73116260766983,15.7970993518829,0,3.65051138401031,8.89484083652496,33.1719673573971,7.28342700004578,0,296.769205361605,1617.03901073337,5.87031620740891,0,1.13866829872131,0,0,0,0,60.5577220916748
8.17966666817665,10.063803255558,427.992465317249,51.7374079525471,1.00371837615967,80.179138481617,132.519736498594,261.354398131371,20.5445258319378,349.545707017183,13921.305568397,441.150007665157,191.347153931856,1746.15867877007,29.7345232367516,66.2428723871708,1086.88834324479,0,5440.43306401372,126.972255736589,668.37351834774,2.35433661937714,1421.87803158164,88.9332450628281,17.5915675461292,8315.34358069301,1904.00424021482,378.812617897987,2924.5907714963,447.349046215415,325.990108847618,242.671186208725,63.0166885256767,4922.03558638692,317.187613785267,2578.11137452722,4984.04078939557,2129.03759369254,2603.30234783888,116.362180411816,56.0167846977711,307.170710861683,6.47463673353195,85.3929596245289,3.63167822360992,10.0674747824669,2.08601602911949,0,8.26662278175354,0,9.71335542201996,0.580472350120544,0,0,0,0,0,2.80361476540565,0,61.1021666228771,1.26570588350296,226.25664627552,0,0,0.741953730583191,0.888571918010712,25.8784742951393,0,0,0.65921550989151,7.30822449922562,0.422025561332703,2.73711937665939,14.6981738209724,279.232480227947,648.570061206818,0,1.25457036495209,0,206.889594137669,1.92039084434509,0,3.50984680652618,98.2227622866631
117.118064403534,2.39622187614441,1921.98769053817,37.1172213554382,3.54710155725479,128.880154043436,200.192724168301,1288.39082971215,17.4344429373741,216.045160740614,1041.75636518002,268.928312569857,102.806763857603,2686.31054663658,20.4312745332718,78.5450535714626,7335.42858824134,5440.43306401372,0,78.6496826410294,1681.64128118753,3.44319680333138,3723.62451228499,62.8545529842377,18.5144973099232,16121.9094940424,2873.92566037178,353.424081712961,3620.76994401217,1546.8377622962,41.7212825417519,95.6535465717316,301.930175870657,8115.38708589971,170.369354516268,2826.40940257907,2120.35293272138,1676.38627076149,2208.24520576,118.655934154987,38.769375026226,92.459065258503,4.3304985165596,81.5366320014,0.385299444198608,2.82467257976532,2.00381761789322,0,1.32670962810516,0,13.9219262599945,5.50194752216339,0,0.875647842884064,0,0,0,0,0,0,1.42771518230438,20.6203571856022,0,0,5.09573373198509,1.4451687335968,2.75208574533463,2.57965052127838,0,0,10.9144951701164,6.17619252204895,1.43171882629395,3.96487575769424,181.700233519077,467.503416806459,1.11312279105186,0,0,27.1439688205719,0,0,0,73.1535673737526
2.70187455415726,2.78712895512581,56.0702216625214,24201.9292119145,31.1946856379509,645.965869069099,449.87852281332,1349.29683107138,685.221815049648,5201.30034679174,336.770457208157,21580.5690711737,111.331790983677,1377.02429965138,380.401053994894,1.53714641928673,20.97452044487,126.972255736589,78.6496826410294,0,13.2907538712025,15.9701693952084,85.9806019961834,1357.83277019858,38.1074268221855,251.883106082678,177.067551076412,8108.4181676507,1066.26211971045,83.6705657839775,17.8922606706619,287.833140194416,14.8389877974987,253.370136797428,323.510467499495,1908.42848527431,88.4484306573868,144.202583819628,73.1438057720661,878.278914481401,252.511564642191,174.466869473457,277.703297704458,3.46937984228134,15.2315955460072,9.6272896528244,377.181315928698,17.8465779423714,8.93444067239761,0,0,0,989.715075433254,26.467697262764,64.5429919064045,29.7858415544033,44.0935273170471,135.181679159403,68.1809924542904,1.36424297094345,549.471805483103,3.05595487356186,15.677364140749,106.193571776152,53.7118006646633,0,0,0,234.568980127573,16.4682418107986,247.122162103653,23.6092399358749,774.542309343815,1.30923792719841,0,12.4357547163963,1007.05118411779,27.7114014923573,24.5193643271923,0,11.4862106442451,0,13.1928015351295,48.3690442442894
52.157614171505,23.7757243514061,1766.39267390966,21.4009770154953,78.2373373806477,535.213314861059,3819.83902674913,3814.66110083461,41.9027021825314,135.212283968925,587.034009605646,49.1599939465523,40.2482698559761,930.985077410936,496.153362601995,18567.7548201382,2040.18101364374,668.37351834774,1681.64128118753,13.2907538712025,0,318.519052892923,47911.4505086243,1979.25252977014,56.4217426478863,1833.66834707558,4762.9582837224,35138.8982058614,1452.36019688845,33010.6090306044,28.0207528471947,151.430595964193,285.986009925604,13210.5737951994,3802.45724675059,15989.3198035955,1413.30982118845,6856.00346130133,3054.47848600149,711.685242116451,401.834077209234,292.332576215267,377.079010337591,58.976403772831,27.425061404705,91.9810927212238,130.624822795391,36.5916392803192,30.2882119417191,1.07988631725311,16.8514966666698,10.6659598946571,26.7935478687286,57.082669377327,13.2033829391003,35.8377912044525,12.6908004879951,30.4372298121452,6.48397588729858,4.66711676120758,82.8221079707146,0,27.5557909309864,24.6465244293213,2149.95829427242,3.43596404790878,0,1.06075298786163,33.673899948597,503.442155599594,295.723621577024,841.061585307121,631.621168732643,1.12310054898262,8.80736163258553,786.334031224251,796.324666142464,43.904944062233,197.616263210773,0,6.35968887805939,4.53072643280029,27.5265967845917,1418.05254799128
0,3036.00108259916,23.3207494616508,119.707647532225,56.1917639374733,72.0031284689903,3.14954888820648,16.1824565827847,16675.7199836671,14.4738156795502,164.547563701868,123.888959318399,1993.02354079485,31.2003575861454,557.467898875475,8290.42116570473,14.6597645282745,2.35433661937714,3.44319680333138,15.9701693952084,318.519052892923,0,246.71088373661,14075.1899545491,1682.72428819537,37.6906944215298,15172.0401372015,426.138043493032,20.670668900013,15.3796074986458,328.311857551336,6.87284308671951,1.14684319496155,50.5823004841805,34.7934307456017,245.333058923483,89.0003754794598,44.9101799428463,40.7707976698875,540.951466709375,4.69117343425751,162.651879370213,103.363999843597,150.483082890511,28.4625870287418,16.623059630394,20.6572062373161,3.92025393247604,7.3508248925209,0,359.055070728064,28.3740003705025,12.4309239983559,1.6217657327652,4.4040407538414,9.48571622371674,4.9352011680603,298.961701959372,0,14.1710828244686,17.60257178545,141.806584715843,4.14045703411102,7.3702267408371,3024.17830306292,4.14699912071228,2.26729959249496,1.43739566206932,3.32511836290359,124.264523029327,1294.78715309501,497.212641596794,862.709797054529,96.4311266243458,120.93961790204,4286.62549641728,252.793855577707,11.6217065453529,31.3584847450256,21.9528654813766,0,1.16795778274536,4.55758997797966,16.2788239717484
290.137680798769,23.9450455009937,50975.9194269776,39.4008238613605,123.146120637655,559.315238922834,4330.28927952051,5259.37637355924,59.5202939212322,208.051459997892,1086.65562361479,141.852088660002,76.9538048803806,2656.46532875299,568.759863883257,8588.80330231786,15945.6409550607,1421.87803158164,3723.62451228499,85.9806019961834,47911.4505086243,246.71088373661,0,1699.27869176865,102.584581971169,8328.97038352489,46323.1085446179,14432.950860858,3065.78446207941,26055.4219864607,67.9280450940132,157.794536620378,297.139640331268,14451.8566794842,10133.8785612583,56146.0010045767,14460.5105739236,19458.04141289,11970.8618858457,1432.36530035734,980.322269171476,512.076816320419,613.748189032078,797.104513257742,107.572023332119,324.733062624931,207.536103606224,42.2399591803551,37.3839275836945,0,83.8567688465118,316.133863985538,19.4764617681503,147.455773949623,31.1763302981853,41.1353590786457,30.4094728827477,19.0330938100815,38.7452421188354,2.96511700749397,122.359338104725,1.9059122800827,23.0415811240673,40.4632678031921,4523.83649969101,57.036246150732,0.740595042705536,10.0421954989433,51.1539398729801,409.302700072527,443.870950043201,2991.65973255038,945.408906280994,1.41961154341698,117.797767162323,10282.6085624993,1035.59617573023,27.3360869884491,169.502067863941,1.83099585771561,9.43130171298981,3.71891438961029,33.9250231683254,4731.85580745339
6.34799706935883,1054.67907994986,154.255999416113,12243.1158338785,225.240850716829,652.641648799181,1426.69819694757,460.816184729338,26975.949527204,1224.10361799598,205.874664068222,2283.39265015721,401.992467492819,952.656374067068,2640.79847481847,7906.07655444741,132.537112921476,88.9332450628281,62.8545529842377,1357.83277019858,1979.25252977014,14075.1899545491,1699.27869176865,0,496.116399288177,279.630597606301,12195.2619577795,10974.1869801879,2099.48207056522,238.816372424364,72.2407656311989,226.022089183331,260.547750145197,758.81429451704,1111.88154309988,5660.26885971427,471.077767372131,836.360834121704,459.527935445309,2810.68774265051,263.417626976967,277.538909643888,4049.14573431015,194.033801436424,385.513839066029,118.064955711365,1919.50559023023,217.748905956745,30.462941557169,9.08872413635254,154.749768257141,61.3645834028721,2353.40848731995,74.1520039439201,253.191940009594,578.77499961853,340.957429140806,951.041049271822,317.52841335535,41.040060967207,1154.66612327099,14.3144774138927,283.122104376554,492.29250317812,5623.95142886043,23.9867387413979,10.0567198395729,9.09499889612198,746.97349151969,1635.10343152285,4446.43518966436,1805.49582049251,12025.2316263616,44.6982880532742,78.8135164678097,3375.38506501913,11867.9348305762,603.459193795919,980.049580574036,1.85805103182793,85.822751969099,12.4025025963783,238.632816463709,701.932882010937
1.1356548666954,1460.18588644266,6.63039103150368,42.9283167123795,8.45589259266853,30.7206375598907,17.6704848110676,41.563213378191,2243.36337804794,63.433722525835,933.825951337814,103.897818773985,9691.40770196915,130.14872866869,87.4571376144886,290.101507425308,7.41027331352234,17.5915675461292,18.5144973099232,38.1074268221855,56.4217426478863,1682.72428819537,102.584581971169,496.116399288177,0,146.551465392113,8018.52155685425,121.21819677949,106.100070744753,42.6845604479313,1135.22096028924,62.1176397204399,0.821917682886124,593.881250083447,18.8501321077347,163.415406495333,172.717584460974,124.943436890841,8.51813262701035,221.342760056257,18.0531407594681,1133.15450459719,66.5377351939678,309.649325788021,30.6346206068993,7.07525056600571,40.3295547068119,1.57396495342255,336.83132827282,0,370.305212110281,1.95901030302048,11.4455707669258,1.81022310256958,11.2553339004517,3.97456246614456,12.4586835503578,221.454270243645,18.581264436245,281.309524863958,38.1209542155266,3452.43270668387,8.18238225579262,13.5863997936249,77.0943838655949,0,9.4533320069313,8.1345397233963,14.9951506853104,18.1829790771008,170.696590185165,105.122502207756,84.8034546077251,1315.16696852446,251.870452493429,2232.03657659888,46.2019698619843,13.5566304922104,14.7193242311478,424.185073822737,10.9476706981659,0,24.6994906365871,9.54250267148018
139.451083421707,80.7411974072456,34829.3615527153,108.282135725021,5.99683576822281,302.605952367187,799.536330401897,2785.49830049276,69.9464361667633,564.323482662439,5604.80999210477,787.347978696227,477.254892081022,3398.25121963024,84.305253058672,217.611389458179,11688.1295176148,8315.34358069301,16121.9094940424,251.883106082678,1833.66834707558,37.6906944215298,8328.97038352489,279.630597606301,146.551465392113,0,23110.6804979146,1207.46173153818,4412.94791634381,2602.3247166276,1208.6764986217,257.772689700127,114.854830354452,7375.82999904454,999.007539361715,15930.8796099126,16847.9108543098,5748.20421469212,8525.29438620806,358.53673902154,147.100830435753,439.186677902937,179.357278257608,1730.97106617689,87.696684807539,123.629287749529,11.0985196828842,3.70226246118546,12.4562296867371,0,520.830137133598,47.251550167799,0,8.86699616909027,0,3.9351721405983,0.520628929138184,28.0286031663418,0,305.432919889688,1.20180195569992,1764.52308341861,2.70562326908112,0,18.4636847376823,42.8446649312973,207.835628122091,298.027931362391,0,2.56455370783806,55.7107454240322,34.6942445635796,14.0394554436207,189.519037187099,5292.49039196968,14338.4109884501,3.4919758439064,9.3492004275322,22.28146520257,1347.78707134724,0.740983664989471,0,14.6015693843365,378.389260053635
103.63565993309,18819.0097577572,31489.7940707505,213.048072367907,69.2870333194733,217.216956079006,541.673004359007,1334.33916059136,9091.32538935542,269.019431650639,1254.94392131269,504.503411054611,6368.68693682551,1876.27903705835,659.597908049822,18621.1846494973,18117.2341597974,1904.00424021482,2873.92566037178,177.067551076412,4762.9582837224,15172.0401372015,46323.1085446179,12195.2619577795,8018.52155685425,23110.6804979146,0,5199.46363084018,2405.63044637442,3019.69732180238,2646.74332502484,131.312418401241,113.349819451571,6809.37670959532,4203.47939091921,44886.354088068,19756.5796981156,11993.9784168005,11874.3846881986,1159.96815344691,556.173190951347,507.217306286097,2314.87219965458,12416.20350492,805.181298494339,957.250113934278,139.498879820108,23.1743053793907,61.0394037365913,3.1162331700325,10386.0472455025,2771.4708776474,22.6736425757408,79.8700825273991,12.95850071311,128.445681482553,45.6941946148872,423.810458004475,49.9873937666416,516.705351263285,76.0309115946293,4957.09544339776,31.826667547226,30.5934268832207,5086.54918622971,905.777696192265,621.284670591354,1248.66131430864,45.5684131979942,410.874612122774,2739.90250384808,5480.08137613535,2235.00092551112,2009.50951066613,24152.7832798064,178688.130001575,1555.96252921224,33.1614091694355,227.483715415001,2271.33959841728,16.9639499187469,1.60623055696487,85.4463275372982,2213.71069684625
20.7018824517727,54.5824486911297,2286.44145090878,18395.0261992812,136.289591640234,4065.15118314326,79653.9426940084,5405.95882275701,4855.46355447173,48000.1182763875,706.367327183485,2181.71202009916,239.940210580826,4764.86788950861,1770.59918421507,4519.09053823352,375.879783540964,378.812617897987,353.424081712961,8108.4181676507,35138.8982058614,426.138043493032,14432.950860858,10974.1869801879,121.21819677949,1207.46173153818,5199.46363084018,0,9159.18681302667,19943.0622492433,54.5631550252438,704.867663294077,1085.4718708992,3946.76503515244,3534.37681382895,13651.6698335707,1207.11481668055,3074.21843448281,1568.50437361002,2731.35754793882,716.839752852917,610.442735612392,3257.57267007232,125.890726298094,248.619573295116,127.538303166628,1998.65338584781,177.250657141209,45.1125825643539,1.35190331935883,31.1042667031288,51.1530103683472,2892.52956867218,129.695748120546,292.339102625847,515.719018608332,253.60632070899,592.849250733852,422.817118853331,28.8870522379875,1269.07970258594,5.12429428100586,227.720643639565,513.816664159298,2738.96965160966,16.8665347397327,0.649402439594269,5.25170007348061,919.505944490433,1357.23029214144,2511.27865874767,1098.74857035279,7394.86145114899,6.17023974657059,17.5424970388412,1485.23263782263,9329.09439736605,501.418811649084,1018.93989923596,0,42.4087413847446,9.53022807836533,177.038246542215,951.638491362333
4566.84762319922,20.2931641042233,1409.45726916194,1069.57743424177,13.5499309003353,647.500911563635,5051.12524580956,2829.76027484238,504.968675434589,2466.17022049427,7037.12781682611,1415.1694073081,1042.12617877126,33371.5392652899,247.233765870333,39.7304844260216,6648.80701690912,2924.5907714963,3620.76994401217,1066.26211971045,1452.36019688845,20.670668900013,3065.78446207941,2099.48207056522,106.100070744753,4412.94791634381,2405.63044637442,9159.18681302667,0,31150.0372861922,255.455989331007,261.89602342248,7699.26557937264,15533.5768473744,364.407832175493,2081.65263926983,649.786827653646,1079.66303011775,411.365002840757,650.088407427073,1035.12344306707,436.809983223677,215.806543529034,73.2498756945133,18.7408613562584,8.54213792085648,128.491881608963,5.50032466650009,28.0295813381672,0.562443196773529,16.0894198715687,2.63281959295273,113.737734407187,9.17570507526398,15.5282263457775,32.5981666743755,8.98690208792686,40.5370922982693,8.22929465770721,19.8688564300537,100.563267171383,103.73981705308,4.51323756575584,35.3686455786228,200.840228199959,0.698159277439117,0,1.91463398933411,33.0121603608131,91.5384218096733,161.834132373333,67.6050682365894,631.550768315792,7.91305017471313,14.0639368593693,86.1332352757454,714.928289055824,15.5389557480812,50.877179145813,19.6184306740761,0,0.516701757907867,11.5830474495888,66.7686569988728
6745.19368463755,2.26113259792328,5728.13959690928,53.3535912036896,46.68356564641,736.476281791925,6548.31126636267,11464.1986916065,26.4611800014973,186.947065770626,557.528298407793,147.178348869085,101.426160156727,20623.7546495199,715.399249881506,259.435002982616,10983.0161031485,447.349046215415,1546.8377622962,83.6705657839775,33010.6090306044,15.3796074986458,26055.4219864607,238.816372424364,42.6845604479313,2602.3247166276,3019.69732180238,19943.0622492433,31150.0372861922,0,34.3927505910397,360.828888624907,3103.71170014143,13870.2522859573,2562.59681499004,10138.3710585833,814.792136162519,4150.09882757068,1405.05900368094,1054.44655910134,402.363143384457,293.965957522392,116.073813915253,45.6683548688889,5.79040789604187,35.6274475157261,56.868062466383,14.437024474144,6.84765005111694,0,3.55282205343246,9.65845113992691,12.8118720054626,8.5977391898632,5.57477468252182,15.3831238150597,11.0112519860268,6.84559148550034,4.80894201993942,0.371489703655243,29.3375991880894,2.0986513197422,5.25217947363853,9.18619757890701,423.71579888463,2.91417694091797,0.859472036361694,1.8645476102829,12.0667321681976,144.704262256622,48.8709814548492,170.741022229195,157.481225043535,0.976507186889648,11.3909248113632,213.888164371252,253.886654049158,11.4541553854942,32.3319718241692,0,4.6659494638443,0.680054187774658,5.82523864507675,680.389562875032
