0,0,1106.57405415177,7.72157371044159,4.61545979976654,218.524108082056,11509.7588814199,8915.06735235453,55.612851947546,118.410625904799,34.5090767145157,63.0809005796909,3.8120511174202,16025.7325772345,11.5006729364395,3.62006825208664,1475.75249814987,10.5306041240692,44.0041334927082,22.3724409043789,1301.10669732094,0.857381820678711,2836.83567690849,38.3408219814301,0,420.734088808298,268.420110821724,383.371106356382,5944.66649758816,11810.524626255,2.35155194997787,5.88363766670227,24.4797143042088,469.337189227343,77.4981229603291,439.79490378499,54.59172976017,521.99503415823,203.520051807165,45.9271320104599,14.7860653996468,9.90808683633804,41.5499391853809,0,10.6147346198559,2.14092826843262,18.1334466040134,2.81816005706787,0,2.53765559196472,0,2.62299022078514,1.76950401067734,1.27877926826477,0.360705465078354,1.88106325268745,1.62564504146576,10.249844878912,0,0,2.42396113276482,0,1.46174570918083,1.19685915112495,16.2942887246609,0,0,0,0,3.09189468622208,17.7909089028835,8.53035646677017,130.456408649683,0,0,15.0892608761787,37.7275365293026,4.02769726514816,3.88381642103195,0,0,0,9.09962877631187,9.47930854558945
0,0,82.9393185377121,7.34861794114113,9.65107846260071,0,1.84928387403488,0,4230.9810294807,0.97318422794342,66.4081483781338,0,2280.19821378589,0.523439347743988,92.9198696613312,938.872800558805,37.8263158798218,20.3401747047901,29.1264305710793,0,190.443128436804,6344.71378773451,326.473923653364,2979.4864820838,3449.76802569628,189.169704139233,23604.5776303411,168.089916467667,1.83971613645554,0.985480785369873,187.960462152958,0.744101762771606,0,27.8808991909027,4.26899987459183,112.030296176672,222.298897475004,58.3223737180233,49.0654040575027,77.4527667164803,0,776.393299132586,89.9668778181076,293.218679875135,77.0291480123997,26.5535482168198,3.37917947769165,0,63.8673471808434,0,2566.0013897419,55.2442987263203,0,0,0.441307485103607,0,0,8.6745393872261,0,172.975386619568,1.42495557665825,563.816978782415,2.28113502264023,0,112.900575220585,29.643163383007,32.0446497499943,59.9340401291847,0,9.38120782375336,129.443644285202,38.0678425729275,53.6067827939987,229.734640419483,410.63721075654,9424.72392952442,6.66923466324806,2.67980712652206,1.84676694869995,50.3135794401169,0,0,28.2041203975677,3.56123650074005
1106.57405415177,82.9393185377121,0,0.381134539842606,23.0227262973785,137.405624747276,260.163820892572,2218.02810707688,5.17946070432663,31.7808089852333,295.907829880714,12.9262335300446,14.4948893785477,2049.20991778374,43.4424357116222,52.2388777732849,23075.5170579851,637.832383453846,1112.69704940915,7.42499643564224,6252.78277982771,52.9204934239388,72255.5154925585,12.8730669617653,0.880342543125153,53644.5038285851,13449.7978339195,137.383430868387,1005.45044460893,1241.43152102828,30.2728444039822,27.0014496743679,45.1024291813374,4592.72800627351,1226.57905009389,12957.0822178125,3408.789706707,7027.76473778486,6578.32178029418,82.7395174205303,66.5037342309952,21.1030251979828,395.627017915249,64.2794003784657,181.515884786844,192.979329586029,5.94101473689079,0.74765944480896,0,0,164.170953392982,2422.01584196091,0,9.40226531028748,0,23.448932915926,0,4.76083543896675,0,0,1.67800378799438,4.35513877868652,4.44176059961319,1.48799455165863,498.85909023881,159.552689045668,2.60814642906189,41.1982419490814,0,19.6426797509193,131.29543441534,1079.18117260933,82.234665364027,2.80050829052925,319.952242463827,9676.1477355361,54.2635485231876,1.28315985202789,12.108473777771,1.02875345945358,0,0,44.7626289129257,1145.96680629253
7.72157371044159,7.34861794114113,0.381134539842606,0,394.725821197033,900.190199121833,204.531179785728,854.750526070595,5588.9985781908,8130.67992064357,39.4166614115238,3695.69967441261,13.5888229608536,315.794190317392,1282.51092258096,0,3.30760648846626,1.79888361692429,1.93021211028099,20661.2077974081,8.79495310783386,8.36155039072037,3.0045114159584,13021.5323078036,0.851232171058655,6.07678976655006,5.52613639831543,6929.02149438858,157.530199736357,30.0918587744236,0,68.7736824452877,3.12675595283508,183.659198343754,72.8742245733738,1060.62450449169,1.15488088130951,124.02589520812,57.61174698174,2802.77779662609,51.7323635220528,41.7608354687691,277.664138585329,0,75.1157280504704,25.0957661867142,993.076114982367,17.2131335437298,1.23865985870361,2.17590853571892,0,0,2043.26799419522,33.0080100595951,162.275168895721,106.131506502628,95.9464639723301,1540.99745309353,43.95664280653,6.58135885000229,660.383355289698,0,128.819380313158,433.816028207541,2.308942258358,0,0,0,275.755835860968,1.19195559620857,2.61259603500366,0.674166619777679,1763.59383767843,0,0,0,1064.07217904925,58.1041626632214,1.05847081542015,0,1.10660076141357,1.25650596618652,64.2581150531769,10.6485674083233
4.61545979976654,9.65107846260071,23.0227262973785,394.725821197033,0,4066.84981575608,292.330203860998,334.052942276001,669.257346123457,177.612927883863,7.81727886199951,1661.17345124483,5.9759313762188,47.680475205183,4065.36419984698,10.0313051939011,19.0133704543114,1.45614296197891,3.97475785017014,219.464527398348,317.41613394022,35.9409208893776,370.841413170099,727.159697443247,4.71505451202393,6.71216547489166,42.3601848781109,514.650420814753,39.8403186798096,240.161026000977,0.662368774414062,232.014970183372,3.20182204246521,2239.4836935699,285.806393653154,1311.36845597625,35.1707375049591,37.4998423755169,230.0488294065,16576.3737043142,9314.46915370226,47.0962120294571,109.708045125008,38.8242099285126,50.8124550879002,275.874518096447,409.72804787755,10.3776863515377,1.36076819896698,0,0,8.72692090272903,163.203914254904,7.43564155697823,32.1912166178226,11.6192709207535,11.4988320469856,82.4429716467857,7.39107251167297,2.88190829753876,147.608251720667,0,13.3872509300709,106.988096058369,10.9705067873001,1.28630316257477,5.91656506061554,15.5417170524597,56.1669158637524,6.38151291012764,6.42338341474533,16.3874605596066,116.713390171528,0,14.8797087669373,39.507591843605,92.4791595637798,4.25169807672501,0.658696472644806,0,0,1.04458796977997,12.2236716151237,1197.38914892077
218.524108082056,0,137.405624747276,900.190199121833,4066.84981575608,0,2575.33340722322,22923.7350589484,586.131282061338,13366.8555067331,126.169894903898,12685.1673594862,67.5009642839432,1344.58225993812,3148.55666914582,1.88875907659531,188.575715720654,32.7071866691113,25.9436593651772,1613.84973193705,227.80886849761,0.41057413816452,284.025279253721,309.128212183714,0,63.0530629754066,135.411571413279,3993.56883965433,263.8856241256,427.74424046278,3.77702334523201,109.935875236988,9.84776711463928,318.791612893343,1596.84199351072,3726.29784151912,35.643694549799,298.069954931736,656.060001939535,7378.27569043636,391.467700988054,360.648284375668,345.792832195759,1.58274018764496,207.367994844913,165.099333286285,458.789652824402,71.2204516530037,6.13084954023361,2.07175353169441,0,0.730238705873489,344.004726171494,8.86726877093315,47.7410824000835,80.7014842033386,58.3587261140347,301.008571028709,16.385026216507,13.2058303058147,242.376433998346,4.05757009983063,53.4710782468319,128.431697934866,35.7445855736732,0,0,0,64.688032746315,6.16442984342575,37.9747638702393,8.88106575608253,1271.39511826634,0,0.688394486904144,9.5932928621769,439.327565312386,41.0657276213169,7.7064970433712,0,2.91226714849472,3.15139153599739,41.5385270118713,205.058584809303
11509.7588814199,1.84928387403488,260.163820892572,204.531179785728,292.330203860998,2575.33340722322,0,20497.6825053692,3504.11284708977,22526.7263541669,599.173535197973,687.26660810411,164.379048109055,37987.5205823481,1085.62608972192,4.14292323589325,246.405983179808,166.864243865013,71.5975636839867,440.904745072126,4043.45851460099,6.80968862771988,623.977843254805,8073.4332202971,2.32920897006989,159.067297667265,105.210613787174,78881.6155022085,3860.07566732168,5585.32762953639,23.0001071095467,648.918431043625,349.439002454281,2146.16966998577,2057.01490482688,10672.5270251334,99.5682716369629,1764.10836046934,588.352757811546,2858.85147726536,622.101014345884,304.056524246931,1380.22036826611,8.59102296829224,376.642892807722,122.298865735531,651.371361792088,66.8199436962605,9.39727234840393,16.6291886270046,0.439229428768158,3.060675740242,434.293248683214,10.647544324398,51.5331989824772,425.517142146826,171.471442848444,545.579423397779,27.4149578213692,26.797373175621,236.011937320232,2.25196021795273,351.237579017878,87.3823213577271,63.8949396014214,1.32909917831421,0,0,69.1482614278793,7.15607836842537,101.608297258615,10.0681208968163,4725.24303990602,0.534969508647919,0,6.4453290104866,1830.68902289867,271.249822288752,37.1911769807339,0,0,13.6880802810192,247.476281702518,355.462764590979
8915.06735235453,0,2218.02810707688,854.750526070595,334.052942276001,22923.7350589484,20497.6825053692,0,911.621210813522,14526.2192293704,386.314470112324,6530.91116209328,193.629671365023,19796.8576636761,813.075505167246,6.99210992455482,1872.34387329221,66.4308178424835,89.3428304195404,1841.20757117867,4399.61222112179,1.59648126363754,3415.05240088701,660.194434970617,1.86407673358917,768.502473682165,321.589135080576,8155.58340245485,2792.26978942752,3444.93096470833,11.8445820510387,742.980732440948,45.5974516272545,1445.62065409124,320.380550712347,4471.14688497782,161.552350848913,1217.86389023066,1663.41375735402,1870.70161008835,212.116811215878,1036.89889839292,443.930398732424,2.88765919208527,408.160414516926,346.310098648071,629.784863770008,205.498938977718,23.5613061785698,3.02394181489944,1.06148809194565,10.3811012208462,290.100948780775,5.80362379550934,67.693636238575,105.082692921162,111.889829367399,402.716941013932,14.3066790699959,18.7030712068081,302.277108103037,5.77507257461548,94.8625479340553,153.436845988035,55.8190611302853,0,0.821186244487762,0.731967568397522,55.1264812350273,6.53348955512047,76.8324437141418,20.8711475431919,2128.63919761777,1.53206312656403,2.09668326377869,19.0677081942558,528.045365944505,60.412778288126,28.7818973064423,0.673663377761841,13.0868552923203,10.3527035117149,88.1276418268681,41.750128865242
55.612851947546,4230.9810294807,5.17946070432663,5588.9985781908,669.257346123457,586.131282061338,3504.11284708977,911.621210813522,0,863.089347183704,103.828239887953,875.338268488646,1319.84342983365,449.748262673616,3804.60947808623,219.157676041126,23.8225550949574,29.9705799221992,17.3905497193336,1099.92451456189,156.238619863987,14711.4481374621,112.411394298077,48587.9250326157,1702.02598038316,81.4192949533463,3408.24299624562,11766.1696393192,326.090803831816,265.631360977888,221.022135823965,71.5578574836254,34.6899202764034,268.994857728481,230.375415354967,2112.10002577305,102.650123506784,239.584485858679,126.427052259445,2249.02602371573,82.3813944160938,408.952700167894,1153.83116427064,94.8818480670452,323.822760850191,110.477400243282,1093.4125430584,34.9129045605659,23.8894025981426,43.5868846476078,32.5779349207878,2.76691517233849,2680.58320876956,59.3172862529755,261.03442671895,569.011819213629,376.902815490961,8690.66917783022,148.163624823093,114.614788115025,625.846907705069,131.235557109118,614.776932299137,536.399922251701,2055.15525206923,18.6458679735661,35.9766768217087,33.2161745131016,361.229316145182,303.159044593573,2737.72169795632,329.357185095549,9699.09811234474,38.1394717991352,35.1077063679695,77.5602847635746,2716.74456354976,387.381279200315,159.692919075489,3.23904824256897,1.79130917787552,16.8113751709461,224.571894466877,276.544190347195
118.410625904799,0.97318422794342,31.7808089852333,8130.67992064357,177.612927883863,13366.8555067331,22526.7263541669,14526.2192293704,863.089347183704,0,649.241832047701,10940.6300064474,195.072506040335,6276.5382848084,359.614010989666,0.899910360574722,146.696124643087,146.935412526131,70.1273691356182,15390.2453799695,82.7099654227495,0,64.5561759769917,843.301034718752,1.99894404411316,125.249388813972,50.1976509392262,30602.3276615739,849.255092203617,253.372939258814,21.2427078485489,277.754392385483,11.5756698250771,1568.92940542102,1149.93585923314,3087.48855191469,33.0449814796448,959.434051692486,392.74079194665,1157.68530644476,179.209568411112,341.19403848052,350.360279649496,1.47875744104385,121.277728646994,75.5569990575314,399.001052558422,40.005111515522,1.09264701604843,3.36215755343437,0,1.26594245433807,703.261254310608,12.2183310091496,51.992248415947,79.6324932575226,57.5922572612762,464.976339787245,14.3043524622917,9.50710251927376,227.815676063299,0.872651606798172,93.3150236606598,133.818031817675,14.6590604186058,0,0,0,81.4758323431015,4.55649471282959,21.7321848869324,2.16330915689468,1279.33003044128,0,0,0.40777051448822,538.716396033764,68.4517368972301,12.9998937547207,0,1.0592520236969,3.30053177475929,71.7924567162991,81.5930407345295
34.5090767145157,66.4081483781338,295.907829880714,39.4166614115238,7.81727886199951,126.169894903898,599.173535197973,386.314470112324,103.828239887953,649.241832047701,0,402.284027904272,8863.33509254456,397.676815211773,17.6583990752697,17.2678309679031,2836.28756761551,21281.9666300118,3424.74717250466,178.55216050148,223.742002248764,55.6293109059334,486.160769253969,68.38876709342,207.85389238596,8398.62946742773,1693.58032953739,278.851549386978,537.100423187017,252.743997097015,1261.27146852016,40.3505596220493,12.1616776883602,13809.5420984924,344.0090534091,2705.41509139538,4049.03530269861,10116.756772548,2771.58409172297,27.4370747804642,28.7475928664207,1474.50232058764,17.5129160881042,1272.18717324734,14.6500640511513,20.1187463998795,11.3628107607365,0.682847738265991,77.9054684340954,0,81.2112594544888,8.18613141775131,4.07364425063133,0,2.51001816987991,0,0,35.3759048879147,0,1014.38736051321,9.5772348344326,2541.54252567887,1.19217550754547,2.59584194421768,2.02287322282791,1.94885161519051,162.868169039488,44.8354887664318,0,0.562867641448975,32.5051831007004,6.20822289586067,46.8766738772392,272.674997866154,1420.21892598271,1476.9666339457,6.18153250217438,0,0,581.294006347656,0,0,11.3392082452774,173.834457397461
63.0809005796909,0,12.9262335300446,3695.69967441261,1661.17345124483,12685.1673594862,687.26660810411,6530.91116209328,875.338268488646,10940.6300064474,402.284027904272,0,137.159867435694,2569.42411422729,4369.33783511817,0.816064685583115,66.1998136937618,102.292786449194,41.8290551006794,14595.9123470038,39.857585310936,0,37.8724644482136,261.827359884977,0.413422048091888,87.5158070325851,21.323961108923,1512.69534997642,549.315078645945,195.473125815392,13.3501288592815,204.785184115171,1.86053684353828,1259.53252795339,5919.61354878545,2500.87060967088,24.2153236269951,659.020901054144,421.824724763632,3054.69098719954,115.196989536285,262.207711338997,355.944842875004,5.11819583177567,93.065950512886,66.6357194185257,1409.62362377346,31.0016105175018,3.62511342763901,2.84333950281143,0.44054251909256,0,915.588569998741,43.4555390775204,238.554526537657,50.043496966362,111.646859645844,465.556188613176,132.845496207476,24.4081718921661,1236.28170621395,0,169.740518987179,466.09327045083,18.2166575789452,2.34933021664619,0.567511260509491,0.456603795289993,319.315152525902,3.68524965643883,13.2416431307793,5.34155291318893,668.560988694429,0,0.469858527183533,0,547.659991085529,61.7838088274002,6.28501865267754,0,0.610373973846436,2.49154984951019,47.3972592353821,638.009655147791
3.8120511174202,2280.19821378589,14.4948893785477,13.5888229608536,5.9759313762188,67.5009642839432,164.379048109055,193.629671365023,1319.84342983365,195.072506040335,8863.33509254456,137.159867435694,0,143.610778331757,27.0532485544682,117.132622420788,26.2147560715675,260.321446180344,18.6887942254543,71.8926842808723,38.976825773716,1239.47872132063,62.4014539122581,546.20639565587,8303.72012016177,750.106081664562,5458.19873288274,123.196131378412,169.234724164009,73.4130519032478,1073.06584259868,45.5435823500156,3.60179561376572,2190.7586927712,32.4174031615257,259.905233472586,2777.53188282251,3411.2646254003,212.678111553192,39.4715746641159,7.01143771409988,3760.84860891104,26.3699744045734,4964.87380725145,72.0818835496902,2.74810254573822,14.6729192733765,0,411.084415048361,0,386.681647151709,6.79385584592819,1.48710358142853,0,0.711607873439789,2.0265691280365,3.56057858467102,69.3548811078072,2.43275371193886,4756.95384281874,2.38895955681801,12455.6013126075,12.1730925440788,3.88079941272736,11.1681312322617,0,437.512651413679,89.8782598674297,0.531937539577484,0,65.8818347454071,1.04725313186646,37.9644584059715,2047.93183907866,3781.20859622955,4366.00595957041,2.87831300497055,4.00641870498657,0,2017.26267585158,0,0,46.516139626503,6.86739349365234
16025.7325772345,0.523439347743988,2049.20991778374,315.794190317392,47.680475205183,1344.58225993812,37987.5205823481,19796.8576636761,449.748262673616,6276.5382848084,397.676815211773,2569.42411422729,143.610778331757,0,159.323722183704,7.84815236926079,2412.11044508219,94.3848769366741,111.070189327002,827.043856620789,3628.29539299011,1.01700270175934,4215.07751941681,361.944735437632,1.98295593261719,822.099484622478,418.75321868062,3886.4834703207,21290.1773087382,6958.79974380136,17.6256350576878,143.313902169466,78.4156199097633,1909.40478646755,228.769182980061,1668.76170365512,105.888967245817,1284.57922427356,777.473749727011,326.856404215097,58.8989179432392,347.156742185354,242.241154253483,0,140.378536552191,79.2992400527,277.675495624542,42.7131924331188,5.91207993030548,3.76991954445839,1.26314914226532,9.878084897995,117.826056987047,1.8033829331398,16.3516603708267,57.4750595092773,23.4380915164948,148.185943394899,7.04947575926781,5.17862898111343,123.042585581541,5.91215223073959,22.9079462885857,72.1349576413631,72.7987739145756,0,1.75552201271057,0,19.7857246398926,7.6148399412632,84.163331925869,10.0728721320629,1249.94315166771,0,0,20.730167388916,385.626288115978,31.7205217182636,12.2773586511612,0,1.19827723503113,3.11189842224121,41.0212057828903,31.1974266469479
11.5006729364395,92.9198696613312,43.4424357116222,1282.51092258096,4065.36419984698,3148.55666914582,1085.62608972192,813.075505167246,3804.60947808623,359.614010989666,17.6583990752697,4369.33783511817,27.0532485544682,159.323722183704,0,11.3218306899071,45.8498451113701,4.01505237817764,4.14243012666702,452.258823394775,550.917055755854,193.405696988106,233.762684315443,2713.11751520634,31.3353662490845,11.0699133574963,80.7861784994602,2055.787797153,142.831318616867,1004.18276050687,2.12232422828674,138.45798510313,10.3383162617683,96.2010773420334,2292.59678202868,658.777678698301,13.3377455174923,54.5473646819592,47.9552264809608,2595.29127651453,195.203427553177,23.1308482885361,179.73855561018,17.086631000042,30.9236850440502,84.8798031806946,755.65717959404,5.95131185650826,0,3.57160174846649,0,1.06930267810822,352.721387863159,16.7295980453491,89.7716930508614,26.2580317556858,31.637010872364,251.470789670944,20.2944897413254,3.63161051273346,323.144400477409,0,44.1757763326168,250.394271314144,37.6139205694199,3.76672846078873,1.53097343444824,1.41265285015106,106.983887672424,7.0403864979744,33.7953394055367,18.6093661189079,364.004779994488,1.57669097185135,6.40089350938797,15.2056519091129,230.531840026379,30.098257124424,6.16399163007736,0,0,0,21.0990623831749,905.020626872778
3.62006825208664,938.872800558805,52.2388777732849,0,10.0313051939011,1.88875907659531,4.14292323589325,6.99210992455482,219.157676041126,0.899910360574722,17.2678309679031,0.816064685583115,117.132622420788,7.84815236926079,11.3218306899071,0,58.4850515127182,8.89434966444969,29.4048123955727,0,12989.5425590873,8893.56346774101,9734.77014631033,2810.51169168949,213.963430047035,68.4902425706387,13043.8349697888,2104.34646943212,6.55068802833557,22.5790627896786,16.7674503922462,1.37498211860657,0,64.0444673597813,449.203171789646,4069.85632136464,970.255943000317,667.281844317913,574.528404951096,14.5172752141953,26.1697043776512,268.386708021164,917.332461446524,53.4941857755184,144.789444774389,106.506411224604,51.7471923530102,15.1939078569412,105.767643809319,19.8758919537067,49.8331433236599,116.318571537733,2.15130472183228,0,1.04594451189041,68.9423178136349,12.9293285608292,47.3689199090004,0.551642239093781,49.2326443493366,9.58308184146881,15.4198298156261,81.0233371555805,11.0320413410664,11147.8393192887,53.1817888617516,1.54930734634399,4.45052465796471,0.921513706445694,845.11082008481,2825.56853038073,5703.11736872792,1169.18255659938,8.11477252840996,44.1860846579075,1479.38504990935,382.450664311647,57.8509845435619,259.336764752865,2.49006426334381,1.78734523057938,10.028423845768,54.5285370349884,176.425125867128
1475.75249814987,37.8263158798218,23075.5170579851,3.30760648846626,19.0133704543114,188.575715720654,246.405983179808,1872.34387329221,23.8225550949574,146.696124643087,2836.28756761551,66.1998136937618,26.2147560715675,2412.11044508219,45.8498451113701,58.4850515127182,0,1926.7696338594,11538.8636917174,41.2013969421387,2686.55962106586,11.0834937691689,14551.0396256149,20.7560959756374,2.23868018388748,12724.7751385868,19018.9888470769,157.457226216793,2919.3853109479,2367.94076117873,36.4649638831615,27.4517758488655,239.48690122366,18175.7384483814,682.033437877893,6911.85052019358,4691.26558682323,7671.11647471786,4494.05197155476,64.335580945015,86.1341314017773,20.7968358695507,69.9486546516418,40.8691464364529,24.4051584601402,49.1814996004105,1.81525948643684,4.72572112083435,0,0,36.6644287407398,303.785534709692,0,0.799787938594818,0,1.45650839805603,0,0,0,0.807432293891907,1.79942518472672,7.78212919831276,0,0,38.3137378096581,33.9587774574757,6.74463093280792,29.2628351449966,1.21610009670258,0.518613517284393,22.9282107055187,56.0892875492573,3.18199494481087,7.09413933753967,334.569142013788,2591.21339976788,1.90775248408318,0,2.5186602473259,6.59538984298706,0,0,12.2431098222733,493.027703583241
10.5306041240692,20.3401747047901,637.832383453846,1.79888361692429,1.45614296197891,32.7071866691113,166.864243865013,66.4308178424835,29.9705799221992,146.935412526131,21281.9666300118,102.292786449194,260.321446180344,94.3848769366741,4.01505237817764,8.89434966444969,1926.7696338594,0,4581.68869569898,42.8196597099304,142.112015873194,10.9201652407646,412.572752356529,12.1923981010914,23.9056879281998,8756.67186355591,2936.98825961351,65.9662415981293,165.700509995222,101.75850212574,423.086814314127,8.39874601364136,2.50422751903534,3815.03463336825,346.110681802034,2886.64868581295,2553.49990922213,4793.24300426245,2223.10844883323,7.13332030177116,15.6859812736511,36.8426078259945,7.44211199879646,51.0022487342358,2.02111142873764,15.7324869036674,0.994312644004822,3.92053431272507,2.93788087368011,0,26.8049554824829,20.3536525964737,0,0.889399111270905,0,0,0,5.18527752161026,0,51.7420761585236,0,161.675258547068,0,1.31156408786774,1.47498953342438,0.843943327665329,25.5801703035831,16.8041517138481,0,0,2.97435188293457,0.441091001033783,0,20.6549181938171,247.155687689781,571.764028638601,0,0,0,64.7950183749199,0,0,0,197.532364577055
44.0041334927082,29.1264305710793,1112.69704940915,1.93021211028099,3.97475785017014,25.9436593651772,71.5975636839867,89.3428304195404,17.3905497193336,70.1273691356182,3424.74717250466,41.8290551006794,18.6887942254543,111.070189327002,4.14243012666702,29.4048123955727,11538.8636917174,4581.68869569898,0,16.4421560168266,211.869595348835,10.864242464304,678.139743179083,18.1904392540455,2.4444974064827,11148.3255788684,4112.84238180518,41.6911392211914,200.113140374422,126.495039284229,54.5956003963947,2.69686836004257,15.0752055644989,3627.25559878349,226.862231910229,2645.2375317812,2366.1029792428,2589.6432967782,1590.12774896622,2.35178244113922,13.6994567811489,2.23840433359146,11.317923605442,24.7615732550621,4.46153539419174,16.9037494957447,0,1.06557130813599,0.343001037836075,0,22.7272944450378,43.4195682108402,0,0,0,0,0,3.54162120819092,0,3.43427103757858,0,12.6616068482399,0,0,0.428660213947296,5.44518578052521,16.0776220858097,22.720345467329,0,0,1.47301763296127,4.81563019752502,0,6.14212483167648,264.302133649588,994.110096335411,0.359115898609161,0,0,14.0066268444061,0,0,1.13188940286636,190.834039181471
22.3724409043789,0,7.42499643564224,20661.2077974081,219.464527398348,1613.84973193705,440.904745072126,1841.20757117867,1099.92451456189,15390.2453799695,178.55216050148,14595.9123470038,71.8926842808723,827.043856620789,452.258823394775,0,41.2013969421387,42.8196597099304,16.4421560168266,0,19.5587728023529,0,15.0039175748825,2087.73368439078,2.76253938674927,48.4550377428532,10.2014285326004,3978.77447018027,289.038478791714,90.8573777079582,2.60710889101028,143.122118085623,1.82775947451591,543.204087525606,102.448126107454,1330.15280237794,5.63084155321121,320.721371471882,136.416425138712,1145.23324298859,82.686263948679,124.855309188366,130.450528532267,1.20990931987762,40.241600215435,22.4214988946915,497.276819527149,10.5735526680946,0.768251001834869,0,0,0,1548.06572470069,20.7732854485512,105.702630519867,38.9614405333996,48.5926935374737,556.322925776243,30.2664445340633,7.63978263735771,349.156555473804,0,71.7313137054443,220.296915560961,2.96384999155998,0,0,0,158.714592635632,1.36170208454132,8.19627889990807,0.858372688293457,684.469421565533,0,0,0,413.936590611935,37.8393920958042,1.64313688874245,0,2.22613197565079,0,37.3357719779015,13.0201666653156
1301.10669732094,190.443128436804,6252.78277982771,8.79495310783386,317.41613394022,227.80886849761,4043.45851460099,4399.61222112179,156.238619863987,82.7099654227495,223.742002248764,39.857585310936,38.976825773716,3628.29539299011,550.917055755854,12989.5425590873,2686.55962106586,142.112015873194,211.869595348835,19.5587728023529,0,1411.74388903379,55212.3422676623,103.411957591772,34.2867135703564,783.469651758671,2933.23610198498,8216.37971267104,1514.33849185705,49958.9110966325,7.31120023131371,90.8259484767914,187.141369253397,12669.2741726935,8034.88370874524,24623.6391161382,1949.36532667279,21006.6998566687,9146.17242279649,417.092153519392,275.57718193531,233.971385657787,1002.20991834998,27.6855696737766,142.235132068396,115.539060711861,117.931771188974,29.4320203661919,65.2700767219067,31.584990978241,38.3437053561211,106.004907369614,3.54528993368149,9.77076077461243,8.77408313751221,67.3342337608337,34.4279053807259,79.8521020710468,1.82418727874756,32.6385900974274,16.0066105127335,3.91812711954117,121.338670045137,19.2887680232525,3239.9332189858,35.2493951916695,0.671370267868042,3.18658202886581,2.39868128299713,649.333667457104,859.62825268507,1329.41932168603,1183.86769768596,3.76294988393784,16.0458523631096,651.170704364777,436.282390862703,108.720070242882,379.019116908312,0,1.07447397708893,14.9275162220001,54.8883391916752,1195.49244567752
0.857381820678711,6344.71378773451,52.9204934239388,8.36155039072037,35.9409208893776,0.41057413816452,6.80968862771988,1.59648126363754,14711.4481374621,0,55.6293109059334,0,1239.47872132063,1.01700270175934,193.405696988106,8893.56346774101,11.0834937691689,10.9201652407646,10.864242464304,0,1411.74388903379,0,2566.71991080046,15606.6191641986,1583.87867629528,63.7906424105167,17034.615149498,1046.16787388921,7.96078488230705,5.18996423482895,177.763243854046,0.607617139816284,0.66932338476181,19.0002184510231,15.4328416585922,260.407597750425,128.290752261877,88.6126618385315,55.7697443664074,236.907212853432,2.78548872470856,372.334422558546,199.636340916157,104.897862255573,50.0165437161922,29.2779948115349,13.4097325503826,0,8.92599469423294,1.39793711900711,91.6206763386726,96.3404295444489,0.881752401590347,0,0,9.30525249242783,4.18110120296478,18.2269956767559,0,54.1988154649734,0,142.948657333851,13.8046351075172,0.908616542816162,3729.32132586837,16.9525970220566,2.31410920619965,4.58091026544571,0,228.53175330162,2357.32981780171,1100.97562757134,596.402998000383,39.9004893898964,39.835291326046,2151.02931725979,131.55494427681,12.1092833280563,44.8883747756481,12.6245560050011,0,2.26612544059753,28.7525636553764,40.5414519906044
2836.83567690849,326.473923653364,72255.5154925585,3.0045114159584,370.841413170099,284.025279253721,623.977843254805,3415.05240088701,112.411394298077,64.5561759769917,486.160769253969,37.8724644482136,62.4014539122581,4215.07751941681,233.762684315443,9734.77014631033,14551.0396256149,412.572752356529,678.139743179083,15.0039175748825,55212.3422676623,2566.71991080046,0,1200.27488088608,79.3962972462177,5838.88489669561,35521.4710536897,4137.30683887005,4508.89356440306,12248.4933500588,22.3805426061153,63.936081558466,355.106335073709,15659.7947878838,7938.44923248887,53100.5636070669,13404.9300509393,32091.8568988442,18805.7529349625,722.016453951597,485.486549198627,575.682855218649,1752.85164189339,109.112161189318,425.520874992013,491.386069715023,68.0225772559643,45.1343514323235,204.924317032099,13.0830918252468,69.6183491051197,1043.75857228041,4.66704082489014,14.6350064277649,3.15336239337921,182.94549536705,32.0086739957333,30.0700524449348,4.06843093037605,63.921842366457,15.5114600658417,14.6383237540722,79.935772061348,8.16438204050064,15277.6132640839,67.1424167752266,2.61960753798485,15.814794242382,1.40121433138847,792.14146193862,2314.1793962121,12122.8641528785,1201.86260432005,6.38279038667679,60.1311951875687,5495.0651601851,442.401194781065,33.4453426450491,193.835830777884,0.853128910064697,0,4.71704772114754,155.380419164896,2823.66541662812
38.3408219814301,2979.4864820838,12.8730669617653,13021.5323078036,727.159697443247,309.128212183714,8073.4332202971,660.194434970617,48587.9250326157,843.301034718752,68.38876709342,261.827359884977,546.20639565587,361.944735437632,2713.11751520634,2810.51169168949,20.7560959756374,12.1923981010914,18.1904392540455,2087.73368439078,103.411957591772,15606.6191641986,1200.27488088608,0,749.936064422131,64.2519561350346,4458.31614345312,19470.6047904789,383.114698827267,331.593161851168,81.6569685339928,75.909727871418,116.569005608559,266.54332908988,642.829771518707,4535.14245411754,288.927055746317,452.421087652445,249.168933987617,3505.54277405143,89.9512114524841,279.124230384827,4093.28545689583,46.0264691412449,967.306560575962,304.100955665112,1674.00128695369,116.063206374645,50.6033531725407,129.084003925323,46.3237543404102,33.4049863219261,1721.37854108214,41.1037794947624,212.902151167393,1005.41623672843,593.608378410339,3018.93250983953,107.60662651062,145.889332920313,566.700549691916,34.3742324411869,1485.95592918992,400.735971391201,4516.49737268686,26.7597849369049,6.57314646244049,4.66820737719536,287.019770473242,859.950625687838,3969.93514636159,1080.97674712539,17679.0277489722,16.979703783989,13.2189555764198,510.935273855925,5683.13348695636,1245.72346413136,700.231167107821,1.24508011341095,5.4818366765976,104.443134397268,723.382278591394,808.572603166103
0,3449.76802569628,0.880342543125153,0.851232171058655,4.71505451202393,0,2.32920897006989,1.86407673358917,1702.02598038316,1.99894404411316,207.85389238596,0.413422048091888,8303.72012016177,1.98295593261719,31.3353662490845,213.963430047035,2.23868018388748,23.9056879281998,2.4444974064827,2.76253938674927,34.2867135703564,1583.87867629528,79.3962972462177,749.936064422131,0,156.427977472544,5509.82025611401,43.6235036551952,2.08168053627014,0,292.857061475515,0,0,23.8955890536308,0.555437982082367,23.2608190178871,688.032104462385,109.947785407305,15.4680072963238,32.0048241615295,3.93199914693832,2091.23196786642,10.8843880295753,870.225160509348,38.2691098153591,0,0.547947764396667,2.41948819160461,204.379961311817,0,416.737657487392,7.34678146243095,0,1.02959585189819,0,2.29629155993462,3.46927589178085,26.7772354185581,0,562.323744356632,2.47381192445755,2204.52078589797,2.74703121185303,0.613450050354004,14.4920957386494,0,54.714795768261,26.2833219766617,4.40849861502647,1.33348941802979,27.9973896145821,2.17137578129768,14.7969173491001,2606.36261463165,533.161215573549,1575.26837301254,1.72539764642715,0.852493703365326,0,222.486962467432,0,0,33.7428332269192,0
420.734088808298,189.169704139233,53644.5038285851,6.07678976655006,6.71216547489166,63.0530629754066,159.067297667265,768.502473682165,81.4192949533463,125.249388813972,8398.62946742773,87.5158070325851,750.106081664562,822.099484622478,11.0699133574963,68.4902425706387,12724.7751385868,8756.67186355591,11148.3255788684,48.4550377428532,783.469651758671,63.7906424105167,5838.88489669561,64.2519561350346,156.427977472544,0,32801.4860555828,83.1327781975269,576.415778040886,320.052909046412,2012.05267599225,10.8944406509399,21.2435758113861,2867.66132058203,590.279152721167,7034.99775418639,9684.36965972185,4683.13977447152,3434.11549046636,24.1303076148033,47.3248752355576,126.535429000854,110.485870331526,616.949372887611,100.350270420313,54.3183137178421,3.06081089377403,3.04354763031006,48.2130653560162,0,485.40535736084,477.72095605731,0.504814505577087,2.22692364454269,0,1.58445140719414,0.732668161392212,8.17179527878761,0,520.367654442787,0.387634813785553,1620.57664382458,0,0,28.3269858062267,115.846110910177,744.538610756397,467.071351349354,0,4.93214106559753,30.7746491134167,34.8069719970226,7.50035271048546,338.775169491768,4638.65810790658,15840.3389704525,2.73389330506325,0,4.80857673287392,716.540994167328,0,0,19.6962747573853,351.646877884865
268.420110821724,23604.5776303411,13449.7978339195,5.52613639831543,42.3601848781109,135.411571413279,105.210613787174,321.589135080576,3408.24299624562,50.1976509392262,1693.58032953739,21.323961108923,5458.19873288274,418.75321868062,80.7861784994602,13043.8349697888,19018.9888470769,2936.98825961351,4112.84238180518,10.2014285326004,2933.23610198498,17034.615149498,35521.4710536897,4458.31614345312,5509.82025611401,32801.4860555828,0,1413.6891618371,448.447748184204,649.46545137465,1481.35471320152,5.21625801920891,31.9572269916534,7403.03888946772,2568.73421671987,32957.7285194099,14139.2294139862,14594.4995231628,11696.8129455745,219.809211760759,163.147201240063,379.835017561913,2888.6704108417,2191.80688238144,1581.01763145626,1051.79784098268,19.4013751447201,7.13359349966049,557.726688057184,4.03635323047638,9418.58829241991,12433.8265081048,0.886862367391586,10.2908688187599,1.43447527289391,234.749994084239,19.2502139210701,76.6784782707691,0,855.128971874714,7.16750255227089,4753.25347349048,56.1425221562386,6.31687259674072,10055.5116714835,1226.49158602953,1569.24996727705,1657.95692664385,0,284.203778207302,4065.56950044632,10286.0816600919,961.74152803421,2467.08402374387,16323.5597930849,166344.31701988,439.445414036512,13.5538447499275,76.4115682542324,1779.96042445302,0,0.84808149933815,498.66964545846,2138.27376061678
383.371106356382,168.089916467667,137.383430868387,6929.02149438858,514.650420814753,3993.56883965433,78881.6155022085,8155.58340245485,11766.1696393192,30602.3276615739,278.851549386978,1512.69534997642,123.196131378412,3886.4834703207,2055.787797153,2104.34646943212,157.457226216793,65.9662415981293,41.6911392211914,3978.77447018027,8216.37971267104,1046.16787388921,4137.30683887005,19470.6047904789,43.6235036551952,83.1327781975269,1413.6891618371,0,2194.67812463641,26076.6574234962,11.6087007820606,502.553597152233,606.266699075699,2282.9509909451,4221.02082115412,22080.0621116459,839.624804735184,3791.2627428174,1648.28178203106,3729.19014853239,589.086277723312,438.401719599962,4205.14435890317,25.7684313356876,904.123429059982,338.779396891594,2136.32795509696,123.414455622435,81.6777645945549,140.23280659318,53.7042882442474,49.4260754287243,2239.6984937489,51.1056409478188,229.95068731904,1057.83163878322,540.174692451954,2987.87352243066,100.882817834616,102.154192686081,805.071190476418,0.770372688770294,1230.43369832635,493.413244128227,3480.21422582865,33.2599598169327,2.09056425094604,3.28728824853897,365.933441638947,699.758771210909,2162.77844136953,951.280606329441,14621.2154847383,2.66270124912262,4.53078120946884,366.124645143747,5303.89264449477,1199.06939402223,827.531533360481,0,3.59328305721283,113.265224575996,661.995528310537,1011.26729765534
5944.66649758816,1.83971613645554,1005.45044460893,157.530199736357,39.8403186798096,263.8856241256,3860.07566732168,2792.26978942752,326.090803831816,849.255092203617,537.100423187017,549.315078645945,169.234724164009,21290.1773087382,142.831318616867,6.55068802833557,2919.3853109479,165.700509995222,200.113140374422,289.038478791714,1514.33849185705,7.96078488230705,4508.89356440306,383.114698827267,2.08168053627014,576.415778040886,448.447748184204,2194.67812463641,0,25914.0321422219,23.3438605368137,1457.54153692722,9452.14994221926,6334.86655785143,374.016377925873,1234.19477894902,112.454157233238,2816.18382453918,797.686020761728,182.422188878059,146.705616235733,306.028011649847,194.547071576118,1.72605609893799,83.1523831188679,66.5074969828129,129.160650491714,35.020746409893,6.52879923582077,1.9005686044693,0,6.97864300012589,21.3130542039871,2.00336480140686,5.21847894787788,17.5937102735043,14.624165058136,78.7772652804852,1.73978993296623,6.55046439170837,44.4285794198513,0.660783529281616,17.0345248579979,22.5350904464722,114.917016208172,0,0,0,11.8138370513916,22.9390470683575,115.236098706722,16.3100438714027,691.273702174425,0,1.16375327110291,13.4446569383144,266.959452420473,34.9901905059814,11.4406442642212,0.676371097564697,0,5.57003194093704,27.6443746984005,67.7579294741154
11810.524626255,0.985480785369873,1241.43152102828,30.0918587744236,240.161026000977,427.74424046278,5585.32762953639,3444.93096470833,265.631360977888,253.372939258814,252.743997097015,195.473125815392,73.4130519032478,6958.79974380136,1004.18276050687,22.5790627896786,2367.94076117873,101.75850212574,126.495039284229,90.8573777079582,49958.9110966325,5.18996423482895,12248.4933500588,331.593161851168,0,320.052909046412,649.46545137465,26076.6574234962,25914.0321422219,0,9.33535623550415,336.791099488735,3529.7817749083,16823.3930893838,4940.02498415112,11894.8306539655,418.983812242746,10630.1317825019,2540.91742300987,834.647488176823,548.843736767769,172.017524510622,561.113944768906,0.603049278259277,89.9431192278862,49.4014869630337,191.453098714352,25.2572381496429,2.29914355278015,13.6455518901348,0.646212816238403,8.70878744125366,18.056459993124,6.65229892730713,6.7744754254818,50.6945429444313,27.1083377301693,82.7833907306194,2.0409968495369,11.0287556946278,35.556889206171,0,73.6969360113144,12.6153503656387,156.557400673628,0.904537171125412,0,0,7.4188469350338,50.4623351991177,162.408351540565,23.671735316515,1059.07094117999,0.435570806264877,1.16570627689362,30.3303534090519,363.969890743494,83.4747368097305,30.8101472854614,0,0,12.4576001763344,65.2936105430126,765.566187113523
2.35155194997787,187.960462152958,30.2728444039822,0,0.662368774414062,3.77702334523201,23.0001071095467,11.8445820510387,221.022135823965,21.2427078485489,1261.27146852016,13.3501288592815,1073.06584259868,17.6256350576878,2.12232422828674,16.7674503922462,36.4649638831615,423.086814314127,54.5956003963947,2.60710889101028,7.31120023131371,177.763243854046,22.3805426061153,81.6569685339928,292.857061475515,2012.05267599225,1481.35471320152,11.6087007820606,23.3438605368137,9.33535623550415,0,2.73393526673317,0.679801285266876,307.26561653614,42.3215246200562,436.58264619112,1357.14869686961,715.520723849535,369.1355715096,4.67614376544952,10.4504972100258,145.366243213415,8.7604416012764,562.575651794672,22.9416163265705,2.45087903738022,1.48066234588623,1.59078860282898,33.9563279747963,0,140.864224165678,0,0,0,0,0,0.714138329029083,1.66531753540039,0,927.250199526548,0,2941.70047217607,0,0,0.864013671875,1.64593195915222,345.348119407892,99.1687405705452,0,0,16.6741655170918,0,0,460.57834726572,2309.9328315556,3124.05617836118,0,0,0,947.996286481619,0,0,1.22197866439819,16.6429834961891
