0,1.43903803825378,43.5124216079712,4.09865736961365,6.90215608477592,16.4514951705933,5920.24213522673,1252.69474226236,7.11655494570732,149.957918405533,13.6284300386906,7.04047042131424,0,7079.14276185632,3.54097074270248,2.78602886199951,338.460831344128,7.15132814645767,13.0401583909988,1.63194844126701,751.906100004911,0,1147.76218542457,36.8329776823521,0,13.3928714990616,24.9629493057728,152.077482253313,10148.8712434769,13046.0684572756,0,0.609918415546417,30.4641013741493,156.216397792101,25.2784583568573,141.658731549978,15.046583712101,169.231143385172,55.7510479688644,5.17048710584641,12.4196394681931,1.43160343170166,11.4251799285412,1.28812479972839,1.68709802627563,2.14007240533829,1.98689791560173,2.25860571861267,0,0,0,0,0,0,0,9.58062779903412,0.664016783237457,5.31458526849747,1.064901471138,0,0,0,1.25668621063232,0,6.56114077568054,0,0,0,0,10.1696161627769,1.38576436042786,1.0489929318428,53.8399185538292,0,0,0.753286719322205,80.1887163221836,3.17389833927155,3.22140580415726,0,0,0.899927377700806,2.81613343954086,4.93202018737793
1.43903803825378,0,16.8907400071621,0,6.91043448448181,7.13436958193779,15.3453325033188,3.13793808221817,1609.82817590237,0.990918964147568,825.584269076586,1.82597649097443,1730.39240670204,11.9617732167244,68.0883007645607,344.714158982038,42.3980644643307,1.26410305500031,3.49201023578644,1.03753036260605,61.3898876905441,3749.06124573946,46.1268205940723,3061.04623508453,2664.24666571617,120.034855216742,9640.24939471483,83.2673640549183,12.4308539330959,3.68689036369324,23.9915091991425,1.24891901016235,0,374.006551265717,8.46707046031952,60.6544246971607,106.923090219498,173.559427022934,18.0764260292053,22.3888684809208,0,385.620069146156,219.453835844994,266.633377283812,100.233171403408,66.1685628294945,7.69025731086731,0,36.0378955602646,0,1464.34111559391,278.975084364414,7.1506230533123,2.4714891910553,0.947106957435608,15.628314435482,4.10002693533897,42.5237127542496,4.58327722549438,110.733950376511,6.25482338666916,471.786116719246,20.2349663376808,1.51664534211159,58.3062744736671,98.0775877833366,18.2886477708817,29.599005818367,7.45189416408539,25.3916681706905,48.3412417173386,92.2885420918465,122.645660459995,147.868052363396,321.815863251686,8524.94168192148,28.419608861208,4.84327256679535,8.07312455773354,163.289059877396,0,0,56.3290509879589,11.519126355648
43.5124216079712,16.8907400071621,0,4.59844973683357,6.2513570189476,39.9344255626202,1051.09909570217,295.241100490093,2.21904504299164,167.871197551489,34.7556961774826,77.8525757193565,0,665.203424185514,22.5517286062241,77.0208151936531,30181.6639536321,68.981575012207,419.197838395834,31.85611307621,4206.13386133313,9.43464171886444,37749.1207670867,133.902228921652,1.21036803722382,23453.1506925225,34416.2898507416,2046.65278190374,828.360688358545,635.268255919218,3.97960150241852,5.29233485460281,7.5603284239769,5797.31731915474,865.818268179893,8459.36392536759,4906.46005108953,5466.53377947211,4328.61108478904,72.1718038916588,24.4897107481956,1.12184703350067,688.569731533527,467.164274305105,338.468550860882,247.379637420177,12.6965518891811,8.73501962423325,0.632979154586792,2.86395525932312,49.8414344787598,4759.89341640472,0,0,0.683389186859131,68.8395271599293,38.95755687356,5.72164064645767,2.40121158957481,1.16649174690247,0,0.764101624488831,55.8667391836643,5.7426962852478,76.4008288383484,292.512597024441,11.2143712341785,53.5459200441837,0,99.4819848835468,14.1234078407288,862.893196284771,65.9156903326511,1.08040952682495,145.323330640793,9302.2996250391,87.8021930754185,5.55947494506836,14.9080132544041,0,0,0,189.441454857588,401.54737085104
4.09865736961365,0,4.59844973683357,0,71.4640646576881,231.307054430246,218.849028676748,336.332128435373,5915.23706069589,8999.532343328,54.3346596062183,2518.94109845161,4.23462638258934,282.39876973629,440.237905532122,0,10.5845157504082,7.9970645904541,6.86413231492043,28412.7998907864,8.10591307282448,5.53670084476471,14.9064545929432,6123.64079722762,3.50099235773087,6.51874488592148,10.5445220470428,5240.05695357919,171.742157578468,10.3739601671696,0,6.07648572325706,1.10766595602036,236.681105107069,40.8790394961834,599.99662822485,9.52329832315445,191.381873548031,34.9012706875801,768.520074009895,52.6955600380898,15.3191369175911,187.318950742483,0.748253405094147,138.203483909369,55.0931681096554,1026.79335781932,19.2566818296909,12.442503631115,5.74614998698235,0.599554598331451,0,4076.5205731988,35.7577921152115,230.176185846329,539.781328856945,438.802091240883,1463.50174847245,2247.94923391938,2.97681024670601,1906.3353100121,4.77577385306358,189.519657880068,291.196809738874,0,0,0,0,1639.68067157269,0.403611391782761,8.17477768659592,0,3209.11587062478,0,0,2.19173312187195,4570.84553593397,149.12077704072,1.88662219047546,0,0,0.758731663227081,94.8634998202324,6.20291996002197
6.90215608477592,6.91043448448181,6.2513570189476,71.4640646576881,0,1425.19352078438,232.444150090218,100.998400628567,595.578443408012,205.762523502111,27.4911458492279,705.635345548391,2.49201366305351,87.1477922201157,2801.48426303267,39.638749063015,26.9140942692757,10.1220725178719,1.64858019351959,49.9930818974972,339.574117094278,20.0874211192131,270.286101520061,391.379640311003,2.01072987914085,7.86190351843834,36.7524660527706,526.810605794191,33.4856954813004,314.299629211426,0,482.664896547794,2.68165576457977,958.099360615015,1447.36851495504,709.793004453182,97.7035296559334,91.1985247731209,240.299871474504,7083.50131043792,5788.65441867709,7.19835132360458,26.0549561083317,20.3616410493851,11.5306574702263,85.4037929177284,89.5251561701298,8.93777847290039,7.84377479553223,2.83570444583893,0,3.079261302948,31.9447430968285,1.57587969303131,12.376313239336,15.6509829759598,14.9235654771328,33.1149213910103,14.5683070719242,1.66489118337631,80.9270884990692,0,12.0372948944569,17.5665179789066,10.8172129690647,0,2.21650177240372,1.12452828884125,35.0245182812214,23.4842553138733,2.78765672445297,33.4711966514587,127.083551228046,0,1.01391899585724,14.5030400156975,123.451641440392,11.7551745772362,9.25105705857277,0,0,1.75126314163208,4.61167079210281,922.954060912132
16.4514951705933,7.13436958193779,39.9344255626202,231.307054430246,1425.19352078438,0,5420.18067237735,17284.9331717491,400.817424982786,25950.3540773839,371.767008304596,8883.21874144673,21.4927529990673,1837.44070744514,3387.61563464999,2.87569230794907,65.1838631033897,150.666864275932,70.221966356039,678.621452331543,104.489557176828,14.2508761286736,120.765260368586,628.656161695719,10.487999945879,176.718500494957,133.360814034939,907.514264822006,526.112439453602,251.348298579454,15.4533058106899,163.666527420282,3.87647145986557,824.181901097298,1732.70178481936,2933.89891201258,94.9570420086384,567.731547296047,463.750060617924,7890.70630142093,1506.26835116744,98.6850911676884,245.920709550381,10.4364427626133,87.1522562801838,173.688283234835,503.776059031487,24.705630004406,22.9088129401207,6.25045871734619,0.668536841869354,0,160.83248898387,9.29415935277939,49.3300046026707,172.808041453362,154.021293282509,192.058920323849,88.6798534691334,2.29271084070206,225.186014413834,8.44569560885429,135.441646426916,63.5525276958942,7.68517184257507,0,0,0.809187531471252,96.3537020385265,1.5256230533123,0.94691014289856,2.55614683032036,1087.51113206148,0.933351546525955,0,4.90548700094223,969.944568485022,88.5294569134712,18.5811240077019,0,2.82847917079926,0,70.9788821935654,124.385120898485
5920.24213522673,15.3453325033188,1051.09909570217,218.849028676748,232.444150090218,5420.18067237735,0,18742.747952193,862.967716783285,25135.3382778466,897.2447707057,569.771176040173,59.5826205015182,31364.6344649494,602.706738293171,13.6224741339684,1043.19109809399,399.602336764336,239.656942486763,162.863112330437,3553.75243124366,51.9459511637688,3211.18106770515,4853.67152962089,24.1798412203789,618.530596762896,854.392366617918,68891.6008436084,5930.35534504056,15293.028922528,57.3612187504768,144.025125592947,211.884516894817,4705.24033126235,1843.97137871385,12479.7882058918,553.504468917847,5483.74043890834,2108.46930482984,1538.18255966902,903.064609736204,129.717319488525,1255.26663812995,29.153254956007,513.617989480495,260.381845474243,623.591635674238,85.638275295496,48.2065527439117,48.0075144171715,2.8624479174614,33.6733633577824,327.965462505817,4.12109881639481,28.8840460777283,871.343452453613,463.310789257288,693.346598893404,299.351956218481,10.6201937198639,135.095477461815,8.99593868851662,595.933558285236,89.3534903228283,114.942261695862,4.72105595469475,0,0,142.616664350033,162.528905391693,30.9964209794998,84.0486879646778,5109.48252341151,1.46493074297905,0,84.4321643412113,5602.77171686292,452.075861722231,142.264450013638,0.679454147815704,4.26336950063705,33.3836010992527,224.587649941444,287.849239647388
1252.69474226236,3.13793808221817,295.241100490093,336.332128435373,100.998400628567,17284.9331717491,18742.747952193,0,463.241922974586,21752.0985427201,404.088918566704,5627.08117219806,21.5591057240963,13611.3723078668,301.767260372639,8.25001913309097,971.996972233057,154.977404564619,105.446226477623,1596.33050739765,3595.26093542576,2.84944480657578,4192.18677321076,1285.15714082122,8.67931985855103,222.704127073288,343.403862088919,2652.35641470551,2831.19603231549,14006.9514133036,19.5071951746941,85.1238734424114,120.5384567976,1631.65318371356,371.414563775063,4587.19417765737,256.399223506451,1366.74193257093,1083.73963928223,1607.23017287254,970.775970220566,136.721547394991,345.634289264679,23.7315917015076,133.263549625874,243.635497897863,196.967544496059,59.7102402150631,35.0664841532707,10.5468817353249,0,4.53701177239418,249.97620421648,2.29264134168625,23.556301176548,402.538803845644,189.663188904524,302.251984477043,213.44571107626,3.39998668432236,94.9265960156918,3.20482581853867,132.303965359926,38.3909704983234,21.1378984153271,0.957006454467773,0,0,97.2663461267948,32.7843953669071,3.87963443994522,10.5961961746216,2063.13330021501,3.27683085203171,0,9.96002390980721,1851.68394207954,104.776440829039,33.4029923379421,0,14.3519505858421,4.80008032917976,88.1319061219692,24.0692082643509
7.11655494570732,1609.82817590237,2.21904504299164,5915.23706069589,595.578443408012,400.817424982786,862.967716783285,463.241922974586,0,2020.13274997473,255.954358071089,4739.28175762296,542.255910634995,352.154291689396,3835.68323731422,118.041771411896,11.7023916840553,20.8319974243641,13.0607262253761,1143.78123486042,73.0358991920948,5930.45132496953,20.9247617423534,38509.0341759026,537.116890609264,38.7261292338371,2128.57745605707,7015.55912548304,288.347654908895,94.1346107125282,4.71321994066238,22.0273047983646,16.8766882121563,329.180369317532,140.225692361593,945.767211407423,46.2464680671692,333.505088746548,91.6039381921291,2606.10235217214,76.3292906582355,67.5963233113289,504.474889785051,89.6663428544998,164.701025187969,91.1479397118092,639.226811558008,30.2064595520496,25.4459405839443,24.5679160356522,71.2263006865978,28.6939724981785,2304.50839701295,59.9697017073631,170.21717107296,207.47299015522,291.004034936428,5100.9844006598,694.669400304556,55.5223117470741,1412.08127659559,105.219961762428,288.951183348894,335.499376535416,772.477650254965,12.2338020801544,35.4132817089558,13.661997616291,623.731462270021,373.526648461819,933.369693636894,140.728585869074,8186.9696803093,22.5656307935715,75.1298404633999,260.721490830183,3774.76236769557,228.96511259675,68.2793123424053,49.3118270039558,4.64232015609741,16.3344397246838,79.7738054096699,92.801048129797
149.957918405533,0.990918964147568,167.871197551489,8999.532343328,205.762523502111,25950.3540773839,25135.3382778466,21752.0985427201,2020.13274997473,0,1243.79725211859,6484.36337707937,55.063059926033,10234.3662854135,516.302080482244,2.58325809240341,215.527710825205,489.65816116333,298.399954408407,13163.2254951894,290.509288400412,4.19719046354294,348.831266850233,1646.8246422112,18.9436237812042,719.686679631472,577.88386207819,7849.66239902377,4056.73212456703,351.45761847496,57.1473387479782,130.741264045238,12.3999080359936,2759.10660099983,850.520975232124,6906.33750203252,249.499296724796,3044.93143332005,762.075783461332,1482.42768368125,688.436374634504,99.781052082777,285.794402748346,9.40637814998627,154.713448256254,135.055562257767,570.309689491987,35.7265204489231,21.8705263733864,12.997383415699,2.31051701307297,2.75670483708382,2838.80937594175,15.9442895054817,123.831476777792,820.528712511063,459.063411653042,1153.06094163656,1808.15530443192,1.06974002718925,896.135282814503,13.7536813020706,218.269527763128,155.922157049179,14.134406119585,0,0,0,1238.90738618374,10.0222146213055,11.2016922831535,4.43191462755203,3916.99841025472,3.48142251372337,0,10.99188798666,4921.47160765529,202.218459576368,5.03980526328087,0,0.881167769432068,5.04087382555008,105.280521869659,51.7657276690006
13.6284300386906,825.584269076586,34.7556961774826,54.3346596062183,27.4911458492279,371.767008304596,897.2447707057,404.088918566704,255.954358071089,1243.79725211859,0,1342.44358050823,4366.82943847775,2521.77200314403,43.5400368869305,35.3415180742741,597.91372653842,12613.5575418174,911.231813579798,414.722360193729,89.5073427855968,422.113450109959,184.038849025965,569.222204744816,2087.53420743346,7938.54673448205,920.672678530216,453.356574952602,3792.91824534535,213.401324868202,1045.57470074296,577.852421075106,5.03457391262054,15861.7153573334,165.637162446976,2622.57443806529,5234.79081603885,7138.54806956649,752.277197301388,269.696176320314,38.5788409411907,871.496554255486,36.5731947124004,2195.79819506407,69.0220873951912,45.1287606954575,23.2984014451504,3.75481188297272,1719.25833234191,0,205.906347572803,5.51522415876389,1.86072784662247,0.87998241186142,0.906629204750061,7.40887007117271,3.23141914606094,90.470940887928,1.47338336706161,2158.38671031594,21.5038428902626,6836.55245402455,24.4328543245792,4.38572078943253,6.91242158412933,5.17679551243782,297.591663211584,13.3903385400772,3.85511574149132,3.4726374745369,45.2288620173931,3.27792853116989,178.742295742035,1185.190795362,1650.78248041868,1693.19088360667,44.8705519735813,41.0974382758141,0,1667.81640538573,21.5349739193916,0,495.223126143217,55.9232968986034
7.04047042131424,1.82597649097443,77.8525757193565,2518.94109845161,705.635345548391,8883.21874144673,569.771176040173,5627.08117219806,4739.28175762296,6484.36337707937,1342.44358050823,0,82.1091402769089,4194.5281855464,3661.17989915609,1.58293724060059,125.146378904581,520.428717106581,270.948944270611,11636.9157512188,22.8014622330666,9.65642765164375,78.6369705200195,714.116184741259,19.5366943180561,711.521753191948,499.101879954338,671.677824944258,1612.65594604611,83.8121283948421,71.5490593612194,50.2392909526825,0,1779.55362305045,2478.91493293643,3914.06186145544,195.095512658358,1484.44015812874,445.115822046995,9197.24933853745,150.008189529181,131.28058552742,145.594148188829,17.6340936422348,91.8963434398174,205.484372973442,2276.24928578734,28.6249612569809,35.3728959560394,1.61465561389923,0,0.453604370355606,1845.2932485342,69.4003260731697,327.687360912561,144.402915030718,358.529634058475,639.236914902925,909.63879647851,16.2783598303795,2649.40884166956,17.3576883077621,211.234329044819,563.44127497077,4.1597797870636,0.628670632839203,7.04955807328224,0.709935426712036,1045.88164591789,0.451954692602158,3.03856915235519,2.16390952467918,957.809810549021,2.86064919829369,3.56294599175453,4.44434663653374,1489.44646394253,70.0517733097076,6.78008162975311,1.34035861492157,0,0.380176097154617,49.2846428751945,522.265638738871
0,1730.39240670204,0,4.23462638258934,2.49201366305351,21.4927529990673,59.5826205015182,21.5591057240963,542.255910634995,55.063059926033,4366.82943847775,82.1091402769089,0,99.7227015793324,17.841360449791,112.296694308519,2.34296536445618,8.21034038066864,0.450064778327942,33.2686953544617,26.5040638744831,1141.71696412563,14.8725250065327,823.884105890989,5883.26265028119,151.86498260498,3992.21084776521,52.8088633418083,101.716220766306,7.01394531130791,1280.16845977306,36.9774887859821,1.40217655897141,3552.17308032513,1.46632996201515,141.677578210831,2539.43454948068,1080.19584399462,17.7263238430023,44.5723481476307,6.23169708251953,3476.30213409662,37.3715137243271,3707.29933181405,103.16829419136,21.7849751710892,8.61717766523361,3.94112372398376,1872.2814873457,0,204.567351281643,8.60215222835541,1.62118709087372,1.20876801013947,0,3.69259613752365,5.97546207904816,26.1658203303814,1.58815687894821,4222.79840761423,4.01969838142395,17118.1411297619,24.8486783802509,1.11880630254745,2.70273542404175,5.36942076683044,299.705471068621,13.0350331068039,0.610662698745728,0,49.8640728592873,0,42.8156596422195,2456.48520833254,2282.07369747758,2664.59110784531,5.00679954886436,78.5390486717224,0,4478.96764242649,23.7038850784302,0,511.278709590435,2.400266289711
7079.14276185632,11.9617732167244,665.203424185514,282.39876973629,87.1477922201157,1837.44070744514,31364.6344649494,13611.3723078668,352.154291689396,10234.3662854135,2521.77200314403,4194.5281855464,99.7227015793324,0,255.629466116428,28.7225622534752,3280.04526996613,1439.31436097622,1333.03964531422,1477.97756645083,4930.13325896859,10.799850165844,7142.9245788157,1519.12056848407,19.5209234058857,2079.54034513235,2836.3358861506,3519.4907207191,21777.6420818269,25375.7772443891,82.9315257966518,34.9481266140938,187.261218428612,3916.6047257185,546.912462949753,5576.62075686455,479.832157343626,3048.83251258731,1298.53607332706,1071.9315456748,604.961693674326,231.110802292824,394.569857239723,41.5139513015747,175.014842063189,466.091108590364,212.010784417391,89.3141251206398,68.1135128438473,16.2943623065948,3.04421281814575,46.8048920333385,110.521742343903,2.51569798588753,15.6925692260265,333.625331103802,139.956153154373,305.242226988077,82.5150023698807,7.81038728356361,70.4717184007168,21.6809027791023,134.073473483324,27.1742800474167,47.0628989636898,7.37175756692886,3.42913854122162,0,53.7696460485458,44.7381777465343,17.1213212013245,11.2245606184006,2287.53015512228,7.78066736459732,11.6304112970829,157.805046051741,2182.14543384314,132.25459253788,56.1189207136631,2.49384289979935,31.5439260303974,9.00748178362846,110.891808509827,44.1318220496178
3.54097074270248,68.0883007645607,22.5517286062241,440.237905532122,2801.48426303267,3387.61563464999,602.706738293171,301.767260372639,3835.68323731422,516.302080482244,43.5400368869305,3661.17989915609,17.841360449791,255.629466116428,0,24.2114423513412,31.8132566213608,22.4476579427719,13.7779635488987,210.246057003736,334.553818434477,207.803449451923,254.461151361465,2265.44468200207,20.8010877668858,33.6987800300121,174.38459995389,1403.38734948635,154.340925723314,632.273137807846,2.0074987411499,105.574428856373,7.32675617933273,178.83561116457,6347.37107285857,593.243531763554,128.485985159874,365.876009494066,340.744970828295,6939.62542974949,232.600564181805,12.5676665306091,98.5973683595657,57.5998159348965,34.9712828099728,116.501123130322,433.087776601315,7.0530304312706,10.0427731573582,1.76480507850647,4.97310972213745,4.86349141597748,199.045982331038,14.9807454943657,57.375618159771,61.914667725563,74.5726399123669,106.021022260189,77.1734846532345,4.653455555439,373.68261474371,4.2235666513443,44.0508075654507,96.7450034618378,42.3531984984875,2.54984247684479,7.3389778137207,2.8408088684082,111.31663659215,44.6888824105263,17.3021164536476,68.1356320083141,357.21384614706,0,5.44404289126396,47.0122794508934,396.53191190958,30.4118193686008,13.006370306015,0.847186684608459,1.37047016620636,0,15.4110555052757,1831.73374962807
2.78602886199951,344.714158982038,77.0208151936531,0,39.638749063015,2.87569230794907,13.6224741339684,8.25001913309097,118.041771411896,2.58325809240341,35.3415180742741,1.58293724060059,112.296694308519,28.7225622534752,24.2114423513412,0,426.670815140009,11.0035845041275,25.4874404072762,0,7706.83982676268,5982.33898639679,8804.4780574441,3926.50438117981,105.346099555492,47.2101109027863,15159.3317781389,877.865714013577,34.9591446816921,49.9212555885315,0,1.83970475196838,2.60074949264526,703.422920048237,893.57554396987,4018.66492584348,1373.56848049164,1956.71685987711,1994.08566701412,46.0596299767494,6.23320406675339,17.9300299882889,1409.59428486228,260.754279792309,631.842743843794,566.999430239201,80.4043096899986,9.25230973958969,2.00167667865753,7.816122174263,55.3923139870167,464.380410403013,0,2.13278114795685,0.458279192447662,78.7087506949902,18.1743388473988,51.056117773056,3.05628156661987,7.43971890211105,0,28.1078239679337,12.69090077281,12.540598154068,14261.3226850927,83.8743270635605,5.17560422420502,17.3351013064384,0,4820.48591729999,2611.99529907107,10869.1965741515,2533.04417392612,7.00110450387001,40.7211343646049,3834.00279828906,2431.11342120171,39.0694608986378,195.03165319562,7.88833990693092,0,11.1916756629944,242.340427041054,442.987119674683
338.460831344128,42.3980644643307,30181.6639536321,10.5845157504082,26.9140942692757,65.1838631033897,1043.19109809399,971.996972233057,11.7023916840553,215.527710825205,597.91372653842,125.146378904581,2.34296536445618,3280.04526996613,31.8132566213608,426.670815140009,0,1488.87354958057,18723.340986371,42.116536796093,5596.81394428015,42.4903185665607,26082.6059685051,437.511015385389,3.94928097724915,15804.4095575213,24782.2661578357,2372.4963786602,4649.21897876263,2317.44974017143,3.83484578132629,12.5379580259323,577.316728681326,11399.0413629115,696.813844949007,5681.6591206491,3393.52481424809,4984.06112527847,2844.256904006,75.1674385070801,40.2189825475216,4.80760875344276,174.558664411306,121.395416796207,85.0704038441181,70.5676577985287,6.38346046209335,0.814545631408691,0.605338394641876,1.28686398267746,43.755740493536,1030.84319713712,0,0,0,11.6941286921501,1.72725534439087,11.8454361259937,0,1.53523683547974,0,3.13914060592651,6.53384709358215,0,392.356912463903,84.8049093484879,0.95892322063446,11.5423963069916,0,451.964840441942,53.631206870079,349.973666757345,210.886193573475,0.531857907772064,100.669265806675,2871.99372693896,322.304283350706,4.44711631536484,45.6972803175449,0,0,1.94205737113953,44.7463668882847,232.8422498703
7.15132814645767,1.26410305500031,68.981575012207,7.9970645904541,10.1220725178719,150.666864275932,399.602336764336,154.977404564619,20.8319974243641,489.65816116333,12613.5575418174,520.428717106581,8.21034038066864,1439.31436097622,22.4476579427719,11.0035845041275,1488.87354958057,0,2294.15158873796,181.09820112586,80.3665352761745,0,208.495916545391,105.04682213068,18.9171740412712,4556.86927643418,907.370511114597,150.486887186766,2415.47162276506,97.8714567422867,125.602909445763,195.118277192116,12.1351755857468,4796.37878495455,343.521242141724,3876.24301069975,4268.60610774159,4830.60463497043,1549.12113240361,114.735378950834,25.1802249848843,7.42647188901901,29.5777539908886,63.2419327497482,11.8552477955818,21.7411589026451,5.26867571473122,1.35165667533875,5.30846327543259,0,9.80841511487961,12.2611018717289,0,0,0,0.516498327255249,0,14.4340732395649,0,9.75036525726318,1.27998173236847,27.6213701963425,1.02301213145256,1.28648853302002,5.57826855778694,13.3515195250511,60.4658460617065,15.4670870006084,0.810608148574829,3.81844979524612,0.64957994222641,4.95069912075996,11.2993111610413,9.47181624174118,451.790080755949,750.910075485706,2.09155505895615,1.50750267505646,0.57970929145813,37.0263574719429,0,0.440189361572266,8.86392998695374,107.166954666376
13.0401583909988,3.49201023578644,419.197838395834,6.86413231492043,1.64858019351959,70.221966356039,239.656942486763,105.446226477623,13.0607262253761,298.399954408407,911.231813579798,270.948944270611,0.450064778327942,1333.03964531422,13.7779635488987,25.4874404072762,18723.340986371,2294.15158873796,0,114.170086115599,216.547647923231,3.62543278932571,543.980228155851,54.1378119289875,3.95777857303619,20172.0230871141,3375.65563243628,138.367143660784,2355.16828164458,73.1812050640583,9.24516579508781,82.2160524129868,19.9196329712868,7576.04186701775,198.682047188282,2438.8207475245,1206.47834473848,4197.67540645599,1387.24514240026,76.6173298954964,18.4256952404976,2.65490543842316,19.3714445829391,6.57371705770493,5.94331109523773,14.7693258821964,4.4561060667038,0,0,1.45786726474762,11.362057030201,55.9953173100948,0,0,0,1.00055837631226,0.757755696773529,14.5593422651291,0,0,4.91233292222023,0.943351984024048,0,0,8.87442597746849,12.1609983146191,1.75942748785019,4.77985107898712,0,14.8689288198948,4.38168680667877,14.8396680355072,32.9575273692608,1.61927235126495,68.7109190523624,381.153042018414,6.9850535094738,0.321421414613724,1.01901209354401,2.91830453276634,0,0,8.03731310367584,79.0624072849751
1.63194844126701,1.03753036260605,31.85611307621,28412.7998907864,49.9930818974972,678.621452331543,162.863112330437,1596.33050739765,1143.78123486042,13163.2254951894,414.722360193729,11636.9157512188,33.2686953544617,1477.97756645083,210.246057003736,0,42.116536796093,181.09820112586,114.170086115599,0,15.0521859228611,1.71819335222244,34.7006220221519,1027.66790434718,5.07117062807083,232.80033442378,198.830180078745,1692.36589986086,798.620614230633,53.3178815841675,15.6933637261391,31.3681267499924,0,568.572424352169,82.2604241669178,1511.76982331276,74.0157321095467,527.731843143702,141.958558797836,895.550773829222,89.0164346396923,37.8307054638863,159.487498521805,3.18685644865036,78.2750564217567,67.2472383081913,585.390391737223,25.0942449569702,16.5502026081085,1.98042476177216,0,0,1798.8124859333,17.7486763000488,116.002900451422,396.315173983574,275.988545179367,457.29406324029,957.194294720888,4.15222069621086,769.793552935123,6.325100928545,161.691119462252,145.087323278189,0.640702664852142,0,0,0.433938294649124,672.100448250771,0,5.18484950065613,0,1692.45150762796,1.50437423586845,0,6.40453368425369,2417.74293068051,101.508906334639,3.32637500762939,0,3.4023842215538,1.12322449684143,58.7740254402161,10.1801098287106
751.906100004911,61.3898876905441,4206.13386133313,8.10591307282448,339.574117094278,104.489557176828,3553.75243124366,3595.26093542576,73.0358991920948,290.509288400412,89.5073427855968,22.8014622330666,26.5040638744831,4930.13325896859,334.553818434477,7706.83982676268,5596.81394428015,80.3665352761745,216.547647923231,15.0521859228611,0,432.620404958725,59910.0580271482,1274.75165206194,21.9673813581467,433.019138425589,6153.5084643364,10189.4989841878,4831.90801230073,35808.9810327888,1.64099037647247,12.5054808557034,1104.23872339725,14760.2001609802,4674.7648897171,15637.041344434,4150.4007730484,14946.5875757337,10865.1608704329,277.410305142403,129.24184218049,14.004525244236,540.471142679453,135.633819520473,182.164735853672,233.097297102213,60.3702474832535,7.68106561899185,4.52577701210976,17.994742333889,10.6256694793701,370.836966335773,0.581879019737244,3.73811727762222,1.34935563802719,102.544251292944,7.40353205800056,50.8630672395229,2.31140112876892,2.78313982486725,1.34805619716644,9.33593213558197,23.2252779901028,27.7391890883446,3776.0678627193,60.6713238060474,1.83474868535995,9.73084741830826,0,3698.1609300673,716.145188957453,3026.79925096035,2251.68760710955,1.10752046108246,13.0473242998123,1291.51639342308,2949.01539739966,121.116787612438,420.303933769464,0,0,23.0785028636456,96.9392002522945,1259.83548128605
0,3749.06124573946,9.43464171886444,5.53670084476471,20.0874211192131,14.2508761286736,51.9459511637688,2.84944480657578,5930.45132496953,4.19719046354294,422.113450109959,9.65642765164375,1141.71696412563,10.799850165844,207.803449451923,5982.33898639679,42.4903185665607,0,3.62543278932571,1.71819335222244,432.620404958725,0,396.933132201433,19749.0368020535,1468.32033365965,29.8026733398438,7747.33717444539,491.364303052425,7.79445204138756,10.5770717859268,5.75078892707825,1.09799203276634,0,186.912364542484,18.366810977459,110.148199498653,57.2242636978626,136.993996500969,43.7158790230751,94.4671199917793,2.13064426183701,144.684954822063,412.600506663322,172.772431433201,187.418602019548,166.805204689503,30.0587490200996,0,38.7097144126892,2.19119369983673,292.386924088001,173.760367363691,15.623723089695,0.565256595611572,1.9152535200119,15.4256383776665,2.87089785933495,226.064553022385,8.75667554140091,71.7373869419098,1.25963127613068,232.015950739384,5.81920230388641,4.67730355262756,3816.48482561111,38.0394900739193,9.08150970935822,11.7557738721371,3.04820889234543,882.187451779842,1434.91787236929,1613.09223255515,1046.94408425689,31.5153028964996,87.4866335391998,3067.12925443053,591.017291992903,18.0859963297844,30.8817884027958,93.5547932386398,0,0,87.2167809605598,52.8006215691566
1147.76218542457,46.1268205940723,37749.1207670867,14.9064545929432,270.286101520061,120.765260368586,3211.18106770515,4192.18677321076,20.9247617423534,348.831266850233,184.038849025965,78.6369705200195,14.8725250065327,7142.9245788157,254.461151361465,8804.4780574441,26082.6059685051,208.495916545391,543.980228155851,34.7006220221519,59910.0580271482,396.933132201433,0,1688.21492314339,12.1047456860542,3365.73787841201,42835.3593857288,11522.5292232335,7407.08619183302,14239.0921850204,8.04885566234589,15.5432262420654,929.157943695784,22635.8637229204,6791.65091404319,34078.4734340906,15681.878549844,28946.8111107349,22284.5478029847,528.229568451643,138.733605504036,46.8469370603561,1609.68307086825,350.813048541546,820.395653307438,706.370944797993,89.2968855500221,14.6832036375999,5.44597828388214,5.30262932181358,34.8832312226295,2915.88088187575,0,9.77394461631775,2.54913794994354,81.8384295105934,19.6402424573898,26.7960418462753,4.74157625436783,0.324249476194382,3.59022003412247,3.1359144449234,25.5401528179646,25.8679261505604,8254.23175820708,156.921937018633,7.37450101971626,25.0826604962349,0,3583.17037773132,867.218984246254,11172.7338224947,1624.3761036098,0,56.397230297327,8411.28946745396,2046.48633533716,29.1344349682331,187.8722397089,0,0,4.77513062953949,366.824645847082,2791.6379968524
36.8329776823521,3061.04623508453,133.902228921652,6123.64079722762,391.379640311003,628.656161695719,4853.67152962089,1285.15714082122,38509.0341759026,1646.8246422112,569.222204744816,714.116184741259,823.884105890989,1519.12056848407,2265.44468200207,3926.50438117981,437.511015385389,105.04682213068,54.1378119289875,1027.66790434718,1274.75165206194,19749.0368020535,1688.21492314339,0,994.442290395498,178.284653037786,8270.88725659251,15455.258646369,1247.9112533927,653.254621088505,9.25982961058617,49.1232651472092,147.10886028409,1935.22690737247,1493.23961377144,6579.51399469376,775.164577245712,2462.24156695604,1293.67006409168,1892.83030387759,254.617855280638,180.380421370268,4343.71933463216,365.98517203331,1502.13165405393,612.681751608849,1653.23408582807,203.186158061028,89.0900766551495,315.621174275875,138.516635924578,251.75443315506,2167.21502241492,46.4771488308907,158.908570766449,2354.23173028231,1609.45250889659,6935.70971250534,1357.6029881835,74.8774399757385,728.429753243923,147.108630269766,2207.17385306954,382.993590086699,4871.98057097197,71.361423432827,19.0299853980541,20.4992209374905,702.694751292467,3711.9407042861,3392.69380217791,2191.18600642681,36549.6502688527,24.9326325953007,58.2720184624195,1457.09149739146,22201.1910369396,2060.93707883358,1284.74123129249,56.9639859497547,16.6292068064213,150.641302198172,779.153377830982,487.444852918386
0,2664.24666571617,1.21036803722382,3.50099235773087,2.01072987914085,10.487999945879,24.1798412203789,8.67931985855103,537.116890609264,18.9436237812042,2087.53420743346,19.5366943180561,5883.26265028119,19.5209234058857,20.8010877668858,105.346099555492,3.94928097724915,18.9171740412712,3.95777857303619,5.07117062807083,21.9673813581467,1468.32033365965,12.1047456860542,994.442290395498,0,275.315692931414,8536.35269448161,54.0756382644176,15.8477621078491,6.68934762477875,668.765584170818,6.73688489198685,1.08117806911469,1473.79783529043,3.02299082279205,72.9723313450813,270.224998503923,289.57205119729,3.93206346035004,158.941769361496,3.99434965848923,3417.40944069624,35.0639860332012,366.534921318293,37.1835441589355,11.7126159369946,32.145077675581,1.17825555801392,388.993550598621,0,351.511647820473,10.2723799347878,0.989901065826416,0,4.42225441336632,8.59175699949265,8.30318087339401,20.7435000836849,9.60442665219307,659.051155090332,4.37418353557587,4073.47489652038,14.3081900179386,3.01697468757629,4.23297739028931,5.6865222454071,69.2485097944736,7.65687263011932,1.21220952272415,0.517768502235413,14.0326835513115,7.12468928098679,32.9120138883591,2699.85436701775,672.900778263807,3068.82955726981,28.4930532574654,15.6892404556274,0,887.866692513227,4.76732182502747,0,122.310518443584,0
13.3928714990616,120.034855216742,23453.1506925225,6.51874488592148,7.86190351843834,176.718500494957,618.530596762896,222.704127073288,38.7261292338371,719.686679631472,7938.54673448205,711.521753191948,151.86498260498,2079.54034513235,33.6987800300121,47.2101109027863,15804.4095575213,4556.86927643418,20172.0230871141,232.80033442378,433.019138425589,29.8026733398438,3365.73787841201,178.284653037786,275.315692931414,0,35181.4786418974,376.500987231731,3165.23270997405,222.056740134954,1530.13815504313,189.590614110231,10.6116663217545,5723.39487463236,862.92714625597,10438.4149317443,16002.8529537618,10192.3783486485,4501.61701828241,165.618217200041,49.0532458126545,14.4450986683369,1109.81097337604,1211.74472656846,543.681814789772,405.697039067745,7.34171518683434,4.74938720464706,24.3313466906548,9.03778848052025,323.99891808629,2070.20866689086,0,0,0.479372143745422,22.7529955208302,12.6685990691185,65.1572339236736,1.25937014818192,214.105709373951,6.89363133907318,1309.52153363824,84.6435842514038,8.20929530262947,33.2807788848877,674.387053012848,1020.23923224211,380.668568700552,0,30.4554375708103,87.6494227051735,170.027927666903,100.874114602804,219.511380434036,7542.31386017799,21148.5060094297,39.6995794177055,24.8653246760368,36.3542194962502,1148.67672154307,1.19264018535614,1.73324254155159,314.568053781986,365.546628594398
24.9629493057728,9640.24939471483,34416.2898507416,10.5445220470428,36.7524660527706,133.360814034939,854.392366617918,343.403862088919,2128.57745605707,577.88386207819,920.672678530216,499.101879954338,3992.21084776521,2836.3358861506,174.38459995389,15159.3317781389,24782.2661578357,907.370511114597,3375.65563243628,198.830180078745,6153.5084643364,7747.33717444539,42835.3593857288,8270.88725659251,8536.35269448161,35181.4786418974,0,2435.41971898079,4186.80052781105,590.783377528191,2332.4222176671,66.2493217289448,26.8891494274139,17859.1605039835,3766.05401778221,35997.8813661039,16119.2685588002,24453.9068658352,16528.6887197793,403.745909243822,134.864861965179,60.7222940921783,8510.65211030841,4807.25247916579,4379.82545849681,3132.32865047455,197.271383792162,37.2806079685688,132.465237498283,37.2252695858479,6654.9822281599,24308.9649907053,5.91572347283363,4.78083616495132,5.84848955273628,391.75612398982,181.162147670984,262.698039233685,13.4993773400784,358.839208602905,14.0082837641239,3489.60535749793,587.69266307354,33.5165757834911,4657.3260460794,3318.55053281784,1573.33066681027,1421.31968253851,3.97899216413498,1503.6375207901,1986.27829679847,13085.0088917017,1441.46139919758,2761.4745170176,21204.0871875286,165977.590769827,1220.01625928283,121.221448197961,210.838208824396,2593.14844077826,1.64703792333603,8.55442556738853,2292.33715325594,2111.11210852861
152.077482253313,83.2673640549183,2046.65278190374,5240.05695357919,526.810605794191,907.514264822006,68891.6008436084,2652.35641470551,7015.55912548304,7849.66239902377,453.356574952602,671.677824944258,52.8088633418083,3519.4907207191,1403.38734948635,877.865714013577,2372.4963786602,150.486887186766,138.367143660784,1692.36589986086,10189.4989841878,491.364303052425,11522.5292232335,15455.258646369,54.0756382644176,376.500987231731,2435.41971898079,0,3341.30584347248,22896.9110665917,17.0419634878635,129.938387006521,859.627543210983,7264.25111162663,5550.11742225289,15947.3136663735,1571.71908062696,10106.888492167,5449.72058415413,1714.65014243126,594.915384173393,147.857563018799,4238.5952167511,191.218004971743,1431.9420158267,652.635705024004,1853.50652757287,223.667693346739,83.499697893858,350.145269960165,12.7253863215446,183.322713106871,3111.09774544835,43.9041649699211,152.910943180323,2813.50195792317,1519.39973989129,3714.52508723736,2013.65691173077,16.6385080218315,1044.5966360569,10.4529294669628,2166.96754214168,386.90499907732,1638.44628813863,46.7467052936554,0,8.14427578449249,1079.73133450747,1733.53341779113,683.046008735895,851.494932949543,24461.5136304498,3.17834708094597,8.04697203636169,609.627036005259,22099.7797477245,1979.63328897953,1187.12869235873,0,18.655760705471,125.880412459373,704.616086393595,1009.5984852612
10148.8712434769,12.4308539330959,828.360688358545,171.742157578468,33.4856954813004,526.112439453602,5930.35534504056,2831.19603231549,288.347654908895,4056.73212456703,3792.91824534535,1612.65594604611,101.716220766306,21777.6420818269,154.340925723314,34.9591446816921,4649.21897876263,2415.47162276506,2355.16828164458,798.620614230633,4831.90801230073,7.79445204138756,7407.08619183302,1247.9112533927,15.8477621078491,3165.23270997405,4186.80052781105,3341.30584347248,0,22902.589930892,102.959784716368,190.850558638573,7257.73490259051,10247.0866657794,315.675989717245,2885.06082963943,490.628124028444,2876.90220290422,951.866134136915,449.270900219679,688.968824028969,153.460847258568,276.035967886448,29.635437220335,119.980808436871,344.267801076174,104.102922767401,79.3968476951122,41.9222750663757,10.0183200836182,13.3295548558235,51.4106871783733,49.8860120773315,3.96979773044586,14.95396733284,178.762808054686,70.440598487854,219.283149510622,33.4963728189468,5.23484063148499,33.2767791152,35.2860225439072,93.2182298600674,18.1366855800152,24.4816334843636,6.38712185621262,0,2.11230045557022,23.6867460906506,42.1915642917156,21.4278891980648,25.4870009124279,1487.23399031162,9.09257972240448,19.5248482525349,283.365450948477,1298.52374097705,74.2201145589352,53.6510352790356,0.521444261074066,12.3501712679863,2.17205852270126,66.7150115072727,47.2314738035202
13046.0684572756,3.68689036369324,635.268255919218,10.3739601671696,314.299629211426,251.348298579454,15293.028922528,14006.9514133036,94.1346107125282,351.45761847496,213.401324868202,83.8121283948421,7.01394531130791,25375.7772443891,632.273137807846,49.9212555885315,2317.44974017143,97.8714567422867,73.1812050640583,53.3178815841675,35808.9810327888,10.5770717859268,14239.0921850204,653.254621088505,6.68934762477875,222.056740134954,590.783377528191,22896.9110665917,22902.589930892,0,6.10596239566803,82.7679571509361,4732.5871732235,8563.6472517848,3102.29731121659,10668.5074903965,771.388475567102,8184.01399943233,2387.53902155161,528.954358696938,547.136082857847,42.3164891302586,659.686840713024,42.8945600688457,151.217977702618,117.775774478912,163.114726305008,37.6684176921844,15.3590879142284,58.8071447908878,0,33.2047118246555,2.11972266435623,1.00773632526398,0.628835141658783,226.836446493864,69.7552964985371,154.106386184692,15.5422018766403,1.44517546892166,6.04100090265274,5.21520358324051,178.322311580181,29.2873973846436,343.134011685848,22.5563899576664,0.683360159397125,2.30029574036598,4.02138608694077,545.107002228498,84.6498444378376,99.1219408214092,2380.68076556921,0,3.25051647424698,38.7094235420227,3684.18723729253,194.171617746353,231.833721727133,0,1.56685030460358,20.8348807096481,90.152560532093,534.63810557127
