0,0,0.00388094388552937,0.000257101787037515,0,0.00601817516306343,0.677984746682143,0.0979044198960425,0.000558880010714102,0.00465612667959766,0.00120010681780043,0.00204005367215681,0.00026297132949791,0.789133323108511,0.000768899859330701,0,0.0611642368965613,0.000305241050633573,0.00422684146265902,0.00115991487646995,0.0484060219373274,0,0.0532714671971662,0.00133268597062278,3.79150018256187e-05,0.00444935634744582,0.00651992183884454,0.0448955738697037,0.438620889314832,0.868764497993654,0,0.000478018906030368,0.00177121277232151,0.0206204727139405,0.000348758554732228,0.00886672667786151,0.00111936805667896,0.0139061322934942,0.00361736827280078,0.00112590440618553,0.000199008117435074,0.000178388266159439,0.000517672199447394,0,0,4.40443428873062e-05,0.000360597246307659,0,0,0,0,0,4.10657114911079e-05,0,5.77641527760506e-05,0.000232147425130272,7.21774136869432e-05,0.000313049493988895,0,0,0.000124796180464744,0,0,3.18033283468724e-05,6.67733591779709e-05,0,0,0,0.000184096857561112,0,0,0,0.000849658250146822,0,0,2.79082192306519e-05,0.00137870138445954,0,3.88970998521804e-05,0,0,0,0.000388288548191547,9.28808702209475e-05
0,0,0.0064098175970521,0,0.00042140660074873,0.000445036565127707,0.000559472881531095,0.000346229712249374,0.634232549984244,0.000617081469941998,0.0472055168226437,0.000819312592817686,0.0328514411287591,0.0012715153388782,0.00423394501899027,0.0997012459009505,0.00240151352067122,0.000158159550595474,0.00142506273252954,0.000477332490733385,0.00917078310194105,0.386943507065092,0.0030662043982718,0.367912149694201,0.580372054145072,0.0124504705038772,1.7671899646027,0.0409144623800193,0.000876116989908077,0.000546737414839363,0.00470226474149928,0.000659899362202168,0,0.0161216556774871,5.67760890721321e-05,0.0055243340369401,0.0148559787295974,0.0129540299199868,0.00232364209954081,0.00691654975637669,0.000194835780161285,0.0257634813361533,0.00541706631819072,0.0047087080075685,0.00202834435129127,0.00253823042184724,0.000799299889670277,0.000125987926375008,0.00545313020807371,0,0.170725777252178,0.0163286187790732,6.53658710435867e-05,0,0,0.000653089873879052,7.39235172706602e-05,0.00724064610227459,5.12321006157875e-05,0.00383175337823229,0,0.0159326611124685,8.04126388555529e-05,4.23465565725326e-05,0.00105356598783026,0.00356351111546359,0,0.00354023569502115,0,0.0002470785462924,0.0187494463067055,0.00137572137636857,0.00624237291139407,0.0119664638976625,0.054818662626071,0.750183926479587,0.00475453946110211,5.22412779283523e-05,0.000146840632062149,0.00429792634466801,0,0,0.00206522328522415,0
0.00388094388552937,0.0064098175970521,0,0.000653411085504722,0.00265761113538932,0.00203975201302795,0.00855677710593839,0.0102558410642275,0.000610550996048641,0.00317378318141994,0.00477608061710701,0.00291293748795352,0,0.0275857888794981,0.00204831319320049,0.000600555452172232,3.72790873134398,0.0083643802006131,0.259598123856815,0.00211624478799396,0.0454403319491361,0.00186155627398729,2.79587632412922,0.00168066695013347,0.000198035158774758,3.29733567149002,2.27633820201451,0.0184942798137084,0.0335150235140288,0.0336576593599926,6.15798917930603e-05,0.00204256852253156,0.00665919229867783,0.199829430826442,0.0376763268172252,0.977879011572417,0.484204488178668,0.546651985971853,0.517707029475656,0.0030674162971065,0.00178692631501388,0.00414673614625149,0.0333015189271356,0.00975751075731566,0.00981509869959373,0.0155486026841324,0.00106886786447487,0.00016676896655035,0,5.07426405913353e-05,0.0140096211888037,0.139960297958027,0,0.00105697907579145,0.00016448221648693,0,7.33881588428497e-05,0.00272233995272007,0,0,2.88672951464653e-05,0.000109234177128029,9.04992933356765e-05,0.00173443911050682,0.00279815806790428,0.0236671927189012,0,0.00458091745163741,0,0.000580319775936556,0.0113617801259947,0.0784420346956865,0.00183813078523688,0,0.00560507509255285,1.08671807809355,0.000710016715317774,0,0.000747301823530008,0,0,0,0.00220193170535994,0.0442286830552971
0.000257101787037515,0,0.000653411085504722,0,0.011132358633716,0.0333756477156014,0.0155883730587924,0.022346801335974,0.285104579456523,0.535869127542147,0.00133234703994894,0.0489312074002587,0.000220146322170353,0.015453047875948,0.117357356584979,3.48542147748948e-05,0.000819797588233856,0.000205618632619953,0.00146564325346551,2.39890519356617,0.000189922838997126,2.50064254157066e-05,0.000493813553628922,0.792554281018298,0.000171862166810227,0.00115906281176806,0.000255447473827362,0.935875217422713,0.0146371430905449,0.000364205031504631,0,0.0034972409725359,0.000758791975445176,0.00947410092498512,0.00413088138941427,0.0846384968713671,0.0011101769614492,0.0204689004484139,0.00409514812714877,0.132640857560203,0.00280415437779193,0.00211136512981982,0.010272490019554,0,0.00676491265109944,0.000776503850645683,0.108972711548791,0.00292639802032637,8.11547716919902e-05,0,0,0,0.0854898537548605,0.00212689580798945,0.0163404824613042,0.0246248564482341,0.0140847833196497,0.048525534044806,0.107580821921599,0.00011058067039299,0.081492264401702,4.73221845253944e-05,0.00755039207991116,0.0331392821813127,0.000535534387415695,0,0,0,0.0412380711508065,7.10027906859875e-05,0.000131221948357392,0.000284940476748896,0.121583442827624,0,0,0.00041747827082963,0.146692284290266,0.00317663810756979,0.000172078741055488,0,0.00133551226924109,0,0.00791973426512237,0.00101472963838768
0,0.00042140660074873,0.00265761113538932,0.011132358633716,0,0.0802460571580905,0.0045344537177906,0.00323477452333055,0.0135939180758218,0.0128125009044559,0.000154703815117645,0.0308219682265654,0.000173393068554687,0.00238051631349797,0.21770007605376,0.000758607588409522,0.000725768884806064,0.000184535465654278,0.000389632575414467,0.00657303835583682,0.0110423867774523,0.000149966102323437,0.0197605441771012,0.0221085798305676,8.98635069540023e-05,0.000879308685192302,0.00405221245672069,0.0207106196827775,0.000814340964141704,0.00481922693041315,0,0.0788850751070002,7.40900415843963e-05,0.0283596005059425,0.0767053941387271,0.0140602471405744,0.00347921567196941,0.00215000695786614,0.00527420925753379,0.917814342838096,0.380912616847732,0.000245041604143429,0.00313112170698991,0.00225656051084022,0.000986672491661546,0.0076347796911905,0.00924184711265676,0.000524821686347771,0,0,0,0.00239770749785986,0.00072842382995701,8.03060629516602e-05,0.000816594649942303,0.000681691805746746,0.00060738305839901,0.000869964049896243,0.00144719672718568,0,0.00225862590039244,0,0.00010642148462863,0.00130564827924356,0.000325783191563511,0.000243157586622429,0.000174986672098541,0.00029094198462429,0.000659959793098497,0.00125925270679879,0,0.00650184784574185,0.00219323063198333,0,0.00147330166711178,0.00396246058856211,0.00375435698327503,0,0.000667483359277153,0,0.000191286450882625,0,0.00206440325976935,0.0737979157923725
0.00601817516306343,0.000445036565127707,0.00203975201302795,0.0333756477156014,0.0802460571580905,0,0.617706493366811,0.779290781835249,0.0477676410617706,2.54516600453648,0.0241391385653825,0.730620214090647,0.00603083972139673,0.134974938285971,0.485044615918281,0.000405405684816265,0.0131946468903839,0.0064500304761517,0.00929034093734443,0.142590239045598,0.0274256690249071,0.00163036648374653,0.0152646409376544,0.0603905175858646,0.00194213268376704,0.0109490935592693,0.00350394887493758,0.220526122738005,0.052400808558652,0.0431870234347412,0.00020715271663084,0.0386754892414221,0.00130717396155644,0.0335808205189138,0.658791794817129,0.355663417059759,0.00607684158272419,0.0469268783656534,0.0151841793553696,0.570665377855176,0.0937674040018893,0.0121451469673539,0.0246790613518093,0.000349427817098522,0.00922754904807501,0.00275428466247377,0.0392417488872351,0.00226628627615042,0.000911185713886069,0,0,0,0.0107546003166364,0.00122719496868858,0.00351999668641214,0.0234395321972232,0.00393680893504029,0.0108777005388741,0.0193064807294111,0.000112618341632653,0.0357408044277715,0.000220977749316931,0.00374165212981477,0.00727079428539015,0.0013195120309341,0,0,0,0.00775421415372718,0.000442365519938802,0.000349624249141264,0.00214769087047996,0.0705882077007662,0.000415843321410465,0.000319714103414249,0.00119752027422257,0.0827250673001007,0.00156588744002009,0.000650882633299827,0,0.000228437691610909,0.00013220531157074,0.0350616166025151,0.10154393860235
0.677984746682143,0.000559472881531095,0.00855677710593839,0.0155883730587924,0.0045344537177906,0.617706493366811,0,0.973867350855774,0.03741529744437,2.91175498587855,0.0289443681296585,0.033921390869466,0.00686448347522478,2.49565499670766,0.04548930533537,0.00067763930953865,0.0354927928255234,0.00895084486868688,0.0238906460527705,0.034669665906838,0.142652762854654,0.00179917857470603,0.0590631733314246,0.0942743177777044,0.0017046608894515,0.0270755993195812,0.0125800113706742,4.60010631061673,0.540208169751168,1.76602618706701,0.000191753111812305,0.0252287725174261,0.0240752533617347,0.146884842610909,0.0343343368766805,0.46105915152041,0.0103347643637967,0.209879211422658,0.0405688805356132,0.0897555201202384,0.027356239949672,0.0222669985107165,0.0139313008107811,0.000357178994668865,0.0076900739806318,0.00186777919169473,0.0130563749877995,0.00265704483563924,0.000788032640078686,0,4.84426425211907e-05,2.42266243231774e-05,0.018322908610136,0.000335203540783405,0.00441011871935344,0.0250379593900754,0.00653256994331646,0.00827223110799642,0.0272083529502389,0.00025081278798089,0.0157212773860628,0.000499810058655548,0.00474127224498148,0.00267904063115497,0.00124333144616866,0,0,0,0.00697947880261573,0.000204281227256012,0.000841989146744397,0.000259116714936399,0.0686591952420034,0.00015532718336935,0,0.000588826726772404,0.109112978296042,0.00248243154803843,0.000567869825448036,0,0.000371200815365505,0.000141331206793308,0.0149987658876121,0.00806239039910688
0.0979044198960425,0.000346229712249374,0.0102558410642275,0.022346801335974,0.00323477452333055,0.779290781835249,0.973867350855774,0,0.0472134718668374,0.824516510021444,0.0145209062718148,0.204556338543791,0.00328810732078743,1.17786558334543,0.0303612519335427,0.00111048222743259,0.113035689150716,0.00471170182335052,0.0154105678496748,0.115268622473083,0.212291477572834,0.00248018358559976,0.129771217455291,0.10168646292746,0.000483940900132799,0.012400055108137,0.0136494531431749,0.420156997120839,0.0887567888706263,0.549541597529462,0,0.0159000708390126,0.00326087188071346,0.048435759697066,0.0397730879452876,0.262849295284531,0.00679370799571667,0.0588452726171588,0.01913528375707,0.135173115500562,0.035596272242654,0.00793437264993905,0.0707658402065264,0.000260015842442369,0.0240170859145876,0.00333738419316558,0.0345874832845342,0.00861656365550412,0.000645472107038784,3.72891332217216e-05,5.97951635578156e-05,7.12241447640419e-05,0.0140904096546108,0.000544111236604929,0.00232747020093379,0.0701085979038382,0.00886720135450009,0.0163007719171129,0.0204173197931271,0.000194379129217911,0.01771481997851,0.000289422819095564,0.00559041732893448,0.00613824375866141,0.00146011785038862,0,0,0,0.0057666695823864,0.000435608729861927,0.000763435755625817,0.000526620057156468,0.170352165846406,0.000206648155851555,0,0.000842845236455777,0.233177533602971,0.00356999568666482,0.00173187222664499,0,0,0.000136243316029167,0.0321616651761568,0.00698187697060299
0.000558880010714102,0.634232549984244,0.000610550996048641,0.285104579456523,0.0135939180758218,0.0477676410617706,0.03741529744437,0.0472134718668374,0,0.123071137019449,0.0334750034343847,0.195919313828676,0.0212379296805989,0.0322768906388799,0.121693356021922,0.0834030159842632,0.00235235826276465,0.000751565284273812,0.00280180791091218,0.163478269259259,0.0242556727072963,1.0223639123301,0.0432987503161143,2.3166123209966,0.134391798396894,0.00717506245613046,0.549601999836859,0.622616905817151,0.0192482633910169,0.0132679991254273,0.00245841303193097,0.00713020072752552,0.00216915965994506,0.0212682578333183,0.00488619368089681,0.119700101559683,0.00841941794448424,0.0239503603901921,0.00672672943825259,0.141881826826225,0.00324885978135042,0.0103000014890747,0.0590769407402135,0.00525579708858056,0.0180249054100501,0.00406094680665417,0.0651748633841179,0.00555884174064236,0.00318303610139589,0.000616878611179256,0.0102394930946931,0.00147473686926994,0.041421111277187,0.00199345076133032,0.0082050890926883,0.0506490284967613,0.0115763914554012,0.184674599662644,0.0466201651157979,0.00481000983666711,0.032188498121715,0.010177780812897,0.00998944598274487,0.0203748129180893,0.141471135353987,0.000865969773724174,0.00227274953431525,0.00230015855801635,0.0209967438382626,0.0213653990484925,0.117389457322285,0.0415063990517099,0.587751208878173,0.00588713949952187,0.00375667871253653,0.0537912252650368,0.354751455518325,0.0097471085180745,0.010870425855308,0.00257345705614691,0.000957970335556507,0.000959714757942865,0.0164088760615689,0.00645459549952708
0.00465612667959766,0.000617081469941998,0.00317378318141994,0.535869127542147,0.0128125009044559,2.54516600453648,2.91175498587855,0.824516510021444,0.123071137019449,0,0.0400097448070612,0.669112714653641,0.00913546107255764,0.458229909749537,0.107324806027226,5.62403961203575e-05,0.00788125753108541,0.0108395649924755,0.0218427926970685,1.01153942672367,0.00317317741641965,0.000251181469843674,0.00554265640550847,0.0599292659269087,0.00210807544903555,0.0193527521484332,0.00552260072675361,1.37896917728615,0.217202066870554,0.00947242434448751,0.000334711007856131,0.0390897293363639,0.00223094866995888,0.113514019887763,0.189002038717126,0.682636825190755,0.0122286055841416,0.184653926229636,0.0309691128680017,0.183117065356768,0.0351737061775575,0.0263358473309385,0.0119091107804852,0.000729005996007158,0.0067141682263803,0.00116389385031505,0.0795306201016641,0.00234143214184089,0.00161583547254472,4.33824486257553e-05,0.000143805573335266,5.64939953063965e-05,0.0653296358517016,0.00211235863597131,0.0096066899912965,0.0280516251229037,0.00909659177250459,0.0390335276024218,0.0805814401023607,0.000146083250508356,0.0724792079977914,0.00042398327801404,0.00225254866787128,0.0256463981267623,0.000841774701872824,5.96639615436554e-05,8.04905850835325e-05,4.45461995978832e-05,0.0299263643601491,0.00014629638730545,0.000394221360713195,0.000318878321022987,0.109115005520913,0.000174945596415662,5.31373346758843e-05,0.000309405157760096,0.135891243032444,0.00120575351583562,0.000241154169778919,0,0.000185250476317024,0,0.0260321723134988,0.0193761682469244
0.00120010681780043,0.0472055168226437,0.00477608061710701,0.00133234703994894,0.000154703815117645,0.0241391385653825,0.0289443681296585,0.0145209062718148,0.0334750034343847,0.0400097448070612,0,0.0527961741618003,0.50829966328091,0.106491413260723,0.00428764226315078,0.00180094031728506,0.0209143546667106,0.63914014995009,0.209407873485561,0.0164412127497773,0.00384426086040945,0.0311871273868911,0.00962054441598712,0.0204047149966423,0.0857769755229937,0.312767788774888,0.0360851449438116,0.0258382846021283,0.14423041037419,0.0110845429448572,0.015581993607458,0.0894878616360969,0.00129740529354787,0.909506017971081,0.00195635309161272,0.0600860266998592,0.361891158429066,0.405958407177899,0.0386225926181822,0.0126238892557237,0.00130117763665809,0.0810497510629145,0.000446237765628719,0.0643802741901429,0.000744993009895658,0.000406270047562599,0.00136168741631193,0,0.147433452194473,0,0.0288219204832601,0,0,0,0,7.82727491010668e-05,0,0.00488316524831767,0,0.147241620518851,0.000975323272976877,0.460613382326358,0,7.14374037910461e-05,0,0,0,0.000232734969296455,0,0,0.0105343838495085,7.26694298175811e-05,0.00466567594491796,0.0589816865339765,0.100710230384039,0.289325387436391,0.000619556098098851,0,0,0.106138149013443,0,0,0.0423009667482315,0.00175399250796299
0.00204005367215681,0.000819312592817686,0.00291293748795352,0.0489312074002587,0.0308219682265654,0.730620214090647,0.033921390869466,0.204556338543791,0.195919313828676,0.669112714653641,0.0527961741618003,0,0.0139586527638362,0.265342901735321,0.35938521365908,0.000109167370976925,0.00723769056375382,0.0156332465407682,0.0298430603341761,0.800810510547747,0.00179531596159077,0.00014130348419199,0.00404134236212774,0.0345530397258021,0.00374445007752714,0.0262371123599691,0.00760278438254292,0.0387791721852912,0.143155586432767,0.00785515292782763,0.000210520907616186,0.0419199677881496,0.000252323230153942,0.0988383289864885,0.190345866731025,0.40673689235823,0.0111310453784091,0.118641011696649,0.0196589152972183,0.422942826165451,0.0240592380033735,0.0235776741619081,0.0157779758334095,0.000885520700849531,0.00494194601298694,0.000956690539079044,0.150607185345262,0.0016773120822083,0.0022442273671135,4.28875504425048e-05,0,0.000109557927704811,0.0215956086148987,0.00224193575144191,0.00781239641642606,0.0105703139512497,0.00873483833632417,0.0283359806030151,0.0344629772006778,0.000559877376757478,0.083069619919345,0.00102223772211108,0.00544787625189409,0.0336179146193036,0.00135215367847896,4.77206497428894e-05,0.000145480262485838,0.000139232802299118,0.0184897404671916,0.000301315036649609,0,0.00105049451316776,0.0493793644199326,0.000102839845910454,0.000297788373513889,0.000119503745451737,0.0515275861220449,0.00187382859439535,0.000296430004648209,4.2798807239151e-05,0.000937494884980915,0,0.0399097661789244,0.0600183659987118
0.00026297132949791,0.0328514411287591,0,0.000220146322170353,0.000173393068554687,0.00603083972139673,0.00686448347522478,0.00328810732078743,0.0212379296805989,0.00913546107255764,0.50829966328091,0.0139586527638362,0,0.0155394013108683,0.000964180230417582,0.00102230630166807,0.000379315731992626,0.00392189489818854,0.000252359350164509,0.00419844452321653,0.00041389394519782,0.0198979665743065,0.000813298231502295,0.00901911353497296,0.337801393724424,0.0224525019943694,0.0724175289829025,0.00523137190069656,0.0153975918141487,0.00227311120189671,0.0355879980218554,0.0124639051084985,0.00013616433406353,0.174716199881874,0.000207010751951456,0.0149063360457587,0.185427848267216,0.0794096989310009,0.00352294013060498,0.00298046545599628,0.000237541478230476,0.129741386240065,0.00106232785235977,0.100110210451123,0.00176320091480789,0.000824590330220127,0.000324225279153347,0,0.154238692404205,0,0.0599093918024578,9.18464749480244e-05,5.01899340938568e-05,0,0,7.6627740374756e-05,0.000192629828357076,0.00837000934471772,4.17790624003411e-05,0.243673316288394,0.000347885031175804,0.777020613662605,0.000505095865376425,2.78446082122802e-05,0,0,4.04287263985634e-05,0.000184691349532699,0,0,0.0266817738915675,0,0.00684899373335304,0.193578610292895,0.188374598824149,0.68068392473384,0.000407228943350124,0.000630485660759544,0,0.209363620526239,0.000642794242707539,0,0.0218439089392047,0.000119459502513122
0.789133323108511,0.0012715153388782,0.0275857888794981,0.015453047875948,0.00238051631349797,0.134974938285971,2.49565499670766,1.17786558334543,0.0322768906388799,0.458229909749537,0.106491413260723,0.265342901735321,0.0155394013108683,0,0.0275572879556402,0.00103562317100911,0.28912266952861,0.0338684787691317,0.0915391435579268,0.131643393332971,0.346986752910382,0.00248434900294513,0.260124215280333,0.0687764623377163,0.0040156245908022,0.0766012374896252,0.0456572637694222,0.558256949483559,0.9581385304797,1.70447440108641,0.000645625113153362,0.00719828953464356,0.00775867800290291,0.13814163266657,0.00498014771257157,0.291517457178011,0.0162509384215192,0.120954589093773,0.0328523209911158,0.0751049005409568,0.0144657892511252,0.0135807547208144,0.0301686609785858,0.000274496655750132,0.00879938380235692,0.00171244782034269,0.0203653234038955,0.00245392788258515,0.00219212614536243,6.27455662779808e-05,0.000417136059247684,8.20933515818595e-05,0.00291780651212549,3.73535676836968e-05,0.00068772024923439,0.0283779397937037,0.00256016690797968,0.00896067395901426,0.0050081619480218,0.000121574287959623,0.0103192122610827,0.00142798344624791,0.00112170965366178,0.00253795696995058,0.00106079922795153,0,0,0,0.00164105493397145,0.000269493856302738,0.000808081203766152,0.000544738610566664,0.0964420420553629,0.000526321485941124,7.1968482027626e-05,0.00104556756917358,0.113689618588608,0.00105229016060829,0.000897923762229112,1.95736575998307e-05,3.63205491055488e-05,0.000327839795572901,0.0306460287294315,0.00102739354482813
0.000768899859330701,0.00423394501899027,0.00204831319320049,0.117357356584979,0.21770007605376,0.485044615918281,0.04548930533537,0.0303612519335427,0.121693356021922,0.107324806027226,0.00428764226315078,0.35938521365908,0.000964180230417582,0.0275572879556402,0,0.00235284669777336,0.00454005087411337,0.00123833574034481,0.00355629190604935,0.0788654242022416,0.062313895986666,0.00577047361306467,0.0613528386403821,0.242190721324693,0.000510360642119646,0.00402155080719747,0.0103147222761501,0.209508608150723,0.0147733605270712,0.0415704931677175,0,0.0279286813002688,0.00096029054444947,0.0121604060914071,0.151412027430683,0.0487036050364296,0.00928199873312772,0.0142598864146653,0.00715363870088182,0.551425539310806,0.00441773945402169,0.00295191034247284,0.0112949726839713,0.00446351025578737,0.00205393246241503,0.0062845768599719,0.0488681976479689,0.000782420205017188,0,0.000111008861066819,0,0.00188238894254675,0.00543982403492198,0.000643832214813614,0.00355546175695586,0.00453464881388188,0.00303759332274909,0.00644746879242201,0.0093941319549699,0.000199872372962189,0.0151812297299888,0,0.00122639218408423,0.0106851333898004,0.00191403383948655,0.000286826782328033,0.000279470145751762,0.000422806776532364,0.00469647431395635,0.00157414292104359,0.000560477377652549,0.00755185738922606,0.0167834103460478,0.000143290406430816,0.00186360225686083,0.0051793987437253,0.0209871829975554,0.000503484866586447,0.00105417518598995,3.63415983826637e-05,0.000114340548196793,0.000181275954213905,0.00968880116056817,0.197975971243958
0,0.0997012459009505,0.000600555452172232,3.48542147748948e-05,0.000758607588409522,0.000405405684816265,0.00067763930953865,0.00111048222743259,0.0834030159842632,5.62403961203575e-05,0.00180094031728506,0.000109167370976925,0.00102230630166807,0.00103562317100911,0.00235284669777336,0,0.00114882272658525,0,0.000862360628987503,0,0.786366301484707,1.44832598127896,0.640289800072379,0.196698812162007,0.0066554103573031,0.00101157649913468,0.830892345625631,0.18037056144507,0.00200832452021017,0.000713430911925697,0.000129377975070381,0.000258283156271744,0.000838916561290788,0.00203093583553076,0.0126468686331799,0.286672684061334,0.205114461681171,0.0171428126448793,0.0241383129945497,0.00200729231220932,0.0009215740339282,0.00667130208761587,0.0537430266856242,0.00388368124580536,0.00765695837910598,0.00466366126576767,0.00733801626479198,0.0020536130992487,0.000918345637505245,0.000728840012078286,0.00152435645930476,0.000364422315541124,0.000177577049835682,0.00118264469690475,0,0.00189140931046939,0.0011246382286933,0.00432002637013111,0.000403185232684851,0.000328652009035397,0.000111551368872166,0.000249859902902794,0.00246043603343706,0.00254065578062849,0.936475019318915,0.00059916726135292,6.83208713238716e-05,0.000158728498660279,0,0.0803695432376375,0.218041982708534,0.523002221244897,0.309787690718413,0.000123744823111343,0.000126247667077923,0.23835901154394,0.211866662693978,0.0104021467967601,0.0243685104108739,6.76829512797355e-05,0.000237270307958794,0.00142244408322868,0.100208285537119,0.0100164580959071
0.0611642368965613,0.00240151352067122,3.72790873134398,0.000819797588233856,0.000725768884806064,0.0131946468903839,0.0354927928255234,0.113035689150716,0.00235235826276465,0.00788125753108541,0.0209143546667106,0.00723769056375382,0.000379315731992626,0.28912266952861,0.00454005087411337,0.00114882272658525,0,0.0206722862000506,0.849499892174189,0.00395460886938552,0.183436335889984,0.000486679514873647,1.53541351380221,0.00574568217719416,0.000209600449918747,0.974147179976835,1.46283154230502,0.0430504745171325,0.316113124811754,0.296477742753241,0.000130268085440016,0.00776389194701433,0.0889432741231431,0.797719435182676,0.0085595436684409,0.255862285060858,0.0881447794154986,0.32534970733959,0.170670206450803,0.00591504109260478,0.00305170682231131,0.00346395137566114,0.00147878540051131,0.000573436574400234,0.000730862102221011,0.000876575669439081,7.56992047813418e-05,0,0,0,0.00218747510000749,0.00685468393022547,0,0.000228091995404339,0.000119025170322418,0.000157136670666694,4.9800462424469e-05,0.000282528599712276,0,0,0.00012384469995842,0,0,0.000621219387702036,0.000457814739378834,0.000894995828368522,0,0.000218391448054505,0,0,0.000132753915860892,0.0011963840614347,0.00115704398108959,0.000135220041533661,0.00316500586660094,0.0569724108656396,0.00154047012482376,3.80589457717896e-05,0,0.000185340999359417,0,0,0.000395544711781883,0.00821461461967347
0.000305241050633573,0.000158159550595474,0.0083643802006131,0.000205618632619953,0.000184535465654278,0.0064500304761517,0.00895084486868688,0.00471170182335052,0.000751565284273812,0.0108395649924755,0.63914014995009,0.0156332465407682,0.00392189489818854,0.0338684787691317,0.00123833574034481,0,0.0206722862000506,0,0.252161873941668,0.00550517026769337,0.00118303622503877,0,0.00488654962511635,0.00211413327058925,7.33108066093444e-05,0.319519698007745,0.0141667493012323,0.00537853662858138,0.0479444600331276,0.00409171329298553,0.0026627645928504,0.0226307461214437,0.000272087279065704,0.183247863109439,0.00314905242948313,0.0574687967841768,0.23990325090466,0.30323188908294,0.0633568005692471,0.00233820854455018,0.000334769508806514,0.0010757464920393,6.44915283323288e-05,0.00253448036532393,8.28835357835768e-05,0.000119512811908913,0,0,0.000913327482121277,0,0.000139168560831737,0,0,0,0,0,0,0.000208210828795051,0,0.0044230972262825,0.000156521939995289,0.00622878809479108,0,0.000147172771470642,0,0,0,6.57319260354996e-05,0,0,0,0,0.000116175695197678,0.00054974467376709,0.0107143879586222,0.0132806300104927,0,0,0,0.00562221651647511,0,0,0.000602913783930778,0.00185856735383482
0.00422684146265902,0.00142506273252954,0.259598123856815,0.00146564325346551,0.000389632575414467,0.00929034093734443,0.0238906460527705,0.0154105678496748,0.00280180791091218,0.0218427926970685,0.209407873485561,0.0298430603341761,0.000252359350164509,0.0915391435579268,0.00355629190604935,0.000862360628987503,0.849499892174189,0.252161873941668,0,0.00914797086423681,0.0379820219584073,0.000454784569848347,0.205943893716106,0.00564752928864393,3.39074562029839e-05,1.25943177923508,0.386813034504023,0.0250790606554596,0.173095824048519,0.0411651418494786,0.000188839772631836,0.039508240215122,0.0149189910744478,0.847015900740907,0.0163431178625359,0.405202592598685,0.375630611067476,0.482102713087494,0.339219371904156,0.00509562026412968,0.000969704460516212,0.00246024672718363,0.000378081677378463,0.000590273422830867,0.000330603611119032,0.00112066865582933,0,0,3.77665074957847e-05,0,0.00158533171833248,0.00217186375653048,0,0.000346088761863804,0.000130157733275223,0,0,0.000299268290375233,0,0.0004834734865242,0.000372868916967249,0.000861896622805691,0,0.000318103589255142,0,0.0004461396385993,0,0.00045919368361268,0,0,0.000294632723186779,0.000266387110805893,0.000181155474121666,0.000624459968517065,0.0182180910799946,0.0459198648913278,0,0,0,0.00208843077800246,0,0,0.00118987927941065,0.0122680122411887
0.00115991487646995,0.000477332490733385,0.00211624478799396,2.39890519356617,0.00657303835583682,0.142590239045598,0.034669665906838,0.115268622473083,0.163478269259259,1.01153942672367,0.0164412127497773,0.800810510547747,0.00419844452321653,0.131643393332971,0.0788654242022416,0,0.00395460886938552,0.00550517026769337,0.00914797086423681,0,0.000657850666682386,0.000149733509526825,0.00174101806035357,0.135236205236245,0.000996674981198977,0.00950297710860484,0.00252626597070522,0.524678088423753,0.086983890081444,0.00393676523034215,0.000256922344952249,0.020280270737532,0.000610449924779463,0.0446354341697637,0.0115097916691284,0.397478405538976,0.00611194939454074,0.0768349076431788,0.0140066412814988,0.1363124248481,0.0165724730075618,0.0150621219301029,0.0167728042551939,6.84090098108292e-05,0.00946212338666523,0.00135268908408323,0.113535700394443,0.00232137148596988,0.00069556938657217,0.000100439572137737,0,0,0.0772533487082874,0.00171617152452631,0.0148945344627551,0.0286781522865446,0.0151218562874971,0.0431515729427948,0.104112847509282,0.000260095862290049,0.0839078229946299,0.0001313007694942,0.00841118156992561,0.0353724772525984,0.00058822057149415,0,0,0,0.0379955913290095,0.000291812769801855,0.000389154429162026,0.00048226000513382,0.130748184229493,4.75764313155175e-05,0,0.000410896419630814,0.154968569783673,0.00459574251798105,0.000278454440933132,0,0.000935376469091651,4.1658595174408e-05,0.0232203980416373,0.00215311761257572
0.0484060219373274,0.00917078310194105,0.0454403319491361,0.000189922838997126,0.0110423867774523,0.0274256690249071,0.142652762854654,0.212291477572834,0.0242556727072963,0.00317317741641965,0.00384426086040945,0.00179531596159077,0.00041389394519782,0.346986752910382,0.062313895986666,0.786366301484707,0.183436335889984,0.00118303622503877,0.0379820219584073,0.000657850666682386,0,0.100284586211699,2.35286494640084,0.0257294743376273,0.000717655327718639,0.0283109546229582,0.0917317731975778,1.22769730895462,0.0966792541915343,2.90060550723366,0,0.00367623345652229,0.0448397502282552,0.549154202018725,0.193647375907395,1.86911334041428,0.148919788542808,1.35738416632717,0.701529206853881,0.0368728523065118,0.0123565996185626,0.0114266332875984,0.0685951300430193,0.00556629282019568,0.0101493853059032,0.00742617062448271,0.00637999388073768,0.00226178677658429,0.000364442987406588,0.00106699348596168,8.41633644268039e-05,0.000144311111953831,0,0.00418512455309567,0.000114250516218424,0.00162220436707473,0.00124297469994936,0.00226879231096096,0.000211375063092851,3.38216743944645e-05,0.000120907189277172,6.96869385294915e-05,0.00212323757186108,0.00732656085404818,0.144843051536008,0.000821174463136766,0,4.11863245351791e-05,9.97197709202768e-05,0.0567673103570301,0.0573235871601553,0.0334473231267596,0.288443979939271,0,5.68699444878578e-05,0.0193912474850047,0.281045488863302,0.012952701664711,0.0255706829141516,0,7.19652482959747e-05,0.00138656146244645,0.0599753220154285,0.0896503204071902
0,0.386943507065092,0.00186155627398729,2.50064254157066e-05,0.000149966102323437,0.00163036648374653,0.00179917857470603,0.00248018358559976,1.0223639123301,0.000251181469843674,0.0311871273868911,0.00014130348419199,0.0198979665743065,0.00248434900294513,0.00577047361306467,1.44832598127896,0.000486679514873647,0,0.000454784569848347,0.000149733509526825,0.100284586211699,0,0.255066257186532,1.94912809055721,0.10783124424506,0.00339071620148902,1.03592429518483,0.277731644838419,0.00249115209456963,0.00123710945697966,0.00184665258379021,0.000537143263265133,0.000828042853410151,0.00789055933444777,0.000631829778046608,0.0163749362444611,0.00675349370346775,0.0085546543519595,0.00295294242181063,0.0091792139399975,0.000545991516463947,0.00864736399308742,0.0228629471497504,0.00253927599579596,0.00521632968326826,0.00142133998688574,0.00242395404220877,0.000520099769088936,0.00291934781842299,9.51153959470748e-05,0.00570940615623035,0.000913190944878766,0.000279177981956959,0.000142916743163109,0,0.00467482426825681,0.000673390550694179,0.00860181081417097,0.000884812595104504,0.00188146689157171,0.000451088997843456,0.0073076109871438,0.000909145840363643,0.000541239464171362,0.205911900616175,0.000100322570236969,0,0.000151344313177824,0.000135108563567066,0.01308609811962,0.0780443850862142,0.0982169984939425,0.107874338254687,0.00512168761085314,0.00799947276528152,0.194751932291555,0.062486459390758,0.0033748452266727,0.00515377552688479,0.00221333482743487,0.000129336897243118,0.00011452970005455,0.00570228905596733,0.00158193366679459
0.0532714671971662,0.0030662043982718,2.79587632412922,0.000493813553628922,0.0197605441771012,0.0152646409376544,0.0590631733314246,0.129771217455291,0.0432987503161143,0.00554265640550847,0.00962054441598712,0.00404134236212774,0.000813298231502295,0.260124215280333,0.0613528386403821,0.640289800072379,1.53541351380221,0.00488654962511635,0.205943893716106,0.00174101806035357,2.35286494640084,0.255066257186532,0,0.0199534647989915,0.000429036251767254,0.164052801918582,2.09652645504991,0.335549064851663,0.162110104138064,1.03861484935455,0,0.00287939329046521,0.0582072123367172,1.26800941860423,0.406126509559114,5.43991798907803,2.75820295618933,2.56669960292345,2.00384863039974,0.0383539980480698,0.0138607187611776,0.0254414162626521,0.0411032367231947,0.00589615997680812,0.00613698531167488,0.0178491043329283,0.00806347287576646,0.00237165089450216,0.00101636772289681,0.000443493494001865,0.00106534672956209,0.0109980422850827,5.07498157014847e-05,0.0116315128945948,0.000263207752165032,0.000972643658827972,0.00128636018287902,0.00197785686242028,8.12834004448891e-05,3.77394539423942e-05,0.000548299011301899,0,0.000818983539178327,0.0141235190159781,1.0442360503828,0.00172472545667963,0,0.000362177072181845,5.28421001226425e-05,0.0838753281580733,0.171271351842419,0.737096883293315,0.229684461159282,7.94250126060485e-05,0.00025758382320323,0.578864155915258,0.131544846500638,0.00470403448477645,0.0136247494212033,0,0,0.000699130574296475,0.144746366298441,0.271150280515644
0.00133268597062278,0.367912149694201,0.00168066695013347,0.792554281018298,0.0221085798305676,0.0603905175858646,0.0942743177777044,0.10168646292746,2.3166123209966,0.0599292659269087,0.0204047149966423,0.0345530397258021,0.00901911353497296,0.0687764623377163,0.242190721324693,0.196698812162007,0.00574568217719416,0.00211413327058925,0.00564752928864393,0.135236205236245,0.0257294743376273,1.94912809055721,0.0199534647989915,0,0.0615189335733109,0.00587893556306581,0.339476870848337,1.64384832410147,0.0610345440743981,0.0371273529724464,0.0012147237287519,0.00970406570562508,0.0153897105818099,0.038109928070924,0.0172211001602112,0.278007473580388,0.013465804991613,0.0553398422728256,0.0204696332381676,0.228029575958182,0.00718179411402235,0.00970914957566848,0.235025684871274,0.00527377773877539,0.0931784395498848,0.0149648588710079,0.113945492531169,0.030829351453508,0.00310739434467221,0.000693779777718067,0.00270600325621443,0.00135913622719941,0.0883292502322529,0.00426921577185426,0.0212243144008713,0.240160942384538,0.0600334916573531,0.154909313469601,0.141803510695155,0.00774144126538361,0.0646244956573236,0.00385389298688674,0.0569540241591065,0.0259222235245635,0.0479772816438431,0.00121312336396408,0.00167941449670129,0.00109443731945448,0.0405913665545542,0.0121696403745383,0.0468455039403801,0.0211157933108932,0.972548637915746,0.00129495748091774,0.000862480474341965,0.047274828695478,1.0920477955761,0.0408644433362057,0.0173176890420109,0.000359601325579357,0.00326145153997826,0.00256319040204158,0.0610090556771482,0.0134610483095946
3.79150018256187e-05,0.580372054145072,0.000198035158774758,0.000171862166810227,8.98635069540023e-05,0.00194213268376704,0.0017046608894515,0.000483940900132799,0.134391798396894,0.00210807544903555,0.0857769755229937,0.00374445007752714,0.337801393724424,0.0040156245908022,0.000510360642119646,0.0066554103573031,0.000209600449918747,7.33108066093444e-05,3.39074562029839e-05,0.000996674981198977,0.000717655327718639,0.10783124424506,0.000429036251767254,0.0615189335733109,0,0.0144507151038134,0.463005732073401,0.00503414753151307,0.00225199691991363,0.000910169093415311,0.0470520521957964,0.00183680316469888,7.9375297198486e-05,0.0487717366615427,0.000137917514115715,0.00437051486900716,0.0193654196574394,0.0356596592865098,0.00102755370246463,0.00243640972034797,9.41476502851962e-05,0.0350736040328801,0.000838626981479164,0.00769979571449937,0.000663189396809864,0.000355292403886604,8.14853842988014e-05,0.000129146021300316,0.0130204379768517,0,0.064302121089113,0.00201827172322941,0,0,0,0,0,0.00163693855869694,0,0.0121392200583224,0.000170802926699829,0.0735392903880645,6.414485428648e-05,0,0,0.000507611376221561,0,0.000558428641389465,0,0,0.00286492926768718,0,0.00133924861671505,0.107172998569908,0.0463640981014449,0.37001954198097,0.000245329605688143,0.000169811410537052,0,0.0186054037874733,0,0,0.0153694317005176,0
0.00444935634744582,0.0124504705038772,3.29733567149002,0.00115906281176806,0.000879308685192302,0.0109490935592693,0.0270755993195812,0.012400055108137,0.00717506245613046,0.0193527521484332,0.312767788774888,0.0262371123599691,0.0224525019943694,0.0766012374896252,0.00402155080719747,0.00101157649913468,0.974147179976835,0.319519698007745,1.25943177923508,0.00950297710860484,0.0283109546229582,0.00339071620148902,0.164052801918582,0.00587893556306581,0.0144507151038134,0,1.01875990263063,0.0240019332592191,0.121397803883209,0.0335427603304712,0.0182674464925953,0.0362475752374803,0.00930345373634556,0.339223621700883,0.0323146862306611,0.994298727211841,1.50659446688623,0.755392374604573,0.545754901977353,0.00494663452288146,0.00258547978522334,0.00458008120605912,0.0234663246846813,0.0504295363018922,0.0130950333876484,0.0178170582045151,0.000986550915788892,0,0.00343899540760999,0,0.0552806112967993,0.06303204113681,0,0.000554094909169388,0.000118833552422619,2.89554293446541e-05,0.000347148962658405,0.00433229168483538,0.00011121376986103,0.0606828655929366,0.00031878346203537,0.105070221560162,3.5482467934227e-05,0.000786220225696656,0.00029004320450859,0.0190215678251566,6.62080951655388e-05,0.0153279763329401,0,0.000193059230608082,0.0105276651415539,0.00208115777027278,0.00244400293613143,0.0399862431990983,0.962916628461802,2.23133832516827,3.65331819723129e-05,0.000113928616245365,0.000489925441638947,0.16990395538224,0,0,0.00293671939054365,0.0273060679040327
0.00651992183884454,1.7671899646027,2.27633820201451,0.000255447473827362,0.00405221245672069,0.00350394887493758,0.0125800113706742,0.0136494531431749,0.549601999836859,0.00552260072675361,0.0360851449438116,0.00760278438254292,0.0724175289829025,0.0456572637694222,0.0103147222761501,0.830892345625631,1.46283154230502,0.0141667493012323,0.386813034504023,0.00252626597070522,0.0917317731975778,1.03592429518483,2.09652645504991,0.339476870848337,0.463005732073401,1.01875990263063,0,0.199281886295341,0.0616578223177131,0.0454824062568116,0.0273627340290736,0.0058589811121202,0.0107690681649962,0.293699637552803,0.0953838450571615,2.58703049951411,1.38400706334276,1.20488546881604,0.969780474600256,0.0157181252117828,0.00571753929369159,0.0128855388510187,0.183697011724619,0.0924000019127014,0.06738086537121,0.0779135052722412,0.00810994672038561,0.00171408819719872,0.00775997381364297,8.61939634867671e-05,0.857896692479568,0.640477056189267,0.000409119771435928,0.00437391341160908,0.000558999549421596,0.0022577108658431,0.000558761173220301,0.0538268778920162,0.000596887075250101,0.0196785407181128,0.000210615451379299,0.0458830676820282,0.000729942558031318,0.00710931115772643,0.50114437116317,0.13622057963405,0.000233890294982338,0.0633405690719507,0.000221895299229145,0.00586192399019556,0.373445154099077,0.756079965710402,0.058139617476748,0.123994079342165,1.16217023416342,13.651908451981,0.0233997528504589,0.000647738030841064,0.00386386547005348,0.0731551523709019,2.80502439527988e-05,0.000149318343843747,0.0362604311456653,0.101709350081377
