0,9.42656323542598e-05,0.010242430108011,0.000312068381803822,3.72389072065115e-05,0.00371930431153044,0.374410477936084,0.0774361269609261,0.00100409874474071,0.0139622952367765,0.00740074602823017,0.0026772742076915,0.00135568527770163,0.829995014014397,0.000872539494459601,8.54860357980729e-05,0.0453212963510867,0.00550504068300965,0.00564723258639162,0.00131008184885474,0.0114957739141173,0.000189791401791811,0.0180418587480469,0.00476795442194146,7.965556188283e-05,0.0175490891272243,0.00717956107960164,0.0083360441234022,1.00173698406203,0.592194599885311,0.000240393975946629,0.00241269874038873,0.00863689716281671,0.0308869014826782,0.00285630400867557,0.0238115589443594,0.0040687100718377,0.0210490582997439,0.00893557645752761,0.00167561491686865,0.000725756189218414,0.00106551237651923,0.000905417491627141,0,0.000328837484634924,0.000877282610160396,0.000231135982339144,0.000153094162009478,0.000371147141301608,0,0,0.000300956557565439,0,0,0.000229231725519872,0.000306770093344712,0.000267187831848836,0.000377936493940711,0.000237647478021836,9.11291079086419e-05,0,0,0,0,0.00018111893265177,0,0,0,0,0,0.000148777287830043,0.00028993483084625,0.00124453562482811,0,0.0001055618796947,0.000559850874303341,0.000671498685778928,0.000129873645762682,0,0,0,0,0,0.000424406774658811
9.42656323542598e-05,0,0.00305285902062203,0,0.00196904961976431,0.000521593937832856,0.000735361354615712,0.000185092688994479,0.41810783016933,5.52672718623161e-05,0.00120699168765056,0.000445959022154069,0.0312710931674115,0.000426462397098494,0.0176963006315545,0.145650875773939,0.00610657263478933,0.000571748325474763,0.00234135978444422,4.1196939481616e-05,0.0272808381038371,0.816987776901273,0.0185952166482687,0.531592572206535,0.452301025549803,0.0119317179922139,1.34160642190221,0.0376313007630169,0.000502406243766439,0.000815750016152027,0.00284942085749104,0.000300440213819194,0.000115881569028926,0.023782989791109,0.00108872864823243,0.0106131879733495,0.0139472837026014,0.00184475208177161,0.00186001605746416,0.0208031196241641,3.52838289207935e-05,0.0584543659163675,0.057675566760291,0.0183526231451355,0.0269158978376423,0.0250448429059197,0.000882535084008642,0.000233790415765762,0.00163707051677289,0.000132848094434404,0.114794763702621,0.123794528954571,0.000110123482763529,0,0,0.00198130416467573,0.000109775031025672,0.00354429490970161,0.000375096072769665,0.0100683521460198,0,0.0311998627623548,0.000396767449546826,0.000163493608106184,0.0126802409160992,0.10369559361881,0.000836485536800195,0.0257227158082479,0,0.00610325120255546,0.0182144773551591,0.0194018030716871,0.0128677423708454,0.00397614472105315,0.181424183550312,0.750810258789801,0.00392362772108007,0.000591885002196157,0.00648981753677838,0.00778508410466816,0,0.000137043618245626,0.00302751521409412,0.00527124195464014
0.010242430108011,0.00305285902062203,0,0.000135933898585939,0.000670135101130116,0.00220474203597034,0.294293622380629,0.0266524453271089,0.00147432699351307,0.00754766123870524,0.00452638839239484,0.000709610188152933,0.000326004432576513,0.067003537553116,0.00239537296603662,0.00409087915782341,1.42902083696389,0.0167512316388891,0.0906947347761887,0.000390198278558254,0.430791297622692,0.00683891682246737,6.33195921409885,0.0126406952295892,0.000268440948040652,3.24694911498778,2.25199214444982,0.0731177862410217,0.0361659076821489,0.221385876702966,0.000542823320786906,0.00111942304462583,0.00708176108012762,0.179595439410504,0.0746381738636463,0.973476374301258,0.14514648603657,0.292524527837147,0.325181402044131,0.0121895265271439,0.0034871148637187,0.000456826089268911,0.0491733033347193,0.00638314579625325,0.0253534897419065,0.0218340891016864,0.000899737449252586,0.000558746090913868,0.000102166535166979,6.74823666104078e-05,0.00849401127113484,0.313646204189149,0,0,0,0.00381011075488975,5.69856585794449e-05,0.00168710951145181,6.22834529409647e-05,0.00040418201680696,0,0.000146114619443584,0.000189452568487048,0.00145533186574757,0.0129527270905226,0.0528635275796209,0.000282188712338698,0.00415106018551865,0,0.0177035004216506,0.00775963896578298,0.109327764564825,0.00806447243656341,0.000158251590304089,0.0491820058379343,0.562871335399073,0.0103596909316409,0.000504486253451478,0.00997389786720553,0,0,8.94359860483054e-05,0.00222213552051511,0.0532703260596311
0.000312068381803822,0,0.000135933898585939,0,0.00731740670058616,0.0525070185170656,0.0171334480132169,0.0332383244656918,0.134696852899429,0.263867736421866,0.00426636258982197,0.793914432440422,0.000907922220542393,0.0185730244502799,0.0572505738117793,0,0.000538333750088227,0.00207498917824576,0.000936366985900793,2.28910460543615,0.000100514037539959,3.74146906592727e-05,0.000135028556512427,0.152504869123237,0.000283607920611966,0.00154559973332192,0.000727341082530832,0.273373997290408,0.00965482711787999,0.000949216993699768,2.96305148730278e-05,0.00342317092053398,0.000519819332221317,0.021408903615108,0.00184234071141965,0.0315339724165091,0.000471403822229468,0.00689680505382097,0.00229202379652268,0.0686862230229738,0.00129413814781271,0.001181755142651,0.00913251093877637,0,0.00633925451202394,0.0018365591602244,0.00678010850375644,0.000315194339619541,0.00140525573375261,0,0,2.83142247750044e-05,0.0630244616334002,0.000164151299055982,0.00245120844071656,0.0143532490870172,0.00379283144453391,0.0488883132937403,0.063176983096304,0.00121224847426492,0.0295223436592523,0,0.0047807891009509,0.00166848060411467,0.000117253485104251,0,0.000136649787173354,0,0.0150017627999292,0.000664352189990068,0.000340425018974852,0.000126437512302447,0.135791077929256,9.69173176571371e-05,0.00034655637008853,0.000360095340509081,0.200394048195421,0.00490029955091009,0.000198097478745771,3.93164958133578e-05,0.000171565675735617,0,0.0042709401381259,0.000135078785061765
3.72389072065115e-05,0.00196904961976431,0.000670135101130116,0.00731740670058616,0,0.19917386523853,0.00806638740824185,0.0180107872399026,0.0384563306918867,0.0330658698048657,0.000285398673803329,0.0597737141561359,9.36484150556567e-05,0.00281496223036743,0.412310241173326,0.000520282903992057,0.00131291236219268,0.000198078378344632,0.000112880142628765,0.00762380578075589,0.0111952373606793,0.00368701266467917,0.0109070941182847,0.0349358600080435,5.27150084060192e-05,0.00040536100189029,0.00306284413530215,0.0171216861753641,0.00264558182357354,0.00993031729036386,4.19515017932892e-05,0.0644507327493819,0.000531388107322729,0.0428310337215561,0.369925257018484,0.0418076374330904,0.00230306782116027,0.00168585813166011,0.00276687249538689,1.62487353441663,0.415999534465429,0.000325592825755215,0.00431264718395989,0.00317947155876093,0.00288863899259122,0.0120865442862648,0.00110120261717808,0.000109652546585846,0.000361336852466059,0,0,0.000344481475489974,0.00116463712927713,9.24898173800469e-05,0.000508023952200699,0.00165193952732155,0.000536047064086795,0.00097057389147768,0.00108846876701693,0.000324869791575504,0.000683283656810308,5.90572215485334e-05,0.000138961380399036,0.000585094428430152,0.000791608991388533,0.000763289016258716,9.27538160754682e-05,0.000158511382111454,0.000182544223031091,0.00246680094895554,0.000741153001871729,0.00514107862887156,0.00371065235685178,0,0.00485879198874328,0.00662146844451536,0.00639619418894048,0.0002876136050704,0.00172066916565514,5.03322298346281e-05,0.000102503782653761,0,0.00019957516464529,0.258152632011732
0.00371930431153044,0.000521593937832856,0.00220474203597034,0.0525070185170656,0.19917386523853,0,0.14809966888917,1.52091202830009,0.0202292623984123,3.10149032286141,0.0195479433724412,0.757116107340206,0.00384804535856215,0.138794752922847,0.403857237981104,0.000261471245075345,0.00548998382596848,0.00965579230693589,0.00312159053652645,0.109579422509422,0.00354126751729665,0.000731760606661106,0.00375432527347457,0.0275988151046194,0.000407313268525434,0.00926726264299754,0.00272867081784978,0.0442025382606452,0.0337719358427666,0.0204589920025456,0.000993292381044126,0.125757458547468,0.0010470626148513,0.117867984962574,0.843818651143172,0.285156720067168,0.00824954003951733,0.0209129051959384,0.0128978863778157,0.805820757898673,0.0372837930268408,0.00939167558101174,0.00638772624796873,0.000634316237457085,0.00670538386877422,0.0110740784435178,0.00312618522295823,0.00176016566122069,0.00417135484876816,0,0,0.000170336925613547,0.00322266165968826,0,0.00076850962081238,0.00296053030023207,0.00315670462880785,0.00537690341852777,0.0061108266668138,0.00146180429007508,0.00391976378380896,5.88544815429449e-05,0.00231550685505342,0.000895948111306238,0.00146146431564017,0,3.97291590623617e-05,0,0.000937666039051447,0.00175142714299704,0.000495192590703654,0.00147003150434792,0.0234341588451158,0,0.000462740425662327,0.00143233007003415,0.0273591269776677,0.0010783618125767,0.00137348400226732,0,0.00211392548008034,0.000148419189424944,0.00365574361631817,0.034226734343752
0.374410477936084,0.000735361354615712,0.294293622380629,0.0171334480132169,0.00806638740824185,0.14809966888917,0,1.19527503602005,0.102790581018983,1.20544647558621,0.0513005867078646,0.0208713971679081,0.0106234414653708,2.29073970884924,0.0392574145151396,0.00170021255603824,0.152264059408873,0.0389273961984374,0.0334193648721194,0.0133610064233625,0.537242801052478,0.00373922341590715,0.190106299381123,0.551473393617242,0.00107487532116062,0.190584297354504,0.0892012955561344,4.84951598519157,0.527723907033216,0.731559859779316,0.00318960693792969,0.041431705662479,0.0815406570846238,0.314024460780685,0.0838066366842254,0.714576386167689,0.0738637374081243,0.240338623777036,0.099155423411735,0.0612847399399566,0.0274735909548283,0.0126986455243058,0.0735664549461243,0.00173412285953727,0.0516386607069789,0.0168847204814317,0.0194340172087435,0.003877449496742,0.00429208387043906,0.000644651399104428,0.000626180713579964,0.00158069092300358,0.0087315422362391,0.000116597996417999,0.00301932704058946,0.0691190453736712,0.0119151758636987,0.0337617544019382,0.0405864625752866,0.00718145849199285,0.00625542332669855,0.000319889426681697,0.0242158906727363,0.00421785463887664,0.0213018188631127,0.000357049857073772,0,0.000271082325526655,0.00498619107142504,0.00897872563305742,0.0049684726071308,0.0185231756196465,0.251607880201339,0.000361426905281186,0.0011489908726317,0.0159195397616204,0.306331054820462,0.030566533524833,0.0132122878202091,0,0.000774067604612183,0.00171785460696368,0.0257340164554098,0.0236221369063978
0.0774361269609261,0.000185092688994479,0.0266524453271089,0.0332383244656918,0.0180107872399026,1.52091202830009,1.19527503602005,0,0.0335059554089654,1.61088997137022,0.0720048968488262,0.264837704641459,0.0153567872639244,1.90669653353463,0.0380955671643833,0.00149438153239217,0.0628446367046923,0.0336624687757106,0.0152552977295117,0.0855761260305049,0.0227861022736473,0.00134122667872867,0.0328821063513262,0.085684235098568,0.00125481990383503,0.0527518623429702,0.0154598271518752,0.0890686577378702,0.187556522238018,0.351851040026289,0.00384270246956054,0.0818616100046062,0.00714826351004543,0.37447711625225,0.058425966309176,0.638226920169516,0.0288476138881603,0.0641553733057926,0.0481735708315658,0.244850843768091,0.0247712212528823,0.0270808186960482,0.0321708765771514,0.000951043954833127,0.0334634357561171,0.0377969623607662,0.0116433555328354,0.00774122860251577,0.0162062991119553,0.000330348444477892,0,0.000172751197024215,0.0029675559491617,0,0.00198759405288341,0.0241515904546019,0.0119633082369485,0.0136689647672968,0.00855811201501345,0.00263957981779766,0.00430446827125579,0.00118817340211837,0.00564597995018032,0.0017873783777674,0.00475323651349449,3.66350234843135e-05,0,0,0.00132299751516495,0.0050353581579674,0.000922089454871965,0.00526793588648847,0.117554168162331,8.15476639013765e-05,0.000701690984906602,0.00410446556396549,0.105059175688903,0.00702574065530819,0.00523269147949686,3.4891138978672e-05,0.00873354744660752,0.000971455309816429,0.0162290992240908,0.00595248855061024
0.00100409874474071,0.41810783016933,0.00147432699351307,0.134696852899429,0.0384563306918867,0.0202292623984123,0.102790581018983,0.0335059554089654,0,0.169763662836606,0.007019397232803,0.181520113141004,0.0129510144259261,0.035289661846374,0.275745687507197,0.0878592089334895,0.00235765765463909,0.00301017439094111,0.00193191344485823,0.0398445317461652,0.042396525389885,1.16713602593266,0.0387934942785451,2.92088019553012,0.096187658814572,0.00865526274907802,0.355080390569754,0.5348235944492,0.0200481947695604,0.00726514038926055,0.00202908300874668,0.00781794321789636,0.00323365775450673,0.0372668775346578,0.00590721630126117,0.126666594723439,0.0063923676572098,0.0194131853202424,0.00426970990100536,0.18842544636394,0.00471046980243957,0.0101830654471774,0.0471086407043528,0.00324795589411078,0.0284136850376726,0.00529201246916194,0.0156596973374861,0.00196786439963995,0.00215035310963034,0.00220627394555115,0.0051136769294079,0.00280699967123396,0.0262320278775726,0.00018397360030334,0.0092234786885291,0.0436569960031676,0.0154688947038014,0.251766679738812,0.0695251546534224,0.00837719395891352,0.0185442802782516,0.00687505989650933,0.018025408425217,0.00564203538088813,0.2040352701965,0.00247422946153195,0.00266408242317784,0.00166038574917493,0.00804982594874669,0.083568448385804,0.101582056391205,0.0579416224545666,0.749054765877726,0.00401779895961895,0.00911780764385388,0.033120241409556,0.486882688441444,0.0332206934825524,0.0288107184611287,0.00139399612963062,0.00158030072707787,0.00352390569970174,0.014770402177297,0.00918540725041107
0.0139622952367765,5.52672718623161e-05,0.00754766123870524,0.263867736421866,0.0330658698048657,3.10149032286141,1.20544647558621,1.61088997137022,0.169763662836606,0,0.0727357396668602,0.644566362116284,0.0172567931898682,0.608906086146973,0.0741160481779866,0.000215044433180976,0.0238214500510909,0.0448826760875053,0.0190532252565951,0.600749855273929,0.00443839447486832,0.000701729369230842,0.00608200976597304,0.158419065821147,0.00134396140771942,0.0457163510983915,0.0130840513315197,0.921979951321685,0.239378238577858,0.0376665312529265,0.00329567408182038,0.0629744490400025,0.0112615371094127,0.290283407164932,0.0360699791125914,0.54430538259115,0.0164864565138086,0.135342767783716,0.0256630682271341,0.140487450659224,0.0288991244419286,0.0238960662904731,0.0522429187316301,0.000777219594312382,0.0405945565714376,0.0181968730109384,0.0268300456308256,0.00402245962925466,0.00645093279285093,0.000407690853198362,0.000345809489817965,4.16704873179913e-05,0.0680090380550737,0.000419016835802365,0.00985980026105536,0.080285775799751,0.0137709099420376,0.0968043448429762,0.253452879082504,0.00307768414938079,0.0417925515231109,0.000212005290664744,0.0194762334433201,0.00610575397625596,0.00115880241318115,0,0.000287110637251782,8.80548044667367e-05,0.025149419997354,0.000641267138832653,0.000956406948900972,0.000704916373980283,0.56386832475946,0.000435235897431552,0.000797200522061883,0.00167939537752828,0.826603511029564,0.0202250481530081,0.000796418742031518,0,0.000250771394702185,0.000599013317546534,0.0290285309913578,0.00608777518605839
0.00740074602823017,0.00120699168765056,0.00452638839239484,0.00426636258982197,0.000285398673803329,0.0195479433724412,0.0513005867078646,0.0720048968488262,0.007019397232803,0.0727357396668602,0,0.0348995837794066,0.511546774118512,0.25579530798355,0.00210377973427356,0.000389824091394472,0.104161776970598,1.13043151542429,0.155571085575767,0.014239092831483,0.0216533009979584,0.00141136233292985,0.0348543500649639,0.0221676406749651,0.024643208152772,0.13024544272937,0.0323112827624317,0.0223248137466959,0.21801235439531,0.0444431392917164,0.0367881040751092,0.0627239643748378,0.0029556829040584,1.64178423002014,0.0166149426300121,0.186308066831128,0.609484731604241,0.452446224055846,0.145606188529079,0.00982610683110585,0.00275289251463272,0.232293695580066,0.00305039839344599,0.0427114638316568,0.0033522845462181,0.00429632095962187,0.000528673419871378,0.000203082791674018,0.0145375771646961,0,0.00699833154202782,0.00082217265191234,8.49761459074976e-05,0,0,3.29253858321548e-05,9.99616081996918e-05,0.0060942961519449,0.000244430183871925,0.171280364938246,0.000343941078602457,0.418721780078211,0.000603224304259491,0.000376848443989635,0.000566447728874051,0.000369277668952704,0.000112133062366318,0.000108267026356864,0,6.35691089883805e-05,0.00415543083633869,0.000699764528988445,0.00606690157689792,0.0222829729157044,0.0503169207454727,0.0680629873074964,0.000942562228538606,0.000920197592843674,6.39255839299679e-05,0.111157055918891,0.000709921728447938,0,0.00804725514016084,0.00676911618525527
0.0026772742076915,0.000445959022154069,0.000709610188152933,0.793914432440422,0.0597737141561359,0.757116107340206,0.0208713971679081,0.264837704641459,0.181520113141004,0.644566362116284,0.0348995837794066,0,0.00778330025237313,0.115802925131859,0.434009677726766,0,0.0049450329821311,0.0205407295105055,0.00605943936921868,0.764662149308171,0.000462753112206173,0.000554956814141512,0.0016673384175376,0.0415694983514945,0.000318207163204121,0.0186467407520752,0.00414002291354812,0.285416575342545,0.0466559922007998,0.00859664920599011,0.00209792432019423,0.0273030196528463,0.00062206438420111,0.1091167868748,0.382625478608225,0.102014838381188,0.00635183452372387,0.0305644398215862,0.0113988199720645,0.278561975714328,0.00599409777453271,0.00908515997851308,0.0125264800235068,0.000633637869699549,0.0110155114044245,0.00976716902118072,0.0163578903396784,0.00157156261119082,0.00715667800142212,0,0,0.000104338204660737,0.0563641718988523,0.00035625345410757,0.0190700925013247,0.00808857358529847,0.0195430511427933,0.0284225350537232,0.0472495982484287,0.00348622852087396,0.186038984367951,0.000376155561527168,0.0080474440971965,0.00650311021131432,0.00134207415491579,0.000133098023112726,0.00129534240245853,0.000343318092126274,0.0350532414056025,0.00138593015116577,0.000244906604532862,0.00120822310825246,0.0908818097494236,0.000191613412537885,0.00318777604519122,0.00163513987514229,0.149111524933141,0.00381105109554259,0.0016753511793391,0.000300165481441831,0.00220718351333548,0.000109865140309095,0.00661147554662177,0.0232245634707444
0.00135568527770163,0.0312710931674115,0.000326004432576513,0.000907922220542393,9.36484150556567e-05,0.00384804535856215,0.0106234414653708,0.0153567872639244,0.0129510144259261,0.0172567931898682,0.511546774118512,0.00778330025237313,0,0.0407823464050661,0.00100229176161993,0.00121976547971978,0.000938841847793124,0.00415205551688045,0.000791807272751581,0.00278162711528483,0.00103888342686425,0.0398285381577364,0.0015850480026098,0.0113625885321977,0.457874979506045,0.0351869078362305,0.221338616411963,0.00491508453428138,0.026772368929709,0.00704612089626037,0.15187943576285,0.0108339529625546,0.000271871999354244,0.572574873019676,0.00165804119963997,0.0287104842169372,0.424391759804771,0.0932127064644719,0.00978599704984677,0.00172148512312169,0.000338539293168068,0.324736288987636,0.0106724916719518,0.135993196847116,0.0116587924568016,0.0069508648782259,0.000387609771867275,0.000274547664860177,0.0241239108558306,0,0.0380111877166073,0.000295369120843554,0,0,0,0.000178840500432944,0.000414666005354237,0.00920456507039604,0.000605794981085992,0.485806855093289,3.72430576262713e-05,1.56660383166081,0.00115842489203505,0.000138793354278445,0.000549819587379813,0.00106322754691303,5.56264243422746e-05,0.00105147366167862,8.35000858243343e-05,0,0.0101829372688511,0.000132897123032451,0.0058873521758292,0.17347996622054,0.180181803656801,0.594684472250683,0.000193965745286322,0.00441683582528,0,0.422630994184375,0.00200770766465871,0,0.0262871258033679,0.000873192399721309
0.829995014014397,0.000426462397098494,0.067003537553116,0.0185730244502799,0.00281496223036743,0.138794752922847,2.29073970884924,1.90669653353463,0.035289661846374,0.608906086146973,0.25579530798355,0.115802925131859,0.0407823464050661,0,0.0119972599481784,0.00147976111410548,0.197713685463688,0.169120178863054,0.075105563773516,0.0483906151835652,0.0426438906969661,0.00125801436945808,0.0803627507339763,0.0965067107670133,0.00163594630123104,0.192060784163874,0.0618595223187424,0.0894678624390713,1.20469137239296,1.38539661301631,0.0118424693279734,0.127555346729205,0.0190062907994249,0.378341877129936,0.01842211688657,0.408102547416113,0.0354085284330574,0.126563166147736,0.0524098342714201,0.0438423855554058,0.0145126701263211,0.0281073750138878,0.0367597083830529,0.00114833688976668,0.0265321717998896,0.0194387872339402,0.0105820672083811,0.00358092594511251,0.00881551644634707,0.000314560798277688,0.000282466571647954,0.00117469337989321,0.0023757292551869,0,0.0001891534371001,0.0314856391125921,0.00585421113522158,0.0165363530413294,0.00832763953280007,0.00250028783434801,0.00244459024818849,0.00246664927746519,0.00503290700570088,0.00072143669632175,0.00419830717353186,0.000349440754180897,0,4.5172458105731e-05,0.0018029125260224,0.00653544920918467,0.00111351378802621,0.00226786029973021,0.139045815792777,0.000324414003018237,0.00119554228887985,0.00585561421238494,0.124689377477571,0.00587683398631728,0.00821297272622571,0.00019881394613322,0.00379712434321598,0.000560430563713527,0.010803638746023,0.00434954392858502
0.000872539494459601,0.0176963006315545,0.00239537296603662,0.0572505738117793,0.412310241173326,0.403857237981104,0.0392574145151396,0.0380955671643833,0.275745687507197,0.0741160481779866,0.00210377973427356,0.434009677726766,0.00100229176161993,0.0119972599481784,0,0.000882042558119107,0.00365216096174675,0.00144775889315279,0.000504343852173066,0.0387949884037773,0.0246830491378833,0.0282094961556033,0.0161723032566349,0.25521182454855,0.00235738378810893,0.00182521731002921,0.0180150237032284,0.0965424148306406,0.0108657173766899,0.0265677630469198,6.86390584810257e-05,0.0406492302062206,0.00160525517529312,0.0266432808238241,0.217615135121752,0.049885428959588,0.00530306524403258,0.00751451075612795,0.0045720805988145,0.744658679805457,0.00860489752764138,0.000807830779965855,0.00376022703390789,0.000674013402524042,0.00299684506612818,0.00490794477233683,0.00212021719174342,0.000403002850554514,0.00115827426285534,0.000108897716049767,0.000112455628096128,0.000127006053929853,0.00420496890311619,0.000122946115203142,0.000915935756430127,0.00338891881208611,0.000468050911273384,0.00875893956411552,0.00915563346135392,0.000865430705375433,0.00517611434786373,0,0.000944374947897133,0.000972593150687554,0.00177003679935093,4.10741491718531e-05,0.000119522009489965,9.46680254319191e-05,0.00149944498332507,0.00253947605066266,0.00087043987145307,0.00192112498161149,0.0203229735403335,0,0.00145548252080859,0.00274086498874134,0.0294424196753242,0.00151304881699502,0.00129785866737609,0,0,0,0.00132782490509191,0.067039197985573
8.54860357980729e-05,0.145650875773939,0.00409087915782341,0,0.000520282903992057,0.000261471245075345,0.00170021255603824,0.00149438153239217,0.0878592089334895,0.000215044433180976,0.000389824091394472,0,0.00121976547971978,0.00147976111410548,0.000882042558119107,0,0.00610181284917698,0.000710229523012638,0.00198370762711339,0,1.15048164331538,1.04453034214118,1.74261547496153,0.215322160987335,0.0166209569482294,0.00493596008453953,1.33740016505137,0.0698374224459551,0.000981997823046875,0.00339505382893333,0.000149386754855013,0.000894678751067921,0,0.0528790371218158,0.0242604450288735,0.289491450773528,0.141808308298899,0.0467261346900176,0.047515486490678,0.00158324079596867,0.000671109400404489,0.00268328139913924,0.0190488779271813,0.00328409572357856,0.00737159853139733,0.00570241557696923,0.00097417239011183,0.000364326171122408,0.00180761131646364,0.000190867245179558,0.00303990049722797,0.0111327257852337,0,5.86300577116728e-05,0.000106700713466692,0.00422962123653619,0.000509472451049697,0.000904493585601303,7.77558648784637e-05,0.00132550379931118,6.67549843719006e-05,0.000843869072378803,0.00138987910616228,0.000545290373584461,0.841967383405884,0.0027308829751118,0.000117177963463974,0.000581722381780243,0,0.162625375382785,0.210563864389829,0.469098087107169,0.116807322255077,0.000216835334601617,0.00520035684144953,0.218257608611615,0.0931516721796474,0.00314661243612134,0.0232123222358809,0.000259561816701293,0.000101544348658323,0.00132033854545188,0.0022668355766203,0.00999922329565588
0.0453212963510867,0.00610657263478933,1.42902083696389,0.000538333750088227,0.00131291236219268,0.00548998382596848,0.152264059408873,0.0628446367046923,0.00235765765463909,0.0238214500510909,0.104161776970598,0.0049450329821311,0.000938841847793124,0.197713685463688,0.00365216096174675,0.00610181284917698,0,0.152751892140684,0.596130553644871,0.00284853353350966,0.580887579582171,0.0105324099934989,1.52898081191224,0.0154009032637379,0.000429433987062728,0.861799314467046,1.78254707778974,0.0571240493853578,0.26086120857702,0.657414995199293,0.000600240797131944,0.00475048905560866,0.0420180651313229,1.14570199436343,0.0461115340993137,0.663862035507796,0.153821227072624,0.320689120991942,0.346098839573737,0.0076075643388587,0.00415557017421204,0.00142214738925606,0.0470598852905114,0.00906639035688784,0.0230716180897544,0.0226391357852537,0.000784248379585278,0.000531821499142075,0.000285958199326134,2.53214450826764e-05,0.0070819581474223,0.176485996654987,0,0,9.23053919251441e-05,0.000700454773910916,9.71074417042495e-05,0.00126821561889418,0,0.000741315084704161,0,0.00027055504104805,0.000173926368144715,0.00114171865253453,0.00597837229051508,0.0631638728214228,0.000390081196252084,0.00947998693271161,4.20600244469166e-05,0.00679681135986489,0.00551653533170826,0.0296006346106456,0.00511848377428648,0.000345049588899469,0.109466960775692,0.35488100923724,0.0027641773318489,8.20885642978672e-05,0.00560024632661835,0.000188562924599838,0,0.000122996604918349,0.00180657256568786,0.0328144690004187
0.00550504068300965,0.000571748325474763,0.0167512316388891,0.00207498917824576,0.000198078378344632,0.00965579230693589,0.0389273961984374,0.0336624687757106,0.00301017439094111,0.0448826760875053,1.13043151542429,0.0205407295105055,0.00415205551688045,0.169120178863054,0.00144775889315279,0.000710229523012638,0.152751892140684,0,0.645500303970039,0.00876129859776845,0.0322754586330901,0.000531511264676416,0.0589219586932965,0.013805130757638,0.000399887099383307,0.400549016455673,0.0764264867423036,0.0161981850977933,0.128422459338073,0.0487235682940782,0.0112899821077029,0.0267017616617106,0.00463948825551638,0.544228628499724,0.0201791592651605,0.284669380522396,0.173991566091114,0.334385820360484,0.156900413452791,0.00377978717638514,0.00251546224426448,0.00158847634815087,0.00203905895438722,0.00156038137800521,0.00118393755523808,0.00188208326052672,0.000235409691211939,0,0.000100203612493801,0,8.65631873680118e-05,0.00375327055628809,3.30245770998597e-05,0,0,0,0,0.00210345302988823,0.000184335966770482,0.00142217854328556,5.37965033290625e-05,0.00284362866437483,0,0.000663872745922446,0.000321432171116805,0.00260703153195222,0,0.000935109566354252,0,0.000168742176230621,0.000326738365137363,0.000618731780655992,4.59135480231047e-05,0.000199257577536917,0.00915289023859032,0.0151394722711463,0,0,7.56957555620909e-05,0.0031192895216949,0,0,0.000201835745824027,0.00945971808723761
0.00564723258639162,0.00234135978444422,0.0906947347761887,0.000936366985900793,0.000112880142628765,0.00312159053652645,0.0334193648721194,0.0152552977295117,0.00193191344485823,0.0190532252565951,0.155571085575767,0.00605943936921868,0.000791807272751581,0.075105563773516,0.000504343852173066,0.00198370762711339,0.596130553644871,0.645500303970039,0,0.00244549601377422,0.065672688154325,0.0027777716576695,0.14970621025696,0.0064692045758611,0.000450589368314802,1.31109370284233,0.407824063273397,0.0156622190210072,0.0629299952421364,0.0660878868062931,0.000515736839116025,0.00683621953666258,0.00579488112945189,0.362445033322326,0.0150417889234077,0.319898783937158,0.0898171927389122,0.177869981306303,0.137716861199424,0.00210687575212815,0.00195788411535198,0.000293092869712662,0.016308871957688,0.00355677196793362,0.00910060521273025,0.0082829610193498,0.000294341616670072,0,0.000199597704906798,0,0.00275822644635086,0.039563028429534,5.38831445179701e-05,0,0,8.01608331373571e-05,0,0.00117444268889289,0,0.000216556545918322,0,0.000793581141922423,2.55936057997227e-05,0.000409450235898423,0.00125490084878457,0.019857473374931,7.65353567747713e-05,0.00512905270762093,0,0.00112969215954241,0.00156716682021481,0.00448869099085854,0.00104390989106325,0,0.0574284736586309,0.10487858485952,0.000152116455814576,6.1831497169292e-05,0.00131018490584788,0.000117746145105994,0,4.70788230747223e-05,0.000738708470512915,0.00970151197106454
0.00131008184885474,4.1196939481616e-05,0.000390198278558254,2.28910460543615,0.00762380578075589,0.109579422509422,0.0133610064233625,0.0855761260305049,0.0398445317461652,0.600749855273929,0.014239092831483,0.764662149308171,0.00278162711528483,0.0483906151835652,0.0387949884037773,0,0.00284853353350966,0.00876129859776845,0.00244549601377422,0,0.000430732270832849,0.000283110820790446,0.000811439160551811,0.045583116243186,0.000148487920752621,0.00805691820438433,0.00171636117111526,0.262946490163355,0.024095772282749,0.00486415930498863,0.000627724220337069,0.00873828434138437,0.000462965861217236,0.0360018397985304,0.00203078923125169,0.0460124944795706,0.00262630180854877,0.00984299568672299,0.00346770167762908,0.0458372754886025,0.00218681191203259,0.0039983224749223,0.0167371592265928,0.000336623022718811,0.0146312740154327,0.00391289648374569,0.00701647742897194,0.00148908130283538,0.00200349492978143,0.000126462019542933,0.000271113117217922,9.61881919599889e-05,0.0396504045839018,3.68878296928882e-05,0.00288392733678986,0.0177559603627634,0.00585303769344264,0.0201955404378562,0.0463917546162521,0.00203491596491409,0.00852554114890813,0,0.00861510238163708,0.00146961066731306,0.000222918186507523,0,4.99490877402306e-05,0.00017007181637497,0.00570664685697608,0.000500721029820395,0.000197975286058808,0.00022341986731956,0.118969195786477,3.58031278411984e-05,0.000168244739952171,0.000807021866919235,0.179693488793973,0.00879641761220299,0.000595791657733237,0,0.000617287676922703,0.000710017352801609,0.00803905213431714,0.00137126500998862
0.0114957739141173,0.0272808381038371,0.430791297622692,0.000100514037539959,0.0111952373606793,0.00354126751729665,0.537242801052478,0.0227861022736473,0.042396525389885,0.00443839447486832,0.0216533009979584,0.000462753112206173,0.00103888342686425,0.0426438906969661,0.0246830491378833,1.15048164331538,0.580887579582171,0.0322754586330901,0.065672688154325,0.000430732270832849,0,0.179821016400849,4.62182904420282,0.0927974607226503,0.00238009822607514,0.243441495743983,0.458133964772032,0.440325233589011,0.100048006036125,2.99382616430092,0.0011726066693037,0.00968550513846748,0.042916290712534,0.934738801722131,0.268858089234945,2.54170162908813,0.274544242643799,0.801285380786447,0.441223998463625,0.0283589871744612,0.0254193014539798,0.002333880349229,0.053076846746364,0.00843759472121857,0.0199281687546468,0.0140497235866725,0.00460903571048213,0.00172192462763408,0.00225976025206008,0.00205097539067035,0.00119579444099732,0.00783851505342419,3.22741087396502e-05,0,0.000510690771006918,0.0127392459044739,0.00324233062833623,0.00238160402612755,0.000711164209777331,0.0018791986011514,0.000172050305475092,0.000110641334683847,0.00387266455215091,0.00334733290956991,0.279647584750369,0.00224269758702773,2.57237134595155e-05,0.000442961964988315,0.000205976260103512,0.209018837160327,0.0612688684430425,0.155230624487668,0.114665608432404,0.000166549415828288,0.00564738985530181,0.0792232515607594,0.137988809793316,0.0185694808223596,0.0632686870585249,0,0.000361175223732841,0.00443471446424882,0.00774330538174371,0.0960600879670981
0.000189791401791811,0.816987776901273,0.00683891682246737,3.74146906592727e-05,0.00368701266467917,0.000731760606661106,0.00373922341590715,0.00134122667872867,1.16713602593266,0.000701729369230842,0.00141136233292985,0.000554956814141512,0.0398285381577364,0.00125801436945808,0.0282094961556033,1.04453034214118,0.0105324099934989,0.000531511264676416,0.0027777716576695,0.000283110820790446,0.179821016400849,0,0.167634694007171,2.09550113620888,0.259240584860868,0.011215428216378,2.05051717017886,0.139613255864899,0.00172260601173977,0.0022177560206425,0.0049605921999567,0.00049436780536015,0.000225414623994637,0.034577501799373,0.00257483776348078,0.0319078018842227,0.0136893696025447,0.0104503569312893,0.00525078803667869,0.0253284833287418,0.000598807730597687,0.0782622453703177,0.027300759278718,0.00987305626884435,0.0103964136292133,0.0136504309031604,0.000904611891387222,0.000108962682824374,0.00132779277933714,0.000433222649742365,0.0570678212042659,0.0480271430318937,0.000161695102288341,0,0.000114539877609062,0.0020996615908507,0.000447269310142791,0.00794409173016527,0.000922001049048806,0.0136933068474284,0.000192220310255384,0.033102959066382,0.000450453387952221,0.000567838738291979,0.284898245926315,0.02320699150168,0.000161620102979803,0.00409769944332452,0.000120351556993103,0.0494251241738808,0.136151702163591,0.121773545038239,0.080322640846839,0.00601294184725343,0.0406782848456463,0.563673727126881,0.0468439497735017,0.00217216051382699,0.00841856180675165,0.00999500079176344,0.000163988072740554,0.00069744907474302,0.00222263198036261,0.00382122193915411
0.0180418587480469,0.0185952166482687,6.33195921409885,0.000135028556512427,0.0109070941182847,0.00375432527347457,0.190106299381123,0.0328821063513262,0.0387934942785451,0.00608200976597304,0.0348543500649639,0.0016673384175376,0.0015850480026098,0.0803627507339763,0.0161723032566349,1.74261547496153,1.52898081191224,0.0589219586932965,0.14970621025696,0.000811439160551811,4.62182904420282,0.167634694007171,0,0.100197364185082,0.00284683339781639,0.901394764935789,1.85658538988323,0.442075542629159,0.101268129769537,1.38519084747942,0.0014435853802128,0.00843882995813618,0.0268706526507241,0.928232205873483,0.442587138810472,4.15791803040572,1.29615844009594,1.56126241216426,1.32016704052426,0.0501092706686076,0.0204586357511244,0.00184335153862303,0.0365305201240039,0.0056687638206222,0.0178530759170795,0.0235460084413416,0.00162632992687698,0.000972750979575011,0.00199609432430749,0.000360116944338012,0.00224660663305601,0.0426594652365228,4.06296401567221e-05,0,0.000236693893200731,0.00444836952172183,0.000921073390234127,0.000505746854045367,0,0.00115326426387033,0.000111869416597748,0.000195330329894542,0.000943707633808549,0.00431027913420238,0.722954690479178,0.00889228262904611,0,0.00130093200850412,8.98659803585054e-05,0.180963642127152,0.117948774021974,0.594437564887366,0.118228587597784,0.000106570876384151,0.0165544379660423,0.434369364300339,0.0937311965212393,0.00441333243572632,0.0228728609989603,7.83506125009298e-05,0.000230234729511404,0.00147656706964181,0.00334930741765516,0.204141352716238
0.00476795442194146,0.531592572206535,0.0126406952295892,0.152504869123237,0.0349358600080435,0.0275988151046194,0.551473393617242,0.085684235098568,2.92088019553012,0.158419065821147,0.0221676406749651,0.0415694983514945,0.0113625885321977,0.0965067107670133,0.25521182454855,0.215322160987335,0.0154009032637379,0.013805130757638,0.0064692045758611,0.045583116243186,0.0927974607226503,2.09550113620888,0.100197364185082,0,0.0716360449084745,0.0202699077602838,0.776970360434091,1.09713946280543,0.0916752917565465,0.0343777859251453,0.00211545194988196,0.0239587437344799,0.0404277090100647,0.204681200242525,0.0662605332193354,0.748340515640276,0.0855329990305459,0.105334811544885,0.0374933548166931,0.280987120791843,0.0203590516781879,0.0136795121273893,0.242323400228999,0.00836567633938264,0.158482437213456,0.0284601897181708,0.0526069135044401,0.00899486900599427,0.0077591430635599,0.00536182467766904,0.00592368946786973,0.0112269691761379,0.0457941931997694,0.000154453048025489,0.0180866195758029,0.196665163105739,0.0547171094206183,0.275515656378832,0.173548068049063,0.0230323796390082,0.030961311657484,0.00297513606970162,0.0964134824925501,0.00988764058271428,0.259261450827986,0.00504975330775121,0.00118320985065972,0.00219584327248672,0.0243132989492878,0.156928847305651,0.110068833875977,0.119157655679965,1.50920954413448,0.00182439070358316,0.00757479846419866,0.0994089136560724,1.31446904871596,0.13028812156164,0.0883545928317214,0.000341609196788573,0.00537922326083036,0.0113802729531679,0.0719018858138219,0.0316205701812971
7.965556188283e-05,0.452301025549803,0.000268440948040652,0.000283607920611966,5.27150084060192e-05,0.000407313268525434,0.00107487532116062,0.00125481990383503,0.096187658814572,0.00134396140771942,0.024643208152772,0.000318207163204121,0.457874979506045,0.00163594630123104,0.00235738378810893,0.0166209569482294,0.000429433987062728,0.000399887099383307,0.000450589368314802,0.000148487920752621,0.00238009822607514,0.259240584860868,0.00284683339781639,0.0716360449084745,0,0.00927219257229155,0.570686591544867,0.00587615916194532,0.0010520657458798,0.000348901651358497,0.0156762719070373,0.000259849790894079,3.146590625242e-05,0.243971824934289,9.64066936787128e-05,0.00277423230486977,0.0180807634064601,0.00511980330895867,0.000695646924367237,0.00378229915912359,0,0.175208774178174,0.0123390323853995,0.0187402756635029,0.00781033028221789,0.00431001455200124,0.000362446755647707,7.95799037775042e-05,0.00635992855516763,0,0.108332805931418,0.00600793268352864,0,0,0,0.000454649370568347,0.000106060137116289,0.00277849001203918,0.000128695792398119,0.0669533482821842,0,0.245396450526479,0,0,0.000497090556013608,0.0112780952866882,0,0.00928006262694474,0,0.0007967931715384,0.00431601156033292,0.00224201312304707,0.00291011644312266,0.0615940008992499,0.151347314525287,0.524050971215948,0.000362513604698849,0.000136156553077268,0.00184662100826032,0.0515233063800774,0,2.90945954508185e-05,0.004469790842767,0.000293207919160176
0.0175490891272243,0.0119317179922139,3.24694911498778,0.00154559973332192,0.00040536100189029,0.00926726264299754,0.190584297354504,0.0527518623429702,0.00865526274907802,0.0457163510983915,0.13024544272937,0.0186467407520752,0.0351869078362305,0.192060784163874,0.00182521731002921,0.00493596008453953,0.861799314467046,0.400549016455673,1.31109370284233,0.00805691820438433,0.243441495743983,0.011215428216378,0.901394764935789,0.0202699077602838,0.00927219257229155,0,2.69485723814921,0.0467024803819677,0.134635667321923,0.191942088993762,0.113416648853037,0.0161462907807793,0.0100152700772196,0.457271490993687,0.0802441477601215,1.69553937415749,1.26758051788623,0.62609707325748,0.558329884719269,0.00945780913649123,0.00521589653065609,0.00413202221949206,0.0854150374541844,0.051533553707643,0.048323651158267,0.0388482920965225,0.00126568348873828,0.000262385669133139,0.00115068302276678,7.77223109463811e-05,0.0196015163389618,0.131285454809243,0,0,0,0.00142344464953831,0,0.00440595772802467,3.84619469721437e-05,0.0770241170242262,0,0.198722838582084,0.000162177750931764,0.00185673966104922,0.00501927695191879,0.0772606650974637,0.000781620196857786,0.0326434276234005,0,0.00746411654292703,0.00768315638098371,0.0205184784502003,0.00604582650062136,0.0185624993810473,0.793297698788064,1.44703747892614,0.00160362814722047,0.00046826264856081,0.0082999783873973,0.236874983915705,0,0.000124975722228265,0.00519848269046702,0.0510157099587574
