0,0.39557734131813,338.958524882793,7.13213106989861,5.08409708738327,180.267468929291,16255.5824491084,761.60280546546,19.3691243827343,297.447471380234,65.1019123196602,37.9474990367889,29.3870832920074,5470.34246763587,10.3014436364174,5.50106024742126,505.858641982079,13.5397118031979,420.68830421567,10.7250440120697,575.303383529186,7.06262457370758,853.37054720521,95.7574782967567,0.570217072963715,276.862507283688,348.078164160252,719.512212634087,15771.0804062784,17449.2347119749,1.54255783557892,23.2925993204117,117.064098596573,644.346748203039,13.3405439257622,179.1075707376,74.9195182025433,168.868078529835,86.2716301083565,19.7301534414291,14.9851620495319,9.60628259181976,14.0389550924301,1.62038096785545,4.58034393191338,2.26221823692322,7.49704113602638,0,0,0,0,20.4972511529922,0,0,0,1.32018518447876,0,7.39180389046669,0,4.48250210285187,0,0,0,1.1197167634964,3.50190186500549,0.325318843126297,0,0,1.28496050834656,0.660073637962341,10.299403399229,3.14132496714592,36.0281041264534,0,0.852796107530594,60.0755463242531,16.6459168195724,0.932795643806458,1.71327981352806,0,0,1.53317815065384,5.69077581167221,3.66459828615189
0.39557734131813,0,180.996552586555,2.24237424135208,0.531873643398285,1.34236237406731,1.77661839127541,2.61456000804901,2612.73627063632,6.57440382242203,197.482430428267,34.241015791893,1688.03779298067,6.77105715870857,40.1755572259426,445.372765928507,143.311539590359,7.4154257774353,44.2270056605339,5.98553720116615,98.0699692368507,4646.16053450108,169.358567535877,1741.54841300845,1403.86346238852,287.816404521465,17439.5434069335,66.1379432082176,9.8303387761116,8.83201867341995,72.628730982542,3.17828765511513,2.39485186338425,122.181476205587,17.9019057154655,339.715222865343,294.300386995077,151.916273981333,118.369146317244,16.2979249954224,0,528.83214700222,160.508792728186,65.0069209337234,88.5522040128708,63.5689307451248,1.13503277301788,2.79060733318329,237.104260981083,1.39841687679291,3210.2658188343,503.131060153246,0,0,0.259338617324829,3.65799111127853,0,31.830484598875,0,225.795647114515,2.52390468120575,285.938068121672,1.50587064027786,0.642210841178894,28.7151370048523,180.109295874834,39.648645222187,57.0095786750317,0,13.1422027945518,383.539376527071,98.0745180249214,55.6530248820782,120.571911931038,798.73598280549,9886.4826875329,4.58837798237801,9.13525956869125,3.31470364332199,69.4657669067383,0.612600326538086,0,112.805328458548,12.435162127018
338.958524882793,180.996552586555,0,1.42799878120422,6.73794111609459,99.2095394730568,825.074662029743,1482.4500901401,22.4831917285919,25.6307135522366,103.687514156103,2.76926958560944,36.2880544662476,1625.71159809828,27.5760522484779,138.315880805254,26689.3705853224,136.483138352633,4665.6103027761,2.82469457387924,3587.65202492476,223.28785187006,43258.5074211061,484.101632118225,1.557088971138,18975.59310624,58520.0591663867,2313.23438316584,759.210819363594,2615.23275265098,3.1495373249054,10.4748305082321,36.5013675093651,2472.19740590453,247.909713923931,5840.14871618152,4784.89766028523,2718.14572972059,2076.03933909535,33.3322210907936,24.994998306036,0.7894167304039,1062.51437366009,173.278236985207,498.08476293087,257.459062606096,16.3876024186611,7.53081947565079,0.420387506484985,11.0891138911247,266.834518671036,5323.55502831936,0,0.800993025302887,0,111.282188817859,4.87004585564137,14.6710668504238,0.253726601600647,42.0800557434559,0,3.51480928063393,35.3195185661316,5.53721353411674,149.143704533577,628.216152131557,146.526560917497,180.934064522386,0,137.933727532625,429.736168682575,1467.47533729672,114.187404960394,7.4748343527317,1320.24491007626,14903.258064732,85.947376281023,5.76393988728523,59.7869835793972,10.6683686375618,0,0,607.494727790356,163.681196898222
7.13213106989861,2.24237424135208,1.42799878120422,0,77.2829150855541,554.03157004714,195.388502240181,340.35175460577,1916.98103639483,5849.56105718017,117.141187548637,13869.9526707679,110.352642536163,182.292526394129,988.54098123312,0,0.809892743825912,4.55916672945023,4.15489760041237,31597.4688230902,0.798198163509369,4.11079856753349,0,2445.03362488747,2.35886952280998,4.81095063686371,3.02621364593506,5478.33676588535,364.878123015165,0.988460600376129,1.9321054816246,53.0447124540806,2.42144805192947,194.709345296025,46.6981882154942,603.251273751259,40.2445091605186,63.1074002683163,20.3594394028187,591.05084168911,56.3629164993763,14.5295668244362,165.224604874849,0,45.0609329342842,7.50473242998123,525.435213595629,7.05475327372551,0,0,0.540569186210632,0,423.75966450572,13.6402407288551,105.137063026428,157.542531847954,50.8519549369812,446.98656091094,633.802384793758,26.9830765128136,244.497082799673,0,22.224649310112,136.724966466427,5.79520523548126,0,0,0,140.590400725603,1.48458653688431,3.94071394205093,0.472243964672089,1658.05592793226,0,0,0,1495.05099651217,27.873154014349,3.42264747619629,0,0.500400304794312,2.31297421455383,63.8371558189392,6.20758602023125
5.08409708738327,0.531873643398285,6.73794111609459,77.2829150855541,0,3491.98934867978,133.179194271564,168.163407921791,209.271432995796,285.082602977753,6.51334011554718,853.262257546186,37.0235051512718,28.0108889937401,2702.52617231011,16.7385670542717,3.7195560336113,3.17932185530663,7.94963651895523,64.9502383172512,184.528618454933,4.09721079468727,165.475135207176,110.475947231054,0.585493683815002,8.61227738857269,26.9249131083488,302.709799975157,33.0954656302929,107.541391283274,0,152.033068776131,0,115.405596137047,5739.41168773174,796.718542128801,30.348898857832,16.7655232846737,60.7037175297737,16494.6826303899,2461.97917455435,4.3305561542511,41.8322232365608,72.7429202198982,25.1223111748695,163.659269094467,163.085965961218,3.07229399681091,0,0,0,12.211566567421,15.7231978774071,2.66429162025452,22.8414287269115,11.6887128949165,3.3317654132843,85.4526652097702,52.8251704275608,15.8785926699638,47.0587342083454,0,1.72010672092438,34.7276667356491,12.9280489683151,3.79537743330002,10.3849197626114,5.36106544733047,12.8025117814541,21.1240377426147,3.57071539759636,70.1914999485016,97.2764455378056,0,18.7493342459202,42.6087233424187,107.711875796318,0.720271050930023,1.44254565238953,0,0,1.44442331790924,6.66400843858719,1230.22020819783
180.267468929291,1.34236237406731,99.2095394730568,554.03157004714,3491.98934867978,0,6789.39791186154,13054.0667979419,328.000239640474,18226.288860932,333.079384148121,5668.52411642671,486.772534310818,2109.08276993036,6107.29848104715,1.77296793460846,42.0837239921093,41.1543787121773,36.1934564709663,426.014372378588,272.021486788988,0.451932847499847,134.168196052313,357.024813115597,12.4794080257416,42.5551818907261,41.1270347237587,2621.027715832,1740.422028929,601.161766856909,7.64012324810028,653.275567650795,21.0381727516651,648.781511247158,4386.53293299675,3254.84646737576,166.232965320349,213.320458829403,188.724534630775,7016.44407567382,2564.51907026768,54.9723344147205,131.21554762125,1.88906437158585,22.7193016409874,9.89085006713867,326.047683507204,4.82986563444138,0.94407245516777,0,0,0.566236615180969,46.2072289288044,10.1176324486732,47.4391771256924,68.1778769493103,17.7220302224159,224.876070380211,182.285628587008,41.4551606178284,112.467367202044,1.32359039783478,3.05025443434715,93.2128803730011,1.61546346545219,0,0,0,30.2744725942612,1.22849869728088,9.75467610359192,0.410722941160202,679.933881282806,1.3822368979454,2.67669409513474,1.09109973907471,485.62478235364,17.0250761806965,1.13565301895142,0,0.69214391708374,4.56381344795227,24.1745760440826,210.190612018108
16255.5824491084,1.77661839127541,825.074662029743,195.388502240181,133.179194271564,6789.39791186154,0,31713.5617006123,263.635992020369,27791.8548410833,755.223399370909,225.560024291277,597.597510814667,37050.8950919211,319.257448703051,20.8305695056915,158.298638761044,137.39010193944,162.997393339872,134.393427103758,4019.23652103543,9.44088193774223,1176.92315018177,1530.57401144505,7.82872173190117,300.220765084028,252.512194484472,73120.4998035133,8413.74846804142,17495.8307869136,12.5026443600655,301.327425867319,195.698761880398,2061.16765135527,894.252625375986,4426.84423336387,296.799234807491,959.110951989889,405.171723753214,598.147394925356,429.679281711578,28.6228266358376,234.42084056139,1.66459453105927,40.6434168219566,46.2397273480892,140.879576027393,14.8330032527447,0.850688934326172,1.87692934274673,1.08318382501602,13.3637627065182,50.646942615509,0.728171288967133,25.0027699768543,86.0620676279068,38.1027707457542,174.342882603407,167.451015263796,21.3982308208942,43.8041413426399,4.85865584015846,16.8942516744137,13.0189447999001,40.5747799873352,0.339482754468918,0.314626634120941,0,39.097791403532,9.72355717420578,53.7330210208893,34.1862756609917,1023.17370477319,0,0.675695925951004,68.5775810182095,625.332403242588,54.9321272969246,15.8193199634552,0,0,2.21129834651947,63.9666280150414,91.1115524470806
761.60280546546,2.61456000804901,1482.4500901401,340.35175460577,168.163407921791,13054.0667979419,31713.5617006123,0,196.76891335845,18044.8963283449,190.425234496593,2230.11819475889,352.528678685427,27616.0005118847,203.943879306316,6.73902410268784,371.143771052361,29.3816768527031,219.250309586525,467.937649250031,4177.82207041979,10.7056233584881,2263.05638980865,335.414788424969,6.25048488378525,409.562076896429,478.314025014639,2612.05555415154,2105.03716930747,6780.70856794715,0.825346827507019,349.372936099768,45.5903791487217,715.629564762115,266.962992012501,2437.31297644973,207.230974495411,412.210890173912,325.488178819418,1295.24392968416,360.814935952425,57.3796571493149,142.58828163147,0,38.2012310922146,8.77007925510406,77.2945372164249,4.90695768594742,0,3.13842102885246,0.647595584392548,14.1245635449886,14.1346090435982,0.583268582820892,11.9268556237221,38.591614484787,19.6054710149765,104.481730401516,65.5215562582016,27.1500134170055,11.656411498785,1.6704286634922,5.95127609372139,8.03353908658028,11.230229228735,0,0,0,15.786532998085,2.51774525642395,29.8910155892372,6.61627781391144,594.495172739029,0,0.716852784156799,32.7331711053848,325.22576764226,19.9291608929634,7.07675671577454,0,0,4.48663645982742,35.3450559675694,10.8544232845306
19.3691243827343,2612.73627063632,22.4831917285919,1916.98103639483,209.271432995796,328.000239640474,263.635992020369,196.76891335845,0,2996.43733695149,233.699820369482,5079.05036726594,1323.61995887756,106.967621535063,3340.4089011848,531.942452818155,92.031566619873,18.6214229762554,36.9141526520252,1618.19723525643,370.490752309561,6687.30142077804,268.74573379755,45424.7329690456,954.801088273525,83.5305667817593,2972.66531103849,6657.16297781467,419.422812759876,261.499828010798,81.0779606103897,43.3720247149467,31.0028132200241,345.852447926998,247.58255776763,1935.97503057122,146.514115929604,192.917991220951,111.222165316343,1649.54996630549,88.9841103553772,161.244831115007,749.06925496459,23.7648216784,204.023024439812,61.736335426569,367.334314852953,47.1480613350868,49.5739877521992,11.9213445186615,60.1516739428043,40.3720696270466,300.955401003361,46.7618166804314,117.946937173605,215.533734351397,98.6647363305092,5574.0499201715,687.389481335878,122.296043395996,456.971375733614,65.3680210709572,118.345406830311,251.950519174337,979.325975805521,10.0438810884953,1.03618943691254,4.84746634960175,224.360519498587,467.869535923004,1736.36613696814,517.878710091114,6721.05962243676,21.3558235764503,64.8175150156021,359.34330484271,2100.81315240264,325.380871891975,142.474653035402,10.9349195361137,28.0355137586594,22.118034362793,241.912455171347,140.468621969223
297.447471380234,6.57440382242203,25.6307135522366,5849.56105718017,285.082602977753,18226.288860932,27791.8548410833,18044.8963283449,2996.43733695149,0,1984.86266586185,14579.0053307116,1545.38620655239,5748.38889893889,1644.08221408725,0,40.6431433260441,253.117609977722,159.751938164234,6271.82263249159,54.6893130540848,5.14128988981247,39.0352600812912,2659.34237861633,24.3406250476837,330.470828354359,98.9810959100723,23200.047187686,7590.76545912027,306.882242560387,21.9003390371799,531.548950046301,52.4988114237785,2898.98570877314,577.088866680861,7324.68114635348,550.6332693398,954.805130451918,289.538393646479,1915.87083891034,460.768529117107,154.303939014673,637.959059715271,3.44491976499557,161.670232415199,34.9537477791309,1518.61548495293,37.0364212691784,2.12798860669136,1.09446954727173,0,0.285517126321793,460.111249476671,64.7237331867218,276.778803795576,504.957007169724,115.685627311468,952.84960219264,1449.50403723121,122.930942028761,538.451057344675,5.39134749770164,32.8479267954826,402.010601371527,7.84520336985588,0,0,0.358339786529541,333.032044768333,5.91491806507111,21.4589448869228,2.1826428771019,4963.43785330653,1.25617191195488,2.04645708203316,6.64123070240021,4057.61971503496,99.1439326107502,17.506909519434,0,0,13.4187605381012,204.490462720394,34.8973301053047
65.1019123196602,197.482430428267,103.687514156103,117.141187548637,6.51334011554718,333.079384148121,755.223399370909,190.425234496593,233.699820369482,1984.86266586185,0,711.783526211977,11561.0450449586,257.976274847984,30.2993293404579,22.5681736469269,706.367711275816,20375.8490946889,2974.42138597369,210.108335971832,141.497797071934,96.8261421024799,313.019807457924,195.18606492877,371.245413154364,8392.69062671065,1091.59046635032,666.819830358028,2110.03204414248,383.113407969475,722.875942677259,124.626762837172,20.1599595844746,14542.8289875388,147.964558601379,2366.65104645491,3468.83900919557,4277.5632455349,1060.9429603219,134.692691296339,77.4828461408615,1311.24445822835,38.1689566969872,98.7393431663513,41.280929684639,21.1384899020195,22.7495216429234,3.11742049455643,376.590423732996,0.481414645910263,67.8979626893997,4.02771356701851,0,0,3.07412534952164,0,1.96866691112518,89.7175541222095,5.65906503796577,3119.66117525101,3.79888075590134,3803.78463071585,6.7905059158802,2.83753889799118,2.01881921291351,0.348972052335739,75.1701369285583,1.93883949518204,0,1.35314357280731,33.9782626628876,4.87695819139481,134.939901232719,271.918827950954,327.073492825031,413.286700487137,9.31786596775055,47.2548259794712,0.883964240550995,384.299670636654,1.29050356149673,3.32396930456161,140.860159009695,49.7756236791611
37.9474990367889,34.241015791893,2.76926958560944,13869.9526707679,853.262257546186,5668.52411642671,225.560024291277,2230.11819475889,5079.05036726594,14579.0053307116,711.783526211977,0,643.841626495123,1032.0606636703,7801.70354685187,0,11.6658172905445,89.014847189188,52.3636807501316,15932.9104360342,4.15119978785515,20.1039970219135,8.59031909704208,1717.82844281197,24.4639704823494,76.7656487524509,78.8696346282959,3951.25799137354,1952.04448664188,59.9410299956799,7.26947435736656,305.824411302805,3.68464425206184,891.897814244032,729.869068622589,2306.86977472901,238.836446791887,310.727779686451,131.559989959002,3490.04251462221,196.204709291458,70.6338560581207,73.9355845153332,0.446566790342331,13.6051365733147,7.23187613487244,810.415039747953,6.73272484540939,1.42158088088036,1.37747204303741,0,0.489550739526749,585.904471039772,55.8326816260815,171.988609135151,69.0594641268253,32.6226315796375,676.226713776588,464.863745927811,56.1126943826675,748.938921421766,1.80840674042702,12.3704719543457,317.917880058289,0.607119679450989,0,0,0,349.142414838076,0.740352988243103,3.25622642040253,2.38304442167282,912.954361110926,2.34851786494255,0.736744672060013,1.63384172320366,849.075059980154,11.1951941847801,0.581878900527954,0,1.55456733703613,0,16.0636376440525,24.8504446148872
29.3870832920074,1688.03779298067,36.2880544662476,110.352642536163,37.0235051512718,486.772534310818,597.597510814667,352.528678685427,1323.61995887756,1545.38620655239,11561.0450449586,643.841626495123,0,273.581234395504,303.994096785784,191.792025387287,39.5629055202007,226.772859454155,96.0790655612946,178.669714868069,472.711059182882,861.862641394138,702.758217871189,905.946767926216,6963.19414129853,608.512468636036,4591.35963144898,1191.68117637932,1211.40798196197,558.660261243582,1857.62192550302,231.874294787645,18.9024588167667,2376.1752859056,341.681558459997,7087.73914322257,4789.27000153065,6830.87576553226,5497.86790585518,4726.52264025807,7042.14555940032,9800.51627078652,302.566431760788,291.940689057112,180.122208565474,50.8021375536919,880.052469342947,35.4535754919052,2068.65432778001,2.68405956029892,208.658494532108,7.55503442883492,7.77660781145096,1.87482309341431,35.0334649682045,25.4408051371574,51.5260969102383,123.33790871501,39.18761536479,7678.18962553144,22.240892469883,11312.0860064924,65.1206376850605,22.0252726972103,18.0016838312149,1.13652408123016,117.751711517572,9.166499376297,11.1548983752728,1.53258049488068,98.861056804657,15.1743664741516,368.355893582106,1443.97035241127,621.584405839443,1121.03806358576,174.204259812832,222.965349882841,7.26884689927101,903.515070527792,32.0928302705288,5.13860195875168,466.79806765914,91.4164146184921
5470.34246763587,6.77105715870857,1625.71159809828,182.292526394129,28.0108889937401,2109.08276993036,37050.8950919211,27616.0005118847,106.967621535063,5748.38889893889,257.976274847984,1032.0606636703,273.581234395504,0,66.0613217651844,17.2171214818954,894.085203528404,40.7934885621071,634.21036824584,325.751694262028,2893.21805930138,17.3188158869743,3330.9788967669,270.933899134398,3.0097131729126,651.68592710793,821.96584457159,1907.69102713466,21682.1349683702,19025.5880413353,1.77410325407982,318.861439734697,56.8619988262653,1128.27532029152,166.454499006271,1420.136500597,196.703663438559,433.783662855625,289.78273576498,276.092605233192,97.6618054509163,39.7585201263428,74.2737764418125,4.22801241278648,16.7538303434849,8.48194262385368,22.460945546627,4.42014974355698,2.28190702199936,0.98638704419136,3.59132295846939,24.6824292242527,0.350666493177414,0,1.04351711273193,11.9830531775951,0,47.994317561388,14.0082975625992,22.1613229215145,2.96649572253227,5.27169120311737,0.932269334793091,6.97084549069405,16.3910063803196,0,0,0.663131952285767,0.660882979631424,3.92626026272774,32.9784943163395,7.8794581592083,294.663395524025,0,0.427964806556702,74.6648915112019,75.1207758486271,7.36700826883316,3.05183398723602,0,0,1.08421862125397,18.3358096778393,9.71341267228127
10.3014436364174,40.1755572259426,27.5760522484779,988.54098123312,2702.52617231011,6107.29848104715,319.257448703051,203.943879306316,3340.4089011848,1644.08221408725,30.2993293404579,7801.70354685187,303.994096785784,66.0613217651844,0,28.6908741891384,11.0926559865475,2.61585131287575,11.779274314642,763.817395031452,341.463055759668,39.2614238262177,295.544496417046,904.200812041759,22.0163731575012,11.0261843502522,115.370791405439,1215.13551437855,147.443840533495,250.185333967209,0.331439554691315,154.707775294781,2.87071487307549,98.9611417353153,1494.07750529051,604.669311910868,58.5389491915703,38.8232315480709,102.321772009134,7200.92899781466,195.575247049332,11.6859107613564,214.618204981089,79.9594673812389,95.7881110608578,249.328407883644,1960.19769722223,19.4533357620239,3.35296750068665,2.9216530919075,4.57974231243134,10.0364106893539,297.382425934076,103.626120090485,354.270791321993,140.280359894037,98.0187646150589,928.132549464703,756.520114719868,182.491263628006,811.913591384888,4.594666659832,53.9038247168064,573.020200908184,20.8607257604599,6.86315339803696,9.02304470539093,1.95863217115402,249.878292411566,53.0815624296665,19.1159290671349,103.912402272224,979.934945523739,0,17.0274560749531,90.6728757321835,1062.82183906436,81.7456336021423,22.192315608263,0.429036021232605,9.03199869394302,2.32451987266541,71.5277377963066,966.500265806913
5.50106024742126,445.372765928507,138.315880805254,0,16.7385670542717,1.77296793460846,20.8305695056915,6.73902410268784,531.942452818155,0,22.5681736469269,0,191.792025387287,17.2171214818954,28.6908741891384,0,153.42340272665,3.1448575258255,39.0775234699249,0,18176.129249543,14100.5089204609,15242.1241596937,4544.52768939734,88.1816566586494,57.0165774822235,7467.68365198374,1377.28946095705,13.8747881948948,206.043651103973,5.31199023127556,0,2.64908361434937,454.023419111967,248.438040733337,3804.08031576872,1016.56651958823,1063.97058296204,656.123796403408,24.1607267856598,15.6991994380951,9.19736641645432,772.270059734583,52.5667926371098,198.13054651022,160.800764799118,28.1904198527336,17.4569131135941,2.96104058623314,6.82306733727455,38.9076490402222,182.061869949102,0,0,0,25.1564832031727,4.63740622997284,51.4243229925632,0,84.6744115948677,2.47965857386589,8.02174365520477,9.77706576883793,10.1941959261894,5787.95295375586,20.9444949626923,1.39512324333191,4.91117608547211,0,1357.29375731945,2732.61473792791,6753.71026417613,1374.70788246393,6.2528201341629,54.1428018510342,2342.48429766297,510.008251577616,48.3477619588375,173.924237132072,0,1.91512084007263,12.2981052994728,211.043133735657,162.800681591034
505.858641982079,143.311539590359,26689.3705853224,0.809892743825912,3.7195560336113,42.0837239921093,158.298638761044,371.143771052361,92.031566619873,40.6431433260441,706.367711275816,11.6658172905445,39.5629055202007,894.085203528404,11.0926559865475,153.42340272665,0,670.603086054325,12415.0235639513,3.43368577957153,2252.02425774932,185.842416673899,15676.7317938209,617.232214719057,12.5898599922657,16594.1492895484,22282.4398229122,626.267044991255,1133.9268886447,2075.3236477375,2.36653029918671,7.23355641961098,99.3299726843834,8591.00748202205,228.864404916763,5876.93058791757,3342.64568921924,2613.59825503826,2025.1358050704,25.8889828026295,23.5914028584957,1.37416136264801,182.910660415888,34.2738623917103,76.1008324623108,65.0377793312073,11.9179042577744,4.31204426288605,0,1.37585410475731,134.887835621834,845.23933711648,0,0,0,9.58452564477921,0,5.70694762468338,0,14.0997166633606,0,2.17783188819885,1.80292311310768,2.08402609825134,37.8263720273972,132.924381732941,32.5124748647213,39.5504860281944,0,32.3944668471813,92.2782322466373,168.750989377499,38.6829097270966,2.3190221786499,436.409988686442,3222.36404713988,20.3961998522282,3.12706890702248,10.5821993649006,4.01561972498894,0,0,101.061286181211,144.3850671947
13.5397118031979,7.4154257774353,136.483138352633,4.55916672945023,3.17932185530663,41.1543787121773,137.39010193944,29.3816768527031,18.6214229762554,253.117609977722,20375.8490946889,89.014847189188,226.772859454155,40.7934885621071,2.61585131287575,3.1448575258255,670.603086054325,0,6010.17473775148,28.6409501731396,43.9853576421738,1.58887514472008,153.44733646512,19.6797182559967,14.7947212457657,3050.07236561179,470.894121438265,127.632298141718,218.841023474932,92.0437577664852,48.5222836136818,5.44946798682213,8.54431968927383,3514.63645139337,195.113900333643,3481.0859477222,4413.09427857399,3611.56287500262,2364.73383271694,26.8213060796261,24.7115163803101,30.8524135351181,21.6071518361568,20.8878026306629,7.75712251663208,35.7325583100319,4.7417688369751,1.00920760631561,0.580328106880188,0,7.29192605614662,5.74769493937492,0.424153983592987,0,0,0,0,6.4004887342453,0.323741137981415,535.325354665518,0,394.633221626282,0,0.698035359382629,1.6129709482193,1.41310548782349,137.135494887829,7.37531444430351,0,0,5.89694023132324,1.00725388526917,0,21.2404237985611,762.66232123971,524.178988724947,0,2.80172681808472,0,352.660951554775,0,0,10.2991622686386,123.041114747524
420.68830421567,44.2270056605339,4665.6103027761,4.15489760041237,7.94963651895523,36.1934564709663,162.997393339872,219.250309586525,36.9141526520252,159.751938164234,2974.42138597369,52.3636807501316,96.0790655612946,634.21036824584,11.779274314642,39.0775234699249,12415.0235639513,6010.17473775148,0,20.8533585369587,581.32223162055,40.8879526853561,2591.12767747045,106.740818113089,5.01836228370667,15333.9422498643,5066.41974189878,289.305854678154,1224.69042146206,667.879717558622,5.62705743312836,6.08840727806091,93.3571044504642,7795.68575668335,303.546660363674,7085.44158995152,4662.23139375448,3254.33954870701,2677.16347810626,17.8685816824436,27.1212838292122,6.87800550460815,34.8343380987644,21.4597718417645,13.213334351778,39.4949861764908,13.3875039219856,3.72730714082718,2.45721864700317,0,52.653595328331,106.666575968266,0,0.748395323753357,0,0,0,8.97653231024742,0.392698526382446,124.813002258539,0,67.8034574091434,0,2.6725527048111,12.5621289908886,12.1805375218391,88.8414776027203,44.0444872975349,0,6.82125809788704,21.2052685618401,22.4307683706284,12.918155670166,16.6618324816227,859.559039562941,1642.17385277152,0.682174563407898,1.84908843040466,0.549249470233917,147.862095803022,0,0,18.1637132465839,201.986561894417
10.7250440120697,5.98553720116615,2.82469457387924,31597.4688230902,64.9502383172512,426.014372378588,134.393427103758,467.937649250031,1618.19723525643,6271.82263249159,210.108335971832,15932.9104360342,178.669714868069,325.751694262028,763.817395031452,0,3.43368577957153,28.6409501731396,20.8533585369587,0,6.01253274083138,6.448860257864,3.6393378674984,736.322145134211,4.55062219500542,28.9837796092033,20.0258943140507,3283.83289378881,662.467284530401,10.7293240129948,1.70893663167953,55.1141387224197,3.77365064620972,314.587178945541,44.5478936433792,969.101724863052,68.1604237258434,116.489322811365,34.4017411470413,524.638162463903,50.5212435424328,21.2798750400543,80.8135021030903,0,23.9860543906689,3.7663189470768,317.546570509672,0.88875749707222,0.313465237617493,0,0,0,566.797948360443,16.6889841854572,82.288372412324,102.100450336933,20.792018443346,274.477623939514,365.520804107189,13.4209159612656,384.142140209675,0.343642830848694,6.93022936582565,113.828590154648,0.460950314998627,0,0,0,580.749126553535,1.97388470172882,2.66273367404938,0,804.622528225183,0.333953946828842,0.517350554466248,0,735.177123874426,19.2396669685841,1.55128771066666,0,0.521181404590607,0.918993949890137,27.086601048708,5.07975333929062
575.303383529186,98.0699692368507,3587.65202492476,0.798198163509369,184.528618454933,272.021486788988,4019.23652103543,4177.82207041979,370.490752309561,54.6893130540848,141.497797071934,4.15119978785515,472.711059182882,2893.21805930138,341.463055759668,18176.129249543,2252.02425774932,43.9853576421738,581.32223162055,6.01253274083138,0,1984.11101308465,45518.8245359063,1565.00423917174,23.8648305237293,656.818430572748,3656.18317618966,19607.5824215114,2049.65117666125,31830.4671162367,1.32653829455376,32.3784261345863,308.818190813065,16453.8429990113,2601.62990757823,21669.3417954743,1846.22230112553,13102.3361468315,7397.6957385838,360.011570930481,159.487447500229,10.4502294957638,794.675516009331,39.1035833358765,193.993040710688,239.924545824528,66.2158715128899,35.1029426455498,0.858193516731262,9.21244758367538,13.6861688792706,193.209995418787,0,2.68689239025116,0.547102391719818,26.3403635621071,3.01768791675568,49.6300213932991,1.8791207075119,162.3175778687,1.84586924314499,0.881149172782898,13.9723183214664,37.3711851239204,2031.09641200304,11.6230014264584,0.353736728429794,5.29217019677162,0,1101.48596578836,1206.99890229106,1996.9134272337,1363.30887466669,0.376822382211685,14.1154375970364,867.240544706583,541.825720012188,82.2341319620609,203.427745491266,0,0.814238369464874,17.7924735546112,188.161216586828,827.58786034584
7.06262457370758,4646.16053450108,223.28785187006,4.11079856753349,4.09721079468727,0.451932847499847,9.44088193774223,10.7056233584881,6687.30142077804,5.14128988981247,96.8261421024799,20.1039970219135,861.862641394138,17.3188158869743,39.2614238262177,14100.5089204609,185.842416673899,1.58887514472008,40.8879526853561,6.448860257864,1984.11101308465,0,3984.97394987941,12485.4932970703,741.090802818537,71.5966475307941,16440.2229836583,632.984447538853,28.8048037588596,100.418466031551,41.4823596477509,2.86613419651985,1.75598019361496,229.507247745991,61.7130449712276,1009.73828065395,272.902982085943,383.898116052151,196.889643669128,27.1282733082771,4.42333608865738,148.800341337919,433.928880006075,58.4083986878395,118.367554396391,129.701691299677,18.2186627984047,5.16925728321075,54.5084788799286,1.71971303224564,225.884728461504,300.330617517233,1.65983134508133,1.87284767627716,0,13.3105242848396,4.07543939352036,100.984390795231,0.530365824699402,73.0793906748295,5.02420908212662,83.7298673689365,6.36685436964035,1.70653736591339,2394.54308384657,66.6524730324745,6.52126905322075,11.3302524387836,0,320.981476068497,4061.93816033006,1568.71917060018,951.731929004192,17.2644045352936,142.373613357544,5683.7719450295,153.215374261141,15.2810518741608,37.8878818750381,7.59004527330399,0.768176972866058,6.9117614030838,141.816537350416,52.8080524206161
853.37054720521,169.358567535877,43258.5074211061,0,165.475135207176,134.168196052313,1176.92315018177,2263.05638980865,268.74573379755,39.0352600812912,313.019807457924,8.59031909704208,702.758217871189,3330.9788967669,295.544496417046,15242.1241596937,15676.7317938209,153.44733646512,2591.12767747045,3.6393378674984,45518.8245359063,3984.97394987941,0,2102.11804354191,13.4977440237999,5035.08136993647,56427.6574278176,5253.17394223809,1549.81170219183,9556.32481101155,1.95375499129295,12.1317074298859,117.262475699186,23945.221873641,3950.57593214512,49900.5661666989,15706.8108784556,25825.7406899035,17624.8007113338,449.419554501772,134.852846413851,5.9854211807251,1528.86995363235,232.788460731506,539.47913441062,779.685854583979,172.879004597664,28.4940519332886,1.71269989013672,3.5773518383503,62.2710754275322,2027.60473129153,0,6.08357989788055,0.714732706546783,50.963377147913,3.32288020849228,23.9376204609871,0.80001837015152,105.630579143763,0,1.42600601911545,6.12733069062233,38.3236711025238,8805.06118878722,103.438342273235,16.3738611340523,19.3884657025337,0,1794.29262021184,3011.42099159956,13399.5616957247,1297.09169238806,0,138.156843140721,12971.5799758732,535.28333824873,15.9527781605721,101.42227819562,2.47568246722221,0,3.86275905370712,479.55857104063,2130.20173531771
95.7574782967567,1741.54841300845,484.101632118225,2445.03362488747,110.475947231054,357.024813115597,1530.57401144505,335.414788424969,45424.7329690456,2659.34237861633,195.18606492877,1717.82844281197,905.946767926216,270.933899134398,904.200812041759,4544.52768939734,617.232214719057,19.6797182559967,106.740818113089,736.322145134211,1565.00423917174,12485.4932970703,2102.11804354191,0,446.672102242708,329.033692210913,6816.70298278332,18241.0496609211,1050.83217552304,2075.42549535632,22.1270161271095,55.6351807713509,151.605253666639,1517.98263707757,1346.37201216817,8490.69299405813,787.272733986378,1308.46473169327,983.905551701784,756.830707341433,260.943401187658,64.8474914729595,4977.94146889448,69.5711023211479,1463.84127005935,455.085394024849,1431.37268432975,300.011573344469,17.1752544939518,68.2759405374527,122.895634591579,293.822809189558,611.692988932133,60.4419958591461,372.444114893675,1108.64492231607,474.02381375432,6314.22812223434,2120.30032166839,440.378730148077,644.71167781949,28.6262119710445,487.485092818737,390.932680010796,2023.12799701095,25.0124750733376,2.54558128118515,7.12469008564949,442.312018364668,847.440601944923,3275.51145225763,1380.45085981488,21983.6523649096,25.0171545743942,97.1887823939323,1842.31735643744,8954.94058075547,1479.30616885424,566.352566242218,1.87765824794769,41.1047399640083,191.274673700333,1699.05201390386,495.41983550787
0.570217072963715,1403.86346238852,1.557088971138,2.35886952280998,0.585493683815002,12.4794080257416,7.82872173190117,6.25048488378525,954.801088273525,24.3406250476837,371.245413154364,24.4639704823494,6963.19414129853,3.0097131729126,22.0163731575012,88.1816566586494,12.5898599922657,14.7947212457657,5.01836228370667,4.55062219500542,23.8648305237293,741.090802818537,13.4977440237999,446.672102242708,0,287.07922616601,10321.1130765676,18.0241858959198,29.6111296117306,5.72646540403366,331.598822057247,3.68610173463821,0,73.0527009665966,1.93815070390701,84.2210647165775,221.947935670614,93.1392270624638,22.2371395528316,15.013474881649,5.65132719278336,1063.84951862693,51.5890920758247,88.6690108478069,48.0681262612343,8.60191109776497,0,1.87390530109406,607.234590142965,0,583.089632332325,11.4152173995972,0,0,0,0.976667851209641,2.49962711334229,14.2977500557899,2.41080588102341,1198.71869412065,2.04184493422508,3630.3631927669,3.44291305541992,1.57724690437317,0.414386212825775,0.954387694597244,66.9175392687321,23.4543920457363,0,0.441947042942047,70.0808487534523,1.20439356565475,39.4905026853085,1968.07787027955,786.169707894325,2874.37538710237,0.571650385856628,32.5507338345051,0,336.429741948843,1.94137197732925,0,131.288238823414,0
276.862507283688,287.816404521465,18975.59310624,4.81095063686371,8.61227738857269,42.5551818907261,300.220765084028,409.562076896429,83.5305667817593,330.470828354359,8392.69062671065,76.7656487524509,608.512468636036,651.68592710793,11.0261843502522,57.0165774822235,16594.1492895484,3050.07236561179,15333.9422498643,28.9837796092033,656.818430572748,71.5966475307941,5035.08136993647,329.033692210913,287.07922616601,0,32980.9197267592,564.558438956738,786.183365806937,736.370087295771,1102.43450826406,6.99855980277061,47.3218433260918,4910.47973167896,475.597728729248,15352.5961836576,17538.8311600983,5662.46123814583,4622.39510416985,23.9271846413612,34.2556928098202,64.8141609430313,410.484689027071,301.173172771931,205.831256985664,218.876959711313,32.6954574584961,3.12526363134384,41.348789781332,1.11954247951508,609.610384196043,967.378826618195,0,0,0,5.31536597013474,0,32.7396270930767,0,3831.29889926314,1.55344212055206,3776.45294976234,1.71328091621399,9.39253079891205,18.190780878067,294.260842740536,1696.08122044802,735.250821053982,0,10.9871534705162,137.649205386639,141.869568228722,36.2515373528004,509.047337383032,12131.0791896284,20012.5537380278,4.64029440283775,20.2660318017006,4.8208489716053,3318.5849455297,0,0.724242389202118,264.404759049416,361.366054981947
348.078164160252,17439.5434069335,58520.0591663867,3.02621364593506,26.9249131083488,41.1270347237587,252.512194484472,478.314025014639,2972.66531103849,98.9810959100723,1091.59046635032,78.8696346282959,4591.35963144898,821.96584457159,115.370791405439,7467.68365198374,22282.4398229122,470.894121438265,5066.41974189878,20.0258943140507,3656.18317618966,16440.2229836583,56427.6574278176,6816.70298278332,10321.1130765676,32980.9197267592,0,1990.73495474458,818.282469511032,1040.3145390749,2469.59486913681,17.5554786026478,53.1188606321812,12089.317314595,1567.24601656199,38097.4224390686,13845.1077029109,14822.8926590979,13880.8867407143,135.072354793549,51.8385571837425,168.969178110361,4165.8906146884,1167.99326846004,1874.04479974508,1312.1337673068,130.294186919928,36.5842135250568,169.609530895948,19.9417688250542,7623.66364523768,10695.2009705305,0,1.89148777723312,0.280888050794601,192.4185898453,7.58266411721706,144.432096511126,1.13848662376404,4267.24920994043,5.31805095076561,6916.65735036135,69.7965976595879,28.2008733153343,3493.83595272899,1889.92454259098,1926.66597668827,1736.13101187348,0,694.815430253744,5109.93680503964,7664.01437366009,1499.95604008436,1954.45463293791,21943.8074612021,111283.205937535,404.344998180866,45.9575676470995,134.471724033356,4110.03579330444,4.59843990206718,5.76612544059753,1876.56661874056,1218.93627285957
719.512212634087,66.1379432082176,2313.23438316584,5478.33676588535,302.709799975157,2621.027715832,73120.4998035133,2612.05555415154,6657.16297781467,23200.047187686,666.819830358028,3951.25799137354,1191.68117637932,1907.69102713466,1215.13551437855,1377.28946095705,626.267044991255,127.632298141718,289.305854678154,3283.83289378881,19607.5824215114,632.984447538853,5253.17394223809,18241.0496609211,18.0241858959198,564.558438956738,1990.73495474458,0,6773.56158357859,42904.835187465,9.6826927959919,328.121372967958,1387.05549606681,5472.44760894775,3892.31151688099,15667.4360604584,1094.53472200036,3931.45927277207,2542.08978545666,1486.85518622398,1002.52960687876,64.5335065424442,4093.03542742133,48.6010120213032,1040.90072697401,390.103839486837,1872.97843632102,226.744029849768,5.99636363983154,40.6860722601414,30.5924135446548,140.00161485374,558.147047221661,50.2730745971203,322.15664550662,1162.28266435862,346.239658176899,3027.021348387,1959.70748093724,346.147185087204,495.403929620981,1.8025070130825,336.969110101461,425.153712213039,822.656742781401,5.48698285222054,0,0.480285048484802,360.607535272837,445.954359471798,1129.29368710518,561.927412360907,15162.0250723064,12.1963560581207,19.4801946878433,593.878121733665,8442.02829927206,1039.86924600601,358.868334800005,0,21.8601018488407,150.512302577496,1223.80014541745,675.937020003796
15771.0804062784,9.8303387761116,759.210819363594,364.878123015165,33.0954656302929,1740.422028929,8413.74846804142,2105.03716930747,419.422812759876,7590.76545912027,2110.03204414248,1952.04448664188,1211.40798196197,21682.1349683702,147.443840533495,13.8747881948948,1133.9268886447,218.841023474932,1224.69042146206,662.467284530401,2049.65117666125,28.8048037588596,1549.81170219183,1050.83217552304,29.6111296117306,786.183365806937,818.282469511032,6773.56158357859,0,27893.5500157475,29.9640799462795,715.997884988785,7157.94272476435,9547.6043895334,556.554563999176,4254.84832371771,550.100987613201,1133.50620263815,414.971180051565,641.603747695684,366.056150764227,140.271656125784,215.439437925816,6.47882276773453,44.2768766880035,20.6138986051083,80.7131818830967,11.1125126183033,2.43244957923889,0.38976201415062,1.67103777825832,27.6362058222294,2.12795555591583,1.62648594379425,1.00330781936646,37.9672824442387,7.55399852991104,242.732190966606,24.3351187705994,97.8938754200935,5.31900373101234,39.9803631901741,2.17305710911751,14.2925809025764,31.1845019757748,0.812653571367264,1.02636897563934,0,0.709393382072449,13.290205925703,51.3676649928093,11.972396671772,892.160972774029,1.77959805727005,3.793283239007,111.740330964327,228.04072919488,15.0562634766102,16.7935126125813,3.90717732906342,0.692943572998047,10.1110698580742,52.9014649689198,42.6066502034664
17449.2347119749,8.83201867341995,2615.23275265098,0.988460600376129,107.541391283274,601.161766856909,17495.8307869136,6780.70856794715,261.499828010798,306.882242560387,383.113407969475,59.9410299956799,558.660261243582,19025.5880413353,250.185333967209,206.043651103973,2075.3236477375,92.0437577664852,667.879717558622,10.7293240129948,31830.4671162367,100.418466031551,9556.32481101155,2075.42549535632,5.72646540403366,736.370087295771,1040.3145390749,42904.835187465,27893.5500157475,0,4.26950490474701,154.835965335369,4798.32822844386,11884.1265322566,1604.37070864439,4840.70848986506,447.133516520262,4329.88219699264,1987.43531349301,425.643882483244,583.459333091974,25.3919933140278,668.332188516855,22.4390852153301,193.083649247885,121.323026925325,78.8434563577175,34.5483530163765,0.505735576152802,4.40214651823044,10.0820817947388,74.170075237751,0,1.1455984711647,4.0234580039978,22.1828753948212,8.95500528812408,127.057850509882,3.35596573352814,66.7648122310638,0,2.9407719373703,26.1959543824196,18.9273290336132,342.945238113403,3.58714494109154,0.613950252532959,1.38646307587624,0.426171243190765,220.850704550743,396.490033268929,181.890589118004,1327.91048431396,0.832383155822754,4.97104141116142,284.148948252201,378.238489568233,149.760708361864,69.8703952729702,0,0,28.4880378246307,206.385032981634,369.233978301287
