0,0,329.086522340775,19.3182950019836,8.78508776426315,125.77108630538,4627.48241955042,1139.3839225769,2.72152373194695,763.322226285934,13.4405590593815,19.4045375883579,8.96040916442871,7372.75219145417,11.042099416256,6.8070210814476,1003.85069102049,11.2499952018261,55.3545642793179,18.5188798904419,492.855212152004,0,1340.03788399696,64.8985215425491,0.56988662481308,95.2417595088482,135.102070450783,215.095322102308,10305.1813035309,12335.8569048941,1.15290611982346,3.37769252061844,17.37249314785,284.160007864237,18.110538393259,239.694142758846,64.2246082425117,398.681105643511,108.502657800913,34.694698125124,12.2843278050423,9.28054141998291,6.3323846757412,0,3.6527111530304,0.453814566135406,3.35390537977219,0.48730206489563,0,0,0,2.34153020381927,0,0,0,0,0,4.2684074640274,1.02365028858185,1.3903923034668,0,0,1.4940477013588,0,5.17130047082901,0.406365305185318,0,0,0.880917191505432,1.07902216911316,0,3.47253930568695,35.1977212131023,0,0,14.7527458667755,15.0254847407341,0,1.22176682949066,0,0,0.872939050197601,2.0753168463707,1.04024851322174
0,0,98.179135710001,8.38953956961632,2.65685939788818,11.1871876418591,2.07081273198128,7.56812787055969,3119.29815474153,14.6332398355007,491.864490896463,88.9984776377678,3203.30957731605,26.8713390529156,153.91246125102,1412.61663249135,68.2806476354599,17.6383222043514,20.3211967647076,7.16284942626953,85.0315164029598,7136.97861462831,305.639294862747,3900.66191062331,2838.95034879446,492.111659139395,29687.9472798705,98.5973531901836,76.9423336088657,0.680117189884186,297.098053634167,13.1417030096054,2.33194380998611,202.312323778868,20.5808861255646,325.051961183548,379.379447877407,261.232268959284,148.229416549206,78.0279532372952,0.87368506193161,561.343397527933,153.491417467594,168.059663623571,98.6417572200298,120.628793001175,13.0145351588726,5.09649413824081,59.2845596075058,1.53538984060287,713.341793119907,57.4924494624138,9.10482555627823,0.725242018699646,4.25842595100403,5.39761406183243,2.51175585389137,77.1890025138855,6.25220519304276,154.050026655197,9.94157066941261,158.963545322418,7.10687786340714,1.89138185977936,123.848448872566,70.7766074836254,0,49.2196610271931,2.3682062625885,28.9546841681004,90.3152017295361,99.8877270519733,145.147173374891,57.1107819080353,473.361359089613,4593.87728309631,66.2851202487946,5.87992292642593,17.183496773243,109.557313650846,4.237872838974,0,99.4303077161312,18.2297322750092
329.086522340775,98.179135710001,0,12.0380814373493,88.3302316367626,74.919845610857,805.844732314348,1042.27881258726,2.5961394906044,291.881668686867,21.1737882494926,28.3029986023903,45.7122975885868,1426.2150041461,83.1108880341053,35.1054435372353,20086.8620964885,150.032059550285,401.602318912745,12.8701744675636,1838.23470196128,29.2309368848801,44620.8138798475,57.7463330030441,14.4587479829788,18110.995151341,17507.6828450263,366.981140643358,1109.30429822206,1363.4013748467,4.14560320973396,32.1624013781548,61.9824221432209,4679.91609826684,1010.40701571107,9777.12422981858,9425.28180927038,5987.82736214995,5223.88423749804,122.717648208141,70.1756411492825,226.353546351194,1915.71994817257,201.148719608784,1145.76112422347,1404.96124082804,51.3464905023575,24.7371248602867,10.9488753080368,11.1490018367767,183.031763166189,1669.94125899673,0.875506162643433,7.1125493645668,0,90.023464858532,9.66891866922379,14.7448443472385,4.15723910927773,10.4837625622749,0.439848452806473,1.88479065895081,37.4044579267502,15.3876865506172,195.937965244055,742.836881279945,0.324765890836716,223.158103108406,0,90.9914339184761,86.4627391993999,1897.73668161035,154.881297290325,0.800438106060028,824.7439211905,11969.6032462418,122.107860565186,18.1112822294235,116.097738593817,0.671406328678131,0,3.04877838492393,718.807109475136,439.885648339987
19.3182950019836,8.38953956961632,12.0380814373493,0,20.3519906103611,410.218314021826,249.861775964499,733.605014413595,4124.95045369864,5625.85607805848,80.2927712202072,6175.56047189236,44.1794602870941,723.537808209658,679.043140500784,2.01510858535767,5.45402497053146,21.6614125967026,13.5721120834351,17253.6918382645,41.9007403552532,12.5827603936195,38.7345854341984,4354.6905489862,71.0056324005127,15.8887592554092,17.4230495095253,7075.06881916523,494.390323460102,55.818011701107,1.02841028571129,36.6739453077316,12.2834069132805,285.133998245001,27.8075808286667,974.352194428444,16.2554171085358,474.259169250727,86.4531295597553,899.234494417906,89.3062565326691,98.1727584600449,199.766059458256,1.37067198753357,246.081163644791,16.3815005123615,1191.74621334672,42.4232852756977,51.143202483654,2.76718401908875,15.1871300935745,0,2489.71156069636,4.84146827459335,81.1894833445549,133.877255827188,116.394161581993,1122.22910875082,2406.72859326005,9.74976950883865,1050.73909330368,0.981312036514282,100.228156268597,199.56242698431,1.39478969573975,0,2.30806827545166,0,1315.17740464211,1.28370088338852,32.3512484431267,0.487081229686737,1444.28195905685,1.07570695877075,0.616968750953674,23.1418608129025,2817.57813733816,67.9575476050377,4.60531288385391,0,0.54503870010376,1.17774403095245,138.034908622503,2.85190182924271
8.78508776426315,2.65685939788818,88.3302316367626,20.3519906103611,0,936.271921098232,46.2972712218761,393.126770734787,105.275676429272,111.904968827963,0.675192058086395,40.5398415625095,4.87331473827362,48.6077188551426,6047.7282948494,112.803958058357,28.3729845285416,1.2805438041687,7.84969067573547,12.0557492673397,498.191973596811,2.45796775817871,1801.55711296201,79.9962015748024,9.37433540821075,10.8979429006577,481.066300600767,166.031143009663,60.7184582948685,160.65385517478,0,453.374901890755,9.21269023418427,641.972444921732,1660.8813752532,1198.5624730587,311.877793997526,261.139687120914,901.267263710499,9391.95265117288,6551.17451900244,19.8803458809853,21.2037644386292,11.992139339447,8.33662468194962,106.676869094372,6.52578920125961,6.10774183273315,2.37337517738342,0,0,0,0.696073174476624,0,0.657782971858978,3.06779897212982,2.20303344726562,2.1128203868866,3.84617727994919,0,1.88894540071487,0,0.440958708524704,2.85055482387543,13.5512872934341,0,1.9126740694046,0,0,4.10509747266769,0,18.891895532608,31.111532330513,0,3.03203171491623,21.8773477673531,24.1023123562336,4.31433880329132,8.45701551437378,0,0,0,4.85969960689545,770.181459635496
125.77108630538,11.1871876418591,74.919845610857,410.218314021826,936.271921098232,0,1550.40137556195,22138.3730992377,347.518760055304,20432.8096641898,421.553782492876,8041.24121412635,108.422466695309,1778.87780597806,1931.16016224027,5.47243693470955,51.3500585854053,184.689843684435,88.3440970182419,835.129317969084,246.058603048325,19.6835732758045,197.728644251823,471.056930840015,124.399315267801,169.392231732607,176.324030667543,571.017217740417,519.843146085739,415.823229238391,11.3295172154903,297.73326331377,9.60933324694633,537.355518698692,9262.49622362852,4374.12897086143,122.17215885222,1678.48282843828,354.568905502558,5073.96284541488,495.087983578444,505.384060025215,124.111555844545,7.83035552501678,102.043127089739,16.8749901354313,198.798662960529,27.6803779602051,41.8537310361862,1.7873866558075,2.04659640789032,0,78.1302165687084,2.13007414340973,11.1646549105644,37.6937673091888,24.6204549968243,100.809646904469,136.187277883291,12.140608549118,105.75348252058,1.51536580920219,30.6689133942127,22.284255117178,2.80663907527924,0,0,0,58.5527155101299,1.06210362911224,0.570695579051971,1.81300002336502,671.533472508192,0,0,6.34639430046082,455.126984775066,20.9306965470314,3.35103833675385,0,1.43660321831703,4.52857941389084,47.6989766657352,785.105349928141
4627.48241955042,2.07081273198128,805.844732314348,249.861775964499,46.2972712218761,1550.40137556195,0,9250.318559587,188.423210442066,27326.9817112833,187.508978635073,151.498406082392,86.8606466948986,9053.80799123645,144.009683907032,28.2090082168579,514.444445610046,72.6800470352173,63.6837473511696,78.2748948037624,6615.62733393908,7.21983325481415,2983.07314883173,3619.4513425827,37.1819683015347,142.367919743061,185.805660247803,46499.5782174766,4265.54445819557,28895.4200232029,2.84849581122398,78.6123052537441,264.478057473898,1246.54267080128,79.2502169907093,2448.38190409541,187.73042139411,2009.56900247931,437.300982117653,490.265374809504,267.55851483345,125.053497940302,110.485150426626,0.338886797428131,68.0755652487278,12.927952170372,86.1993171870708,7.69689056277275,25.8010541498661,0.343331098556519,0.28651088476181,1.98209321498871,34.5320343077183,0,1.05436378717422,14.1841146349907,7.63536658883095,101.243833094835,52.8374216258526,5.00289982557297,14.9798744916916,0.533074080944061,19.2464272677898,4.94782608747482,25.3324933648109,0.982028007507324,0,0,24.9735133647919,7.17728766798973,3.52985894680023,12.8943431973457,511.078712716699,1.54722845554352,0,46.0870813429356,297.343402385712,18.1177870035172,15.1732596755028,0,0,1.85730445384979,35.6703467965126,13.7445853948593
1139.3839225769,7.56812787055969,1042.27881258726,733.605014413595,393.126770734787,22138.3730992377,9250.318559587,0,428.596160233021,15445.0242496133,792.96352905035,4743.13980662823,187.099659144878,13949.6743706912,581.708816468716,19.6171723604202,1945.92256677151,341.607737958431,268.327797621489,1074.49372422695,2075.2445037812,4.30718189477921,3564.1225977689,1540.01533779502,252.401091039181,530.453826278448,506.247537225485,2458.84134684503,2543.04339030385,7998.9565987289,18.3859649002552,356.933779805899,75.4996849894524,1246.30712750554,102.716337561607,8004.48114860058,462.484469503164,3323.9338324666,872.618673086166,2092.90155333281,476.447222858667,867.01243391633,245.900888741016,6.40920546650887,187.041835218668,23.6248699426651,275.731245487928,31.1472389400005,62.4424608647823,0.660635232925415,2.47057995200157,2.19299399852753,98.1375979781151,0,4.38164412975311,74.6105748414993,25.8187692463398,275.891005367041,116.002300620079,11.841958552599,41.1497157812119,8.41264027357101,23.7450529038906,18.2806571424007,17.1409591734409,0.55850625038147,0,0,42.2840472757816,5.56616827845573,7.56010484695435,7.86288243532181,1740.91104373336,0,2.52682453393936,38.3491461127996,1094.50388807058,27.7031934857368,13.4969628453255,0.890836715698242,0,0,100.719434529543,11.6574383676052
2.72152373194695,3119.29815474153,2.5961394906044,4124.95045369864,105.275676429272,347.518760055304,188.423210442066,428.596160233021,0,2538.63442853093,117.514958143234,3672.38996440172,492.953501909971,447.34351465106,1608.66520366073,229.393083482981,4.21874108910561,23.2077696919441,14.7266241312027,1132.13320380449,52.9061961770058,11246.0856164992,63.3145042657852,27090.6811668873,618.44899943471,50.998124986887,3247.01512435079,3519.98653677106,240.221179097891,51.0262010097504,66.0898016095161,25.4407185912132,10.6674757003784,227.943322747946,1770.65533033013,3507.65152722597,57.8913141191006,406.366946101189,74.3108296692371,4211.81046959758,72.7808734178543,157.772341668606,961.512185752392,34.356865555048,593.577713638544,112.681617021561,1027.57895836234,122.863518506289,107.277693301439,33.5119627118111,61.0260024964809,12.9643827676773,1681.20275124907,6.95052802562714,112.026889622211,191.965950399637,226.2108104527,5448.64631658792,1315.48922547698,89.1428108513355,472.605773419142,21.794253051281,425.758667826653,233.980115532875,984.365387886763,16.2689338028431,63.6992315948009,27.4572700560093,554.451855629683,315.818315029144,726.27215591073,222.533940076828,7784.50188481808,5.72472253441811,119.570788681507,395.871129572392,3226.76953911781,312.378575026989,245.384070277214,5.40209415555,13.40747153759,12.069723546505,279.629337221384,511.154318749905
763.322226285934,14.6332398355007,291.881668686867,5625.85607805848,111.904968827963,20432.8096641898,27326.9817112833,15445.0242496133,2538.63442853093,0,1136.17520076036,9093.63368833065,463.239361643791,13441.5872073174,799.03817269206,26.1907999962568,164.529711633921,487.489584237337,155.083977937698,2101.59714463353,1487.23672923446,18.5690251886845,914.480163171887,2490.61340519786,234.825225830078,337.992314040661,256.162715554237,10779.1049909592,5312.41814778745,2029.92526170611,25.4899080991745,310.421575188637,115.065012395382,3493.9290535301,489.148958563805,7743.26249158382,242.709471583366,4848.19302651286,634.605997383595,2162.3877453208,808.315833419561,721.025699973106,435.482783913612,8.15717026591301,459.554092884064,42.1145273149014,1282.03749144077,97.3965937197208,108.880098968744,3.31194591522217,16.3131246864796,0.351891160011292,1572.20609554648,6.89784097671509,62.6947013437748,231.614988476038,148.795643776655,1058.20036327839,2292.89997926354,34.1692471206188,509.535731226206,1.63850581645966,162.706519544125,187.409217119217,15.3020973801613,0.776501834392548,0,0,1070.51524928212,4.02622899413109,31.2572931945324,4.54625183343887,3058.30414241552,3.04925799369812,0,20.7785402536392,4093.27406048775,89.8226120769978,17.3675404787064,0,0,1.45877397060394,256.287343204021,41.8706195950508
13.4405590593815,491.864490896463,21.1737882494926,80.2927712202072,0.675192058086395,421.553782492876,187.508978635073,792.96352905035,117.514958143234,1136.17520076036,0,752.372537583113,16269.0775716901,1843.31390437484,33.1229852437973,9.09001904726028,572.043747931719,11256.7864495814,1979.38356488943,186.668513715267,24.3960222601891,170.043161422014,69.0898607671261,311.266698390245,1658.52168786526,4285.94944146276,614.859487563372,204.077734291553,3352.86644780636,101.425189554691,1368.28697943687,2227.17576721311,11.3799244463444,19768.5322828293,42.1780261397362,989.195696204901,2285.90697300434,6954.42536726594,513.458844214678,157.010789304972,30.2841190397739,4543.71103873849,30.8678709864616,1807.15785852075,19.4235796928406,16.1233293712139,14.9150292277336,0,495.499532908201,0,190.793607354164,0.480815500020981,0.909299522638321,0,0.477336436510086,1.701584815979,3.63962590694427,52.3105176389217,0.457280665636063,2316.25638145208,5.41421616077423,3875.98561650515,16.7694848775864,1.54705968499184,4.89121177792549,1.58502388000488,28.9059916138649,8.14171636104584,0,0,61.3695747554302,1.24128103256226,77.8274458646774,365.289375722408,979.398245304823,1176.06217893958,10.540423065424,74.5917434096336,0.532452702522278,945.720876395702,36.3176400661469,0,393.963512867689,23.3236758708954
19.4045375883579,88.9984776377678,28.3029986023903,6175.56047189236,40.5398415625095,8041.24121412635,151.498406082392,4743.13980662823,3672.38996440172,9093.63368833065,752.372537583113,0,256.555000394583,3614.51021799445,4722.42222708464,9.7434110045433,54.9868199825287,334.8198133111,149.455008745193,8781.8106212616,33.5932224690914,230.01199349761,41.2429982423782,2710.11786919832,127.830957829952,302.580770015717,298.768521487713,1341.59146365523,1105.74170362949,99.5693061947823,17.3789168894291,153.42266830802,10.8983803391457,1247.27467849851,36758.7842187285,3496.03360915184,140.122702628374,2042.75310152769,283.552750110626,7524.84238046408,139.380748271942,547.30272102356,149.58276823163,8.9528628885746,154.976595193148,35.7531424760818,1055.79746314883,40.5683542788029,54.2652504742146,0.652765154838562,7.4239496588707,0,866.820282310247,5.10878464579582,111.005082964897,51.0979184508324,57.4560016691685,396.536051303148,1011.03311473131,27.5218089222908,2116.82852602005,8.35984551906586,105.712540090084,166.903662711382,13.5115969181061,0,0.5809086561203,0,480.857120007277,5.23068690299988,9.45011410117149,2.89583736658096,831.531611919403,0,0,7.72532260417938,1203.20268687606,39.497670352459,5.43521732091904,0,0,1.83944237232208,63.5973345339298,7959.94104596972
8.96040916442871,3203.30957731605,45.7122975885868,44.1794602870941,4.87331473827362,108.422466695309,86.8606466948986,187.099659144878,492.953501909971,463.239361643791,16269.0775716901,256.555000394583,0,312.528545945883,43.431632488966,75.5110792517662,16.3265725672245,123.45446100831,18.1046741008759,60.0939122736454,103.676129311323,1294.53282693028,149.62994325161,448.251181274652,11543.5800038278,286.970610886812,5816.50209751725,191.977505534887,321.585539668798,107.486396878958,2873.22033816576,377.774930953979,3.63614839315414,3412.95126754045,82.2443113923073,642.222228735685,1280.57907629013,8205.06046515703,1042.62644165754,122.120449244976,50.719751894474,8848.7739353478,31.216395765543,2322.0791823566,21.4046149849892,22.9191576838493,19.5364066362381,0,402.206401884556,0,397.625066518784,0,1.37006092071533,0,0.650777876377106,0,3.74863895773888,66.0713940858841,2.70606955885887,5261.77973675728,7.31169250607491,10083.4633831978,24.2313016951084,0,9.54000875353813,1.16395533084869,29.3971593677998,5.31454384326935,1.23531213402748,3.20222881436348,141.54402795434,6.89725586771965,117.258026093245,1293.56523618102,1526.17133209109,2712.03367099166,27.3399222791195,94.2641025781631,1.68950414657593,2169.56710591912,49.4274936318398,0.500018656253815,530.569090276957,26.0788490176201
7372.75219145417,26.8713390529156,1426.2150041461,723.537808209658,48.6077188551426,1778.87780597806,9053.80799123645,13949.6743706912,447.34351465106,13441.5872073174,1843.31390437484,3614.51021799445,312.528545945883,0,222.942989975214,37.8979959189892,4029.53552207351,876.555643171072,844.805176079273,1262.70440530777,1961.82616868615,12.098453938961,4343.39565905929,2568.75592628121,235.733428269625,1408.77132239938,1627.34262931347,4017.63269230723,25834.3919799179,18741.9121274352,37.868942797184,203.534178823233,107.892980068922,2606.617610991,90.2506726980209,5008.87417653203,588.914368838072,4299.29956513643,921.476629674435,709.290893763304,197.033455699682,750.906865864992,264.848682701588,13.7913370132446,218.473967015743,24.1905153989792,304.168355494738,28.0254026055336,74.2178997397423,3.85533973574638,14.3844358921051,0.751404404640198,73.8196430206299,0.725277185440063,6.79100167751312,74.5342149734497,19.2286873459816,285.828902751207,76.369612455368,27.9470522105694,27.788980692625,9.29672172665596,32.6890221834183,9.94552013278008,18.1613267958164,4.55207550525665,0,1.89357817173004,37.2896888554096,7.46252834796906,7.20049464702606,8.70943543314934,2175.05606520176,4.31550207734108,8.43160066008568,103.280334919691,1202.37052956223,41.6838632524014,22.1695916652679,2.87387788295746,0,9.62726271152496,118.25758561492,20.7992515563965
11.042099416256,153.91246125102,83.1108880341053,679.043140500784,6047.7282948494,1931.16016224027,144.009683907032,581.708816468716,1608.66520366073,799.03817269206,33.1229852437973,4722.42222708464,43.431632488966,222.942989975214,0,167.675092250109,46.9550878405571,16.1356789171696,16.0178634822369,346.332022339106,962.489941745996,394.096142500639,1820.446962744,1683.44420310855,71.1876725852489,28.2727638185024,378.669412046671,935.030531644821,204.148954242468,458.000039964914,2.94478264451027,38.6904431581497,26.5959199666977,218.79603022337,11506.5983606577,1370.72759032249,350.209738135338,473.875717073679,419.026062995195,11448.8781917393,567.438067257404,119.366615623236,110.461708962917,34.277596950531,65.0015701651573,140.941959679127,276.993971347809,25.295771420002,33.8119513094425,3.90644472837448,1.79208111763,0,159.960177749395,0,20.8012541234493,20.321159273386,20.5645602941513,103.224864274263,215.037881433964,10.4075166583061,147.262077182531,0,46.6080306768417,56.0355489253998,33.6177131533623,0,0.836613237857819,0,121.854531317949,18.8638442754745,5.85688430070877,15.7304353415966,364.523195028305,0,3.9684100151062,38.0559427142143,346.405684620142,18.4202546179295,14.6793328523636,0,0,0,27.0233160257339,1653.54583805799
6.8070210814476,1412.61663249135,35.1054435372353,2.01510858535767,112.803958058357,5.47243693470955,28.2090082168579,19.6171723604202,229.393083482981,26.1907999962568,9.09001904726028,9.7434110045433,75.5110792517662,37.8979959189892,167.675092250109,0,90.2525994777679,1.40647810697556,6.67270439863205,1.91918960213661,9723.4943049252,5852.87166365981,7638.3573294878,3312.17111489177,183.58000010252,17.6703208088875,13942.1361641586,2296.33098712564,37.4151127934456,51.3935744464397,10.7131046354771,4.58116728067398,12.6726652979851,219.210765510798,473.947385549545,4502.53346419334,2705.54358685017,916.690396785736,810.406741499901,233.860313981771,49.9681201577187,160.132951647043,2968.95280405879,145.492478877306,1282.14198571444,1448.73723345995,358.034732729197,52.838823735714,48.5297568142414,52.3269536793232,7.65426588058472,117.061432898045,5.29824078083038,0.66037654876709,13.3540468811989,82.621778011322,85.9501682221889,48.7187754511833,16.4475401639938,15.7899894714355,4.77471885085106,3.53730654716492,142.614875257015,53.9245138168335,11316.5616163313,99.927273452282,1.10960984230042,24.1212274134159,2.79163470864296,1866.54125520587,972.029799818993,5428.0232514143,2388.97466236353,1.22410702705383,40.8650190830231,4629.33691748977,1543.16962343454,430.554480791092,997.49213296175,0.85223263502121,1.50583559274673,38.2058699727058,564.061947822571,336.607295960188
1003.85069102049,68.2806476354599,20086.8620964885,5.45402497053146,28.3729845285416,51.3500585854053,514.444445610046,1945.92256677151,4.21874108910561,164.529711633921,572.043747931719,54.9868199825287,16.3265725672245,4029.53552207351,46.9550878405571,90.2525994777679,0,1634.93198755383,7756.56398686767,17.1028918921947,830.977075219154,12.383363366127,14460.8607159555,104.520522683859,15.8628811240196,19501.1676902473,15976.5438526571,396.169895172119,5954.93059027195,5392.41395190358,9.22371923923492,155.655805289745,712.879924237728,10124.0326981246,171.937150269747,2615.51457539201,4012.83237889409,2435.3429325819,1111.23236864805,154.182761818171,61.4888130426407,69.6635801792145,208.950453907251,39.3619765341282,130.695893794298,174.961494743824,15.7864586114883,2.94332164525986,0.701287150382996,1.78687763214111,43.5660380125046,178.348673135042,0.382682591676712,3.15051293373108,0,4.84138941764832,0.568759262561798,5.21984648704529,0,3.22010064125061,1.26172208786011,1.47330302000046,1.33793133497238,8.06883680820465,34.2046470344067,164.424363225698,2.13272953033447,101.165917485952,0,13.2106494605541,13.8084919154644,68.5531772375107,33.8705756366253,1.03186702728271,525.382282733917,2342.67937430739,16.651872754097,4.0662847161293,11.651739358902,2.79550540447235,0,0,124.69629123807,49.6746262907982
11.2499952018261,17.6383222043514,150.032059550285,21.6614125967026,1.2805438041687,184.689843684435,72.6800470352173,341.607737958431,23.2077696919441,487.489584237337,11256.7864495814,334.8198133111,123.45446100831,876.555643171072,16.1356789171696,1.40647810697556,1634.93198755383,0,8447.73481240869,81.0812489390373,16.7148195505142,5.17399832606316,138.518186628819,111.700705081224,58.2304054200649,4017.64638158679,775.27218863368,70.2978847920895,1615.74488392472,73.2293560504913,291.47966080904,808.463703244925,11.2834165692329,4215.41972276568,262.328747838736,2633.85383224487,4378.97740718722,3685.7950951755,2060.4249946177,78.5918057858944,27.4705668091774,221.26893606782,57.3007695674896,313.056872308254,9.93262481689453,36.4275376796722,0.971400499343872,1.05459010601044,10.8591373562813,0,16.3311848640442,5.85817846655846,1.06110820174217,4.10098230838776,0,0,0,14.2668563127518,0,193.785485059023,1.46153968572617,298.454126358032,0.613833963871002,2.30395513772964,0,4.70880725979805,63.721684217453,27.4324418008327,0,0,1.17966744303703,0,2.15500545501709,37.319811463356,1278.24909633398,1756.59313336015,0,2.82632064819336,0,539.061562895775,0,0,18.8811011016369,116.095054537058
55.3545642793179,20.3211967647076,401.602318912745,13.5721120834351,7.84969067573547,88.3440970182419,63.6837473511696,268.327797621489,14.7266241312027,155.083977937698,1979.38356488943,149.455008745193,18.1046741008759,844.805176079273,16.0178634822369,6.67270439863205,7756.56398686767,8447.73481240869,0,34.9087707996368,72.3057904839516,0.75614196062088,541.170648276806,42.8887015283108,7.11793503165245,13728.6322467327,973.156435698271,37.476462751627,2015.69625359774,202.071777701378,32.0960866510868,377.032212674618,87.13017770648,5664.08876571059,105.890443772078,1689.87207710743,2024.80429548025,2294.81132042408,1146.81185117364,44.9944810271263,13.8462315797806,85.8855827450752,39.0245741903782,12.7065099179745,13.6071720123291,18.722201526165,0,0,2.40660572052002,0,7.22192344069481,16.7555608153343,1.09640783071518,0,0,0,0,1.46406328678131,0,3.06795465946198,0,9.65569227933884,0,0,4.27780893445015,19.6843265295029,0.916674137115479,18.6268920302391,0,0,2.93788433074951,0.635359942913055,1.92440557479858,1.47114264965057,197.745664387941,423.660374701023,0,0,0.509159564971924,10.1104588210583,0,0,18.2630899250507,49.3494548797607
18.5188798904419,7.16284942626953,12.8701744675636,17253.6918382645,12.0557492673397,835.129317969084,78.2748948037624,1074.49372422695,1132.13320380449,2101.59714463353,186.668513715267,8781.8106212616,60.0939122736454,1262.70440530777,346.332022339106,1.91918960213661,17.1028918921947,81.0812489390373,34.9087707996368,0,21.0500709116459,23.5261521041393,21.2890475988388,1080.81742295623,60.4125286638737,69.4350162446499,58.7261675000191,1508.36646196246,420.51184079051,47.7044926285744,5.7429047524929,34.920901209116,7.12299174070358,345.176861435175,14.3438113331795,1089.08606591821,27.2603159248829,517.6246984303,64.9297244846821,632.410651534796,77.7923339605331,128.952967405319,140.028851687908,2.78194001317024,130.957544833422,18.9110907912254,631.34861317277,26.5360068678856,38.2593137323856,0,4.5296276807785,0,734.8146674335,4.77240884304047,38.0818619728088,75.6746537089348,72.4740987420082,325.902806520462,955.296702712774,11.1230992972851,374.094792842865,1.00044858455658,72.921799659729,111.634060502052,0.996273428201675,0,0,0,395.381559342146,3.03174501657486,12.927619099617,0.382511049509048,855.035250455141,0.374866187572479,0,4.83576634526253,1382.61009812355,36.779288738966,1.2688239812851,0,0,0,81.4649175405502,0.483338534832001
492.855212152004,85.0315164029598,1838.23470196128,41.9007403552532,498.191973596811,246.058603048325,6615.62733393908,2075.2445037812,52.9061961770058,1487.23672923446,24.3960222601891,33.5932224690914,103.676129311323,1961.82616868615,962.489941745996,9723.4943049252,830.977075219154,16.7148195505142,72.3057904839516,21.0500709116459,0,200.738077670336,29597.7009162754,684.277015715837,137.02481803298,124.609737128019,1578.33000269532,11383.6505281329,1775.28465786576,37481.3085688204,1.3395066857338,63.077457010746,728.61124676466,9630.53175601363,1914.19195860624,15938.0938605368,2541.91483569145,14102.403344661,5277.71399310231,1376.27300348878,385.213166415691,199.946108192205,913.024126380682,25.3784829974174,359.732546657324,165.954160630703,358.763357669115,55.3675573468208,53.9899263978004,26.5121405720711,2.85269689559937,18.0523120164871,3.39355981349945,4.23752909898758,11.7936773300171,72.3106457293034,86.5494506657124,22.3355949521065,15.5376663804054,16.3091784417629,9.2897817492485,1.34504914283752,173.868969261646,26.150318980217,1211.31910553575,31.7704096138477,0,8.62527060508728,3.73436164855957,642.487836241722,145.136107295752,590.7122592628,1879.1337556839,0.732569634914398,5.67986956238747,509.342916280031,1302.35005703568,320.187522292137,494.603449136019,0,3.22520473599434,22.1893896460533,228.431412279606,305.412044793367
0,7136.97861462831,29.2309368848801,12.5827603936195,2.45796775817871,19.6835732758045,7.21983325481415,4.30718189477921,11246.0856164992,18.5690251886845,170.043161422014,230.01199349761,1294.53282693028,12.098453938961,394.096142500639,5852.87166365981,12.383363366127,5.17399832606316,0.75614196062088,23.5261521041393,200.738077670336,0,431.86352661252,21848.8855372965,1708.99153077602,110.031921982765,10686.7433202565,207.95804271102,14.2031389474869,2.4407696723938,147.511990398169,0.960557043552399,2.11024132370949,38.5111286342144,30.7938049733639,128.387099474669,94.5633609592915,73.243180334568,38.4032047986984,180.511729449034,3.93463903665543,114.630949735641,826.450598984957,67.4492961466312,411.960874915123,418.241129696369,77.6764159798622,21.036190122366,14.4299130439758,6.96335399150848,194.157051980495,59.6963170170784,30.3569259345531,0,0.816387534141541,27.5535740852356,36.0026027262211,344.321058124304,38.1881908178329,33.739087074995,24.3255385756493,42.1534469127655,43.2237319648266,22.1897031068802,2232.19807782769,56.1295557618141,3.9994050860405,18.6429876089096,15.1618028879166,411.227077007294,1067.30517825484,1158.89240172505,1503.47872945666,18.4642317295074,109.913547426462,4647.67045038939,458.401798516512,102.172433018684,217.641297399998,23.1925243139267,0,9.53736287355423,152.444198161364,83.7112094163895
1340.03788399696,305.639294862747,44620.8138798475,38.7345854341984,1801.55711296201,197.728644251823,2983.07314883173,3564.1225977689,63.3145042657852,914.480163171887,69.0898607671261,41.2429982423782,149.62994325161,4343.39565905929,1820.446962744,7638.3573294878,14460.8607159555,138.518186628819,541.170648276806,21.2890475988388,29597.7009162754,431.86352661252,0,1112.63798943162,164.741599619389,2996.36361438036,37914.4539551139,7191.3982462883,3635.90337617695,15144.8100928068,2.8927863240242,114.574844628572,648.867166519165,22057.1397184134,7767.69129177928,50034.6720542461,23409.1224146783,35914.106842339,19783.2770922184,2365.04626888037,470.754868805408,412.750206947327,2506.09549680352,161.622300177813,1184.39100056887,1401.84549427032,430.525106430054,66.5457353889942,68.0503495037556,36.8065687417984,14.189917743206,215.15367347002,0.929680436849594,16.1116788387299,7.84640297293663,84.9346267580986,64.0136704742908,26.4386505484581,11.814101934433,32.4293918907642,12.9286699295044,0.868643641471863,131.545697778463,63.4441974461079,6071.07384371758,122.300373971462,0.654270946979523,29.0428012311459,2.18845492601395,1113.16486653686,336.068229585886,4923.96675214171,1574.72273662686,0,37.6396658420563,4953.61782309413,1148.98308756948,351.099576354027,636.148519068956,0.552454948425293,1.3367680311203,33.0059814751148,405.699115902185,1859.01921677589
64.8985215425491,3900.66191062331,57.7463330030441,4354.6905489862,79.9962015748024,471.056930840015,3619.4513425827,1540.01533779502,27090.6811668873,2490.61340519786,311.266698390245,2710.11786919832,448.251181274652,2568.75592628121,1683.44420310855,3312.17111489177,104.520522683859,111.700705081224,42.8887015283108,1080.81742295623,684.277015715837,21848.8855372965,1112.63798943162,0,787.954772233963,108.989437013865,7000.92883041501,12769.1084601879,3043.34011146426,537.344919204712,34.2372545301914,159.240776032209,434.562684834003,1392.89367771149,232.13916900754,6775.72484606504,670.253122448921,2691.55770137906,822.225319236517,2178.48241829872,480.671423405409,455.419282823801,5086.91163599491,93.9756016135216,3260.53326973319,570.246065586805,2771.30127987266,714.983645260334,301.250314950943,123.286371052265,85.2235421836376,51.220102250576,1077.05570119619,3.5260181427002,227.101440638304,860.943298250437,942.578374683857,3841.82197135687,1806.97559833527,180.334593445063,447.94066759944,7.56153997778893,2099.7052321434,315.479538708925,2141.77172648907,60.0691269934177,8.40242439508438,16.6206674575806,718.072339177132,991.164095669985,926.499492287636,943.999834299088,24817.9121439457,7.36388972401619,19.0071526169777,1488.03223854303,10373.6000999212,1899.36095607281,1247.7098827064,1.31533777713776,44.508780002594,130.171344786882,1586.54456159472,216.057157248259
0.56988662481308,2838.95034879446,14.4587479829788,71.0056324005127,9.37433540821075,124.399315267801,37.1819683015347,252.401091039181,618.44899943471,234.825225830078,1658.52168786526,127.830957829952,11543.5800038278,235.733428269625,71.1876725852489,183.58000010252,15.8628811240196,58.2304054200649,7.11793503165245,60.4125286638737,137.02481803298,1708.99153077602,164.741599619389,787.954772233963,0,387.987133026123,5802.56611219049,309.750868737698,132.295906960964,107.833879232407,596.612839370966,131.166096478701,14.1894209980965,418.439548909664,32.0685114860535,867.300198942423,261.903863966465,1921.94408893585,874.718501478434,916.26175698638,164.080702602863,4122.91157525778,260.463727712631,879.984288603067,173.982770442963,42.6009673178196,663.751216590405,38.7825460731983,833.836986333132,1.35725176334381,458.434649050236,3.092305123806,13.7294240295887,0,15.6189414560795,18.4592305719852,41.3825505971909,33.947501629591,29.0893992185593,1400.2918137908,11.5461177229881,2668.69837683439,92.0712252259254,11.3706097006798,17.2276539206505,2.24816727638245,15.5371733307838,13.6173675656319,15.0016356706619,9.24771600961685,56.3746742606163,7.62649691104889,196.912084311247,1136.90461328626,582.666986852884,2362.75186750293,170.253372192383,97.4064679443836,31.726152151823,566.874104857445,33.2553028464317,4.73098075389862,512.71088963747,10.7181584835052
95.2417595088482,492.111659139395,18110.995151341,15.8887592554092,10.8979429006577,169.392231732607,142.367919743061,530.453826278448,50.998124986887,337.992314040661,4285.94944146276,302.580770015717,286.970610886812,1408.77132239938,28.2727638185024,17.6703208088875,19501.1676902473,4017.64638158679,13728.6322467327,69.4350162446499,124.609737128019,110.031921982765,2996.36361438036,108.989437013865,387.987133026123,0,22111.5500138998,92.0537493526936,2455.83573895693,287.297652125359,1034.39719429612,577.406497359276,45.397326529026,6014.20976090431,398.772855758667,5694.69150152802,10412.4017946124,5518.17053443193,3692.7370749414,91.7278761863708,47.3799104988575,357.58900642395,957.260455846786,1105.29213920236,700.95801949501,766.179136633873,17.4275512099266,12.9542794525623,44.0517696142197,9.25079935789108,854.031978517771,416.786984205246,0,0,0,22.9708947241306,1.88973242044449,23.6696354448795,0,737.198850929737,1.06475865840912,1450.79054024816,8.71476784348488,12.8034902513027,12.2614460289478,775.052954643965,252.34978634119,828.864210098982,0,18.4730592370033,176.862291067839,143.041133493185,34.6702971756458,322.674577653408,9941.6048553586,25920.6811516285,6.80894029140472,18.4429427981377,86.7681668698788,2330.9397341013,2.08796185255051,0.658320486545563,621.099166601896,181.784906059504
135.102070450783,29687.9472798705,17507.6828450263,17.4230495095253,481.066300600767,176.324030667543,185.805660247803,506.247537225485,3247.01512435079,256.162715554237,614.859487563372,298.768521487713,5816.50209751725,1627.34262931347,378.669412046671,13942.1361641586,15976.5438526571,775.27218863368,973.156435698271,58.7261675000191,1578.33000269532,10686.7433202565,37914.4539551139,7000.92883041501,5802.56611219049,22111.5500138998,0,2475.24796250463,3039.77341502905,649.035477608442,1703.97028946877,330.267766535282,80.0779913961887,14252.8827267885,3662.60334658623,35026.7460531294,15113.1591144502,20279.1535682082,17528.8710090816,387.415360212326,190.846032172441,898.825041562319,10848.0154834986,1510.97435265779,6013.08940297365,7608.56386387348,272.83658400178,111.25359877944,125.086736500263,47.1363566815853,7103.17473441362,5436.35889986157,9.85494762659073,20.7996056675911,3.64467793703079,455.12273940444,95.3467439115047,278.963799118996,17.9906017780304,665.264619290829,21.2255843877792,1267.82517704368,172.001169979572,113.138584524393,4386.82478380203,3190.087672472,137.18094214797,1609.76980859041,4.57195475697517,613.701004713774,1977.74835565686,13685.7979694307,1472.03190246224,717.578379482031,14238.5301138163,114623.415354341,678.363157957792,87.6880759000778,515.465693503618,1782.05369719863,6.13599509000778,7.14282003045082,3036.7004237175,1839.68659862876
215.095322102308,98.5973531901836,366.981140643358,7075.06881916523,166.031143009663,571.017217740417,46499.5782174766,2458.84134684503,3519.98653677106,10779.1049909592,204.077734291553,1341.59146365523,191.977505534887,4017.63269230723,935.030531644821,2296.33098712564,396.169895172119,70.2978847920895,37.476462751627,1508.36646196246,11383.6505281329,207.95804271102,7191.3982462883,12769.1084601879,309.750868737698,92.0537493526936,2475.24796250463,0,6700.9535472393,40894.9013131261,2.75158527493477,195.17422734201,1308.99224029481,2540.10932977498,459.598773866892,9576.0461922437,879.221487909555,4633.27433848381,1417.00209447742,2021.28100937605,739.100266039371,463.745856404305,2193.52320170403,21.6323844492435,1435.81084272265,286.269270211458,1519.17278054357,289.617052644491,191.097014904022,39.2724806666374,25.1598218381405,18.7483775913715,971.189648449421,6.92604786157608,71.9631262421608,381.771140098572,379.161836713552,1423.09743306041,1683.49872907996,99.0294041335583,319.436465859413,0,634.568875521421,148.574544668198,733.534060239792,20.6568568944931,0,2.69579941034317,644.694923207164,292.326315313578,142.568675607443,473.428228437901,7884.98451207578,0,5.04423129558563,700.525241315365,5248.66545496881,647.594812780619,449.221225827932,0,11.1752040088177,52.9824048280716,671.046824395657,110.527645468712
10305.1813035309,76.9423336088657,1109.30429822206,494.390323460102,60.7184582948685,519.843146085739,4265.54445819557,2543.04339030385,240.221179097891,5312.41814778745,3352.86644780636,1105.74170362949,321.585539668798,25834.3919799179,204.148954242468,37.4151127934456,5954.93059027195,1615.74488392472,2015.69625359774,420.51184079051,1775.28465786576,14.2031389474869,3635.90337617695,3043.34011146426,132.295906960964,2455.83573895693,3039.77341502905,6700.9535472393,0,31033.5040083528,53.5559628903866,252.112581700087,3280.27720417082,8147.34297472239,150.380358666182,4198.43084174395,648.961413115263,4217.9312543869,758.351141095161,551.995214670897,253.292381197214,294.39627084136,185.126097083092,14.4098507761955,133.659706383944,22.9164783060551,139.68706458807,25.903412014246,47.1758931279182,2.88701063394547,7.31836670637131,11.4384129345417,23.8290583193302,0.588564455509186,1.53587925434113,30.4666104912758,15.4653137922287,124.796483904123,17.6947705745697,20.7264108359814,3.93479070067406,18.2231226563454,21.622341811657,7.09403884410858,34.2666574120522,7.59568664431572,0,4.99072992801666,6.816077709198,8.5064879655838,3.24940490722656,11.3024707138538,976.762396275997,1.2708061337471,16.4606166183949,206.003928482533,456.571552336216,34.25821813941,15.6027541458607,3.40211725234985,0,3.71533870697021,50.5503613054752,25.6497634351254
12335.8569048941,0.680117189884186,1363.4013748467,55.818011701107,160.65385517478,415.823229238391,28895.4200232029,7998.9565987289,51.0262010097504,2029.92526170611,101.425189554691,99.5693061947823,107.486396878958,18741.9121274352,458.000039964914,51.3935744464397,5392.41395190358,73.2293560504913,202.071777701378,47.7044926285744,37481.3085688204,2.4407696723938,15144.8100928068,537.344919204712,107.833879232407,287.297652125359,649.035477608442,40894.9013131261,31033.5040083528,0,1.16347444057465,115.12221378088,3407.96523320675,10353.5067581832,493.718451976776,7543.35451000929,617.977783560753,7955.3984349072,1870.90413433313,1411.76825881004,485.45866265893,131.782797306776,316.94038978219,2.44552087783813,184.91983833909,51.6771090626717,170.414439320564,26.895669311285,43.0161317884922,5.99158781766891,1.49233409762383,3.34165784716606,2.60293298959732,2.05245751142502,7.70408737659454,37.7724434435368,25.0192855298519,18.6005990505219,15.2646521031857,15.9034497439861,1.36304223537445,0,50.3860837817192,8.98132917284966,35.1355267763138,6.22569528222084,0,0.814307928085327,4.56620270013809,25.1311385929585,7.32804870605469,36.121523141861,1059.91268217564,0,1.10139584541321,102.215970367193,581.655753538013,64.3619470894337,39.6930811703205,0,1.18908262252808,9.77346223592758,87.9451044499874,47.1618263721466
