0,0,196.63516882062,1.506207883358,5.04595255851746,44.2244025170803,8308.84086960554,488.883745491505,0,32.7832076847553,7.76342242956161,5.60542365908623,0,8160.29951062799,14.0543930530548,1.11930859088898,238.561182498932,14.1924674808979,54.3435179889202,1.38239860534668,308.922037452459,0,821.233763366938,3.49558353424072,0,58.454685151577,45.0514423549175,163.193430840969,10980.509743154,5105.84415483475,1.36227989196777,11.4445139765739,22.8212184011936,172.351750552654,19.074578166008,84.3353489935398,11.8244461119175,218.546571403742,42.262313336134,5.98637735843658,6.29060006141663,0.788411557674408,0,0,0,0,0,0,0,0,0,0.989401519298553,0,0,0,0,0,0,0,0,0,0,0,0,1.33535158634186,0,0,0,0,0,0,0,1.67803931236267,0,0,2.46039190888405,2.75934642553329,0,0,0,0,0,0,2.61505699157715
0,0,16.0909771323204,0,27.0236834287643,0,0,0.38274934887886,4063.92594143748,4.28751653432846,39.6111400723457,6.48166340589523,281.773234844208,0,114.539483249187,137.157663792372,2.16565150022507,1.19098573923111,3.78425776958466,2.08931940793991,2.5999858379364,2473.3458686769,9.36231571435928,4966.50134170055,967.400684595108,85.6361758112907,6723.06003525853,139.55230692029,0,0,16.3170036077499,0,0,8.42197394371033,1.40776348114014,34.4374739527702,28.4602532982826,25.7776921987534,10.9649392366409,52.0525322258472,0.660481870174408,375.169161319733,33.7109861969948,34.984006524086,10.3958848416805,25.3389928936958,0,0,3.014115691185,0,725.383580952883,47.0860956609249,3.83289855718613,0,0,2.11737322807312,0.472882241010666,35.0945457220078,2.7920013666153,11.2884984016418,0.988126277923584,63.9909279346466,0.910600751638412,0,22.5682358145714,60.2528077960014,0,9.44781225919724,0,3.22519499063492,40.2679559886456,29.0368450582027,119.050396621227,73.1587959527969,282.866718262434,3408.68473562598,37.2908622920513,2.42009437084198,4.72903883457184,33.8388512134552,0,0,2.43962630629539,0
196.63516882062,16.0909771323204,0,1.00620475411415,18.349201977253,96.8402265906334,2875.4196330905,1860.88859513402,1.89287149906158,47.8072004914284,232.518301010132,15.1576826870441,15.0761212110519,2261.41674274206,179.873245626688,25.8034774363041,19161.1246246397,458.452999353409,1826.25761935115,3.51050621271133,6019.20700031519,14.4326516985893,64210.3501068056,37.0707401037216,3.77422052621841,26348.5391198695,25012.0996826887,2045.48361471295,478.495834708214,1381.33700457215,4.38825577497482,33.0972112119198,31.9500822126865,2041.20249843597,592.736126661301,8808.90190267563,2843.70023363829,6435.3551864922,4547.85209855437,48.401723742485,51.2439415454865,31.1386964917183,336.007850319147,153.912085801363,180.791617572308,221.165643751621,5.28223642706871,2.72353023290634,0,0,547.983929276466,1831.14983546734,0,4.79580497741699,0,14.852027207613,3.08325833082199,10.9105187058449,0,2.43653506040573,0,3.21238219738007,17.9607695937157,4.6728258728981,42.3481065928936,650.944326788187,7.47819250822067,96.8433962464333,0,7.68209493160248,70.2211374640465,398.285251736641,25.0676050186157,10.6616478860378,1311.95230007172,9225.77384498715,21.0487525463104,8.62218415737152,35.8330591917038,0,0,0.775874197483063,26.8844366371632,230.858707547188
1.506207883358,0,1.00620475411415,0,231.272731184959,160.088444173336,96.887832224369,400.078939884901,2391.18968364596,4549.9224730432,25.6317904293537,9190.59860867262,8.49666601419449,94.6223855614662,511.834751456976,0,0,8.17400991916656,2.35936406254768,28738.3782801926,0.675449430942535,2.13177698850632,0,4256.40420818329,0.856741189956665,5.41533121466637,1.78417131304741,6779.50154051185,172.233091086149,7.10837930440903,1.24569380283356,84.4216914474964,1.95148354768753,122.376204907894,35.1172913312912,385.906631559134,8.3774040043354,238.96725410223,9.9678236246109,448.089841157198,49.5362862944603,67.2373794913292,158.013798952103,0,42.2796937823296,8.65128540992737,362.36781039834,12.4533613324165,2.70523476600647,0,10.4804016947746,0,1583.23446911573,55.8710348308086,94.2719606161118,105.507376044989,30.8142624795437,858.569901496172,836.745494246483,0.649559676647186,465.46982344985,145.580115169287,16.488251388073,146.954453825951,5.05040162801743,0,0.397580444812775,0,119.980688482523,2.34855246543884,43.7833444774151,3.01474502682686,2839.28959876299,2.43159595131874,0.841170608997345,7.24524387717247,3245.4522947073,7.03437492251396,0,0,1.1106088757515,0,86.2928863465786,6.40996891260147
5.04595255851746,27.0236834287643,18.349201977253,231.272731184959,0,6725.60203745961,507.794279009104,1870.93226218224,1070.2986151576,2464.23184007406,20.0967546999454,1715.39613121748,5.39205747842789,113.751718968153,5213.71771284938,52.9272183179855,12.9783625006676,5.11086511611938,1.41953271627426,123.035014539957,373.754849791527,16.9832884073257,409.700389683247,1037.92754083872,8.07563671469688,12.1870804727077,63.5799717307091,1135.92970219254,34.7498356699944,66.0266382396221,0,346.718722313643,3.44344210624695,5199.16348278522,1268.68397951126,2825.86515969038,78.132304161787,341.915907382965,124.473273277283,17006.9632703066,9602.90156275034,105.213147163391,32.1486834585667,8.72214156389236,4.55190080404282,14.7252847552299,406.278034865856,1.25240314006805,3.40835213661194,0,0.607561528682709,0,88.444641828537,37.6484200656414,119.824882268906,10.1835995614529,5.82930743694305,155.783111572266,137.441939622164,0,290.580140560865,158.975841075182,4.49155926704407,120.71626496315,8.35915172100067,1.52730405330658,0,0,33.9475455880165,9.53293734788895,4.60485070943832,18.3487243354321,277.379399329424,0,2.09234547615051,9.88254243135452,294.200424343348,0,1.61523497104645,0,0,0,38.9515810608864,523.587550878525
44.2244025170803,0,96.8402265906334,160.088444173336,6725.60203745961,0,2294.90322245657,17438.6035509259,617.873682826757,28667.6278033108,151.564151495695,10091.1249046922,32.2120783925056,1149.92247909307,2867.0643234551,0,166.442368805408,36.065163820982,40.5549476146698,185.675459057093,100.472124069929,0.394237667322159,409.475194275379,306.10318890214,0,91.1246875822544,40.7648382782936,2777.05787970126,611.743817925453,752.805365771055,8.40890979766846,587.166254609823,20.1267879605293,523.99189966917,5555.78278705478,2878.68450421095,31.5806581676006,636.095798432827,111.404413431883,5957.22875267267,402.467730671167,161.844137966633,59.4757210016251,2.10173749923706,6.67038172483444,1.99226647615433,416.595836818218,3.24511939287186,2.82254379987717,0,0,0,126.539636641741,50.6127671599388,121.682702481747,32.7965448200703,5.85346442461014,165.15089276433,227.096951514482,0,404.510644882917,254.132438719273,5.27327436208725,142.72313824296,6.42881369590759,0,0,0,45.3632305264473,6.7324047088623,0.553243339061737,8.00576975941658,583.538618028164,0,1.73670101165771,1.3981871008873,543.382585018873,1.49869957566261,0,0,0,0.483779579401016,66.0994526147842,459.679437160492
8308.84086960554,0,2875.4196330905,96.887832224369,507.794279009104,2294.90322245657,0,18193.0407637805,731.922698289156,13673.2623166442,802.855759263039,335.224861770868,119.571924388409,31214.5655460656,813.365891247988,14.516419172287,570.935658097267,320.462125837803,175.450950175524,73.6892766654491,2599.0701213181,1.71096724271774,2449.96574008465,1967.36555823684,0,787.687691420317,793.719423681498,65036.4997034073,9967.78867810965,14209.0786432624,46.6868619918823,827.341760486364,724.34058329463,3399.49748456478,1234.90864986181,6697.6597596705,304.951514720917,4625.30916139483,592.710052102804,872.691490739584,650.987253248692,94.3570587337017,204.560237288475,7.28583088517189,49.8638534247875,18.5235244333744,146.250573664904,26.3486345410347,0.764982223510742,0,19.908432751894,42.1659820377827,184.290033012629,18.1896117031574,26.3547927439213,99.3571681082249,36.4750593900681,218.16180023551,345.378390401602,0.402187645435333,68.3805183470249,55.4058722853661,27.1797286868095,51.7908483445644,66.6917767226696,7.33669570088387,0,0.395285487174988,34.596266835928,37.5931014120579,19.3285573720932,54.5243413448334,2050.39586827159,3.43260991573334,7.05358812212944,216.804826676846,2313.43466189504,14.426344871521,0,0,0.407056391239166,0,63.098512172699,138.110382884741
488.883745491505,0.38274934887886,1860.88859513402,400.078939884901,1870.93226218224,17438.6035509259,18193.0407637805,0,390.54906001687,17879.4848400801,538.121251583099,3207.60228569806,81.7601696550846,12682.3262938261,587.213878571987,4.9919935464859,1700.66748291254,187.528511077166,565.098935991526,455.996477648616,1705.30524662137,0.349840879440308,4809.11286312342,967.153327763081,2.7967002093792,705.999847054482,442.124035418034,5715.32483226061,4423.26058515906,6315.68187761307,24.686723023653,903.637229502201,242.105501770973,2087.08226332068,649.248125433922,4472.46956199408,180.595545053482,2813.23316964507,619.57114931941,2386.85086175799,199.711690157652,200.135197460651,436.713003963232,2.38651788234711,51.0481664836407,28.6650406718254,300.331022411585,19.4214266836643,12.0611939430237,0,3.06611728668213,5.40532422065735,162.861541211605,16.5329413414001,55.1692282855511,160.592774271965,21.8602395355701,215.250644594431,305.410869121552,0,135.296420812607,303.936466187239,9.05147272348404,72.5241177678108,19.0663942694664,0,0,0,32.8925262093544,17.9467909038067,7.10216820240021,15.5256462693214,2082.4608938098,0.910857498645782,1.28266480565071,46.9649363160133,2884.12860438228,11.3765398859978,0,0.990054726600647,1.2696704864502,0.425662636756897,123.667295992374,55.3040660321712
0,4063.92594143748,1.89287149906158,2391.18968364596,1070.2986151576,617.873682826757,731.922698289156,390.54906001687,0,2197.72843766212,217.779787272215,2475.49746972322,920.001583784819,72.9052675962448,2196.11986190081,129.525417357683,0,7.40146520733833,2.12080019712448,470.799736350775,9.77058005332947,4726.48300915956,10.5921292304993,40786.3346289992,1620.01740089059,91.002221852541,4941.98741334677,7518.85354503989,60.5771796405315,3.6097000837326,41.2155629992485,117.391298443079,0.460121601819992,91.5954324305058,15.1811116337776,345.732864499092,41.5804800093174,122.777221113443,6.4875003695488,3267.04367807508,37.3171228766441,597.134038329124,294.058544963598,16.4919452667236,42.3758109509945,9.85727876424789,377.466070324183,16.4075570702553,10.4247514009476,0,72.1306823790073,9.36421951651573,394.703314691782,96.2460971474648,176.636379241943,107.213351309299,28.8988951742649,4523.43030530214,454.772485852242,3.78161960840225,527.862805753946,43.8994852900505,30.139214515686,246.494955599308,435.638033032417,2.37421527504921,0,3.15607768297195,86.1418873369694,164.330004870892,1107.38657188416,60.6789802610874,6601.51794546843,98.9086410105228,41.7395273149014,450.63306504488,3210.0345517993,36.4189343452454,0,1.83342951536179,6.71952688694,2.54929506778717,33.6369479596615,35.3589752912521
32.7832076847553,4.28751653432846,47.8072004914284,4549.9224730432,2464.23184007406,28667.6278033108,13673.2623166442,17879.4848400801,2197.72843766212,0,1749.91047549248,11964.1875664294,260.768946111202,5992.35074716806,1937.51090601087,0.55532568693161,79.6259838938713,494.516102880239,119.886411130428,5068.04159981012,33.6834790408611,1.41549324989319,63.5742103457451,1863.61389806867,5.74587696790695,677.366251111031,104.4937723279,27680.5105203092,5148.81181553006,187.031762599945,49.0791954100132,2809.85431945324,35.9732623696327,3714.25555855036,1329.82111129165,6575.25271734595,135.467322468758,4362.43545261025,175.75763887167,3422.98367875814,974.239891082048,290.850597947836,318.109415471554,5.63544315099716,67.4584541916847,14.3454454243183,834.357205450535,19.8680583834648,12.5151579380035,0,3.74071931838989,0,1202.78052127361,71.7874883115292,279.890376508236,219.675634324551,56.5522674620152,673.414009988308,1407.39297063649,2.76231426000595,969.591773211956,391.573392808437,23.895496070385,280.538014948368,9.22693115472794,0,2.21425813436508,1.07273682951927,239.172726124525,6.50119662284851,11.9571796655655,15.7409176826477,4038.24966490269,4.4350948035717,3.24672076106071,4.10013076663017,5374.82791435719,12.2255411148071,0,0,0.429138243198395,0,148.864967733622,78.3895824253559
7.76342242956161,39.6111400723457,232.518301010132,25.6317904293537,20.0967546999454,151.564151495695,802.855759263039,538.121251583099,217.779787272215,1749.91047549248,0,616.653142184019,8649.42455464602,448.275692641735,36.1220038235188,8.11241409182549,572.135031014681,17735.1570359468,689.316495746374,101.46120557189,184.287935167551,97.8945825695992,548.723833948374,173.316577315331,292.68592068553,11324.6148903668,1107.96767148376,541.967597812414,1412.68388977647,232.898434102535,1613.59342864156,1587.50394815207,17.6816219389439,11553.9610438645,239.512457311153,2888.31883904338,5316.10927894711,7869.14956513047,2153.95177525282,47.4198002815247,41.3884452283382,1378.32026281953,20.3139465451241,882.87824600935,44.3988471031189,2.58109056949615,8.12225079536438,0,640.495663553476,0,105.479779213667,2.45673441886902,3.75747358798981,0,0,0,0.966949999332428,77.4774709939957,3.13863295316696,602.68946236372,7.10399705171585,2649.99299451709,0,1.6331495642662,6.32093960046768,1.61666232347488,3.63409441709518,1.56413853168488,0,0,43.8382177352905,0.524668753147125,28.4381506145,507.49754345417,217.290107399225,416.586007475853,10.8404535651207,1.31915438175201,0,780.944758445024,0,0,45.6704352498055,55.1878247857094
5.60542365908623,6.48166340589523,15.1576826870441,9190.59860867262,1715.39613121748,10091.1249046922,335.224861770868,3207.60228569806,2475.49746972322,11964.1875664294,616.653142184019,0,82.8596988916397,1186.39695197344,5709.35553735495,0.798668920993805,28.789995521307,170.185987859964,44.597681760788,22878.5394504368,5.90363341569901,4.3559547662735,20.2853572368622,1891.11841094494,2.65499830245972,321.460826665163,60.6151586771011,2079.0406498909,1004.0173907876,28.0903155505657,21.102414637804,890.114178925753,3.38566929101944,989.729539036751,1657.82426771522,1511.068700701,40.9630603790283,834.897163033485,53.2414686977863,3684.79720854759,150.020421355963,117.216470599174,78.8386530280113,0.980261445045471,22.1149619221687,8.77232044935226,844.493674784899,8.64629113674164,8.56166779994965,0,0,0.681755006313324,1183.68869704008,119.624659210443,289.989970803261,39.2872344255447,41.0417946279049,435.732310175896,606.3933621943,0,2501.54652372003,174.908618479967,26.4445062279701,322.733048319817,3.37239047884941,0,0,0.421055823564529,272.543859839439,3.12240242958069,0.816263020038605,4.16021507978439,1069.63993471861,2.11834514141083,0,1.00468507409096,1277.34647956491,4.54909411072731,0,0,3.35346674919128,0,76.9280251562595,147.958778232336
0,281.773234844208,15.0761212110519,8.49666601419449,5.39205747842789,32.2120783925056,119.571924388409,81.7601696550846,920.001583784819,260.768946111202,8649.42455464602,82.8596988916397,0,44.5140439867973,18.3794519305229,16.5539055764675,2.52144944667816,48.9938251972198,0.618719041347504,16.4588833749294,27.5883255004883,599.334805846214,56.3491253256798,528.689451485872,5230.20638588071,529.005468696356,3313.64447870851,151.153333932161,128.615337759256,27.0356016457081,3706.93939390779,160.052282959223,0.887009680271149,1517.95125588775,58.1082688271999,656.325682997704,5281.79738819599,2344.13792258501,566.883032023907,29.2586853504181,11.4041346907616,4487.24857878685,20.3020160794258,3993.80090621114,200.844534397125,14.246224462986,1.94412302970886,0,3590.63607788086,0,596.673518687487,2.29564931988716,0,0,0,0,0,254.730847984552,0,2519.35343936086,0.993485569953918,11456.8409868181,6.57378441095352,1.20938777923584,39.1403891444206,0,6.15875637531281,0.791909754276276,0,0.518812239170074,216.189324468374,0.466032981872559,86.1631599962711,3370.52592504025,766.947993010283,2853.67887380719,17.2216819226742,1.16618144512177,0,3064.50719875097,5.25419914722443,0,172.430312037468,6.55547934770584
8160.29951062799,0,2261.41674274206,94.6223855614662,113.751718968153,1149.92247909307,31214.5655460656,12682.3262938261,72.9052675962448,5992.35074716806,448.275692641735,1186.39695197344,44.5140439867973,0,183.00727635622,5.53462642431259,2974.95483955741,284.284148335457,1039.75368565321,192.602447479963,2582.10423204303,0,7954.54900890589,222.562107294798,0.840780973434448,962.452689111233,719.573949098587,2861.74560785294,27078.6054111719,19309.3590193391,15.9769192934036,206.615346133709,203.119617491961,2812.66620764136,234.797748684883,2433.52576455474,153.795458674431,2889.58825606108,601.979592263699,219.277763575315,121.637144237757,51.6329321563244,86.8176474869251,0.649795114994049,13.480063855648,3.4419381916523,28.0993007421494,2.76979315280914,2.80582529306412,0,3.42587471008301,9.69160440564156,20.8089173734188,4.54767566919327,6.68524876236916,18.2830477952957,2.51077449321747,36.9718192815781,29.4816947877407,0,34.4416021406651,64.1830724477768,2.27860361337662,21.9626682400703,10.6174030303955,0,0,0,2.13490110635757,6.96158781647682,3.81729376316071,9.60109552741051,362.4276086092,0.686946988105774,1.23906743526459,52.5382469296455,386.45177847147,2.26174145936966,0.465759366750717,0,0,0,16.7334416508675,11.9971405863762
14.0543930530548,114.539483249187,179.873245626688,511.834751456976,5213.71771284938,2867.0643234551,813.365891247988,587.213878571987,2196.11986190081,1937.51090601087,36.1220038235188,5709.35553735495,18.3794519305229,183.00727635622,0,165.592662811279,28.6164140701294,70.8407658338547,43.2018439173698,200.423996001482,1071.04861846566,58.9189707934856,1184.75384989381,2909.52258276939,16.6788147389889,205.227587014437,741.348916620016,3466.39995327592,91.3340867757797,211.698665827513,4.32202768325806,93.817880153656,5.62509948015213,66.6314990222454,5085.10988751054,1276.27022492886,809.521885961294,183.723763495684,934.379156112671,3243.01104226708,189.716162085533,81.8478572666645,75.6253560483456,28.6732200980186,9.90178003907204,126.527098715305,553.075512617826,8.97649618983269,2.39831972122192,0,0,11.4080138802528,175.60883423686,73.3538764715195,199.678299307823,22.4283544719219,13.9217191934586,214.98969745636,311.792313337326,0,505.468711167574,124.7546043396,13.3617151081562,225.270589411259,15.6689167618752,1.14782345294952,1.24060595035553,1.78165650367737,50.9749094545841,23.3534784018993,5.70183145999908,61.974842697382,466.785165607929,2.02175772190094,10.9819993376732,40.9914331138134,634.945196479559,3.45799505710602,1.43037933111191,1.11078143119812,2.03685802221298,0,36.8816972970963,2123.24631616473
1.11930859088898,137.157663792372,25.8034774363041,0,52.9272183179855,0,14.516419172287,4.9919935464859,129.525417357683,0.55532568693161,8.11241409182549,0.798668920993805,16.5539055764675,5.53462642431259,165.592662811279,0,10.5108856260777,15.2832458615303,13.6838518083096,0,12484.6472191215,9273.7424505055,9612.29996857047,14368.0055273771,8.51921266317368,60.781884431839,9960.54453536868,10962.087811172,2.41163492202759,7.02865272760391,0.879803061485291,3.21762722730637,0,54.3903706967831,517.452807575464,6664.29280722141,1618.40115070343,926.868777930737,1132.28540593386,50.1187105178833,23.5334811210632,13.7370820045471,686.016384869814,83.3151386678219,245.400545179844,253.930734962225,11.4523419737816,5.90690290927887,0.789911031723022,2.85801783204079,79.9816016256809,147.648585230112,0.613055884838104,4.69896900653839,0.894924938678741,249.014853358269,28.4782319068909,52.9782857894897,2.99318593740463,5.43811213970184,0,43.2383237481117,61.4649492502213,37.6738348007202,15863.88332358,31.1118212640285,4.09196710586548,20.8452826440334,0,1179.99535691738,4024.19891601801,8615.36840739846,1640.34805551171,6.6777803003788,160.692447245121,5183.0307611227,1281.12300261855,22.166622698307,10.1941596269608,1.26919937133789,0,3.50896471738815,19.4779612720013,124.04117539525
238.561182498932,2.16565150022507,19161.1246246397,0,12.9783625006676,166.442368805408,570.935658097267,1700.66748291254,0,79.6259838938713,572.135031014681,28.789995521307,2.52144944667816,2974.95483955741,28.6164140701294,10.5108856260777,0,1307.42682731152,9221.8465539515,3.01607564091682,3175.24364748597,7.14065396785736,26857.1484028101,36.8120575845242,0,19510.6943145096,14777.2088220119,1014.26000514627,2463.42520356178,4605.27323794365,0.482652246952057,68.486726552248,210.720480412245,7591.17214083672,105.505748033524,1361.79012414813,793.227307677269,3074.19597709179,1079.03761839867,23.1309398710728,15.7929291725159,4.8731854557991,4.97723811864853,7.97844159603119,4.41763836145401,8.02245265245438,0,0,2.82454669475555,0,35.1547743082047,87.3713124096394,0,0,0,0,0,0,0,0,0,0,0,6.10393369197845,3.14221411943436,23.4460128843784,0,3.41268247365952,0,0.390249758958817,1.89027404785156,5.59012749791145,1.98925167322159,2.4610647559166,198.06478497386,583.060480386019,0,0,1.66816401481628,1.45952451229095,0,0,2.39886689186096,17.6428037881851
14.1924674808979,1.19098573923111,458.452999353409,8.17400991916656,5.11086511611938,36.065163820982,320.462125837803,187.528511077166,7.40146520733833,494.516102880239,17735.1570359468,170.185987859964,48.9938251972198,284.284148335457,70.8407658338547,15.2832458615303,1307.42682731152,0,3995.04385834932,29.0170292556286,401.641469419003,2.78095281124115,988.85347160697,22.2988878786564,1.47364050149918,13536.0948500931,1602.11997675896,241.241279527545,628.635279744864,188.030791729689,54.5744887590408,389.959376901388,27.5258738994598,3771.69040605426,329.428443789482,3140.66541159153,3003.28478509188,5385.52429208159,2800.5504398644,19.4555386304855,11.7504742741585,7.48155438899994,5.56940460205078,33.2630452811718,2.25256681442261,1.21791446208954,2.11961996555328,0,4.3178596496582,0,6.93315368890762,3.97181245684624,0,2.7223881483078,0,0,0,4.12393754720688,0.434570521116257,11.8459869623184,0,56.745660007,0,1.39426410198212,0,0.540772974491119,4.48616057634354,3.14803922176361,0,0,1.24229919910431,0,0.6730837225914,8.50666144490242,238.719660788774,313.574507057667,0,0,0,113.909596085548,0,0,0.933223068714142,54.6394340991974
54.3435179889202,3.78425776958466,1826.25761935115,2.35936406254768,1.41953271627426,40.5549476146698,175.450950175524,565.098935991526,2.12080019712448,119.886411130428,689.316495746374,44.597681760788,0.618719041347504,1039.75368565321,43.2018439173698,13.6838518083096,9221.8465539515,3995.04385834932,0,12.795530885458,1037.07313331962,1.9827721118927,3051.57116273046,8.57966142892838,0,9261.93994352221,2786.42197746038,326.492932677269,904.610713481903,554.191819012165,1.32925653457642,99.0705077052116,74.2880353927612,3402.07707938552,159.022823393345,1937.21235072613,1232.49700337648,3211.3672208488,1663.84447187185,8.80496466159821,12.1479605436325,5.19906944036484,3.23297500610352,4.55849108099937,1.07651728391647,0.651674389839172,0,0,0,0,5.35502755641937,6.18560400605202,0,0,0,0,0,1.55377268791199,0,0,0,1.03931868076324,0,0,0,4.00140449404716,0,0.911830544471741,0,0,0.733931124210358,0.395691841840744,0,0,88.2938678562641,144.354499191046,0,0,0,9.61707669496536,0,0,0.504707038402557,29.8248070478439
1.38239860534668,2.08931940793991,3.51050621271133,28738.3782801926,123.035014539957,185.675459057093,73.6892766654491,455.996477648616,470.799736350775,5068.04159981012,101.46120557189,22878.5394504368,16.4588833749294,192.602447479963,200.423996001482,0,3.01607564091682,29.0170292556286,12.795530885458,0,2.82632619142532,0,4.47356697916985,1166.54170876741,0,49.02803632617,6.14509153366089,2869.22930812836,286.466563284397,6.49046021699905,4.83592393994331,144.670119076967,0.558600842952728,176.977475017309,28.3907299041748,445.039825171232,6.2705090045929,234.131186366081,15.404992878437,234.135808467865,75.172364294529,21.9853585958481,53.5615611672401,0,12.7706488668919,6.5122122168541,114.588536173105,5.47543787956238,0.380784511566162,0,0.398680329322815,0,775.066488742828,14.3659517765045,45.9688169360161,44.7859776616096,11.5902020335197,124.658459752798,238.153070837259,0,162.30516910553,41.4221238493919,1.69353020191193,31.8870420455933,0.55300098657608,0,0,0,29.8664573431015,0.838735818862915,1.09354749321938,1.89455330371857,657.227908909321,0,0,0,908.493724912405,2.18286240100861,0,0,0,0,32.8413766622543,2.739561855793
308.922037452459,2.5999858379364,6019.20700031519,0.675449430942535,373.754849791527,100.472124069929,2599.0701213181,1705.30524662137,9.77058005332947,33.6834790408611,184.287935167551,5.90363341569901,27.5883255004883,2582.10423204303,1071.04861846566,12484.6472191215,3175.24364748597,401.641469419003,1037.07313331962,2.82632619142532,0,311.840782761574,78525.1283189952,224.552748680115,0.985150337219238,1277.29793295264,2976.33686995506,14390.9484244883,1209.53178027272,29824.4293957651,2.6270367205143,60.7652004063129,449.920210510492,11664.1110760868,3238.15900424123,20202.8946877122,1565.9755923152,19997.1582357883,7884.97694516182,313.069872677326,331.852564901114,56.4799897670746,119.710118919611,7.94741222262383,21.2202246189117,35.1210951209068,8.31329780817032,0.635276913642883,1.72440648078918,0,8.66377699375153,56.3703212141991,0.463786721229553,40.2765211462975,0,13.028627127409,0.575112879276276,15.9667047262192,0,0,0,8.7128409743309,1.12389543652534,119.151279211044,1779.60966196656,10.2986978888512,0,1.60134243965149,0,380.683040589094,415.764288574457,772.504796713591,288.866869360209,0,10.6979688107967,611.96600022912,248.767532914877,1.69851061701775,0.339679598808289,0,0,0.376669466495514,2.00657349824905,667.471396386623
0,2473.3458686769,14.4326516985893,2.13177698850632,16.9832884073257,0.394237667322159,1.71096724271774,0.349840879440308,4726.48300915956,1.41549324989319,97.8945825695992,4.3559547662735,599.334805846214,0,58.9189707934856,9273.7424505055,7.14065396785736,2.78095281124115,1.9827721118927,0,311.840782761574,0,1389.76549917459,16216.5518614054,904.645458638668,67.0261469483376,9079.11245393753,1290.17534899712,0.561494588851929,1.14928805828094,31.3872547745705,2.86706751585007,0,38.0817438066006,5.13335168361664,91.5101330280304,57.4976129233837,57.1097349822521,22.726634979248,24.2557541131973,3.4873286485672,555.707643926144,253.828143000603,43.831844419241,63.7337465584278,81.773383140564,4.86780798435211,1.20469617843628,6.84183931350708,0.549968779087067,304.951711118221,53.4935472607613,1.73698997497559,1.99015724658966,0,42.6028136610985,7.11613434553146,71.7117150425911,1.73639106750488,9.57566773891449,0,44.6518035531044,7.79974758625031,3.36687976121902,4394.11263716221,33.2753753364086,0,4.15143179893494,0.467248499393463,240.112308532,3280.51437920332,1580.62709227204,882.366062819958,57.7370281219482,173.584608286619,5625.21776479483,463.705284386873,4.21232876181602,3.64369142055511,26.3170232772827,0,1.18444693088531,14.0523648262024,22.4527716636658
821.233763366938,9.36231571435928,64210.3501068056,0,409.700389683247,409.475194275379,2449.96574008465,4809.11286312342,10.5921292304993,63.5742103457451,548.723833948374,20.2853572368622,56.3491253256798,7954.54900890589,1184.75384989381,9612.29996857047,26857.1484028101,988.85347160697,3051.57116273046,4.47356697916985,78525.1283189952,1389.76549917459,0,785.141257286072,0.614924490451813,14506.0494641662,27053.6133616269,11949.086073786,3072.17586225271,18457.3699815869,8.45530819892883,86.3754663467407,364.003675729036,15705.072586447,4530.85777527094,52185.7923047543,18055.2048522234,31038.9969976544,21269.9758472741,573.037050634623,284.173147916794,124.899965494871,1121.70948576927,142.231690585613,543.814099401236,562.810891896486,28.9994575381279,7.51798191666603,4.6801723241806,6.20758664608002,277.298326730728,1855.66005554795,0,80.3166461884975,1.18410634994507,330.968694359064,40.1183880269527,23.9216438531876,2.34874415397644,2.07860639691353,0,122.327271252871,96.5342313945293,199.124051749706,11858.0760475099,311.848378926516,4.84539821743965,39.3339696228504,0,671.857604056597,2261.63321521878,10427.3378104866,1049.39675363898,9.93438029289246,226.313805997372,13811.0802003145,907.117873907089,30.2367539703846,24.0695581436157,0,0.345248520374298,1.59485414624214,46.6332146525383,1401.78905361891
3.49558353424072,4966.50134170055,37.0707401037216,4256.40420818329,1037.92754083872,306.10318890214,1967.36555823684,967.153327763081,40786.3346289992,1863.61389806867,173.316577315331,1891.11841094494,528.689451485872,222.562107294798,2909.52258276939,14368.0055273771,36.8120575845242,22.2988878786564,8.57966142892838,1166.54170876741,224.552748680115,16216.5518614054,785.141257286072,0,962.970469653606,82.2212965786457,14287.7504050732,17874.8980050385,286.026970416307,23.5413825511932,22.592540293932,204.899624198675,38.8529418110847,360.678735226393,447.435193806887,5333.88353464007,327.531271755695,830.062731027603,204.312485158443,1895.96914610267,165.936867237091,445.849042087793,3923.10739591718,40.2207247018814,617.025230646133,196.356526821852,1443.88187813759,222.704102903605,17.6530465483665,2.98567932844162,232.980826735497,71.1749914288521,1431.6190443337,145.122797995806,344.703236341476,1418.3438526988,477.011343330145,8061.07855984569,2496.9602419436,30.151810079813,668.381476998329,348.862551450729,486.509261220694,395.068233817816,6120.55929490924,8.53510046005249,5.92283895611763,4.81158113479614,235.507145106792,2686.5991435349,3481.33867573738,1814.75682172179,35225.0751011968,101.731807291508,155.546391069889,2177.3405020237,29374.1119417846,262.950167745352,6.14934596419334,0,88.3087193071842,35.5414368510246,755.810845643282,218.657101869583
0,967.400684595108,3.77422052621841,0.856741189956665,8.07563671469688,0,0,2.7967002093792,1620.01740089059,5.74587696790695,292.68592068553,2.65499830245972,5230.20638588071,0.840780973434448,16.6788147389889,8.51921266317368,0,1.47364050149918,0,0,0.985150337219238,904.645458638668,0.614924490451813,962.970469653606,0,255.673994064331,7204.71574872732,22.8909724056721,3.26341444253922,0.969229936599731,378.249488532543,2.42201364040375,0,48.0551072955132,0.815478146076202,19.8029743134975,248.401412457228,118.821577012539,11.5496978163719,13.4763414263725,0,1931.65363061428,16.4299652576447,318.749622792006,51.4505453407764,15.3963878750801,1.5048114657402,0,592.22084915638,0,622.849622517824,1.61070966720581,1.5321661233902,0,0,0,0,75.6094992160797,0,394.778079926968,0,2485.58529961109,1.48558378219604,0,8.11742013692856,5.11718121170998,0,7.84612411260605,0,0.49902606010437,67.7119538784027,0,60.597071737051,1856.53268271685,621.572256803513,2991.94472762942,3.73546159267426,0,0,542.596990287304,0,0,42.7093986868858,0
58.454685151577,85.6361758112907,26348.5391198695,5.41533121466637,12.1870804727077,91.1246875822544,787.687691420317,705.999847054482,91.002221852541,677.366251111031,11324.6148903668,321.460826665163,529.005468696356,962.452689111233,205.227587014437,60.781884431839,19510.6943145096,13536.0948500931,9261.93994352221,49.02803632617,1277.29793295264,67.0261469483376,14506.0494641662,82.2212965786457,255.673994064331,0,21640.7900565863,744.422220349312,1279.97963306308,611.431951254606,788.957310259342,703.805366873741,46.4783130586147,6210.21796178818,1104.56310671568,12823.4784494936,13475.1643527746,11591.9528615773,7914.1337210834,38.035685300827,71.0004315972328,76.7212243378162,93.0228009521961,1391.13577464223,280.517937958241,66.9459272027016,0.859395146369934,0,182.26703312993,0.562134027481079,345.729454427958,175.754126787186,0,0.564330279827118,0,1.11549240350723,0.760807991027832,73.0095067024231,0,1228.47605440021,3.68877777457237,4848.70989730954,8.14678537845612,5.16468453407288,11.0098271965981,193.533566117287,147.213118255138,172.355911284685,0,1.12503197789192,60.5713892877102,15.5885374248028,29.0152351558208,934.698553532362,8063.2078974247,14706.6961820722,1.41110455989838,5.78855580091476,4.6655308008194,5471.21633073688,0,0,142.976909637451,277.201191067696
45.0514423549175,6723.06003525853,25012.0996826887,1.78417131304741,63.5799717307091,40.7648382782936,793.719423681498,442.124035418034,4941.98741334677,104.4937723279,1107.96767148376,60.6151586771011,3313.64447870851,719.573949098587,741.348916620016,9960.54453536868,14777.2088220119,1602.11997675896,2786.42197746038,6.14509153366089,2976.33686995506,9079.11245393753,27053.6133616269,14287.7504050732,7204.71574872732,21640.7900565863,0,8170.70287045836,620.244271993637,687.292281240225,798.346044421196,134.591990083456,55.1996094286442,5190.95304274559,2445.46674525738,35429.8477419615,12388.7943824232,19308.313213706,15586.998747915,229.632255136967,203.080033928156,212.482675462961,3174.81383994222,3543.04124298692,2579.98751068115,2168.15232467651,61.3181024193764,16.2462909519672,352.106123387814,20.6954992413521,12427.7091731727,9524.13788199425,4.10374295711517,11.4311794042587,0.384687930345535,257.675272494555,25.1584334671497,250.29913854599,0.466468870639801,1228.01925569773,0.727312862873077,6554.52225109935,100.135001659393,53.6635097563267,4405.44167944789,5355.65241661668,329.089149922132,1508.46495810151,0.343447536230087,358.472286820412,2604.23325136304,5693.31084793806,1444.69122487307,4966.78034511209,41605.565852046,175473.403763562,803.041460722685,63.9514261484146,261.57584348321,7406.63194525242,3.31734922528267,1.67593374848366,398.683997005224,880.130628854036
163.193430840969,139.55230692029,2045.48361471295,6779.50154051185,1135.92970219254,2777.05787970126,65036.4997034073,5715.32483226061,7518.85354503989,27680.5105203092,541.967597812414,2079.0406498909,151.153333932161,2861.74560785294,3466.39995327592,10962.087811172,1014.26000514627,241.241279527545,326.492932677269,2869.22930812836,14390.9484244883,1290.17534899712,11949.086073786,17874.8980050385,22.8909724056721,744.422220349312,8170.70287045836,0,4260.1683562398,39177.9083361924,20.3906001448631,1156.87677125633,1327.75308856368,7910.19361525774,5860.7361817956,40160.8023222089,1852.56415635347,13180.7722550929,3353.39163637161,2059.64395433664,1462.01540440321,431.008300095797,3759.48217797279,45.9179835319519,571.524158239365,244.824869126081,1487.299667418,177.229457676411,11.5913991630077,2.20342004299164,43.7536690235138,107.268766582012,2127.65742522478,141.002564489841,336.71769464016,1546.83718961477,260.547373533249,3416.42966255546,3336.11603370309,5.73381957411766,842.72125479579,732.547710686922,296.993379235268,521.978910923004,5657.28325909376,12.7050704061985,0,1.26892614364624,332.420731753111,3213.93217173219,1824.82003667951,1643.99882915616,23855.5434847474,10.6405710577965,31.9324176609516,1570.88762572408,26998.7678655088,205.286535650492,7.40894159674644,0,12.2049415111542,24.7016856372356,714.904847145081,728.389637410641
10980.509743154,0,478.495834708214,172.233091086149,34.7498356699944,611.743817925453,9967.78867810965,4423.26058515906,60.5771796405315,5148.81181553006,1412.68388977647,1004.0173907876,128.615337759256,27078.6054111719,91.3340867757797,2.41163492202759,2463.42520356178,628.635279744864,904.610713481903,286.466563284397,1209.53178027272,0.561494588851929,3072.17586225271,286.026970416307,3.26341444253922,1279.97963306308,620.244271993637,4260.1683562398,0,30487.5885774791,76.4323773384094,930.119208574295,6825.99780070782,7836.56195369363,66.7215424180031,1476.16339534521,102.480036377907,2354.91162094474,217.601894468069,146.965988755226,64.6440788507462,49.069871366024,49.1018051505089,5.28544181585312,5.7048614025116,3.18619513511658,11.8816908597946,0,7.49328964948654,0,3.25949740409851,0.565015971660614,17.8916526138783,0.5329669713974,2.71247678995132,7.6115710735321,0,39.5557609200478,9.29849424958229,1.97899883985519,20.3506564795971,31.7954450547695,0,3.11290562152863,4.01124775409698,0,0,0,0,3.05939757823944,1.83638691902161,2.92262235283852,209.54136878252,1.39140641689301,7.53857010602951,11.0770149230957,228.722913593054,0,0,0,0,0,15.7428414523602,0.872385323047638
5105.84415483475,0,1381.33700457215,7.10837930440903,66.0266382396221,752.805365771055,14209.0786432624,6315.68187761307,3.6097000837326,187.031762599945,232.898434102535,28.0903155505657,27.0356016457081,19309.3590193391,211.698665827513,7.02865272760391,4605.27323794365,188.030791729689,554.191819012165,6.49046021699905,29824.4293957651,1.14928805828094,18457.3699815869,23.5413825511932,0.969229936599731,611.431951254606,687.292281240225,39177.9083361924,30487.5885774791,0,8.71230939030647,149.109678387642,3753.44794142246,10461.5480019748,392.968126058578,1129.88854131103,116.924560576677,5260.60887908936,655.633869498968,111.92598131299,138.805566102266,18.7848725914955,3.17142567038536,0,0,8.84003809094429,1.57834649085999,0,2.49708247184753,0,2.19122129678726,12.0688985586166,0,3.15939944982529,0,0,1.10578978061676,0,0.63408750295639,0,0.679239809513092,3.87180042266846,0,11.7309327721596,4.70873627066612,0.922157377004623,0,0,0,2.43020433187485,0,11.2456823587418,13.6481686234474,0,0,50.0473392009735,18.9912768900394,0,0,0,0,0,2.56149327754974,68.0127797722816
1.36227989196777,16.3170036077499,4.38825577497482,1.24569380283356,0,8.40890979766846,46.6868619918823,24.686723023653,41.2155629992485,49.0791954100132,1613.59342864156,21.102414637804,3706.93939390779,15.9769192934036,4.32202768325806,0.879803061485291,0.482652246952057,54.5744887590408,1.32925653457642,4.83592393994331,2.6270367205143,31.3872547745705,8.45530819892883,22.592540293932,378.249488532543,788.957310259342,798.346044421196,20.3906001448631,76.4323773384094,8.71230939030647,0,91.8826664984226,0,295.099676817656,40.8280416727066,371.380121648312,1441.35715216398,565.491107463837,205.094776570797,2.85748744010925,3.45105612277985,72.7353088855743,5.87033247947693,885.741145282984,91.4383000433445,12.5377977490425,0,0,223.908108115196,0,76.9187120497227,0,0,0,0,0,0,28.485835313797,0,773.077110081911,0,3795.07639396191,0,0,2.90514102578163,0,5.70605731010437,0,0,0,34.5695575475693,0,8.03065606951714,754.626572579145,438.643666923046,1182.04994690418,0.535469114780426,2.41767239570618,0,1891.20941182971,2.3311675786972,0,73.46935069561,5.9810888171196
11.4445139765739,0,33.0972112119198,84.4216914474964,346.718722313643,587.166254609823,827.341760486364,903.637229502201,117.391298443079,2809.85431945324,1587.50394815207,890.114178925753,160.052282959223,206.615346133709,93.817880153656,3.21762722730637,68.486726552248,389.959376901388,99.0705077052116,144.670119076967,60.7652004063129,2.86706751585007,86.3754663467407,204.899624198675,2.42201364040375,703.805366873741,134.591990083456,1156.87677125633,930.119208574295,149.109678387642,91.8826664984226,0,5.28683799505234,14466.4515271485,160.725348621607,4464.85869878531,132.747668415308,1107.09830972552,377.123403906822,1017.50311079621,3082.21206063032,352.487922638655,65.5045959055424,10.8914940953255,8.90902125835419,19.6422978639603,34.0755481123924,0,10.1813222169876,0,0.463358163833618,0,5.41607934236526,0,4.93646079301834,1.94712191820145,0,35.4855082929134,2.53012233972549,1.66701865196228,17.5652838647366,227.822695463896,0,4.68878829479218,4.00473064184189,0,0,0,0,5.90460479259491,0,2.50478106737137,188.356154799461,5.55885031819344,1.18233594298363,2.80106675624847,109.868212103844,0,0,2.69187653064728,0,0,67.983354985714,19.582095772028
22.8212184011936,0,31.9500822126865,1.95148354768753,3.44344210624695,20.1267879605293,724.34058329463,242.105501770973,0.460121601819992,35.9732623696327,17.6816219389439,3.38566929101944,0.887009680271149,203.119617491961,5.62509948015213,0,210.720480412245,27.5258738994598,74.2880353927612,0.558600842952728,449.920210510492,0,364.003675729036,38.8529418110847,0,46.4783130586147,55.1996094286442,1327.75308856368,6825.99780070782,3753.44794142246,0,5.28683799505234,0,2344.30812975764,6.2128381729126,26.1105187535286,5.93608972430229,401.262201249599,19.8590231239796,7.56237518787384,1.19379258155823,0,1.01427698135376,0,0,0,0,0,0,0,0,0,1.32867908477783,0,0,0,0,1.42717587947845,2.22418612241745,0,0,0,0,0,0.444355696439743,0,0,0,0,0,0,0,2.73760253190994,0,0,0.467758983373642,10.226774930954,0,0,0,0,0,0,0
