0,0,1066.79452952743,67.0356840193272,1.27400940656662,54.8517064750195,8476.7989051342,1416.0716368258,14.1333744823933,495.912946969271,26.2625649571419,57.9963809549809,0.62378340959549,9556.59416630864,14.0100386440754,1.13639351725578,1484.99606829882,55.5841007828712,129.781947523355,238.084647685289,239.385814726353,0,1295.46027767658,51.9479248821735,0,431.338069021702,466.443595409393,413.270434260368,9689.96828359365,10871.8282862008,0.674309074878693,14.0725721120834,117.519839137793,369.629839777946,26.2081451117992,280.757718712091,20.405087441206,343.924961656332,103.29690605402,68.9566305577755,10.4644496440887,21.9003177881241,11.8637749552727,1.38734856247902,1.7965227663517,2.18821179866791,5.97929188609123,0,0,0,0,1.62927424907684,1.93261733651161,0,0,3.56318160891533,1.67488348484039,1.01901876926422,1.60396513342857,0,0,2.55080902576447,0.518322169780731,1.22456705570221,6.58613222837448,0,0,0,0.380340158939362,0.547288954257965,0,1.08474311232567,30.5261536538601,0,3.28745818138123,21.4923921525478,33.0515697002411,0,1.33135938644409,0,0,0,3.16632717847824,5.51361894607544
0,0,45.9604711830616,0.663557529449463,0,0.375870317220688,3.61995211243629,2.60371345281601,1997.97987475991,2.65968120098114,455.681311964989,33.0991404652596,890.844150662422,11.4689889550209,6.90613979101181,639.295016556978,113.093238115311,8.23734307289124,42.1859768331051,3.93942022323608,7.55696797370911,4459.6686283052,70.8519886136055,1651.5304056704,3134.03124064207,226.859752863646,25838.1107984781,73.4064701199532,13.9928941726685,3.11483711004257,75.6610643267632,1.17338582873344,0,69.7489975094795,12.3274703025818,151.840271055698,104.065741062164,134.855850338936,70.8055944144726,5.71728402376175,1.2480057477951,236.208563089371,200.706426411867,70.6425637900829,61.7867127656937,57.1678923666477,1.29322063922882,1.36645185947418,14.2558907866478,0,1376.16886043549,116.212430804968,0,0,0,3.28268185257912,0,14.2793805599213,1.77228444814682,150.851993978024,0.508926153182983,543.994896888733,2.14539605379105,0,15.2798864841461,54.9540417790413,2.65204310417175,30.7248863577843,0.785966157913208,3.83324831724167,71.1169756054878,8.73490166664124,27.5558352470398,185.01504611969,199.248788058758,6118.66954419017,17.036778241396,0.408148527145386,1.06016105413437,80.6034877896309,0.568854033946991,0,35.3330673277378,8.95831084251404
1066.79452952743,45.9604711830616,0,57.6436392068863,2.34517467021942,77.6229104697704,7135.53378266096,1035.30330255628,4.15613639354706,204.893603891134,8.59446570277214,45.5047856867313,0.758827745914459,2254.91583848,40.0353007912636,102.045540183783,20911.0391665101,68.8239673674107,560.76193344593,120.725974321365,2433.40477493405,7.94382667541504,30227.9035284221,102.684912115335,3.82941496372223,39431.5702806413,46007.590043813,3102.29057085514,1449.41699525714,2735.75643849373,3.02371492981911,13.4991244077682,250.019468098879,4542.93197968602,969.247322142124,12199.8804016113,7412.42210865021,5893.18908116221,5435.93622845411,127.202782154083,93.4829923510551,27.143274307251,2645.12813404202,340.733739197254,1080.38662424684,916.46049502492,12.4203779995441,8.071837246418,1.43308901786804,16.3828617930412,141.824851572514,3294.19835421443,1.01977699995041,0,1.19244229793549,98.2982450425625,8.73881274461746,18.493346363306,0.664851203560829,1.25695788860321,3.75925251841545,4.40494045615196,43.5423667579889,11.0176773965359,761.360748171806,570.132067471743,4.0514472424984,156.077882707119,1.30631649494171,23.6442026495934,65.9113810956478,2350.11570885777,51.5616929233074,0,1416.94880929589,18878.9235578775,56.2138522267342,13.1385263800621,77.5730510652065,0,0,0.268542498350143,569.806703388691,374.40951064229
67.0356840193272,0.663557529449463,57.6436392068863,0,5.8727870285511,120.929954528809,621.962853223085,421.738677740097,4796.94533658028,4169.43415495753,4.46247664093971,1351.04167181253,0.959849298000336,421.285300403833,243.930305510759,2.67145246267319,13.7670462727547,7.67057940363884,7.78764548897743,35662.1502760947,35.56615203619,4.38510835170746,71.2223323881626,6927.264901191,0,24.3166064321995,32.4955788850784,17355.2247223854,434.121209412813,59.7073032855988,0,37.4518505036831,41.993587076664,166.391241043806,54.0930009484291,1009.66802933812,46.242492556572,463.927958160639,80.8818398416042,270.462565839291,45.7047279179096,91.5837582051754,164.705853372812,0.675828874111176,49.0389968156815,17.4263020455837,620.026517510414,24.5142222642899,3.60698026418686,0,0.454909324645996,0,2778.9986295104,5.62311351299286,69.0205191969872,254.077617913485,70.2023735046387,556.984165936708,1513.00991272926,2.36662790179253,758.140627801418,37.4504290223122,44.679718375206,75.7044113874435,1.06876981258392,0,0.598149180412292,0.431701391935349,730.088356375694,0,0,0,1295.20698922873,0,0.341794312000275,2.67060187458992,1827.66569471359,16.8189099431038,2.03311896324158,0,4.29572993516922,0.687232732772827,76.1537499129772,3.14212656021118
1.27400940656662,0,2.34517467021942,5.8727870285511,0,2069.56528994441,64.6603032648563,192.765387535095,230.236250638962,87.5850594341755,0.538796246051788,557.949976027012,0,32.4056901335716,4614.72447887063,6.79546356201172,2.10373854637146,2.12402203679085,1.84042757749557,61.1938093304634,17.6938900649548,0.673026621341705,35.548089414835,22.6646910905838,0,1.01636469364166,3.90195465087891,65.0312212705612,27.8969239890575,22.420244961977,0,23.6476817131042,0.547655820846558,81.8278806805611,1161.38883113861,693.371546804905,21.9604516029358,14.4882098436356,19.1631810665131,15207.8461027741,3084.95941883326,20.0488897562027,12.3890271186829,5.02543705701828,5.63916206359863,25.0205012559891,18.2885679602623,1.25877392292023,0,0,0,1.65699470043182,7.7888819873333,0,0,2.92322504520416,0,0,7.43270853161812,0,11.254643201828,5.27217853069305,0.728642284870148,3.34014970064163,1.37818878889084,0,0,0,6.12379336357117,3.32409071922302,3.01772618293762,9.97694760560989,10.4526872038841,0,0,10.8144768476486,10.1447885930538,0,2.37277781963348,0,0,0,8.78712099790573,119.677757948637
54.8517064750195,0.375870317220688,77.6229104697704,120.929954528809,2069.56528994441,0,4252.26226145029,12461.461068958,266.150829225779,22221.7806709111,158.121616244316,19751.8786197305,6.36638948321342,795.172374129295,2993.6296569705,3.20875811576843,27.5440589487553,114.187681555748,79.9147502183914,1710.84705170989,39.1698188483715,0.639757513999939,136.761260688305,103.679097563028,1.72389310598373,90.1985718607903,94.3390691876411,818.681314229965,265.684249132872,101.039861649275,2.25031849741936,151.188523262739,21.1380529403687,121.726707547903,14075.5982567072,2665.44969019294,103.154822438955,472.516381084919,314.794225215912,7300.72158685327,560.245568156242,179.727987587452,66.5830082893372,4.63511714339256,13.6659305095673,27.5469414293766,238.571806848049,8.74772444367409,1.26029655337334,0,1.52217626571655,0,150.775590628386,1.0567319393158,27.8464960455894,47.6905429959297,19.0829090178013,29.6521800458431,157.513164639473,3.39006417989731,229.702216356993,23.0714153647423,11.8187264502048,41.39552038908,4.85450679063797,0,0,0,79.1671630740166,0.953437983989716,0.608834683895111,4.1345431804657,181.862613379955,0.505588054656982,0.843578338623047,4.31248509883881,201.494619131088,5.45825731754303,0.346290230751038,0,2.50078472495079,0,131.891223162413,1176.06007581949
8476.7989051342,3.61995211243629,7135.53378266096,621.962853223085,64.6603032648563,4252.26226145029,0,19638.7206510901,261.879378676414,16111.9193891883,250.259167522192,554.027301549911,9.74602380394936,33646.3826127946,585.784664899111,63.4214230775833,1786.24887129664,303.527876019478,329.694528073072,694.773063927889,6476.41075542569,0.470380932092667,14105.3598130941,1132.31475633383,0.780775368213654,1127.91370154917,1300.87499985099,46063.2678605765,11066.3360104263,21198.7834798396,2.98786294460297,306.783338546753,2558.8419303,3228.96243521571,900.501096606255,10029.506094873,594.463872075081,6849.4700473547,1805.19501924515,2265.39091214538,436.248737901449,307.066456258297,278.88466489315,10.6756267845631,108.830360412598,58.3632920384407,204.98587629199,28.8251350224018,13.5612822771072,0.751068532466888,1.82991483807564,10.7566583156586,340.446759730577,0,16.6008768975735,398.916040122509,43.024129062891,123.631416231394,320.309019297361,4.05761885643005,82.6019819974899,72.5952557623386,43.0100219845772,25.3982582092285,53.83744135499,1.78834807872772,0,0,117.622428297997,4.93598055839539,14.3910258710384,39.35320353508,1184.64045402408,0,3.0115077495575,82.5444178283215,1558.05998775363,48.8550524413586,5.3075709939003,0,16.1066728830338,2.40195500850677,186.201636254787,161.984510779381
1416.0716368258,2.60371345281601,1035.30330255628,421.738677740097,192.765387535095,12461.461068958,19638.7206510901,0,472.417043834925,20242.3854547441,516.862644940615,9006.93142136931,19.476346552372,17407.1742453575,773.691946744919,13.008819848299,821.492942482233,351.734879493713,252.110171765089,4010.8986671567,339.485598683357,2.29753959178925,1355.75986748934,835.829394638538,6.29592508077621,536.039225310087,551.490247219801,3803.27650585771,1518.99028494954,3718.75292387605,14.2089579701424,449.354473039508,111.55734783411,576.136836707592,254.866480618715,7313.85799580812,461.807352364063,1701.0200997293,875.393502831459,8875.86881735921,299.268688321114,689.019534707069,407.828193962574,14.1387189626694,99.0737477838993,42.7867868840694,578.021509110928,29.9214341342449,16.4959561824799,1.42245197296143,4.64136517047882,1.22344732284546,409.534483462572,3.04805046319962,41.4186868071556,479.126142859459,36.4924404919147,115.788634687662,433.116724789143,13.5937431454659,321.76000636816,126.861883014441,12.6897252500057,94.774220854044,17.4628975689411,0,0,0,178.087107390165,1.94844061136246,8.12725609540939,6.80476438999176,1471.21025168896,2.35807853937149,1.01172530651093,17.7746841907501,2029.61889851093,23.8600208461285,0,0.693687915802002,4.80677732825279,4.60002785921097,498.382355928421,53.506879478693
14.1333744823933,1997.97987475991,4.15613639354706,4796.94533658028,230.236250638962,266.150829225779,261.879378676414,472.417043834925,0,1049.18714666367,99.0903195142746,7261.61955237389,190.24999114871,204.332568854094,3549.86772689223,628.837665498257,9.82005870342255,14.1680364906788,11.1594817042351,5304.77360343933,61.9844796359539,11901.9230904579,117.034651756287,34121.3300996423,903.03793656826,16.6312091946602,2229.25670838356,5646.97297400236,94.7952609360218,13.5105085074902,6.09070807695389,23.1315791904926,16.1325427293777,47.2203230261803,32.2291017472744,575.722074896097,26.8147803246975,135.509131222963,32.7473063468933,1519.06096935272,14.4353930354118,87.6988093852997,461.757519960403,15.203331142664,98.7331484556198,44.4579255282879,864.971074432135,18.7350518405437,3.45315769314766,5.26896160840988,10.951960682869,2.40443998575211,1791.06973150373,19.79114985466,140.965017706156,394.502028793097,91.2513692378998,3552.76815244555,1473.2177105248,9.83702090382576,1091.44063109159,36.4483605921268,81.1858302950859,435.761852622032,1365.10092058778,0,5.91995003819466,5.62183284759521,647.396923154593,267.743433088064,1177.55145162344,474.399713873863,7570.87216559052,8.48447570204735,7.57441586256027,218.922815084457,3005.09766632318,75.956853479147,62.3158785700798,2.13521784543991,14.2482888102531,2.35428777337074,90.3278061747551,54.3542709350586
495.912946969271,2.65968120098114,204.893603891134,4169.43415495753,87.5850594341755,22221.7806709111,16111.9193891883,20242.3854547441,1049.18714666367,0,313.627006620169,10315.9505826533,7.24365749955177,6212.90645253658,314.303461879492,12.2278943359852,92.3458695709705,318.307206124067,301.567046999931,27224.2958468199,81.9539684951305,0,270.57927441597,567.059862881899,0.593240559101105,302.72427546978,372.367581278086,9171.56030121446,2717.96619719267,458.038365125656,4.13339132070541,317.922391802073,65.5698655545712,801.75562480092,405.829430758953,4632.03667208552,378.837846696377,2381.96621224284,449.105045676231,1442.61948877573,355.18330296874,259.487072259188,102.507931023836,4.70912498235703,32.1059246361256,20.5959173440933,403.948714971542,21.3640313148499,7.46403819322586,0,1.24313202500343,0,793.341964960098,3.17962610721588,28.2150928974152,210.240728408098,29.2104975879192,223.443711280823,720.170356094837,0,303.713079899549,51.4630915522575,8.3997475206852,54.126754462719,3.2007771730423,0,0,0,333.069152325392,0,0,1.79246270656586,851.157271116972,0.947908937931061,0,0.404986977577209,1053.06544825435,8.80834284424782,1.44458103179932,0,0.507060587406158,0,122.129688113928,34.8493486940861
26.2625649571419,455.681311964989,8.59446570277214,4.46247664093971,0.538796246051788,158.121616244316,250.259167522192,516.862644940615,99.0903195142746,313.627006620169,0,705.152038156986,3988.4858995676,1768.15471881628,28.4559993445873,107.89313569665,84.7572993040085,9330.99531292915,886.967048555613,313.189666509628,10.7663423120975,485.741311132908,92.0858092010021,151.981781691313,1862.40182811022,3506.93454173207,321.744152218103,163.182263880968,3524.16074645519,41.5228497684002,110.395744144917,1249.53608494997,1.16061055660248,12654.1952305138,21.7228009104729,1099.0308676362,4871.60813525319,4321.74505966902,553.942099452019,213.794295161963,20.3375294804573,8688.15678861737,32.5680847167969,2706.96332192421,32.0994670391083,41.8473620116711,20.8391576707363,0,350.007777363062,0,380.458644509315,0,4.67807632684708,0.534712791442871,0,0.981734275817871,1.20051872730255,111.537580311298,0.692171394824982,4297.59951633215,6.33252456784248,9161.9167727828,0.657954096794128,4.66188007593155,18.9165679216385,0,64.3576265573502,5.97397714853287,2.64855110645294,1.38431316614151,130.459963023663,2.89435291290283,47.6477697193623,821.36273431778,1214.84150192142,3400.21696677804,6.30693995952606,1.4543673992157,0,1779.76586163044,0.982605040073395,0,132.890687704086,7.84063917398453
57.9963809549809,33.0991404652596,45.5047856867313,1351.04167181253,557.949976027012,19751.8786197305,554.027301549911,9006.93142136931,7261.61955237389,10315.9505826533,705.152038156986,0,18.3946872651577,4584.61318427324,5432.58896517754,7.42832097411156,98.0685605406761,802.630704909563,601.199461013079,24568.8958119452,16.8330466747284,96.7290192246437,64.3846876621246,3637.68158727884,9.34575968980789,534.889470040798,644.349257916212,2812.73922348022,990.809712767601,55.3879841566086,14.3899181187153,342.440364599228,10.6691844463348,463.736893206835,18876.6241954565,3611.56276324391,361.382409214973,1993.76500579715,704.781756222248,4292.83803838491,204.352497845888,451.824095129967,294.671506375074,20.4109007716179,90.4044212698936,62.380562722683,1233.77232864499,24.1395758986473,11.7109785377979,0.457188546657562,1.37835621833801,3.29581463336945,1532.69817870855,19.7275972366333,202.04115909338,252.645753860474,118.670606970787,190.548814505339,1486.6618398428,18.4694848954678,2502.31462988257,61.9848644137383,69.3928677737713,313.271186202765,14.1238012909889,0,3.31772908568382,1.46426600217819,952.163056969643,3.85899502038956,8.79583841562271,12.0803066790104,843.251021355391,1.94628509879112,8.87871518731117,13.7233383953571,1155.38969630003,42.5554332435131,0,0.950580835342407,21.6944821178913,0,313.401742726564,7460.59430542588
0.62378340959549,890.844150662422,0.758827745914459,0.959849298000336,0,6.36638948321342,9.74602380394936,19.476346552372,190.24999114871,7.24365749955177,3988.4858995676,18.3946872651577,0,65.5133064389229,0,156.391781449318,6.95016705989838,3.84057116508484,12.6200473308563,8.88797175884247,2.58130329847336,864.520181387663,20.5926311314106,197.473760515451,6096.50170785189,206.550738811493,2565.0047108829,17.0869219899178,74.948711335659,0.587003588676453,288.018487751484,46.9277082681656,0,545.628570437431,3.03283542394638,87.1996841430664,1214.94035378098,1048.24195435643,58.6886920928955,3.53620079159737,2.00303882360458,7196.54989486933,64.7108255028725,2124.2580178082,67.6994235813618,50.4296130537987,2.86859679222107,0,333.924051344395,0,267.953641057014,0.505834639072418,0,0,0,1.08267617225647,0,58.5431022047997,0,5362.28598383069,0,10007.7651534975,2.44076210260391,0,15.8542152345181,0.745119035243988,80.3736938238144,14.4213443994522,0,0.534753680229187,67.5361455082893,1.95359599590302,19.6716341376305,2225.78117650747,1785.59913262725,7610.56370425224,2.12668299674988,0,0,3019.52220001817,3.23397839069366,0,48.4116033613682,2.60854053497314
9556.59416630864,11.4689889550209,2254.91583848,421.285300403833,32.4056901335716,795.172374129295,33646.3826127946,17407.1742453575,204.332568854094,6212.90645253658,1768.15471881628,4584.61318427324,65.5133064389229,0,300.264341562986,23.7385296225548,2868.43946787715,1611.61640635133,1298.39723330736,3460.57109066844,666.334811627865,1.36112463474274,2798.7381541878,624.985205471516,28.4855032861233,1741.6797555089,2079.9027377218,3602.83526942134,15731.6625175178,14026.8847029805,24.7911231517792,469.604544878006,282.178510814905,1585.69063767791,284.822069317102,7188.74189254642,610.337761342525,3069.76719048619,1237.48399671912,1649.61338958144,438.194473534822,732.321271270514,201.009917289019,45.7738134264946,53.7869327664375,35.3681296408176,176.084904819727,17.2832562625408,14.1441260278225,1.01977598667145,9.5490602850914,8.35231956839561,80.9477075338364,0,10.9334455430508,172.634534925222,7.98095998167992,52.9459602832794,78.4459527730942,27.0225879848003,61.8410707116127,144.058640867472,3.49824351072311,14.0605657398701,31.0859180390835,2.99365830421448,0,1.05854958295822,25.6517403721809,10.487045943737,13.513991445303,2.63916811347008,782.54559341073,4.03399211168289,21.3391628265381,99.8357479274273,847.405992805958,15.8522811830044,3.11922800540924,4.01791188120842,0.845311045646667,2.25263303518295,442.587810128927,38.4140529036522
14.0100386440754,6.90613979101181,40.0353007912636,243.930305510759,4614.72447887063,2993.6296569705,585.784664899111,773.691946744919,3549.86772689223,314.303461879492,28.4559993445873,5432.58896517754,0,300.264341562986,0,76.3078382611275,43.4814611077309,38.9095619022846,28.9089681208134,660.339784383774,313.353363215923,21.9300438165665,425.399531811476,859.116773635149,1.75674450397491,36.9199060499668,86.0442272126675,1077.968780756,186.09262907505,341.745851278305,0.988422751426697,194.303552746773,9.33199119567871,68.8114276826382,2046.14699825644,459.755850940943,118.243901103735,246.750519156456,118.288219034672,9465.61654466391,232.951391845942,65.4366005063057,53.2544469535351,15.6935457587242,32.8794545531273,199.84263715148,162.195423573256,0.969800651073456,2.78449046611786,0,0,5.45765495300293,53.3850743472576,0,11.3718593716621,19.9441543221474,9.40990453958511,11.3815065026283,83.5745469629765,1.00148129463196,106.850640654564,14.8974749743938,5.00386601686478,16.3975909650326,24.375816732645,0.780689597129822,0,1.74483799934387,38.21107468009,16.6811143755913,8.47162926197052,45.1545281112194,123.996297776699,0,3.2691410779953,62.3010728359222,120.233250409365,5.81482276320457,4.51866561174393,0,0,0,29.8937486112118,548.456410109997
1.13639351725578,639.295016556978,102.045540183783,2.67145246267319,6.79546356201172,3.20875811576843,63.4214230775833,13.008819848299,628.837665498257,12.2278943359852,107.89313569665,7.42832097411156,156.391781449318,23.7385296225548,76.3078382611275,0,74.7692668139935,8.25786158442497,20.1648771762848,3.69930595159531,12935.6194229424,6644.78304165602,10021.7321356833,4563.18889939785,432.597651094198,29.5963249206543,17264.7748940289,3767.68445327878,36.4010931551456,223.426173776388,10.3073818385601,1.5447473526001,4.87279331684113,316.95387840271,703.751856803894,7633.22673717141,5016.09414201975,1375.40234109759,1522.60448411107,94.7758955657482,17.3475422263145,56.4677633941174,470.519004672766,22.9370571374893,141.452506273985,106.03154706955,58.6750564575195,2.16670155525208,2.75604236125946,3.44746482372284,5.76988846063614,110.748804867268,0.482332408428192,1.87103819847107,1.34012025594711,70.8994433879852,3.2798248231411,689.319943040609,3.19183266162872,12.8535706400871,6.36935496330261,49.2943949401379,16.5382999181747,32.1627153754234,18797.6176316738,10.4246542453766,0,3.6122969686985,0.757114946842194,1372.27312165499,1879.04813146591,11093.1097359955,1804.88387566805,14.6786127686501,12.9233066439629,5706.55916070938,738.072641432285,76.8977428972721,341.319936931133,7.66091701388359,1.04779744148254,19.3438708782196,74.0254925489426,204.519372820854
1484.99606829882,113.093238115311,20911.0391665101,13.7670462727547,2.10373854637146,27.5440589487553,1786.24887129664,821.492942482233,9.82005870342255,92.3458695709705,84.7572993040085,98.0685605406761,6.95016705989838,2868.43946787715,43.4814611077309,74.7692668139935,0,774.718125939369,4041.61252206564,77.1588579714298,1146.96680596471,4.37846726179123,11651.0002225339,34.3587290048599,8.62268191576004,17008.8291667402,33046.1104677916,692.275917619467,4168.50073859096,7611.02646112442,25.1736899614334,26.4110026657581,832.530443429947,7310.08823046088,211.510445445776,1855.33633381128,1100.62720856071,1869.11930930614,1371.51091825962,75.1663481593132,27.8667403459549,7.56378677487373,376.56875705719,68.2735358774662,150.471202075481,170.589322924614,1.16498684883118,2.97917258739471,0,0,81.2768941819668,331.990267217159,0,0,0,3.89826479554176,2.03034377098083,6.07015925645828,0,1.77326208353043,2.01497384905815,5.91043654084206,5.66050472855568,0.804284155368805,56.9319446086884,110.148506224155,1.51247081160545,89.8921530544758,0,8.21666121482849,7.39165610074997,52.7957156300545,26.7956127226353,6.29839071631432,799.133341699839,3608.56005075574,19.7853643596172,2.04264560341835,2.66166615486145,2.5517166852951,0,0.759272694587708,113.33835324645,40.7980080842972
55.5841007828712,8.23734307289124,68.8239673674107,7.67057940363884,2.12402203679085,114.187681555748,303.527876019478,351.734879493713,14.1680364906788,318.307206124067,9330.99531292915,802.630704909563,3.84057116508484,1611.61640635133,38.9095619022846,8.25786158442497,774.718125939369,0,4881.35558182001,365.061246156693,36.444654494524,2.51093566417694,282.389759987593,65.2158277332783,7.61002957820892,4608.17340993881,1457.40914490819,183.152943402529,2844.55653458834,68.1351550221443,34.221033424139,527.879991829395,19.954699665308,5828.43923822045,166.628717333078,2549.59396788478,4019.55936917663,5734.60806119442,2098.47694951296,216.416390806437,45.3862559497356,102.699994802475,9.23023277521133,10.9113051891327,2.04021459817886,13.1428051888943,8.20554512739182,1.13362002372742,0,0,1.76700830459595,1.16360747814178,1.36765950918198,0,0,0,0,1.20922517776489,0,19.0950790047646,4.37302967905998,13.4419864416122,0,1.45958608388901,2.03238323330879,0,0,0.963821470737457,0,0,0,2.75020191073418,0,15.9776890873909,46.5451815724373,260.614158719778,0,0,0,14.8388469219208,0,0,22.1773338913918,42.9592737853527
129.781947523355,42.1859768331051,560.76193344593,7.78764548897743,1.84042757749557,79.9147502183914,329.694528073072,252.110171765089,11.1594817042351,301.567046999931,886.967048555613,601.199461013079,12.6200473308563,1298.39723330736,28.9089681208134,20.1648771762848,4041.61252206564,4881.35558182001,0,306.153832286596,137.600910127163,6.14032447338104,971.944098383188,40.5564495325089,26.1291156411171,9691.28156515956,6931.43686276674,206.602163136005,2231.71894651651,209.831600099802,58.2783827483654,164.946912437677,50.4629742503166,11401.0338610113,166.952122032642,2797.0769096911,2313.43697568774,3844.0740109086,1916.29648134112,156.110799044371,44.9548632800579,31.1451624035835,124.740697562695,32.503504961729,74.557737916708,55.3308489322662,5.98485913872719,0,0.440428197383881,1.76224112510681,33.0674447417259,27.17087033391,0.464242935180664,0,0,0.611086428165436,0.975850999355316,6.6311374604702,0,6.49696528911591,1.79182082414627,13.6648327708244,1.06522977352142,0,4.53165897727013,14.950503051281,0.341198831796646,35.4979312121868,0,0,0,7.35650044679642,0.822504699230194,25.4056322276592,352.064846634865,1629.72755095363,2.3197762966156,0.879941254854202,0.491373628377914,17.3058555722237,0.468420296907425,0,39.5750077962875,56.0571337342262
238.084647685289,3.93942022323608,120.725974321365,35662.1502760947,61.1938093304634,1710.84705170989,694.773063927889,4010.8986671567,5304.77360343933,27224.2958468199,313.189666509628,24568.8958119452,8.88797175884247,3460.57109066844,660.339784383774,3.69930595159531,77.1588579714298,365.061246156693,306.153832286596,0,45.9572709202766,9.46610593795776,153.109498888254,3238.86078923941,2.54548555612564,287.316958576441,376.06765383482,23291.9619421065,1702.40090721846,224.018552660942,4.96331393718719,209.617098897696,39.9367073774338,445.390672832727,101.980973124504,3545.80978783965,315.016621649265,1395.54614120722,350.287526488304,1167.08404633403,231.109292060137,315.331368088722,256.838702529669,17.7818817198277,86.5677631795406,53.3341101706028,1088.13761696219,36.9748584330082,13.8678468763828,1.67465031147003,0,0,2986.85032945871,15.6147137582302,147.217445015907,419.433218449354,133.04896479845,626.697238862514,2461.78301388025,2.55533573031425,1621.61943757534,56.0102770626545,79.080647200346,216.440104603767,6.21564808487892,0,3.70357495546341,0.595004498958588,1187.07024750113,1.38093453645706,2.71654051542282,2.0706450343132,1928.61721676588,1.59647482633591,1.41960141062737,3.27125954627991,2312.93414160609,36.7851856350899,0.738796949386597,0,18.3346589207649,1.13876903057098,221.339718729258,15.5567294955254
239.385814726353,7.55696797370911,2433.40477493405,35.56615203619,17.6938900649548,39.1698188483715,6476.41075542569,339.485598683357,61.9844796359539,81.9539684951305,10.7663423120975,16.8330466747284,2.58130329847336,666.334811627865,313.353363215923,12935.6194229424,1146.96680596471,36.444654494524,137.600910127163,45.9572709202766,0,63.8950819969177,34455.7459310293,716.824366003275,5.00877052545547,354.788804352283,1800.67672559619,30866.5150543153,1006.35565775633,21195.5775402188,0.862026154994965,8.74733379483223,379.157605618238,6506.72642192245,1335.30365172029,8488.0191860199,766.665878772736,8902.5338922143,4213.9441691339,278.552536904812,33.3934581875801,22.2462512552738,135.887581855059,3.06039249897003,32.791416823864,54.7672377228737,13.7318844795227,2.63293984532356,0,1.43706071376801,1.60067731142044,5.76429596543312,1.05078971385956,0,0.705862283706665,35.4416133165359,4.97307157516479,74.4645618200302,1.2157016992569,0.616950333118439,7.1111803650856,4.99201190471649,6.67702972888947,8.27871719002724,801.169300109148,2.08054703474045,0,0,1.53907623887062,294.789929538965,236.870510160923,241.016523033381,825.708900868893,0,4.40837514400482,135.778643459082,510.716571360826,18.1601545810699,93.3875836730003,0,1.07314908504486,5.62172412872314,23.7440384328365,303.88009095192
0,4459.6686283052,7.94382667541504,4.38510835170746,0.673026621341705,0.639757513999939,0.470380932092667,2.29753959178925,11901.9230904579,0,485.741311132908,96.7290192246437,864.520181387663,1.36112463474274,21.9300438165665,6644.78304165602,4.37846726179123,2.51093566417694,6.14032447338104,9.46610593795776,63.8950819969177,0,375.483862280846,19720.1395567358,2843.65406468511,27.4786412417889,14887.1694427431,721.824716567993,1.68965497612953,1.85867518186569,27.770623087883,1.23180371522903,2.7704097032547,33.2108683884144,2.85279309749603,44.0459124743938,38.1609041690826,57.1638709902763,12.2555902302265,13.3827026188374,0,168.849907070398,263.75517976284,16.380995631218,67.85384786129,53.0293260514736,19.9767552316189,2.16188645362854,17.161470502615,0,111.692499965429,40.859571993351,4.30318239331245,0,0.585613787174225,26.0854662656784,1.28179615736008,372.870779573917,6.38566720485687,25.7796092629433,1.05977848172188,156.822571635246,3.04558891057968,11.2541565001011,4317.51012814045,10.0489023327827,0.588201880455017,1.02370265126228,0,241.186483323574,1839.80443748832,1352.65654376149,1131.94513741136,35.4884139001369,34.2252013981342,3242.15471816063,309.499154388905,13.0219931304455,87.4215605854988,30.8785086274147,1.35079908370972,3.50390076637268,27.2645773589611,24.8893555402756
1295.46027767658,70.8519886136055,30227.9035284221,71.2223323881626,35.548089414835,136.761260688305,14105.3598130941,1355.75986748934,117.034651756287,270.57927441597,92.0858092010021,64.3846876621246,20.5926311314106,2798.7381541878,425.399531811476,10021.7321356833,11651.0002225339,282.389759987593,971.944098383188,153.109498888254,34455.7459310293,375.483862280846,0,1908.28101730347,41.0559644699097,4187.20677322149,22811.8167537749,14955.5886845887,2584.993773669,17451.8697314858,6.86705654859543,30.8277937471867,657.632443279028,16426.0087954104,5869.33313435316,39924.0043341517,13686.4820491672,25109.8615094721,21261.7634682953,442.40473690629,120.156554013491,66.6845206320286,461.373997151852,46.1658113598824,192.358283162117,302.206082612276,40.5862319767475,10.409913122654,1.81994396448135,1.57571756839752,8.31281125545502,318.035440772772,1.4772684276104,0.693221986293793,1.84408807754517,96.8410922139883,3.9242258220911,230.407004415989,4.72963562607765,0.573851048946381,4.89146184921265,14.4182887077332,18.8078816384077,16.7957015931606,5932.39787250757,32.1428933739662,0,7.0505750477314,0.536705195903778,526.339571148157,336.291124641895,5188.06345796585,937.297733366489,2.10504099726677,35.2011348307133,4715.76062393188,525.092541277409,29.6331051290035,177.373059928417,0.432111144065857,0,2.91774034500122,80.8026869595051,1485.89113777876
51.9479248821735,1651.5304056704,102.684912115335,6927.264901191,22.6646910905838,103.679097563028,1132.31475633383,835.829394638538,34121.3300996423,567.059862881899,151.981781691313,3637.68158727884,197.473760515451,624.985205471516,859.116773635149,4563.18889939785,34.3587290048599,65.2158277332783,40.5564495325089,3238.86078923941,716.824366003275,19720.1395567358,1908.28101730347,0,746.489602893591,56.2773613929749,5842.97346815467,20794.1533230841,546.886734545231,94.6886685788631,4.09605640172958,57.4247505068779,121.180421203375,261.693323522806,163.648416906595,3162.29464736581,384.187621116638,692.536312758923,296.766624510288,663.655048638582,93.7326232492924,399.029690921307,3533.20011883974,81.3503906428814,811.991036862135,412.610256820917,1519.82246315479,172.400582522154,59.067116111517,18.4067913591862,14.7935325503349,6.13677144050598,2571.24850332737,8.55770069360733,155.845402300358,3405.15337279439,396.053301602602,3888.68488687277,2579.04879632592,31.1842056810856,1117.78522315621,225.544996351004,469.25234824419,289.769313007593,2901.27819246054,3.82091015577316,2.85597583651543,5.04772672057152,884.258624374866,790.574738234282,3496.42851105332,659.811626970768,26403.9351032674,7.84839075803757,16.2328688502312,249.824315547943,18454.0585880876,549.988226830959,504.228625029325,3.42711144685745,109.188976287842,47.4545681476593,676.057491987944,266.36705365777
0,3134.03124064207,3.82941496372223,0,0,1.72389310598373,0.780775368213654,6.29592508077621,903.03793656826,0.593240559101105,1862.40182811022,9.34575968980789,6096.50170785189,28.4855032861233,1.75674450397491,432.597651094198,8.62268191576004,7.61002957820892,26.1291156411171,2.54548555612564,5.00877052545547,2843.65406468511,41.0559644699097,746.489602893591,0,204.874026089907,8133.36839827895,39.1345790326595,21.4837002456188,0.47744032740593,304.517850369215,17.0430665910244,0,198.280187964439,0,67.883477807045,186.191213518381,283.741453915834,47.723423242569,0.826743721961975,1.93214017152786,1406.16509133577,20.9609680473804,86.673023968935,13.6714649200439,5.77566057443619,0.560754299163818,0,82.3217272758484,0,257.124277919531,0.488598525524139,0,0,0,0,0,27.6618946790695,0,247.036189198494,0.898058295249939,930.581319451332,0,0,8.70229351520538,0,1.83623373508453,6.29496568441391,0,0.698238849639893,62.7287218570709,0,17.0387809276581,310.00091779232,158.422899186611,2012.12400814891,1.20239186286926,1.64563608169556,0,95.7369012832642,0,0,18.4273727536201,0.896582841873169
431.338069021702,226.859752863646,39431.5702806413,24.3166064321995,1.01636469364166,90.1985718607903,1127.91370154917,536.039225310087,16.6312091946602,302.72427546978,3506.93454173207,534.889470040798,206.550738811493,1741.6797555089,36.9199060499668,29.5963249206543,17008.8291667402,4608.17340993881,9691.28156515956,287.316958576441,354.788804352283,27.4786412417889,4187.20677322149,56.2773613929749,204.874026089907,0,55417.0403960049,367.226036280394,2296.23505148292,938.037699222565,180.566617637873,281.853492498398,123.380687862635,3681.96406671405,427.578766256571,7745.05257990956,19743.6597369313,6569.87625822425,4137.13225626945,193.522922545671,104.477623224258,280.811236619949,1548.84317800403,942.144840836525,781.300327718258,688.728949815035,9.53212988376617,3.76569551229477,5.35017466545105,0,455.981413602829,657.958100646734,0.377852082252502,0,0.581699073314667,5.59069409966469,1.63022541999817,6.98007255792618,0.376745104789734,761.412115037441,12.770756483078,974.931838214397,20.307173460722,7.44669178128242,15.0924001038074,235.000762283802,132.264877170324,454.062581658363,1.43781310319901,3.6928616464138,39.2568623423576,32.7548044323921,5.15814536809921,367.03373041749,6939.71005621552,31396.2848621309,4.12178868055344,7.3452577739954,6.63589066267014,1725.81205251813,1.52218246459961,0.358963400125504,426.237907975912,163.42343583703
466.443595409393,25838.1107984781,46007.590043813,32.4955788850784,3.90195465087891,94.3390691876411,1300.87499985099,551.490247219801,2229.25670838356,372.367581278086,321.744152218103,644.349257916212,2565.0047108829,2079.9027377218,86.0442272126675,17264.7748940289,33046.1104677916,1457.40914490819,6931.43686276674,376.06765383482,1800.67672559619,14887.1694427431,22811.8167537749,5842.97346815467,8133.36839827895,55417.0403960049,0,2639.98374706507,2692.23532626033,1432.9488081336,638.687652766705,101.645512521267,188.147306680679,17731.9724255502,4210.99510067701,52013.3735937178,16194.2968316972,22751.8996379077,24936.2828225493,407.071438848972,460.912235558033,133.9265871346,10462.6312714219,2200.07546567917,4304.62783786654,3753.14963325858,64.7849867343903,28.5035681724548,5.51848596334457,24.775563955307,8187.48280325532,9074.9837462306,0.538366615772247,0,1.95228174328804,186.987294197083,15.0445814430714,177.104167044163,2.87507256865501,942.289690792561,32.3218054175377,1646.6239309907,88.7698084264994,57.0232208669186,11737.3122473955,1890.38462427258,204.295888990164,1042.46700289845,2.89414444565773,248.905081480742,2417.75092712045,10399.912357688,375.045713186264,1696.32922831178,11496.6566621065,153370.252262622,193.329346865416,49.6702561080456,198.177113026381,2128.8868561089,1.82401585578918,3.43429064750671,1990.60283350945,1595.7260235548
413.270434260368,73.4064701199532,3102.29057085514,17355.2247223854,65.0312212705612,818.681314229965,46063.2678605765,3803.27650585771,5646.97297400236,9171.56030121446,163.182263880968,2812.73922348022,17.0869219899178,3602.83526942134,1077.968780756,3767.68445327878,692.275917619467,183.152943402529,206.602163136005,23291.9619421065,30866.5150543153,721.824716567993,14955.5886845887,20794.1533230841,39.1345790326595,367.226036280394,2639.98374706507,0,3813.71373364329,14932.5642524958,1.7348820567131,268.172076880932,1321.69434916973,4835.07026177645,1974.18827936053,19336.6738631129,2419.75432673097,8496.0802565515,3136.55811682343,2585.4857904315,412.908591330051,1016.25707581639,4519.86021399498,98.2270601987839,1144.05754968524,591.551537811756,1995.7748247087,240.598903983831,88.2295034527779,15.4028722047806,5.22911569476128,9.51092237234116,2583.06547573209,4.42445695400238,164.710296034813,4302.16463500261,445.391427636147,2173.95599386096,2530.49640071392,20.8208341002464,650.363031327724,435.294279485941,581.085841208696,285.637841254473,1777.71698331833,8.90433663129807,1.00358858704567,0.476155877113342,860.330567091703,532.163570255041,1410.48451113701,363.021927982569,22315.5132156909,2.73472040891647,17.2964918911457,264.407763689756,19375.6025111973,627.744242250919,463.764294952154,1.63473641872406,128.569718241692,38.9590179622173,1210.75961917639,584.820690661669
9689.96828359365,13.9928941726685,1449.41699525714,434.121209412813,27.8969239890575,265.684249132872,11066.3360104263,1518.99028494954,94.7952609360218,2717.96619719267,3524.16074645519,990.809712767601,74.948711335659,15731.6625175178,186.09262907505,36.4010931551456,4168.50073859096,2844.55653458834,2231.71894651651,1702.40090721846,1006.35565775633,1.68965497612953,2584.993773669,546.886734545231,21.4837002456188,2296.23505148292,2692.23532626033,3813.71373364329,0,20727.2365871966,46.6869628429413,394.8927975595,2507.52589541674,4380.0251416415,237.74148452282,3577.98427304626,542.209301590919,3375.12130558491,709.72911503911,702.015477150679,306.169468015432,422.070096969604,69.0330978035927,52.2786796092987,21.835523724556,12.3165055811405,38.7198597788811,3.65961167216301,11.0422147512436,0,18.9187539517879,19.4934743046761,15.738721549511,0,2.74977606534958,39.340560734272,3.08766078948975,19.4747783541679,9.57248932123184,51.4709204435349,11.5475589334965,112.296607136726,2.98178511857986,7.60592904686928,44.278696089983,2.56885641813278,0,3.88772594928741,6.64886382222176,10.1792971789837,11.8307637572289,9.74463483691216,314.202698171139,10.7239748835564,41.5448472797871,185.359870523214,268.205633342266,0,1.75537729263306,5.24404636025429,0,0,166.98746407032,48.0967131257057
10871.8282862008,3.11483711004257,2735.75643849373,59.7073032855988,22.420244961977,101.039861649275,21198.7834798396,3718.75292387605,13.5105085074902,458.038365125656,41.5228497684002,55.3879841566086,0.587003588676453,14026.8847029805,341.745851278305,223.426173776388,7611.02646112442,68.1351550221443,209.831600099802,224.018552660942,21195.5775402188,1.85867518186569,17451.8697314858,94.6886685788631,0.47744032740593,938.037699222565,1432.9488081336,14932.5642524958,20727.2365871966,0,1.02193886041641,40.9682895541191,5777.0869820416,12489.6237229705,748.673048198223,3794.69620549679,194.317734330893,6524.87019345164,1759.43774795532,462.607163488865,71.4902817904949,33.1440792381763,34.9894634783268,2.0187771320343,10.9576053321362,26.9377543330193,0.900274515151978,0,0,0,3.19170790910721,5.97405222058296,0.885042399168015,0,0,7.51485991477966,0,15.0134382247925,0,0,1.50423917174339,0,0,3.1967214345932,291.337088257074,1.28930157423019,0,0,1.82122278213501,87.768208771944,39.0374965667725,82.3623486459255,206.061572343111,0,2.36474296450615,68.9736133217812,129.306988567114,6.08736711740494,10.606614112854,0,0,0,13.309385240078,140.751537084579
0.674309074878693,75.6610643267632,3.02371492981911,0,0,2.25031849741936,2.98786294460297,14.2089579701424,6.09070807695389,4.13339132070541,110.395744144917,14.3899181187153,288.018487751484,24.7911231517792,0.988422751426697,10.3073818385601,25.1736899614334,34.221033424139,58.2783827483654,4.96331393718719,0.862026154994965,27.770623087883,6.86705654859543,4.09605640172958,304.517850369215,180.566617637873,638.687652766705,1.7348820567131,46.6869628429413,1.02193886041641,0,9.56052127480507,0,81.2092515528202,1.37080293893814,124.341295957565,662.537447452545,181.341694176197,83.5226635634899,1.78808706998825,0,40.5420177876949,24.8816473782063,204.841363161802,35.7364017665386,32.0426990687847,0,0,2.53169536590576,0,70.6961262226105,2.62462663650513,0,0,0,0,0,2.02299666404724,0,363.115631073713,0,774.056193232536,0,0,0,0.719108998775482,32.6457059979439,4.07189428806305,0,0,7.16648679971695,0.449678719043732,0,230.63733112812,740.189631283283,4047.19544658065,0,0,0,768.547191262245,0,0,17.5869213044643,2.09628766775131
