0,2.9206774532795,148.835913568735,2.33316308259964,57.2587307989597,294.325490653515,5001.45962566137,2438.06775519252,12.127619177103,69.2944829463959,1.13512563705444,45.9528355002403,0.919804632663727,16986.8295103014,2.58099815249443,3.08258605003357,154.262410968542,3.79773226380348,33.7998950481415,17.5637224316597,110.818182826042,5.31760603189468,595.706940323114,13.6179641485214,1.12570595741272,12.0414502322674,43.4721654653549,296.051142305136,14363.4933530092,8806.36700981855,0,75.2166930437088,52.6073423922062,423.863760828972,6.9335914850235,53.044812142849,1.60881733894348,25.1553155779839,22.6953106820583,7.13648480176926,7.09504377841949,0.56974858045578,9.28038859367371,0,0.425386637449265,0.433222532272339,0.649833500385284,1.61927473545074,0,0,0,0,0,0,0,0,0,2.70211839675903,0,0,0,0,0,0.472668558359146,0,0,0,0,0,0,0,0,4.48659566044807,0,0,0,3.80621764063835,0.40843391418457,0.33992663025856,0,0,0,1.48194265365601,0
2.9206774532795,0,637.861397862434,25.5971215367317,25.4273997545242,11.0908675044775,48.4155921339989,54.3910720944405,2942.97634398937,7.09799391031265,254.202554613352,13.935936331749,1379.2104972899,42.0635905265808,262.520466536283,459.490727633238,556.155555546284,154.109830856323,309.627233803272,13.2845531404018,135.321035444736,4903.55737051368,399.478795319796,1868.66274368763,6615.40278226137,542.843084782362,25009.4304053485,138.02250520885,27.1336020827293,25.7957944273949,261.069807976484,1.34343984723091,3.92997151613235,2696.83904549479,338.548955649137,2344.26386636496,1055.57585638762,498.504781335592,867.623924016953,110.893639743328,19.8599852323532,3.16979610919952,1454.19293570518,517.38283854723,701.76920580864,1130.22646695375,24.8921585083008,16.5207266509533,3.11341932415962,2.0545449256897,1409.51301845908,224.303466141224,1.33919534087181,11.0923610925674,2.36315515637398,8.32893270254135,5.29553532600403,15.3993810713291,12.5106959044933,56.1091163754463,7.24884375929832,32.4596331119537,12.9394211769104,10.5671974420547,58.7204577624798,356.794428467751,106.295641243458,486.539796948433,0.932174444198608,9.95385533571243,162.669847488403,74.9303793609142,86.0474063158035,46.1177809238434,429.563798218966,2952.79917138815,25.5083409547806,18.0648006796837,13.7738673388958,21.1867728531361,0,0,1092.32128539681,336.13811519742
148.835913568735,637.861397862434,0,4.20590046048164,31.3986347615719,101.166022747755,121.785881638527,1340.3611972034,6.6614356637001,13.3111307024956,493.940022081137,1.70151534676552,55.7795129716396,1564.6740013063,29.4001097381115,114.473169565201,23314.0117303729,1133.25501140952,4868.02462035418,5.40265789628029,7247.51443839073,16.7000562846661,41397.7421938479,63.7435233294964,17.9433127045631,22290.9028143585,44446.3519659042,989.253141313791,846.456180751324,2439.67065942287,15.7551170289516,29.7222501933575,88.5860829055309,7792.67629617453,303.05281239748,952.313008904457,102.540079504251,1247.05530154705,925.026079207659,40.4314942955971,69.0953889191151,3.03147250413895,525.69625723362,129.585409641266,212.301056653261,268.678450137377,5.04525566101074,10.8329990804195,2.61964672803879,0,82.1539731621742,5.42095530033112,0,6.93841272592545,1.67992913722992,0,0,2.87517938017845,0,5.28169664740562,0,4.39901959896088,0.5631263256073,5.25563544034958,2.57793828845024,109.700626403093,7.98464462161064,31.5904137790203,0,2.57371607422829,4.45186799764633,3.73482683300972,9.38436207175255,0.657789170742035,44.0294051170349,173.590832948685,0.504405975341797,0.447748005390167,0,0,0,0,248.437870413065,127.509149163961
2.33316308259964,25.5971215367317,4.20590046048164,0,134.05270242691,453.78846180439,394.529494285583,494.324234858155,1060.29243758321,7260.01070991158,1.41596215963364,6175.13789743185,80.0843424797058,167.213391244411,601.612752407789,0.485454201698303,1.42342293262482,0,0,33792.4321370721,5.75155031681061,64.5073619484901,9.15283808112144,1329.16354973614,48.4886449873447,0,11.4747607111931,10547.7567687333,144.004128426313,5.56302490830421,0,46.6636558175087,1.23640629649162,318.528920412064,83.1628667712212,537.294047117233,5.03693574666977,9.64840659499168,7.70276629924774,327.978722274303,77.9963783621788,2.50923684239388,266.251738965511,1.45292747020721,23.2987341284752,0.5790154337883,99.5675874948502,60.7244709432125,7.84937971830368,3.92789494991302,3.19349157810211,0,744.8702301085,25.9929976165295,23.0558194518089,38.9732432961464,85.9108259379864,295.948949068785,1077.41744950414,1.82056045532227,433.763892591,15.452945202589,20.7487097382545,80.2239347994328,1.16523432731628,0,0,0,426.582880377769,0,2.19981646537781,0,861.725344568491,0,0,0.964268803596497,779.10150551796,50.5468309223652,0.64787757396698,0,0,2.07060945034027,162.21389272809,4.97221785783768
57.2587307989597,25.4273997545242,31.3986347615719,134.05270242691,0,7127.72659060359,293.23634557426,2064.92241153121,583.654269397259,829.601893514395,1.23845547437668,1696.44516590238,243.160340815783,427.845306754112,3572.97919854522,92.4748239517212,17.3491938114166,0,4.93580123782158,302.426850795746,158.082340031862,84.0900855660439,366.854211390018,203.147857546806,138.139739066362,2.2735601067543,97.2449890673161,337.211600482464,218.703976750374,152.352983504534,0,373.006255418062,2.11201596260071,5284.78414046764,3537.826934129,3255.43387761712,78.0528130829334,43.2027503550053,48.1350673139095,12588.9878344834,6884.57072803378,10.6744964420795,171.95429828763,14.2073767781258,13.2967670559883,40.906166613102,42.3886491656303,3.47111117839813,0.674778997898102,0,1.62406313419342,0,24.0385596752167,7.41675370931625,1.5975147485733,0.396970957517624,5.03525140881538,80.7259177565575,19.4356942474842,1.69857150316238,29.3352131545544,13.3192762732506,4.1991548538208,25.892371237278,30.6954757273197,0,1.74403262138367,0,1.44428086280823,8.15794283151627,12.6227783560753,3.91762232780457,139.332346260548,0,1.78344613313675,4.34164822101593,73.7727378606796,5.48556423187256,0,0,0,1.00808048248291,45.0127521753311,349.282607793808
294.325490653515,11.0908675044775,101.166022747755,453.78846180439,7127.72659060359,0,4153.01602929831,24640.955618158,439.966158479452,17802.7411258221,6.46022996306419,13921.7416314781,267.925140380859,3336.69978198409,5463.31987190247,19.9315065443516,74.2365925610065,2.24602401256561,9.36804261803627,1453.95026108623,65.5577707588673,41.6549844741821,272.742001205683,429.278548330069,123.517416238785,6.90351793169975,57.510799497366,1693.72787442803,1560.00063759089,609.34886598587,2.6605806350708,434.408087462187,4.98461380600929,1666.42556685209,4314.90608799458,4114.83645761013,238.326861232519,44.9029293954372,28.4204753339291,2435.44057533145,278.41669306159,16.8050708472729,179.457331091166,0.535039305686951,19.3900145590305,12.2447265982628,19.158464550972,12.6473805904388,6.8250498175621,1.24381446838379,1.24049746990204,0,30.4130071401596,5.86889213323593,1.6709363758564,6.94411259889603,14.7276903092861,173.668316692114,51.1660936176777,0.941747665405273,93.094340056181,16.9427917301655,4.38787761330605,19.4243458807468,4.67139133810997,0.643180191516876,0,0,3.3494815826416,0,2.82827553153038,1.10001659393311,371.575515985489,0,0,2.72917038202286,153.838361650705,10.7476961016655,0,0,0,2.00339019298553,74.4795897901058,324.484897553921
5001.45962566137,48.4155921339989,121.785881638527,394.529494285583,293.23634557426,4153.01602929831,0,22956.191006124,2346.71579857171,30263.2971437573,3.44822177290916,193.969131976366,192.530857205391,38171.5567538738,273.927127808332,56.4044296443462,34.4621796011925,1.91838157176971,8.85913482308388,612.371077984571,382.073681473732,145.958937823772,539.583578586578,14217.1467150748,72.2240422964096,8.10041338205338,187.737858593464,86524.785485819,3235.25261548162,14476.5123137534,0.608928263187408,195.190532028675,66.253807246685,3295.18704137206,863.44651979208,1647.46468803287,27.3633017539978,110.038166046143,130.078673511744,322.731209903955,393.483553141356,3.37004643678665,554.698450684547,2.39074110984802,33.3615400493145,15.3054747283459,87.4199670851231,122.248877465725,6.63121235370636,6.84278330206871,10.7816691696644,0,180.223309189081,2.26366233825684,14.5005660951138,48.8421957492828,158.197878479958,558.100636124611,173.543834298849,1.48491194844246,26.8336572647095,10.15744805336,63.551931142807,35.5327909290791,1.17815652489662,4.03196740150452,0,0,10.4688978791237,0.850297451019287,7.70123192667961,0.343271285295486,1009.11682587862,1.26070141792297,0,8.450026512146,741.884596526623,115.634486734867,5.22233989834785,1.6662791967392,0,4.71459400653839,263.992557048798,57.0420062839985
2438.06775519252,54.3910720944405,1340.3611972034,494.324234858155,2064.92241153121,24640.955618158,22956.191006124,0,1225.45360542834,17815.5509264916,20.8264882564545,3943.77883437276,237.031887352467,24051.3861342371,825.687279671431,73.8594831228256,841.277865290642,21.5992058515549,121.860774070024,2384.63214921951,914.882915437222,161.689265400171,3268.13332802057,1407.18328721821,234.444036126137,77.4224836826324,553.609294146299,8822.05224233866,4234.87436580658,8999.53318110108,0,624.412047117949,52.7385429441929,3513.61708581448,448.787646859884,2550.30440932512,87.2472367286682,355.900473147631,309.461927235126,931.110974937677,188.303751766682,5.0302486717701,779.753080606461,15.5768847763538,68.7693470716476,15.6960391402245,80.2104966938496,102.535974889994,22.2180650234222,9.05874544382095,5.41097944974899,0,62.6696353256702,4.45788758993149,17.1392864584923,49.9062304198742,91.7130808234215,581.197367072105,151.343462646008,6.08177396655083,53.3470535576344,27.5131700336933,25.714055031538,33.1020256280899,20.1755114495754,0.411585420370102,0,0,9.63000100851059,1.67929136753082,31.6662872433662,0,1523.59442460537,1.00071156024933,0,2.79910224676132,700.874875992537,81.7627050578594,3.77945294976234,0,0,15.0460239946842,444.093931525946,77.7626295089722
12.127619177103,2942.97634398937,6.6614356637001,1060.29243758321,583.654269397259,439.966158479452,2346.71579857171,1225.45360542834,0,561.486036300659,59.8451522290707,587.331692874432,881.345661908388,467.006010919809,2952.83987537026,32.2987733781338,18.5193136632442,24.6016739904881,13.1564862430096,894.043287336826,11.7514777481556,8860.88099950552,28.4965152740479,23710.2375825047,2446.50002861023,78.3311520516872,2470.79735893011,4062.61834779382,490.644104748964,21.7365308105946,164.550086647272,94.139600276947,100.404917031527,1411.58373129368,1507.53998535872,5595.17666935921,120.088698297739,63.8270050287247,110.437504827976,3826.23216608167,458.427204012871,8.99036684632301,2068.70652803779,71.6416891515255,138.176926136017,93.9968212246895,445.086388468742,381.448537200689,22.0980950891972,8.05521845817566,25.3833284676075,3.17651492357254,451.957661032677,103.228820264339,67.3532219529152,90.4059620797634,236.245907455683,3883.87942686677,373.386180132627,12.7582707107067,208.192249178886,37.7242219746113,149.224316269159,330.788793802261,94.5305707156658,10.1329039633274,2.13849341869354,2.69364616274834,45.7908220887184,9.29087921977043,141.294635921717,9.98455190658569,4305.97481489182,11.0625303089619,5.09317564964294,67.5064090192318,2049.48325359821,359.486628800631,9.48793485760689,0,20.9605305492878,44.438169926405,812.708931148052,518.398520410061
69.2944829463959,7.09799391031265,13.3111307024956,7260.01070991158,829.601893514395,17802.7411258221,30263.2971437573,17815.5509264916,561.486036300659,0,1.85599902272224,10454.823633343,432.917477935553,3383.51983731985,309.889037877321,27.6930692195892,5.30502286553383,0.509949624538422,0,15391.3386994749,24.5517638921738,22.0330406427383,52.5803130567074,1243.09922331572,70.5504498779774,0,25.5718421041965,13047.0632368028,2339.42324404418,98.1541796028614,0,701.93060618639,4.10785862803459,4840.59385946393,2039.68699204922,5051.08686318994,70.2783488631248,15.3866127729416,24.7890034019947,830.309293806553,1254.87389311194,4.55543500185013,639.048293173313,4.99782118201256,12.6264064311981,10.3837839365005,42.5792416930199,24.0234192609787,7.13169628381729,0.48981636762619,0,0,292.655822336674,8.82836693525314,6.35446384549141,30.6700583398342,38.8823035359383,255.880356520414,837.26770696044,1.54701298475266,148.541031837463,10.793473303318,9.55731743574142,40.5303638875484,0.714299201965332,0,0,0,8.19917902350426,0,2.45437169075012,0,602.931262373924,0,0,1.51762315630913,377.929284751415,21.1762443780899,0.387409508228302,0,0,0.782558470964432,106.988290548325,241.485767543316
1.13512563705444,254.202554613352,493.940022081137,1.41596215963364,1.23845547437668,6.46022996306419,3.44822177290916,20.8264882564545,59.8451522290707,1.85599902272224,0,1.77007573843002,22931.7936865687,21.536315202713,5.84299457073212,20.8385927975178,762.306523025036,22780.9979930222,2436.57682302594,1.77416858077049,77.2226081192493,99.2022735476494,323.011037021875,30.7097964882851,4320.37670069933,8255.48555836082,3992.15273478627,18.3337072432041,52.9719887375832,46.3443076908588,4142.74288880825,1.73187226057053,11.128646582365,12625.7585267723,66.7592417895794,850.043413579464,3701.30484391749,1342.1153126359,924.689968287945,41.8441902697086,27.3738586306572,1952.33169966936,104.569298416376,106.661186933517,49.524715334177,72.8754516839981,3.39563673734665,3.34097236394882,39.8056927919388,0.458879262208939,59.7799574136734,4.50216025114059,0.797857463359833,2.92409467697144,0.511358320713043,0.530094802379608,0.883201837539673,11.2934365868568,1.68520641326904,1586.85926094651,0.553641378879547,3911.06974521279,0,4.27278828620911,1.21023976802826,7.89250099658966,27.1341390609741,20.9608538746834,0,0,11.3971702456474,1.17296802997589,8.13032078742981,458.115174144506,566.907672137022,850.956989586353,5.27067798376083,3.27937760949135,0,739.838820010424,0,0,87.5968643426895,48.1684195995331
45.9528355002403,13.935936331749,1.70151534676552,6175.13789743185,1696.44516590238,13921.7416314781,193.969131976366,3943.77883437276,587.331692874432,10454.823633343,1.77007573843002,0,180.076653659344,1814.4232904911,3284.180960536,4.58789294958115,0.586063027381897,0,0,11198.6894735992,4.74007362127304,33.1838858425617,8.41020673513412,2668.05254709721,35.8214948475361,0,9.90746223926544,2561.37762230635,2548.34915211797,43.7388795316219,0.752941608428955,680.035577774048,1.06124633550644,3590.39326307178,6826.14689105749,2652.26210382581,35.4051238298416,3.94872471690178,11.1127313971519,2644.85749030113,560.925334662199,4.58392691612244,210.22267884016,2.43847095966339,6.59906393289566,6.86099350452423,54.3035713136196,36.0737512409687,1.94430643320084,6.46509897708893,0.454700648784637,0,222.436333954334,15.8051094710827,162.398336619139,7.24859014153481,221.590396106243,105.706333607435,516.5550557971,2.08501690626144,2509.49508219957,3.76554501056671,125.147153884172,62.7797687649727,0,0.647514939308167,0.797172069549561,0,314.359386980534,0,2.70044434070587,1.78698515892029,202.263779610395,0,2.62272036075592,5.13948678970337,237.576987922192,68.999934643507,2.86564439535141,0,7.91496324539185,0,81.1679491102695,344.046801447868
0.919804632663727,1379.2104972899,55.7795129716396,80.0843424797058,243.160340815783,267.925140380859,192.530857205391,237.031887352467,881.345661908388,432.917477935553,22931.7936865687,180.076653659344,0,104.01143810153,227.610443711281,239.254086434841,53.1843125224113,276.15506502986,42.7299210131168,229.859693527222,117.848965793848,1133.69481873512,433.640321582556,605.692220360041,18293.2856140733,498.842928498983,4771.56581422687,400.042986541986,158.77393168211,122.851192742586,2223.23154473305,111.121535569429,10.6105809807777,3878.96530359983,538.589772254229,7396.32639986277,6060.86359253526,1256.70743608475,1687.05373331904,2070.26824948192,1188.16273087263,2249.19954404235,522.705627560616,281.953041374683,172.975363433361,284.646911323071,240.633926361799,100.60855537653,60.9752918481827,0.615048766136169,569.08308249712,15.2012118697166,19.153145968914,16.8494643568993,38.3381016850471,5.69255605340004,97.0942738652229,121.229566454887,28.9864963293076,3712.33216992021,26.694754332304,7799.25110888481,40.7379406690598,27.5136761665344,48.6061406433582,18.8111963868141,135.537960737944,28.3933625519276,2.40763348340988,1.2908627986908,68.6613624989986,29.8810571432114,294.951225340366,1969.56183308363,2603.91802582145,4216.65177994967,116.428407013416,50.6724478900433,0.467143952846527,2521.13914617896,21.9185039103031,1.29194086790085,524.958576023579,203.15977627039
16986.8295103014,42.0635905265808,1564.6740013063,167.213391244411,427.845306754112,3336.69978198409,38171.5567538738,24051.3861342371,467.006010919809,3383.51983731985,21.536315202713,1814.4232904911,104.01143810153,0,113.440472453833,46.9199458360672,1480.69591224194,31.3039467334747,271.041779458523,896.871999830008,1028.22856348753,58.586124509573,4786.90911233425,692.085738018155,84.6972410082817,134.31591579318,560.111195772886,6771.99756981432,19438.0594385862,21158.2897544801,0,421.81472209096,104.943431198597,2854.98066180944,175.86043047905,1017.95124945045,36.2480145990849,334.706679165363,234.267044872046,84.5112422406673,91.6719851195812,2.01294335722923,204.280029714108,1.05135178565979,16.7150739431381,2.24741676449776,24.4009959697723,28.5754534006119,7.72563704848289,2.04703655838966,2.99407199025154,0,11.8941816091537,0,3.3545261323452,18.9582921564579,13.0919980406761,181.21576449275,42.5322893261909,0.494092285633087,26.8073810338974,4.63497745990753,4.87930545210838,3.11017996072769,1.11019015312195,0,0,0,3.22766727209091,0.352799415588379,6.27288842201233,0.550767064094543,453.575110644102,0.601320028305054,0,3.50767457485199,172.537748456001,17.9333594441414,2.246906042099,0,0,1.26168602705002,114.760838925838,7.18604373931885
2.58099815249443,262.520466536283,29.4001097381115,601.612752407789,3572.97919854522,5463.31987190247,273.927127808332,825.687279671431,2952.83987537026,309.889037877321,5.84299457073212,3284.180960536,227.610443711281,113.440472453833,0,85.4223373532295,63.3222223222256,3.13350015878677,9.3971671462059,458.369375020266,186.711757063866,637.001786619425,327.930479168892,1424.39686208963,280.402096509933,4.7186536192894,270.312863200903,818.489471018314,141.569406837225,151.394483089447,6.11536979675293,44.8307591378689,8.5169181227684,496.888102382421,6006.2423350811,296.186340123415,53.9509879350662,41.3738082051277,69.2054598927498,5885.60195884109,25.450692743063,8.09554454684258,243.700230509043,54.4470027089119,24.4441745877266,159.074254393578,188.211647033691,60.380780339241,18.2586335241795,0.456228286027908,11.732830196619,3.72699990868568,180.302852243185,63.484609156847,21.9227630496025,21.171147942543,69.2405359148979,348.153190344572,106.381163984537,4.48527830839157,164.251829683781,24.5719453394413,31.8372481167316,196.88227391243,42.6722204387188,1.59384226799011,0.699623823165894,0,14.1393426954746,7.94872635602951,19.6002414822578,39.6500315070152,790.744609177113,0,7.9967782497406,62.7982313930988,544.502182543278,42.7051956355572,1.51995447278023,0.757017910480499,2.54756212234497,1.42701900005341,135.292872846127,972.897135943174
3.08258605003357,459.490727633238,114.473169565201,0.485454201698303,92.4748239517212,19.9315065443516,56.4044296443462,73.8594831228256,32.2987733781338,27.6930692195892,20.8385927975178,4.58789294958115,239.254086434841,46.9199458360672,85.4223373532295,0,171.676563709974,19.8823080658913,37.7790758311749,3.13186419010162,13980.1404512525,3616.89458018541,10714.5591091216,3088.75490343571,91.2486803531647,39.964954584837,26328.4305132926,3339.15796646476,23.5669185817242,76.3451417088509,20.6844626665115,1.01818192005157,6.2943109869957,4321.63013446331,2933.20256203413,10602.440890491,1469.61478164792,1999.35025247931,3989.09777617455,58.9842000007629,188.752107620239,6.17112243175507,5066.90891423821,1481.21604853868,553.601629883051,1038.74101319909,159.458985447884,43.6683405637741,5.23106133937836,0,29.1261279582977,22.2213638722897,0,140.720231950283,3.00284421443939,0,0,33.4233602583408,0.458420187234879,3.78156280517578,0,0.751953184604645,2.90992364287376,54.2935203313828,2131.33674347401,20.307502835989,0,2.43311363458633,0,246.570846170187,739.566734522581,323.559366434813,257.011328011751,2.27077865600586,7.83163791894913,229.249374210835,106.978256583214,2.52623844146729,0,0,0,0,733.707370728254,1531.45768663287
154.262410968542,556.155555546284,23314.0117303729,1.42342293262482,17.3491938114166,74.2365925610065,34.4621796011925,841.277865290642,18.5193136632442,5.30502286553383,762.306523025036,0.586063027381897,53.1843125224113,1480.69591224194,63.3222223222256,171.676563709974,0,1112.44262856245,14184.3577461839,2.39191406965256,2834.1963070631,26.5359092354774,13037.5701494515,86.0599319636822,30.4041956663132,11199.2905896008,25531.4544182718,363.820260241628,3156.861659199,3582.50833037496,9.50692838430405,32.1974059939384,427.23346093297,8557.80800047517,417.296329468489,912.20222428441,102.684109419584,305.48398527503,343.772412985563,46.3900135457516,91.2596312463284,0,796.504177302122,224.466054648161,300.844885200262,451.73424911499,7.43681263923645,0.705035626888275,3.28456085920334,0,134.326335757971,46.0050522983074,0,5.01504394412041,0.952668100595474,1.73914569616318,0,8.5548600256443,0.605277538299561,5.14505901932716,0,0,0,5.04535889625549,8.78373086452484,138.652273356915,14.030055552721,66.2004485726357,0,1.74305173754692,31.9917144179344,19.3069698810577,9.75384274125099,3.10490185022354,87.1977261304855,493.993994295597,3.20373374223709,2.64158681035042,0.754700064659119,0,0,0,395.323338955641,35.2607091069221
3.79773226380348,154.109830856323,1133.25501140952,0,0,2.24602401256561,1.91838157176971,21.5992058515549,24.6016739904881,0.509949624538422,22780.9979930222,0,276.15506502986,31.3039467334747,3.13350015878677,19.8823080658913,1112.44262856245,0,5405.1932772696,0,105.818588614464,41.8160116672516,567.192430853844,12.9845012128353,202.22284206748,15293.9662385583,5626.16510859132,15.0261277854443,66.9010232388973,66.4235701858997,1167.90197920799,0,12.6578794121742,3990.52600130439,85.7879002988338,801.122341036797,562.359859526157,493.849754333496,793.764902859926,3.50444614887238,11.3437260091305,5.70325243473053,78.7672322392464,74.3733188509941,32.3252507448196,73.3159629106522,0,0,2.15121859312057,0,35.998085051775,2.39973783493042,0,0,0,0,0,0,0,18.3183098733425,1.29798948764801,68.0561980605125,0,3.01106870174408,1.30463942885399,10.9845179915428,17.2392950057983,17.6636022031307,0,0,3.5759779214859,0,1.03954422473907,54.0122391581535,175.977922707796,447.64467215538,0,0,0,27.3041168153286,0,0,32.4738999009132,58.4767782092094
33.7998950481415,309.627233803272,4868.02462035418,0,4.93580123782158,9.36804261803627,8.85913482308388,121.860774070024,13.1564862430096,0,2436.57682302594,0,42.7299210131168,271.041779458523,9.3971671462059,37.7790758311749,14184.3577461839,5405.1932772696,0,0,464.867671459913,21.5542742311954,2544.24526435137,20.9527541100979,60.7428766191006,17983.8363341689,11081.3238532841,76.8181613385677,460.596034318209,361.063749045134,82.604766368866,5.50397065281868,77.1457196176052,2664.25750696659,87.6669962406158,661.396631717682,202.668364793062,209.553618639708,326.029160767794,9.08089324831963,12.4225128293037,0,194.363320469856,94.7325573563576,94.88759547472,150.162867039442,2.56953197717667,0,1.50750172138214,1.15212523937225,56.5907158851624,3.05258691310883,0,1.94661259651184,0,0,0,1.62741947174072,0,8.24591159820557,0,8.72171947360039,0,2.86777025461197,0,31.6603820025921,5.85767307877541,36.3388552963734,0,0.664021611213684,3.89763721823692,3.21652716398239,0,25.557423979044,64.3287128210068,331.692641854286,0.494568407535553,0.592639148235321,0.537380158901215,14.0940688252449,0,0,132.218486726284,33.7751442790031
17.5637224316597,13.2845531404018,5.40265789628029,33792.4321370721,302.426850795746,1453.95026108623,612.371077984571,2384.63214921951,894.043287336826,15391.3386994749,1.77416858077049,11198.6894735992,229.859693527222,896.871999830008,458.369375020266,3.13186419010162,2.39191406965256,0,0,0,9.83015331625938,38.5924179255962,13.1135185062885,2986.82484441996,59.9977389872074,0,14.0010479688644,7810.00113238394,804.741456270218,34.7228021621704,0,247.340770512819,1.39122557640076,1841.04119698703,324.11832049489,2294.58946564794,33.8257290124893,8.50701785087585,13.0518485605717,562.07496073842,610.061333060265,2.04334062337875,478.198264747858,1.89885669946671,23.6801842451096,7.71736124157906,63.1038437485695,38.1690819859505,3.6658242046833,4.02554622292519,0.449306428432465,0,190.026367068291,14.8019863665104,16.2837183177471,20.7797130942345,72.8279202580452,322.729239851236,619.434515357018,3.47816514968872,351.407008320093,8.7197944521904,13.8903122842312,88.4154784083366,0.48827201128006,0,0,0,11.692863792181,0,4.24664977192879,0,883.735673159361,0.619429290294647,0,0,618.77350705862,40.3926931917667,0.375730454921722,0,0.512442827224731,0.847509145736694,155.37279343605,16.9476671218872
110.818182826042,135.321035444736,7247.51443839073,5.75155031681061,158.082340031862,65.5577707588673,382.073681473732,914.882915437222,11.7514777481556,24.5517638921738,77.2226081192493,4.74007362127304,117.848965793848,1028.22856348753,186.711757063866,13980.1404512525,2834.1963070631,105.818588614464,464.867671459913,9.83015331625938,0,271.799225896597,79231.0235434771,3696.47532114387,8.42867201566696,357.610056236386,3308.55514261127,24762.0918100774,396.19228759408,40721.7597880065,10.4967113733292,14.3363562822342,25.1798320710659,25557.8712138683,2795.76885098219,4076.9269836545,363.788248032331,4115.58814811707,3782.76244357228,45.1419345140457,173.080121964216,5.93667513132095,451.375560939312,105.751954913139,53.2974815368652,119.062284618616,5.95598578453064,6.47304862737656,0,0,14.395201086998,0,2.4757217168808,9.72649604082108,0,0,0,9.5461078286171,0.577862739562988,0,4.12653374671936,0,0,14.8978168964386,167.201541543007,14.3186436593533,1.47961151599884,2.3341049849987,0,18.0433178246021,97.0351908802986,23.8532721400261,53.4261600375175,0.735112011432648,1.72523280978203,29.8239982426167,11.8345519304276,0.95894318819046,0,0,0,0,86.9775565564632,401.873494744301
5.31760603189468,4903.55737051368,16.7000562846661,64.5073619484901,84.0900855660439,41.6549844741821,145.958937823772,161.689265400171,8860.88099950552,22.0330406427383,99.2022735476494,33.1838858425617,1133.69481873512,58.586124509573,637.001786619425,3616.89458018541,26.5359092354774,41.8160116672516,21.5542742311954,38.5924179255962,271.799225896597,0,628.403361618519,14362.1676340699,2991.56795969605,85.7340901494026,7144.88451766968,430.406541317701,90.4782679975033,2.70279702544212,246.19685202837,8.70143187046051,20.5853091478348,862.06865170598,1088.61790183187,3980.80999445915,520.286208897829,262.637966692448,470.000467717648,315.044816672802,60.5255142152309,13.0644943714142,4733.5175871551,1032.92996117473,530.612518101931,910.992695629597,149.918291330338,85.97251278162,5.45964276790619,0.518680036067963,85.9513977468014,102.195539236069,5.31053504347801,130.477675199509,1.48313149809837,6.64370656013489,12.2201548814774,438.827839553356,6.07385301589966,8.10342335700989,5.2336542904377,19.3911839127541,6.68324252963066,65.6429412961006,1880.80882376432,67.0138669908047,17.1794840097427,15.4729989469051,0,160.350078374147,2107.65813106298,352.74341031909,1161.8271766305,16.7739881873131,42.6494373083115,854.425269514322,220.688307523727,32.7162115573883,1.42042437195778,7.35672295093536,1.06147480010986,5.65072065591812,915.788306176662,1238.58318850398
595.706940323114,399.478795319796,41397.7421938479,9.15283808112144,366.854211390018,272.742001205683,539.583578586578,3268.13332802057,28.4965152740479,52.5803130567074,323.011037021875,8.41020673513412,433.640321582556,4786.90911233425,327.930479168892,10714.5591091216,13037.5701494515,567.192430853844,2544.24526435137,13.1135185062885,79231.0235434771,628.403361618519,0,3295.04663515091,37.0051937103271,2117.49201355875,29657.4824435413,9114.8805167675,5189.76486244798,16488.6684787571,20.2107495963573,68.4411004781723,324.769087255001,45423.3277781606,6524.07718124986,13028.5978779793,1340.70268604159,9787.89093011618,11840.9116535783,162.854168504477,532.503762722015,12.8352099061012,1673.73013582826,421.384028613567,219.944365352392,525.053450912237,46.1881537437439,13.3344935178757,5.029845058918,0,55.1606022417545,14.8033554553986,0,65.3363862633705,1.05491262674332,0.698115825653076,0,13.2314372062683,1.79355347156525,2.30683550238609,5.73658454418182,0,0,53.3773325681686,542.574620097876,56.9819013774395,3.14984160661697,17.9068243801594,0,35.0653131902218,191.455919206142,74.8194476664066,56.7488521933556,2.01668044924736,13.0602320432663,192.40272089839,22.1336231827736,1.35015264153481,0.451172888278961,0,0,0,282.583013653755,1512.42233854532
13.6179641485214,1868.66274368763,63.7435233294964,1329.16354973614,203.147857546806,429.278548330069,14217.1467150748,1407.18328721821,23710.2375825047,1243.09922331572,30.7097964882851,2668.05254709721,605.692220360041,692.085738018155,1424.39686208963,3088.75490343571,86.0599319636822,12.9845012128353,20.9527541100979,2986.82484441996,3696.47532114387,14362.1676340699,3295.04663515091,0,1243.45173445344,27.7076517343521,3652.21074619889,31942.6816001534,640.467333048582,116.469311535358,50.1487193107605,40.6523776650429,186.920796066523,3130.77270653844,3355.6009721756,8336.52195480466,505.09553694725,433.511492401361,761.881701827049,784.458221852779,265.759906888008,22.7862943410873,6659.59241095185,690.461358606815,501.50312551856,550.167066693306,733.995405316353,993.706218928099,48.1520392000675,18.7661415040493,71.8613955974579,7.96262979507446,932.990205287933,249.976594209671,115.636170238256,161.561964422464,610.933785945177,3027.70773565769,536.819314092398,14.3032662570477,324.465892106295,102.685331612825,372.772817671299,440.47780033946,1275.23792603612,20.3368864655495,1.10138019919395,7.02518808841705,73.2419568300247,131.38300806284,852.330503582954,129.513498455286,9353.46885383129,26.3652637004852,2.86120912432671,178.415659368038,3645.26051986217,781.95884591341,28.2738067805767,0,44.0206656754017,77.9278931319714,2471.70727446675,1012.79384559393
1.12570595741272,6615.40278226137,17.9433127045631,48.4886449873447,138.139739066362,123.517416238785,72.2240422964096,234.444036126137,2446.50002861023,70.5504498779774,4320.37670069933,35.8214948475361,18293.2856140733,84.6972410082817,280.402096509933,91.2486803531647,30.4041956663132,202.22284206748,60.7428766191006,59.9977389872074,8.42867201566696,2991.56795969605,37.0051937103271,1243.45173445344,0,419.566904842854,12535.2332442701,228.964856564999,102.089407324791,0,797.7669031322,48.3778503835201,9.49104607105255,3180.54318493605,101.962218612432,1492.82687798142,835.962485313416,1388.63361304998,296.837559998035,1196.30365028977,604.590116679668,1395.42003971338,451.067098975182,175.606997698545,235.834382861853,131.355321615934,438.906722307205,204.630462288857,171.01716285944,2.66106647253036,1372.60843014717,4.99546366930008,29.0381374061108,12.5435514748096,86.7902428507805,6.02350690960884,190.579028576612,98.4347238540649,38.8771699965,1271.89574095607,31.8465017676353,4379.91535258293,78.1133006215096,62.8682596087456,12.7949786186218,9.03084605932236,79.7320449650288,27.1246884465218,4.1023228764534,0,51.3982658684254,2.22195619344711,241.294594317675,2193.25817549229,1056.36577543616,3063.19199538231,179.074869543314,78.7915150523186,0.811880648136139,715.984868705273,53.3669378459454,4.33231440186501,479.973152726889,53.3215484619141
12.0414502322674,542.843084782362,22290.9028143585,0,2.2735601067543,6.90351793169975,8.10041338205338,77.4224836826324,78.3311520516872,0,8255.48555836082,0,498.842928498983,134.31591579318,4.7186536192894,39.964954584837,11199.2905896008,15293.9662385583,17983.8363341689,0,357.610056236386,85.7340901494026,2117.49201355875,27.7076517343521,419.566904842854,0,46877.9189289659,66.3662874698639,127.801057487726,201.065981015563,2705.49659916759,1.66087311506271,22.3780567348003,10664.5862598121,230.388860911131,2495.07602623105,2411.37694767118,1301.84993854165,2371.83045372367,7.44766306877136,22.9515390694141,21.4964313209057,275.075133800507,248.488775283098,124.684266626835,243.891312032938,2.15943288803101,4.62032222747803,2.54295182228088,0,127.208453804255,6.03898230195045,0,0,0.972180902957916,0,0,1.70762500166893,0,82.5428885221481,0,183.269752830267,0,4.65675437450409,0.767766833305359,36.0530496239662,60.6996381282806,106.260467857122,0,0,8.95472186803818,2.15558436512947,1.30718314647675,252.859258443117,593.886639237404,1215.79133677483,0,1.016457259655,0.727445125579834,102.85032004118,0,0,223.18885332346,168.470826029778
43.4721654653549,25009.4304053485,44446.3519659042,11.4747607111931,97.2449890673161,57.510799497366,187.737858593464,553.609294146299,2470.79735893011,25.5718421041965,3992.15273478627,9.90746223926544,4771.56581422687,560.111195772886,270.312863200903,26328.4305132926,25531.4544182718,5626.16510859132,11081.3238532841,14.0010479688644,3308.55514261127,7144.88451766968,29657.4824435413,3652.21074619889,12535.2332442701,46877.9189289659,0,2000.86400565505,445.48510491848,917.730305880308,2055.09090349078,8.12561365962029,81.5790846347809,49479.3053461462,5043.21005058289,29968.2775847614,9839.40494033694,14747.9378385246,17957.7699508667,151.264187127352,467.117276668549,62.2974339127541,11135.8657983243,4551.70922812819,4847.06256973743,7866.98674738407,213.121594130993,104.805481433868,38.0915049612522,3.98982536792755,3204.97600445151,560.570531010628,1.6711847782135,147.719427645206,8.81901788711548,7.12188005447388,13.2763235270977,261.357956886292,1.60252493619919,747.397943556309,8.7668644785881,1464.3897164464,24.4872743785381,137.978679716587,729.031384050846,1280.93890765309,729.139421582222,1447.6697216928,0.374670684337616,63.2076597809792,2359.67704918981,669.951624840498,251.415236026049,2206.88035458326,5217.32397913933,17513.3903250098,82.942239522934,60.6455391943455,22.475894600153,852.256992071867,0,2.08076375722885,6966.81928312778,4012.17209324241
296.051142305136,138.02250520885,989.253141313791,10547.7567687333,337.211600482464,1693.72787442803,86524.785485819,8822.05224233866,4062.61834779382,13047.0632368028,18.3337072432041,2561.37762230635,400.042986541986,6771.99756981432,818.489471018314,3339.15796646476,363.820260241628,15.0261277854443,76.8181613385677,7810.00113238394,24762.0918100774,430.406541317701,9114.8805167675,31942.6816001534,228.964856564999,66.3662874698639,2000.86400565505,0,1382.07139396667,52158.9308251143,1.47243669629097,183.953041672707,349.935270786285,8100.67818774283,3580.58964031935,6779.43986147642,219.459317862988,869.910147190094,1106.99936193228,665.626638680696,556.608517378569,12.1045341491699,1775.11690062284,58.5772284567356,135.593413859606,94.2309934794903,294.085691958666,292.668119251728,20.8869251608849,15.2283771634102,12.8208975195885,0,670.361838519573,40.1159424781799,65.6950396895409,107.2301389575,275.83798918128,1120.1231944859,1145.2612555325,9.66087079048157,185.443132787943,30.9281114935875,89.2534965872765,214.955984801054,78.1336204409599,5.84622284770012,0,2.34702664613724,62.4951497614384,6.91422364115715,62.6490864753723,15.0493347048759,3036.33202755451,2.77489614486694,2.00666841864586,22.9021655321121,2173.22257080674,210.531161814928,7.34300884604454,0,5.0167101919651,15.4961715936661,732.884041279554,278.11371871829
14363.4933530092,27.1336020827293,846.456180751324,144.004128426313,218.703976750374,1560.00063759089,3235.25261548162,4234.87436580658,490.644104748964,2339.42324404418,52.9719887375832,2548.34915211797,158.77393168211,19438.0594385862,141.569406837225,23.5669185817242,3156.861659199,66.9010232388973,460.596034318209,804.741456270218,396.19228759408,90.4782679975033,5189.76486244798,640.467333048582,102.089407324791,127.801057487726,445.48510491848,1382.07139396667,0,20020.9681350589,2.47413012385368,3898.95314857364,5478.9907514751,6190.24331042171,441.226615488529,2682.02038681507,128.498482972383,268.466292351484,150.143706649542,239.099444895983,110.160555154085,7.90639293193817,323.197183728218,1.84415394067764,17.8197384774685,12.0708777308464,19.1240256130695,32.3099009394646,11.9544843137264,2.85212001204491,6.72929733991623,1.29065084457397,11.0651850998402,2.14736771583557,1.62039139866829,4.2403929233551,7.55279889702797,172.60634765029,30.9613229632378,5.20703691244125,23.4907570779324,11.6332535743713,7.8086308836937,5.49521127343178,8.79540729522705,0,0,0,0.958596050739288,0,15.1390146017075,3.168785572052,614.148020267487,0,0,6.51187771558762,139.574714720249,25.6054980158806,1.42479762434959,0,1.68133234977722,7.55415010452271,124.761614352465,46.7570551633835
8806.36700981855,25.7957944273949,2439.67065942287,5.56302490830421,152.352983504534,609.34886598587,14476.5123137534,8999.53318110108,21.7365308105946,98.1541796028614,46.3443076908588,43.7388795316219,122.851192742586,21158.2897544801,151.394483089447,76.3451417088509,3582.50833037496,66.4235701858997,361.063749045134,34.7228021621704,40721.7597880065,2.70279702544212,16488.6684787571,116.469311535358,0,201.065981015563,917.730305880308,52158.9308251143,20020.9681350589,0,1.48579066991806,175.982074677944,996.740335404873,16177.1276801825,1393.16575008631,1129.45658835769,35.5791554450989,705.330788522959,594.816823840141,130.174203872681,227.818146258593,0,186.548794329166,9.36404991149902,8.88329902291298,20.6171441674232,0,3.55883866548538,0.669004917144775,0,3.1279071867466,0,0,0,0,0,0,6.21175283193588,0,0,1.7897270321846,0,0,10.5367918014526,2.03620672225952,1.26236480474472,0,1.00381800532341,0,0,0,0.597509860992432,7.77532070875168,0,1.28346818685532,5.02452471852303,1.14435097575188,0,0,0,0,0,6.06192779541016,96.5215519666672
0,261.069807976484,15.7551170289516,0,0,2.6605806350708,0.608928263187408,0,164.550086647272,0,4142.74288880825,0.752941608428955,2223.23154473305,0,6.11536979675293,20.6844626665115,9.50692838430405,1167.90197920799,82.604766368866,0,10.4967113733292,246.19685202837,20.2107495963573,50.1487193107605,797.7669031322,2705.49659916759,2055.09090349078,1.47243669629097,2.47413012385368,1.48579066991806,0,0,0,2105.13114985824,90.4665627777576,1124.00246241689,3229.78342214227,804.244379818439,1153.31083136797,14.4775442183018,7.71819546818733,166.136923223734,42.8798373937607,139.020215034485,47.7493031024933,43.3016138374805,0.710641205310822,0,16.6150053739548,0,242.09809589386,1.29760187864304,0,1.75074279308319,0,0,1.34608232975006,10.8368042707443,0,484.93060234189,0.607107877731323,1152.03497931361,0,1.58553606271744,2.54922264814377,1.94331759214401,92.2365438044071,13.3169309198856,0,0,8.8411180973053,0,1.36506605148315,731.102004885674,1291.29164141417,2314.42784905434,0,1.5205899477005,0,620.079309105873,0,0,102.921639770269,63.677617162466
75.2166930437088,1.34343984723091,29.7222501933575,46.6636558175087,373.006255418062,434.408087462187,195.190532028675,624.412047117949,94.139600276947,701.93060618639,1.73187226057053,680.035577774048,111.121535569429,421.81472209096,44.8307591378689,1.01818192005157,32.1974059939384,0,5.50397065281868,247.340770512819,14.3363562822342,8.70143187046051,68.4411004781723,40.6523776650429,48.3778503835201,1.66087311506271,8.12561365962029,183.953041672707,3898.95314857364,175.982074677944,0,0,4.73617592453957,8538.15550071001,90.1768599152565,1848.55981594324,33.0172611176968,18.1871164739132,9.8147734105587,306.268339157104,412.942361444235,6.69992020726204,56.6573177874088,2.01941964030266,1.59376233816147,0,4.76249808073044,0,0,0,0,0,1.11816704273224,0,0,0,0,16.126654446125,1.24823263287544,1.37934458255768,6.52169436216354,4.99156874418259,0,2.68547177314758,0,0,0,0,0,0,0,0,22.0883148908615,0,0,1.38311016559601,0,0,0,0,0,0,14.6244900226593,11.3068246245384
