0,0,145.907331138849,0,0,14.1640063226223,1611.66161516309,552.401053786278,0,18.9482856690884,26.1067332327366,5.22715532779694,0,9893.28940209746,3.94219732284546,0,490.280656099319,38.2537975311279,133.653222233057,3.40442454814911,98.4150488376617,0,957.939325451851,0.504577279090881,0,246.086137503386,118.992730826139,38.2213267087936,5568.06067496538,10137.1096272171,0,1.74025946855545,37.9438543617725,372.746546328068,5.49270787835121,53.6684555709362,13.5312552154064,132.407715082169,40.845977306366,6.41323491930962,1.77271711826324,0,0,0,0,2.31166195869446,0,0,0,0,0,0.424077093601227,0,0,0,2.38912171125412,0,0,0,1.99426412582397,1.05317950248718,0,0,2.44836473464966,0.610941290855408,0,0,0,0,2.6811363697052,2.79537886381149,0,5.78058838844299,0,0,11.7513220906258,8.80348095297813,0,0.621163904666901,0,0,0,0.881243884563446,0
0,0,59.2245095968246,0,5.18811401724815,4.19897004961967,0.860113024711609,5.23702782392502,2666.35320669413,1.53149491548538,229.590326011181,0,2516.71697410941,3.58801734447479,51.4638476967812,132.502325028181,30.6431209445,1.00486674904823,11.379930138588,0,131.723772734404,2989.19206085801,161.079869031906,3326.30153986812,3486.27317625284,397.212813466787,18749.8530488014,548.714576035738,10.4241853356361,0,9.3166281580925,0.779805600643158,0,53.1361976563931,1.3441823720932,169.798027455807,130.048057496548,104.51738935709,62.6193026900291,24.3103551864624,1.44464790821075,45.3421121835709,63.1087108850479,205.138721585274,24.6126445829868,30.0237889885902,3.39315688610077,0,138.327242314816,0,2812.99648952484,94.7891782820225,0.452724516391754,0.857958793640137,0.576408326625824,4.71679311990738,0,38.3101824223995,1.69971919059753,253.677377343178,0,555.869276404381,0,1.17212188243866,41.9584088027477,20.298217356205,7.2572820186615,24.5863044261932,0.47032818198204,0.946449369192123,79.2724363207817,17.607691437006,107.198054254055,305.025209367275,681.157246798277,10767.3502166271,18.1965344548225,2.80969887971878,0.588359713554382,104.465348362923,1.12534260749817,0,14.2023749351501,7.73765760660172
145.907331138849,59.2245095968246,0,8.79361990094185,6.81799006462097,37.948553532362,5396.29797330499,1192.43994361162,38.1712031960487,90.3082750141621,35.535072863102,19.6463830471039,0,1428.48670881987,46.3952528238297,12.3709905445576,16983.7881950736,278.071038633585,1547.49903032184,13.6997448801994,5020.46026995778,14.4309009313583,39163.8646558523,24.9727405905724,1.84802734851837,46472.8239257336,10525.7520862818,2633.24077767134,663.316357672215,1890.3724270165,0.537151634693146,4.81687343120575,45.7801369130611,5149.29953068495,627.038497775793,9775.60156747699,3128.30754044652,7550.15928265452,5355.45806324482,37.4795190095901,36.5630508065224,0,214.029834479094,137.013382583857,76.9097363650799,100.573017925024,18.2542235851288,2.60046988725662,1.31398981809616,2.19311672449112,201.526361048222,1054.35857203603,0,13.6864492297173,0,77.7376527190208,5.76269489526749,8.49726974964142,0.64246928691864,2.89939677715302,0,0,5.48558279871941,35.9922353029251,103.695181280375,71.109737932682,1.41730505228043,22.5392424464226,0,55.6249883770943,55.9925847351551,279.159548670053,144.704506129026,6.36383497714996,629.081980288029,11270.3093827367,304.945309013128,24.0201562643051,116.230988830328,0.645523607730865,0,8.96980395913124,16.3400842547417,508.025541007519
0,0,8.79361990094185,0,49.0826098918915,543.859026402235,327.391884326935,475.668389558792,1826.07765460014,24580.3299585581,27.1455946564674,3347.2331699729,2.4745509326458,193.290694415569,442.695264726877,0,4.00581756234169,19.8862156271935,9.94277155399323,18808.6323359609,0,1.0227358341217,3.20112732052803,5559.42776215076,0,28.9056620895863,7.13045507669449,8815.7873378396,80.6717947423458,3.68490609526634,0,12.5544338226318,0,249.209761619568,20.4612726867199,935.558332085609,4.07536888122559,260.361612290144,52.9895984530449,453.294765949249,34.3064416944981,1.83287414908409,97.9999207854271,2.4821672141552,27.5601718723774,4.60112917423248,757.440800368786,7.87112027406693,1.705336779356,0,1.092345058918,0,1422.1750844717,22.7687281668186,109.400554358959,386.746640264988,76.1627483963966,362.375301092863,1454.48277458549,5.32812681794167,349.11758518219,0.343338191509247,45.6438491344452,200.53456774354,0,0,0.8798868060112,0.828083634376526,567.521742045879,0,10.1770544350147,1.55355712771416,1598.73806387186,0.638189554214478,0.612721860408783,5.81904238462448,2314.32292234898,15.6179159283638,0,0,1.63565039634705,0,14.9031770527363,6.63841184973717
0,5.18811401724815,6.81799006462097,49.0826098918915,0,2977.53924590349,119.749188542366,171.78650444746,417.729905158281,221.395957648754,8.28578388690948,491.181303888559,0,31.1621065139771,2867.24263122678,6.96347397565842,4.17419365048409,2.47394374012947,3.20089507102966,70.6285836696625,95.5703914165497,8.09351450204849,136.265998780727,482.351911425591,2.17344477772713,6.87708497047424,40.353547334671,235.487518548965,9.8561147749424,56.8660839796066,0,466.291980773211,0,2447.93883347511,1967.83040457964,315.261186748743,27.6839069128036,51.1498912274837,83.9524508118629,17264.1825077534,8973.86551326513,0,33.8377372920513,19.9240171909332,3.74160778522491,66.0260378718376,163.636339217424,0,0.480372488498688,0,0,4.91868788003922,55.7629393935204,12.2433589994907,23.7854101657867,36.7448285222054,7.49143296480179,8.62639755010605,80.3595777153969,4.12336206436157,34.5232250392437,0,4.53801712393761,38.0219545662403,3.34052753448486,1.25401592254639,4.36715745925903,1.73978114128113,16.5332968831062,12.4561873674393,2.80216431617737,30.1817886829376,54.7104080319405,0,5.53778687119484,14.6988320052624,129.35740762949,1.56738591194153,3.70458644628525,0,0,0,0,1044.51626056433
14.1640063226223,4.19897004961967,37.948553532362,543.859026402235,2977.53924590349,0,13982.8515498936,12714.6256149113,1034.66460692883,43284.7078099847,97.2408785820007,10233.8455556333,8.66641291975975,904.521319746971,4138.88095679879,0,60.3590684235096,83.3016423881054,55.2472508847713,1216.2537856847,18.7265683710575,4.94683676958084,93.1872107982635,757.521072119474,0.517656028270721,112.004448413849,50.1172544062138,4247.04746124148,323.636435508728,188.647962778807,0.780830681324005,459.35735309124,16.7210702002048,844.141372397542,1804.44018602371,3039.55647414923,36.5823540389538,679.999342262745,386.196163386106,6635.033590734,997.451543986797,11.4084273576736,110.383052259684,8.0429579615593,24.5458213090897,31.0642965435982,847.937428206205,8.03024873137474,13.539558172226,1.04589211940765,0,1.58100688457489,368.340632170439,29.2817517518997,107.61388117075,319.385951280594,43.6017788350582,201.470279365778,558.618296831846,11.959072291851,250.816623359919,0,25.5413710772991,197.258737683296,0.561924159526825,0,0,0,136.319151312113,2.91255778074265,3.89666754007339,1.54674559831619,1021.52081644535,0,0.531053125858307,3.53352525830269,1252.37985828519,6.65459233522415,1.27448692917824,0,1.18593072891235,0,18.0842949151993,211.880286812782
1611.66161516309,0.860113024711609,5396.29797330499,327.391884326935,119.749188542366,13982.8515498936,0,41199.5741712153,1104.34124726057,21156.5233659744,558.911403715611,668.034021675587,16.2649822831154,26610.7029014528,1078.29047489166,12.0006548166275,1126.05445367098,549.600706428289,552.92550316453,335.101460129023,5666.81948447227,28.2030757069588,9056.3107021749,1789.04161399603,2.55307602882385,1587.16503086686,1008.7439763844,55795.9661474526,9895.57393687963,17176.3477886617,5.94896492362022,382.302900075912,1809.27908727527,10830.6542139947,2889.01837342978,17464.115598619,703.030935257673,10164.7269302607,3588.88773211837,1377.747140944,994.387851059437,18.809122055769,1076.81966716051,32.5534916222095,234.375864356756,102.633867561817,716.476862281561,62.1789393126965,38.8456050753593,4.46451377868652,3.04160714149475,31.4284228086472,293.84964337945,37.2044865190983,164.342620670795,3161.95318987966,274.773977428675,770.163855940104,881.294887691736,47.864313095808,158.559531867504,1.54460921883583,236.056264549494,139.120747566223,158.703416854143,0,0,0.481051176786423,173.82383787632,27.9823198616505,106.650223165751,134.582635521889,4876.84731385112,0,5.04067131876945,312.978128939867,6714.35712879896,126.037814974785,85.4610860347748,0,5.79143837094307,5.90475085377693,149.471205443144,326.448272228241
552.401053786278,5.23702782392502,1192.43994361162,475.668389558792,171.78650444746,12714.6256149113,41199.5741712153,0,482.036308556795,17050.917501539,865.634352684021,3563.2887956202,38.3761210143566,18780.1931529343,406.074916213751,0,1270.97510704398,493.481580972672,571.347456157207,1283.95287689567,501.216124504805,2.89111223816872,3270.99657806754,786.901826739311,2.88419017195702,1247.94675162435,621.788077294827,5569.66260968149,2304.78576815128,6749.24166718125,6.44389405846596,117.242480188608,132.456221342087,3756.05149459839,294.506602466106,7666.57270535827,224.021663576365,2976.08946382999,1586.06049534678,2172.55167400837,622.77238997817,74.4352705478668,291.432391732931,45.1205969154835,174.309785038233,242.398139566183,277.016303956509,50.5158595442772,45.081236243248,0,0,0.910741865634918,102.26928332448,12.1623457670212,68.5420436263084,873.332551151514,91.3780908584595,298.890008419752,210.714174836874,81.2806369066238,73.4152283668518,9.12560641765594,59.686887472868,33.2187006175518,20.1849250197411,0,0,0,53.3734045624733,1.6094922721386,19.1225878596306,3.11202150583267,1732.35800608993,4.10795986652374,3.8661453127861,26.9493541717529,1754.81217116117,27.0678974092007,11.1169658899307,1.33022153377533,24.9017954468727,0,46.1374965012074,34.4081498384476
0,2666.35320669413,38.1712031960487,1826.07765460014,417.729905158281,1034.66460692883,1104.34124726057,482.036308556795,0,3242.77549985051,100.204156577587,2145.39722731709,945.273120820522,143.543846964836,2490.68582171202,454.39852848649,12.2349382042885,10.3619087040424,10.1285688877106,1030.36140999198,202.444377720356,8611.0637422502,199.486118555069,41140.3501206636,1523.45953381062,67.0666771233082,7077.16752290726,8465.16732928157,98.0574517846107,76.7217709720135,2.12915900349617,16.5267896354198,15.4728648662567,161.762355834246,24.6471990942955,553.268877476454,43.6154523193836,182.429892629385,50.4947364926338,3478.96512719989,11.7359190881252,13.6586594879627,1066.55741766095,105.871042490005,251.038323402405,97.4857819974422,742.904674828053,16.5642194151878,36.8463517725468,9.75490683317184,976.376950591803,65.8160502016544,1457.33436688781,30.0227945744991,154.077639490366,1232.54956394434,105.98539930582,4977.23363682628,1522.13254219294,115.285221517086,366.092395246029,189.710960716009,106.420227259398,215.329811513424,2468.59133732319,33.7712569832802,29.8493160605431,8.02698755264282,366.874458998442,426.787040501833,4188.62811282277,783.052125543356,10173.6586793661,53.6160827279091,43.8144309520721,3962.61805593967,9083.16287887096,117.125873506069,278.482884854078,22.2944429218769,6.1366231739521,24.6771799325943,115.415077030659,68.0970652699471
18.9482856690884,1.53149491548538,90.3082750141621,24580.3299585581,221.395957648754,43284.7078099847,21156.5233659744,17050.917501539,3242.77549985051,0,555.330741435289,17368.8604574502,24.0897187590599,3569.95020329952,1090.9622746408,2.18855738639832,131.438137501478,384.387355804443,281.791457295418,10834.9368748814,40.4566415846348,1.54974764585495,106.008310288191,2717.32921493053,0.65522438287735,558.263881921768,203.692939460278,15998.9537673593,1819.07472828031,113.473360568285,1.6327229142189,159.31441372633,17.2384794950485,2390.91533833742,6433.48261258006,5018.99630200863,134.489458143711,2443.88066202402,507.33689135313,1704.16423258185,255.986588418484,9.87135553359985,262.28970554471,14.0870692431927,88.1267725527287,40.693927526474,2040.20827645063,13.3297797739506,13.030103623867,2.07939219474792,2.80552372336388,2.26054012775421,2237.60598152876,59.2940825819969,301.019444227219,1495.15307456255,194.453982651234,788.496035069227,3546.93129779398,18.050802975893,997.097174227238,1.07976445555687,113.945053219795,539.120272129774,3.15354347229004,0,4.93159052729607,2.77500021457672,852.010555773973,2.58626526594162,21.4068790078163,3.75696614384651,4636.85705918074,0,3.88994860649109,5.62453892827034,6858.23347958922,23.8964383602142,0,1.15626242756844,4.3864531815052,0,29.8166316151619,754.539972096682
26.1067332327366,229.590326011181,35.535072863102,27.1455946564674,8.28578388690948,97.2408785820007,558.911403715611,865.634352684021,100.204156577587,555.330741435289,0,208.457108318806,2490.46865797043,3266.65512210131,10.2741447687149,2.4071272611618,448.521245747805,7461.60024046898,1697.58969157934,117.241298735142,41.7461960315704,120.664189845324,134.114759385586,84.5230528116226,622.898396581411,6109.6026956439,243.679065793753,190.728507131338,6019.5723157227,98.9631727337837,262.781287789345,1437.77352505922,6.1288705766201,14959.7579010129,52.9540578722954,956.817071348429,6442.506085217,5604.02856314182,616.048077940941,117.703556448221,3.31021225452423,976.119494855404,10.9207406044006,847.78753143549,31.0752766728401,2.68251568078995,6.47540161013603,0,989.752437025309,0,65.8493136465549,0,0,0,0,3.93946325778961,2.66223788261414,18.7100197970867,0,2113.74439543486,0.412923455238342,4697.37164056301,1.26695203781128,0,3.10759609937668,0,143.022626370192,0.60444849729538,0,0,18.6995216012001,0,47.9149434566498,497.018239080906,1013.76646330953,533.60621970892,5.23790660500526,20.7978165745735,0,1420.85686808825,16.865255355835,0,114.146104931831,21.3239810466766
5.22715532779694,0,19.6463830471039,3347.2331699729,491.181303888559,10233.8455556333,668.034021675587,3563.2887956202,2145.39722731709,17368.8604574502,208.457108318806,0,10.6614860892296,1028.56411492825,2741.32404223084,0,33.8839980065823,170.346512287855,122.589515805244,14289.0881454647,3.19541028141975,0,26.1130826175213,1092.99989768863,0,234.645327121019,86.4385410547256,778.58803665638,407.939766347408,40.7964753508568,2.18562051653862,51.2591597139835,0.734698832035065,579.16428950429,4216.87016445398,893.466546952724,33.4613636434078,555.828231334686,158.2856374681,1941.1565130055,36.7547972798347,10.784344047308,121.562424331903,6.85241901874542,22.7313642501831,21.891627073288,1211.6041161716,9.97066181898117,4.81823372840881,1.76236897706985,0,0,1156.07566007972,48.2084603607655,279.628476262093,256.757341504097,135.250933051109,164.998241603374,1370.41458666325,20.9453499019146,1013.36493358016,1.53995802998543,57.9474495649338,295.921471655369,1.14837634563446,0,5.4631659090519,2.85999819636345,493.970733195543,1.67859542369843,7.78492614626884,5.95718234777451,1021.77691039443,1.46580272912979,4.34849414229393,6.51715886592865,1964.50164332986,17.1064911782742,1.65126365423203,1.09284406900406,4.78203564882278,0,14.7305435240269,2039.96748077869
0,2516.71697410941,0,2.4745509326458,0,8.66641291975975,16.2649822831154,38.3761210143566,945.273120820522,24.0897187590599,2490.46865797043,10.6614860892296,0,124.717277079821,14.4532730877399,14.151190161705,1.13498950004578,11.4518485665321,0.860082805156708,3.44154697656631,16.3293596506119,1403.86482596397,0,703.99926841259,6415.40819224715,62.9843498766422,1914.98607322574,91.6753111183643,212.119243353605,4.97301244735718,785.443721115589,66.9842689633369,0,1694.10721898079,3.29812690615654,60.7852576971054,3984.25590121746,1064.39208430052,17.1779620349407,17.2671309411526,0.724130630493164,756.460157454014,2.56740552186966,2425.29226413369,69.3144018650055,0.426987051963806,0,0,2877.99207893014,0,172.64461222291,1.27033996582031,0,0,1.19588136672974,0,7.88689851760864,38.2687057554722,0,5800.64878681302,0,10617.9607248008,12.762302339077,1.28161108493805,3.31884127855301,0,108.463034421206,0,0,0,40.3629984557629,0,50.5350930392742,1596.9186309278,1134.56778913736,553.939440429211,5.00344136357307,90.2518528103828,0,2224.94631433487,39.050007969141,0,353.646420866251,1.14167630672455
9893.28940209746,3.58801734447479,1428.48670881987,193.290694415569,31.1621065139771,904.521319746971,26610.7029014528,18780.1931529343,143.543846964836,3569.95020329952,3266.65512210131,1028.56411492825,124.717277079821,0,163.199710249901,1.70099267363548,3177.90322142839,2036.02143782377,1821.618660748,423.92570862174,760.859306842089,3.63995260000229,5697.6580427587,244.091697603464,13.596357524395,3275.32427155972,1603.58842417598,1789.02060487866,11255.4243019223,25479.6536522508,18.4224437475204,157.277905285358,101.002076238394,5682.29173070192,189.570956885815,4013.688285321,272.76819846034,3104.27609059215,1347.71671646833,529.669871002436,490.023931533098,85.9482570886612,196.382778584957,26.923663944006,135.322486639023,206.068044394255,105.995924472809,47.376201659441,43.6062378883362,1.40411302447319,3.04240816831589,4.88424143195152,16.1557042300701,9.52205374836922,26.0516646504402,341.144560515881,68.4365919828415,102.661919057369,20.2945418357849,75.2151438593864,16.3503153324127,25.2446654438972,42.8697678148746,14.8029635548592,9.35748171806335,0,0.549205839633942,0,10.0174803733826,4.40950673818588,17.4974104166031,6.56989711523056,573.111775606871,1.62446045875549,8.89813357591629,86.4513584077358,730.067193567753,19.8374758958817,8.22176918387413,5.13032028079033,22.7143341302872,1.94193390011787,43.9002532362938,33.810639411211
3.94219732284546,51.4638476967812,46.3952528238297,442.695264726877,2867.24263122678,4138.88095679879,1078.29047489166,406.074916213751,2490.68582171202,1090.9622746408,10.2741447687149,2741.32404223084,14.4532730877399,163.199710249901,0,17.8861513137817,18.061511695385,16.1882937252522,16.4937505722046,483.507201522589,527.24932962656,107.655698955059,461.13387709856,3944.66977879405,23.4455214142799,37.4185471534729,237.685467481613,1977.67353570461,171.832368791103,439.753907620907,1.28541195392609,89.9906148016453,3.23836061358452,284.05338549614,1723.01212581992,744.832121819258,161.683504372835,189.425796568394,274.955212384462,4213.55409282446,56.9259557127953,1.93028622865677,153.169267475605,52.0637539625168,32.1767709851265,136.656745821238,586.8661660254,11.781380623579,6.18849152326584,3.33614671230316,0,7.94956386089325,217.426889300346,17.9063197374344,73.1213227510452,141.449772715569,32.7335158586502,55.0552763640881,323.79747903347,20.4138682484627,150.513571798801,1.79719078540802,21.592348754406,148.292946994305,23.9006327390671,1.76249420642853,2.91605126857758,1.5907164812088,107.769757509232,16.0206084549427,22.9062758684158,61.0746310055256,368.294979929924,0.564982414245605,19.1027279496193,51.3479875028133,619.915333718061,17.7117167115211,10.1738923788071,1.0447256565094,5.70085513591766,0.660593748092651,8.08599317073822,1388.09325173497
0,132.502325028181,12.3709905445576,0,6.96347397565842,0,12.0006548166275,0,454.39852848649,2.18855738639832,2.4071272611618,0,14.151190161705,1.70099267363548,17.8861513137817,0,1.47476524114609,0.542738676071167,3.4877250790596,0,11357.1465684175,4676.40521648526,9960.24384686351,4260.77620354295,43.2324139475822,13.7291246652603,12773.4805906415,5835.79781600833,4.22577607631683,27.3698508441448,0,0,1.74684616923332,210.013891547918,158.731049537659,1410.98447066545,735.689779907465,427.167012482882,445.122992396355,2.37938565015793,11.0786734819412,0,335.48464512825,56.9715812206268,149.277210742235,123.318753898144,123.738112062216,3.36818742752075,16.8053281903267,1.6620751619339,26.5431439876556,105.155930578709,1.18958511948586,4.94326984882355,1.92959761619568,54.6720442175865,2.46078932285309,2.89300584793091,7.43184387683868,16.4782252311707,1.92974758148193,1.32612836360931,11.9865135252476,9.95847529172897,6541.91131025553,43.0848485827446,0.31019589304924,10.5828809440136,0.441359341144562,1136.90009003878,1751.87580883503,4050.77710348368,445.29785323143,0,19.9208680391312,3808.20649787784,1129.82984450459,14.2083421647549,240.745894372463,0,0.582469642162323,4.19895765185356,44.5307085514069,79.6795731782913
490.280656099319,30.6431209445,16983.7881950736,4.00581756234169,4.17419365048409,60.3590684235096,1126.05445367098,1270.97510704398,12.2349382042885,131.438137501478,448.521245747805,33.8839980065823,1.13498950004578,3177.90322142839,18.061511695385,1.47476524114609,0,1004.80174106359,8628.36404550076,31.8027811348438,1948.52702304721,4.49990260601044,11305.0717422962,18.0727466642857,2.82378172874451,13122.4697754085,11064.6526688933,394.86287972331,2555.16027396917,3120.94787880778,0,15.6308252513409,106.559433370829,8065.82230252028,122.237272322178,2257.51715162396,803.572255760431,3640.11593604088,1407.42170441151,29.0646299421787,13.2405891418457,0.628938972949982,8.91680085659027,6.38009488582611,6.64596101641655,8.81439554691315,0.738810241222382,1.39129102230072,1.05142450332642,0,13.0019480586052,82.838037520647,0,5.35122215747833,0,2.45819425582886,0,2.27565968036652,0,0.634362280368805,1.53472232818604,0,0,7.87291723489761,15.9621922075748,1.23095393180847,1.9726881980896,3.67381906509399,0,10.5725160837173,4.54118824005127,14.3141753673553,14.0815359354019,1.11457681655884,113.283348619938,842.310233563185,20.2445217072964,0.564819812774658,3.21685510873795,0,0,0,0.838721632957458,79.6159691810608
38.2537975311279,1.00486674904823,278.071038633585,19.8862156271935,2.47394374012947,83.3016423881054,549.600706428289,493.481580972672,10.3619087040424,384.387355804443,7461.60024046898,170.346512287855,11.4518485665321,2036.02143782377,16.1882937252522,0.542738676071167,1004.80174106359,0,6801.48869606853,81.472599118948,91.3309205472469,0.491218000650406,315.12004840374,27.7724138498306,5.93340194225311,2047.98230099678,548.826747894287,130.386237829924,3731.75425365567,151.652327239513,5.42995035648346,422.836171984673,5.11283624172211,6469.19018355012,221.984186261892,3179.0168723464,3380.99315604568,4466.31556984782,2715.62275403738,80.3957585394382,21.0208648443222,1.23211193084717,21.977686047554,8.74909713864326,3.51208657026291,9.29792591929436,2.26702430844307,1.95473349094391,0,0,6.44292330741882,2.95237565040588,0,1.83246898651123,0,0,0,4.86357820034027,0,31.2047901153564,0,106.643274724483,0,9.62713134288788,0.447875559329987,0,20.9767524600029,0.406602025032043,0,0,1.13737791776657,0,0.471013307571411,14.4401057958603,161.760221272707,232.433440566063,1.38187432289124,0,0,120.824804842472,0,0,0,152.029075980186
133.653222233057,11.379930138588,1547.49903032184,9.94277155399323,3.20089507102966,55.2472508847713,552.92550316453,571.347456157207,10.1285688877106,281.791457295418,1697.58969157934,122.589515805244,0.860082805156708,1821.618660748,16.4937505722046,3.4877250790596,8628.36404550076,6801.48869606853,0,52.8569590449333,549.216599106789,3.02800309658051,1606.09044384956,19.4616863131523,0.688121676445007,4566.39139667153,2191.27980613708,196.488736063242,2569.9891076684,735.811781018972,0,53.1902049779892,62.1944288611412,7079.16601321101,123.474712073803,2451.15356069803,1346.48693946004,3948.50467014313,2001.17486017942,40.6202799677849,14.8778305351734,0.740245759487152,12.3279798030853,7.19275417923927,0.670322835445404,2.45532333850861,0.48264479637146,0,0.436809182167053,0,6.35467123985291,10.9505906701088,0,1.57948207855225,0,1.82180023193359,0,4.95261710882187,0,0,0,0,0,6.45409917831421,2.83274075388908,0,0,2.79740679264069,0,0.333765268325806,1.52649611234665,1.53301799297333,2.63070431351662,5.03708606958389,88.4376992583275,281.824410736561,0.54425173997879,0,0.460675060749054,0,0,0,1.89475145936012,83.3286914527416
3.40442454814911,0,13.6997448801994,18808.6323359609,70.6285836696625,1216.2537856847,335.101460129023,1283.95287689567,1030.36140999198,10834.9368748814,117.241298735142,14289.0881454647,3.44154697656631,423.92570862174,483.507201522589,0,31.8027811348438,81.472599118948,52.8569590449333,0,4.41583573818207,0,15.9268189370632,1173.18913894892,0,87.8586676120758,52.7075789868832,1937.12461206317,259.893740624189,22.2833325266838,0.700699865818024,23.0332601964474,1.23658907413483,304.911634385586,12.6267504990101,714.585550159216,16.887201577425,284.07444101572,63.0104832649231,405.54811796546,27.8190513253212,5.83712702989578,79.5583980679512,4.49199253320694,15.2295561432838,9.54997134208679,750.011655598879,5.3236848115921,4.62550190091133,0,0.887767761945724,0,884.694630742073,28.1738315820694,155.0336561203,316.193627387285,52.2534877061844,138.374052196741,1135.9703900516,5.10802233219147,330.922949254513,0,42.6509017646313,231.894856601954,0.34052762389183,0,0,0,261.842941135168,0,8.31893461942673,0.533687829971313,1117.48959153891,0,0,9.29890948534012,2074.91635623574,15.3638903200626,0,0,2.04026103019714,0,12.6284899711609,1.154565513134
98.4150488376617,131.723772734404,5020.46026995778,0,95.5703914165497,18.7265683710575,5666.81948447227,501.216124504805,202.444377720356,40.4566415846348,41.7461960315704,3.19541028141975,16.3293596506119,760.859306842089,527.24932962656,11357.1465684175,1948.52702304721,91.3309205472469,549.216599106789,4.41583573818207,0,1359.90407562256,48930.934720099,630.231741398573,35.7787536680698,1170.19254171848,5879.33069515228,29220.2615775764,720.357988029718,26073.5762759149,0,4.66199037432671,92.3083957135677,10241.3565539122,2464.87050768733,19133.3284514248,6570.88764956594,12445.3501831889,7525.20247483253,70.6324393451214,149.840836167336,0.914609372615814,570.16390734911,99.4207434952259,190.300832718611,138.525339126587,300.517585754395,11.7820444703102,27.8294688165188,12.0261050462723,32.5569180548191,89.9202267229557,1.09181928634644,18.3955151438713,3.92388468980789,146.9005240798,12.8733289241791,10.0328795313835,7.38227787613869,7.71228358149529,1.79816365242004,1.27546274662018,20.5497439205647,40.8768428862095,4737.658996135,74.4828121960163,2.45517706871033,4.08935406804085,1.83473816514015,2672.69670924544,1113.31333550811,2289.63183021545,967.435400098562,0,35.4105528593063,1589.11209979653,2602.86985358596,71.0913129448891,982.922429054976,0,0.852302610874176,23.0034999251366,87.0017674863338,735.063199937344
0,2989.19206085801,14.4309009313583,1.0227358341217,8.09351450204849,4.94683676958084,28.2030757069588,2.89111223816872,8611.0637422502,1.54974764585495,120.664189845324,0,1403.86482596397,3.63995260000229,107.655698955059,4676.40521648526,4.49990260601044,0.491218000650406,3.02800309658051,0,1359.90407562256,0,580.711081802845,21051.1121293604,2240.16612014174,42.0242699980736,17240.4840928912,4396.6247805953,24.0063514709473,33.9469351172447,5.09324163198471,0,10.3733461499214,67.1451994180679,13.9982688426971,208.570026695728,96.1398428976536,88.8964368700981,52.4748491644859,44.0869419574738,0.948788285255432,22.2957311272621,176.857813745737,63.9659423232079,101.035163700581,53.1002424061298,31.7293687164783,3.00270134210587,46.9181501567364,1.92126542329788,331.200091421604,59.4729035198689,4.53305971622467,0,0.446994960308075,86.7385097444057,3.50058180093765,68.0787463188171,7.62445217370987,99.4076966047287,0.758729934692383,192.330754667521,5.79236599802971,5.0182671546936,2801.10172390938,32.0173093080521,4.37414047122002,6.36572232842445,2.2141230404377,505.205602049828,1824.84282723069,1312.6545060277,741.92321613431,54.7472161650658,107.900822758675,3690.86175754666,830.685340881348,19.8792698383331,152.804089337587,43.1949545741081,0,5.06663680076599,26.4698957502842,15.6673907637596
957.939325451851,161.079869031906,39163.8646558523,3.20112732052803,136.265998780727,93.1872107982635,9056.3107021749,3270.99657806754,199.486118555069,106.008310288191,134.114759385586,26.1130826175213,0,5697.6580427587,461.13387709856,9960.24384686351,11305.0717422962,315.12004840374,1606.09044384956,15.9268189370632,48930.934720099,580.711081802845,0,257.858212500811,2.40303069353104,6703.81845960021,31464.6992840469,9242.64950993657,4057.95367953181,21552.8683816791,0.450276225805283,11.1332576274872,405.791534870863,20593.0941800177,3568.30820161104,33151.9198016524,11234.4020059407,30074.7362090349,19614.0841258168,133.083589166403,307.546945184469,8.41422235965729,626.543783456087,155.356847375631,239.394580543041,294.162574678659,177.979179084301,12.0803962349892,26.9057016968727,5.48232215642929,114.841665148735,898.707031100988,0,73.6278609037399,6.56877094507217,127.535877227783,6.89996027946472,10.4718415737152,5.58813792467117,20.6085948348045,3.8371342420578,0,17.9423653483391,106.505340129137,6554.03170648217,89.2492618262768,4.48241239786148,11.2155821025372,1.63767021894455,1303.32617017627,906.312578499317,6058.75268605351,425.23581135273,1.08793163299561,236.766035556793,12708.1529531479,1303.39725294709,24.2246159613132,304.097960501909,0,0.986338198184967,11.9168063104153,63.3393580019474,1878.98538079858
0.504577279090881,3326.30153986812,24.9727405905724,5559.42776215076,482.351911425591,757.521072119474,1789.04161399603,786.901826739311,41140.3501206636,2717.32921493053,84.5230528116226,1092.99989768863,703.99926841259,244.091697603464,3944.66977879405,4260.77620354295,18.0727466642857,27.7724138498306,19.4616863131523,1173.18913894892,630.231741398573,21051.1121293604,257.858212500811,0,1471.3256573379,62.8604746460915,7775.40968096256,17370.3152380288,219.08071538806,85.8820983767509,1.76777514815331,19.4865753948689,67.1930568218231,629.241622507572,203.878503292799,2136.18803170323,316.407207578421,513.159324735403,260.809895068407,1840.00220894814,46.6768907308578,17.9840391874313,3133.7045108676,114.613223850727,727.698386400938,260.708216100931,1005.2704500258,93.0378879308701,61.586917668581,27.1971580982208,152.564364999533,101.020514965057,803.063337624073,38.5677687525749,267.079813599586,5892.3582303822,543.145019620657,3643.05757215619,1693.6811299026,108.898529469967,297.915327936411,122.415602177382,517.357691407204,183.062639892101,2955.86249148846,31.8661296665668,3.41808551549911,6.82428130507469,347.18822285533,1118.65675780177,3645.19948834181,748.499974101782,17808.4991264641,45.9434661865234,20.2880772352219,1215.85035523772,20462.7101024687,547.214680343866,1224.90996259451,17.1593044698238,22.7198429107666,88.572144061327,426.172217667103,130.936236292124
0,3486.27317625284,1.84802734851837,0,2.17344477772713,0.517656028270721,2.55307602882385,2.88419017195702,1523.45953381062,0.65522438287735,622.898396581411,0,6415.40819224715,13.596357524395,23.4455214142799,43.2324139475822,2.82378172874451,5.93340194225311,0.688121676445007,0,35.7787536680698,2240.16612014174,2.40303069353104,1471.3256573379,0,1073.47214007378,17486.8485541046,185.158178210258,6.33041989803314,0,594.040755093098,5.47229218482971,0,89.936040520668,0,21.8415975570679,175.964461773634,44.8855365812778,4.9998391866684,4.20687156915665,0,932.821985840797,5.15738528966904,209.421372115612,15.1270468235016,1.43511199951172,0,0,240.934439569712,0,363.875592291355,2.50939124822617,0,0,0,0.652988195419312,2.33850461244583,24.8615154027939,0,893.065116256475,0,3259.50758430362,3.250533670187,0,2.98961639404297,0,49.7551150918007,1.93955820798874,0,0,41.1453489661217,1.49476897716522,66.4757722020149,2513.86408922076,781.52407515049,2519.84442958236,2.28195896744728,13.4159625172615,0,597.22196623683,8.70983356237411,0,84.8405311405659,0
246.086137503386,397.212813466787,46472.8239257336,28.9056620895863,6.87708497047424,112.004448413849,1587.16503086686,1247.94675162435,67.0666771233082,558.263881921768,6109.6026956439,234.645327121019,62.9843498766422,3275.32427155972,37.4185471534729,13.7291246652603,13122.4697754085,2047.98230099678,4566.39139667153,87.8586676120758,1170.19254171848,42.0242699980736,6703.81845960021,62.8604746460915,1073.47214007378,0,24433.1431839168,429.437066257,3790.61839592457,1215.95765668154,675.710745424032,342.528211832047,37.5683432221413,6924.29921624064,636.876504272223,14512.2317197621,19918.2602551579,11560.4506655335,8290.09831735492,99.7580315470695,77.2110860645771,13.4813882112503,211.479053705931,689.141455888748,168.647858440876,123.586651682854,9.87708628177643,0,6.77610635757446,0,803.282909214497,212.16901370883,0,13.1905335187912,1.90302139520645,3.78921005129814,0,25.3468658924103,0,1366.63798579574,3.72528019547462,5507.5750644505,1.31036531925201,43.7280398011208,28.276494115591,81.4609782099724,894.773695647717,127.341620713472,0,5.45728379487991,74.2334826886654,14.0521167516708,25.1125266253948,1747.9937915504,14449.786301136,30000.5988577306,10.0983557999134,10.2151167392731,8.67694792151451,4313.11139664054,0,0,24.782156765461,493.91410368681
118.992730826139,18749.8530488014,10525.7520862818,7.13045507669449,40.353547334671,50.1172544062138,1008.7439763844,621.788077294827,7077.16752290726,203.692939460278,243.679065793753,86.4385410547256,1914.98607322574,1603.58842417598,237.685467481613,12773.4805906415,11064.6526688933,548.826747894287,2191.27980613708,52.7075789868832,5879.33069515228,17240.4840928912,31464.6992840469,7775.40968096256,17486.8485541046,24433.1431839168,0,7240.19005337358,1730.67115294933,912.378956854343,1187.78158572316,43.1193163096905,30.9626331925392,9907.71150764823,1766.32138770819,32714.5316542387,15248.5507455468,20484.4846309721,15842.8184173405,154.30337074399,125.495594680309,18.9768620729446,1664.20913276076,2276.99194657803,932.486893802881,735.654209673405,48.1512463092804,10.6358842849731,80.9230061769485,11.745372325182,10084.1568182409,6552.09170857072,1.10128927230835,32.2986218333244,1.79758739471436,242.825836926699,5.15316009521484,157.458318740129,2.39232096076012,1437.96743118763,2.18325826525688,7746.70194274187,35.8127902448177,78.6778329312801,3530.13236805797,696.005748540163,1288.71558526158,440.170714646578,0.687782526016235,398.537108659744,2202.46523320675,4961.74035692215,426.665303498507,4870.04583948851,26913.7465489507,171199.893982291,603.929226070642,23.4630906879902,85.0411657392979,6395.50515195727,0.491890698671341,2.0706153512001,156.692278921604,1358.41872879863
38.2213267087936,548.714576035738,2633.24077767134,8815.7873378396,235.487518548965,4247.04746124148,55795.9661474526,5569.66260968149,8465.16732928157,15998.9537673593,190.728507131338,778.58803665638,91.6753111183643,1789.02060487866,1977.67353570461,5835.79781600833,394.86287972331,130.386237829924,196.488736063242,1937.12461206317,29220.2615775764,4396.6247805953,9242.64950993657,17370.3152380288,185.158178210258,429.437066257,7240.19005337358,0,2257.35370087624,23311.2840566337,0,121.478988349438,703.975490689278,9807.98673808575,3805.80510425568,25040.1798170209,3127.47044581175,10535.393804878,5724.56704667211,1605.23048788309,431.290385991335,22.3204608857632,6081.7038654685,293.371576845646,1283.44404101372,482.612143009901,2498.44341865182,185.090553969145,125.329805761576,95.4505935311317,130.608038187027,372.336151003838,1407.82588848472,66.3658402860165,467.800596565008,10738.3292973936,751.20032402873,3023.72507309914,2999.10115021467,112.463453501463,530.004733264446,9.26096880435944,898.565787494183,385.429786145687,6137.69885584712,108.557251393795,3.0029764175415,11.7391205728054,658.413576483727,3560.15816515684,3683.15835255384,2294.14754605293,23941.5378428698,8.64667084813118,60.3084914684296,4093.24780258536,35510.4374661148,1214.86558350921,4366.32988163829,0,17.8765934705734,229.961270600557,888.907651469111,754.494823813438
5568.06067496538,10.4241853356361,663.316357672215,80.6717947423458,9.8561147749424,323.636435508728,9895.57393687963,2304.78576815128,98.0574517846107,1819.07472828031,6019.5723157227,407.939766347408,212.119243353605,11255.4243019223,171.832368791103,4.22577607631683,2555.16027396917,3731.75425365567,2569.9891076684,259.893740624189,720.357988029718,24.0063514709473,4057.95367953181,219.08071538806,6.33041989803314,3790.61839592457,1730.67115294933,2257.35370087624,0,11862.2326971292,40.468888759613,812.180535674095,5306.68966796994,12124.6043227315,288.134457737207,2383.93016862869,270.191200643778,3257.52508243918,713.122101098299,194.295438945293,250.154770255089,41.9604842662811,189.923860967159,33.2773059904575,47.4106597900391,69.5059903860092,63.3834479749203,14.3706971406937,26.8562437295914,4.44173005223274,2.65367317199707,11.3177365958691,5.64149048924446,1.50969213247299,8.08285889029503,265.803560703993,25.3333222270012,49.2084572017193,12.9789119064808,47.717525601387,0.45383021235466,49.8341364860535,20.6095488965511,12.7898993194103,93.8632451295853,1.03878808021545,0.562429964542389,0,4.45151472091675,40.3630193471909,120.213955581188,18.8102200329304,560.779966026545,3.6780766248703,15.7872600257397,61.1973504126072,992.074644774199,28.4421518146992,95.5224148631096,7.92192640900612,7.00410360097885,7.79505521059036,20.7005341053009,31.534137070179
10137.1096272171,0,1890.3724270165,3.68490609526634,56.8660839796066,188.647962778807,17176.3477886617,6749.24166718125,76.7217709720135,113.473360568285,98.9631727337837,40.7964753508568,4.97301244735718,25479.6536522508,439.753907620907,27.3698508441448,3120.94787880778,151.652327239513,735.811781018972,22.2833325266838,26073.5762759149,33.9469351172447,21552.8683816791,85.8820983767509,0,1215.95765668154,912.378956854343,23311.2840566337,11862.2326971292,0,1.15133762359619,26.0098396241665,2135.86275920272,22086.4100914001,1687.11995601654,11887.6110713482,2259.55888399482,7962.95151653886,2817.54041743279,100.972605496645,181.766997486353,3.30755341053009,525.701952666044,33.6430541574955,114.722065925598,62.0639691948891,233.76574921608,10.9372926354408,30.2903046309948,15.7298400998116,9.0623976290226,32.90389123559,0.64942991733551,18.268289744854,8.61272579431534,286.474321573973,13.2571468949318,14.7768997550011,2.77625411748886,14.8147540390491,2.87690779566765,0,44.2135550677776,27.8927491307259,838.592151224613,13.0290108025074,0,0.97199621796608,0.993139445781708,552.013435572386,313.028650164604,205.857550382614,916.160188168287,0,9.6174812912941,132.236153155565,3326.54277378321,152.99600559473,715.701091647148,0,2.39930558204651,53.0736929178238,112.931468039751,305.227259457111
0,9.3166281580925,0.537151634693146,0,0,0.780830681324005,5.94896492362022,6.44389405846596,2.12915900349617,1.6327229142189,262.781287789345,2.18562051653862,785.443721115589,18.4224437475204,1.28541195392609,0,0,5.42995035648346,0,0.700699865818024,0,5.09324163198471,0.450276225805283,1.76777514815331,594.040755093098,675.710745424032,1187.78158572316,0,40.468888759613,1.15133762359619,0,5.38985580205917,0,99.059779137373,3.10160830616951,40.5747572183609,555.810517698526,153.801416188478,20.2788927555084,5.69798141717911,0,16.3839594721794,0.544797778129578,135.44200310111,3.53379493951797,1.0381795167923,0,0,25.957083106041,0,30.3644015789032,0,0,0,0,0,0,3.14536732435226,0,743.549627929926,0.370078414678574,2074.41456833482,0,0,0.631527543067932,0,51.833557844162,0,0,0,2.65929278731346,0,0.581732749938965,464.723090797663,526.684278875589,325.106819719076,0,0,0,1282.98647233844,0,0,7.491943359375,1.64003965258598
