0,1.19401574134827,129.735752820969,3.95281451940536,0.471686661243439,47.1105723679066,4742.47075223923,980.844791799784,12.7184179127216,176.853428781033,93.7415581345558,33.9116968512535,17.1717891395092,10513.1328059137,11.0520225167274,1.08280897140503,574.062252700329,69.7296041846275,71.5306780934334,16.5941532552242,145.611233592033,2.40399301052094,228.527224719524,60.3933002054691,1.00895726680756,222.285557746887,90.9399187266827,105.588512539864,12688.5026683509,7501.03358504176,3.04495057463646,30.5604513883591,109.399267911911,391.228973388672,36.1793780326843,301.609138935804,51.5363208353519,266.617921322584,113.182489544153,21.2241782844067,9.19279161095619,13.4963137507439,11.4684717059135,0,4.16522037982941,11.1121011972427,2.9276841878891,1.93916738033295,4.70113569498062,0,0,3.81206658482552,0,0,2.9035639166832,3.88570374250412,3.3843349814415,4.78713303804398,3.0101620554924,1.15428695082664,0,0,0,0,2.29414317011833,0,0,0,0,0,1.88448768854141,3.67245987057686,15.7639119327068,0,1.33709967136383,7.09135174751282,8.50553888082504,1.6450446844101,0,0,0,0,0,5.37574890255928
1.19401574134827,0,38.6690423190594,0,24.9409692883492,6.60677021741867,9.31445544958115,2.34447675943375,5295.96331489086,0.700042963027954,15.2883616089821,5.64874047040939,396.095337808132,5.40178644657135,224.150212436914,1844.88698661327,77.3489093482494,7.24205082654953,29.6568364202976,0.521821081638336,345.552767425776,10348.3766219616,235.536333203316,6733.41793128848,5729.07146376371,151.133119761944,16993.4592962265,476.656914681196,6.36372926831245,10.3326985239983,36.0921925902367,3.80552631616592,1.46781402826309,301.247267723083,13.7903826832771,134.431957751513,176.663285166025,23.3665543794632,23.5598955452442,263.502738803625,0.446922659873962,740.412293553352,730.547633141279,232.463522315025,340.930251121521,317.230531662703,11.1786316633224,2.96130657196045,20.7359555959702,1.68272054195404,1454.04800733924,1568.04354432225,1.3948792219162,0,0,25.096191495657,1.39046555757523,44.8938155770302,4.75115483999252,127.530794113874,0,395.193097800016,5.02565535902977,2.07089197635651,160.614286243916,1313.46035662293,10.5953450202942,325.816809564829,0,77.3068384230137,230.713698506355,245.752961069345,162.989273637533,50.3638417124748,2298.00963097811,9510.13901218772,49.698635071516,7.49711206555367,82.2032813429832,98.6097768247128,0,1.73586314916611,38.3480249643326,66.7681923210621
129.735752820969,38.6690423190594,0,1.72180688381195,8.48826703429222,27.9263675510883,3727.67050859332,337.593229591846,18.6745645701885,95.6024598181248,57.3335038125515,8.98827826976776,4.12933552265167,848.700385987759,30.3409944474697,51.8171255886555,18100.6940858066,212.179494947195,1148.78496304154,4.94244694709778,5456.61847007275,86.6251478493214,80203.7687160075,160.113380759954,3.40020757913589,41127.4847240448,28524.861104846,926.146524071693,458.095511525869,2804.18446356058,6.87567222118378,14.1791732907295,89.7011349201202,2274.84584121406,945.404515653849,12330.5396220982,1838.49813342094,3705.2622705102,4118.91060546041,154.398651868105,44.1695444583893,5.78638818860054,622.85370361805,80.8521236181259,321.140007168055,276.561514884233,11.3965254426003,7.07735800743103,1.2940925359726,0.854765474796295,107.589403599501,3972.80000847578,0,0,0,48.2607722878456,0.721808910369873,21.3697745800018,0.788913428783417,5.11957198381424,0,1.85076099634171,2.39970117807388,18.4339627623558,164.065732687712,669.595933288336,3.57434365153313,52.5794086456299,0,224.241408586502,98.2874759435654,1384.8002564311,102.148649454117,2.00449395179749,622.963933885098,7129.61042147875,131.221037179232,6.39007571339607,126.334388881922,0,0,1.13284102082253,28.1466821432114,674.748646706343
3.95281451940536,0,1.72180688381195,0,92.6859404444695,665.080210834742,217.020839095116,421.013275325298,1706.13784319162,3342.28098887205,54.0398866832256,10056.1180776358,11.5001978576183,235.255235701799,725.164459466934,0,6.81880506873131,26.2828528285027,11.8604935109615,28994.9461348951,1.27316117286682,0.473913222551346,1.71033936738968,1931.70310130715,3.59232005476952,19.577340811491,9.2128666639328,3462.69205316901,122.292878866196,12.0232581496239,0.375314950942993,43.3595984280109,6.58429217338562,271.175902426243,23.3360107541084,399.425098121166,5.97103706002235,87.3583891987801,29.0319220721722,870.014123439789,16.392202347517,14.9687028825283,115.676960378885,0,80.2961746156216,23.2627787292004,85.880252212286,3.99240946769714,17.7996733784676,0,0,0.358642160892487,798.29941624403,2.07922261953354,31.048234552145,181.805446177721,48.0419038832188,619.243876934052,800.231329530478,15.3549467027187,373.944800138474,0,60.5558706820011,21.1338115036488,1.48519140481949,0,1.73087468743324,0,190.019845873117,8.41501778364182,4.31199389696121,1.60152089595795,1719.99784579873,1.22760331630707,4.38965666294098,4.5611480474472,2538.29144346714,62.0696499347687,2.50920194387436,0.49800243973732,2.1731368303299,0,54.0978682041168,1.71097558736801
0.471686661243439,24.9409692883492,8.48826703429222,92.6859404444695,0,2522.83599463105,102.172905445099,228.133657425642,487.107157230377,418.828878164291,3.61500263214111,757.123819559813,1.18619775772095,35.6557223498821,5222.52814716101,6.59016400575638,16.6300059556961,2.50896000862122,1.42979645729065,96.5669447481632,141.804486989975,46.7015501856804,138.154720276594,442.515111237764,0.667714715003967,5.13450559973717,38.7955187857151,216.871857762337,33.5102652311325,125.782375454903,0.531378746032715,816.365280985832,6.73082807660103,542.519338220358,4685.65869629383,529.556487947702,29.1718112230301,21.3539239764214,35.0465936660767,20581.4625048339,5269.25858491659,4.12412190437317,54.6261505484581,40.2727801799774,36.5889491438866,153.094227194786,13.9483842253685,1.38891410827637,4.57687366008759,0,0,4.36337500810623,14.7518775463104,1.17152237892151,6.43488597869873,20.9242939352989,6.78984075784683,12.2937753200531,13.7870908975601,4.11496359109879,8.65481323003769,0.748048365116119,1.76015448570251,7.41109925508499,10.026916205883,9.66820120811462,1.1748663187027,2.00778460502625,2.31219661235809,31.2457370758057,9.38781535625458,65.1194784045219,47.0009823739529,0,61.5438943505287,83.8708377182484,81.017401099205,3.64305806159973,21.7948579788208,0.637533247470856,1.29836428165436,0,2.52791905403137,3269.89061224461
47.1105723679066,6.60677021741867,27.9263675510883,665.080210834742,2522.83599463105,0,1875.90462744236,19264.6339672506,256.233975589275,39285.0307651758,247.604047358036,9590.01205015182,48.7412709891796,1758.04389858246,5115.45817244053,3.31192582845688,69.538886487484,122.30510443449,39.5396301448345,1387.98788207769,44.8554691076279,9.26884657144547,47.5541654229164,349.580423474312,5.15923398733139,117.383792996407,34.5627120733261,559.891502052546,427.772264450788,259.143845885992,12.5815390944481,1592.9069942832,13.2626198232174,1492.97496798635,10688.2299216092,3611.93792486191,104.492808461189,264.893337875605,163.371092736721,10206.9295628369,472.255207538605,118.959669619799,80.9101419150829,8.03456735610962,84.9337525367737,140.26982742548,39.597828745842,22.2951403856277,52.8364710211754,0,0,2.15757286548615,40.8198476433754,0,9.73432800173759,37.4995604753494,39.9844028353691,68.106553375721,77.4027930498123,18.5159457325935,49.6496925055981,0.745480358600616,29.3293702602386,11.3485277891159,18.5116394460201,0,0.503229439258575,0,11.8769479691982,22.1844539344311,6.27235752344131,18.6201557517052,296.828800141811,0,5.86130213737488,18.1426104903221,346.544413536787,13.6590711474419,17.3972367048264,0,26.7760395407677,1.87995183467865,46.305480748415,433.532970190048
4742.47075223923,9.31445544958115,3727.67050859332,217.020839095116,102.172905445099,1875.90462744236,0,15139.9526275396,1301.99701347947,15268.78917858,649.79894092679,264.367576390505,134.561833620071,29015.65717417,497.254086405039,21.5357443094254,1928.65288478136,493.073909014463,423.306423842907,169.237203329802,6804.98656150699,47.3628777265549,2407.98166120052,6985.23837870359,13.6149094998837,2414.03622308373,1129.86831343174,61426.399840802,6684.41547939181,9266.30381083488,40.4011599719524,524.79474774003,1032.83482736349,3977.59119603038,1061.53686058521,9051.18262267113,935.5951153934,3044.24945631623,1255.95228543878,776.26322939992,347.994271636009,160.847408235073,931.829586744308,21.9652692079544,654.081155627966,213.870331525803,246.161001473665,49.1137185394764,54.36568531394,8.1654776930809,7.93151873350143,20.0218234062195,110.598089843988,1.47688865661621,38.2443094551563,875.496468245983,150.923588871956,427.643301218748,514.088475197554,90.9639523029327,79.2343268096447,4.05187979340553,306.730607241392,53.4254606664181,269.819513291121,4.52257242798805,0,3.43366459012032,63.1575949788094,113.729038625956,62.9331640303135,234.62382543087,3186.99150586128,4.57801431417465,14.5536942183971,201.644868820906,3880.14266052842,387.17103227973,167.353458970785,0,9.80472820997238,21.759207367897,325.959949225187,299.209824472666
980.844791799784,2.34447675943375,337.593229591846,421.013275325298,228.133657425642,19264.6339672506,15139.9526275396,0,424.403222978115,20404.3396873176,912.050109297037,3354.56709244847,194.516763657331,24151.1738494337,482.537545591593,18.9285854101181,796.021663576365,426.385699719191,193.231246352196,1083.95009943843,288.620190829039,16.9886492788792,416.501238167286,1085.31946307421,15.8941777646542,668.181525439024,195.821918517351,1128.18825635314,2375.68490606546,4456.72160583735,48.6735952794552,1036.90017789602,90.5434880256653,4743.3148265481,740.052569895983,8084.1020232141,365.39833471179,812.624110251665,610.190590709448,3101.4034960568,313.764702677727,343.019221365452,407.492445409298,12.0463993549347,423.864647746086,478.755267500877,147.480576336384,98.0542810559273,205.277106463909,4.18435895442963,0,2.18815323710442,37.5885508656502,0,25.1758623719215,305.916148453951,151.533257633448,173.137958049774,108.40133574605,33.4342408180237,54.5225523412228,15.0499997735023,71.5148115754128,22.6398302912712,60.2068758010864,0.46403756737709,0,0,16.7577495574951,63.7803699374199,11.6796471476555,66.7263160049915,1489.00000712276,1.032923579216,8.8879696726799,51.9892178177834,1330.73217049241,88.991552144289,66.2798926830292,0.441948652267456,110.623488843441,12.3049398064613,205.56590411067,75.397203117609
12.7184179127216,5295.96331489086,18.6745645701885,1706.13784319162,487.107157230377,256.233975589275,1301.99701347947,424.403222978115,0,2150.31163185835,88.9112031757832,2299.22472324967,164.044039219618,446.99654263258,3492.73307004571,1112.86877167225,29.8632734119892,38.1283774077892,24.4705838859081,504.690807491541,537.015637934208,14783.5298236907,491.377840191126,36997.3323782384,1218.36109173298,109.631895631552,4497.62617823482,6774.34367826581,253.940482258797,92.0239091515541,25.7013822793961,99.0259868204594,40.959129691124,472.040947437286,74.8237621188164,1604.42256870866,80.9689323306084,245.897134333849,54.0822854042053,2386.69113451242,59.6651712059975,128.983810275793,596.701652020216,41.1402370929718,359.90197442472,67.0312820672989,198.353574454784,24.9259566962719,27.2374501526356,27.9457714855671,64.772394746542,35.5548645853996,332.26801148057,2.33030182123184,116.829203486443,552.981390416622,195.936772674322,3189.00294038653,880.640451908112,106.109736979008,234.891147613525,87.0829541385174,228.318856686354,71.4648476839066,2584.41298615932,31.3398303389549,33.7446030974388,21.031278014183,101.96312969923,1058.5198482275,1286.68923488259,733.917627900839,9487.90305918455,50.8914551734924,115.490721076727,419.517576158047,6167.1001368165,420.789952456951,364.93099874258,17.6570535898209,20.0168809890747,44.6355556249619,187.089316278696,116.346971571445
176.853428781033,0.700042963027954,95.6024598181248,3342.28098887205,418.828878164291,39285.0307651758,15268.78917858,20404.3396873176,2150.31163185835,0,921.307330697775,8164.40057197213,218.583190917969,7712.70964512229,938.791010051966,2.72386056184769,301.734424650669,568.506468623877,241.337699770927,7609.39873732626,56.2189287543297,8.88845586776733,77.037783741951,2006.6152806282,17.0232887268066,579.066214114428,165.729151338339,11678.2601208091,3032.08473607898,477.103161722422,41.7446595728397,797.665931671858,142.644272834063,3676.875112921,456.880432188511,6894.44475874305,208.825720518827,1714.31932482123,325.061283409595,1779.48445641994,366.050793200731,302.679551333189,661.734990596771,9.84465289115906,514.190997809172,230.490713059902,339.842804044485,50.9504895508289,81.7107476890087,5.16401666402817,4.3801963031292,0.527819275856018,861.436559259892,5.30747723579407,124.889171421528,1016.93987211585,174.429246723652,1226.17234602571,3210.36118632555,38.9834898412228,529.365402251482,2.68536525964737,246.695733457804,77.3385398089886,14.6779721081257,0,3.63668721914291,1.11534628272057,318.555157512426,8.12261095643044,12.1143297255039,8.92882406711578,7142.23878836632,5.51291599869728,10.0977413356304,21.2720634937286,10470.1743294299,256.180595844984,10.0878389179707,0,3.17639616131783,7.5874028801918,367.689921408892,77.1108114421368
93.7415581345558,15.2883616089821,57.3335038125515,54.0398866832256,3.61500263214111,247.604047358036,649.79894092679,912.050109297037,88.9112031757832,921.307330697775,0,442.055618345737,6479.50780659914,3240.03156471252,26.6475284397602,4.93770730495453,1319.36526858807,14318.6120988429,1970.54133555293,180.359485834837,274.271562159061,17.8770226240158,441.482665449381,280.786446273327,312.143224596977,1649.75405111909,409.270900517702,282.777279168367,2761.45373934507,562.939075291157,465.976562857628,794.493167370558,37.4381609261036,20795.6618502736,210.45319005847,2359.87134420872,7720.03905847669,5730.9106208086,1844.32095557451,124.462393552065,34.8695162236691,2942.34836399555,38.6378747820854,541.00480607152,42.4617160856724,54.4193544089794,6.69644248485565,2.57234841585159,184.140237987041,0,88.6443745791912,10.4140508472919,1.07635045051575,0,0,0.417049437761307,1.26616382598877,77.1934092640877,3.09607520699501,2169.52294078469,4.35653007030487,5303.73991212249,7.6407413482666,4.77335125207901,7.17491081357002,4.6774560213089,1.42033356428146,1.37136441469193,0,0.805198192596436,52.6347694993019,8.86356821656227,76.8464158475399,282.247302234173,637.339334875345,862.119907528162,11.9389655590057,11.6556838750839,0.80971348285675,1407.97097748518,8.99222439527512,0,101.930566549301,85.7410179972649
33.9116968512535,5.64874047040939,8.98827826976776,10056.1180776358,757.123819559813,9590.01205015182,264.367576390505,3354.56709244847,2299.22472324967,8164.40057197213,442.055618345737,0,98.5871816575527,1466.81788524985,5497.38408538699,0,62.6362659931183,260.179174125195,76.7518957853317,9685.59399947524,5.86146283149719,7.02936112880707,21.119343996048,526.54009899497,4.03057140111923,236.188963323832,52.4396050274372,3615.22938200831,590.968179225922,108.889467120171,26.5733608305454,345.833730041981,7.87937924265862,1382.12790727615,4846.52606776357,1292.17106845975,80.4555193483829,387.14451238513,144.383166372776,3528.4055878818,75.9242464005947,115.077189385891,158.666673719883,8.02597481012344,139.527987957001,123.715857714415,207.197236925364,19.9061996340752,90.6500701904297,0,0,1.32159999012947,713.93684861064,4.51248478889465,241.551348745823,102.453926682472,247.542079925537,360.014073163271,598.487090915442,44.1583175957203,2356.46301087737,4.76457485556602,101.932959973812,82.3716530203819,16.9993838369846,1.68588626384735,16.4074560403824,4.34863901138306,444.00192284584,17.5548858642578,3.10210978984833,15.3039593994617,1151.1545484066,2.42707151174545,40.3779689669609,20.711501121521,1888.72130319476,48.2726831138134,21.2208376526833,3.80204641819,27.9572925269604,1.39160692691803,83.7442626655102,294.173960089684
17.1717891395092,396.095337808132,4.12933552265167,11.5001978576183,1.18619775772095,48.7412709891796,134.561833620071,194.516763657331,164.044039219618,218.583190917969,6479.50780659914,98.5871816575527,0,516.569637954235,12.6955297589302,15.4501608610153,11.8918413519859,52.5920160114765,10.0294277369976,35.2334830760956,13.1590181291103,504.488224685192,20.077012360096,143.924240797758,5799.67395800352,445.695008844137,2803.58584102988,62.256923943758,339.112242043018,89.2496984899044,1923.78104892373,137.228277742863,3.44366699457169,7252.52029198408,21.0015807747841,363.661381572485,5375.5587168932,1180.67885434628,123.954342961311,21.8051933050156,4.28810834884644,4113.27258041501,135.183128118515,1722.55798530579,147.676108151674,88.0431380271912,4.90965962409973,3.47755831480026,305.565544784069,0,481.468753218651,3.74129331111908,0,0,0,2.26528340578079,5.25236743688583,116.589634120464,7.67330282926559,6153.47309246659,0.471739232540131,19843.3892474174,14.6731902360916,1.75802618265152,6.96429044008255,13.4673729538918,0.704592168331146,13.3184923529625,1.0576539337635,0,128.982186704874,1.68334156274796,74.5721531510353,2197.38419297338,2282.27302461863,7532.57155624032,2.45686733722687,55.9458560943604,0,5353.25597712398,25.4306314587593,0,332.965909421444,11.0602925419807
10513.1328059137,5.40178644657135,848.700385987759,235.255235701799,35.6557223498821,1758.04389858246,29015.65717417,24151.1738494337,446.99654263258,7712.70964512229,3240.03156471252,1466.81788524985,516.569637954235,0,151.963307023048,18.7433958649635,2504.34062582254,2142.16094136238,951.324710488319,612.939783245325,540.14889088273,15.9346404671669,1017.91487520933,1222.40236365795,20.7217157185078,2432.73814496398,783.543711066246,1133.24478316307,15259.2246631086,17548.12780267,150.002651453018,1615.67994701862,240.743204414845,4792.26782467961,233.343764871359,5169.23138931394,448.502166390419,1603.11249053478,663.849226474762,555.329627394676,183.824752956629,356.02209815383,465.616888791323,14.5454105436802,336.06978482008,246.221421003342,134.037766546011,45.3578026294708,111.661749273539,3.9843847155571,3.5778631567955,14.8792550563812,30.0921773612499,0,2.3959122300148,398.812884271145,74.1523721218109,209.457734942436,105.482055783272,31.6698987483978,30.9644052088261,31.2438159286976,63.7493224143982,9.13807874917984,53.1778626739979,4.42619171738625,0,0.572176992893219,22.8365935981274,82.7812749743462,14.1043236851692,28.7258551120758,1761.22398671508,4.10919034481049,15.1433377861977,74.170144200325,1579.37814417481,74.4389244914055,104.029628545046,2.51827707886696,48.0962798893452,7.09869438409805,136.844302684069,55.0935032069683
11.0520225167274,224.150212436914,30.3409944474697,725.164459466934,5222.52814716101,5115.45817244053,497.254086405039,482.537545591593,3492.73307004571,938.791010051966,26.6475284397602,5497.38408538699,12.6955297589302,151.963307023048,0,11.1723930835724,46.2601010501385,18.3380396962166,6.3882719874382,491.396765530109,312.647870481014,357.315615713596,204.846497923136,3232.64087110758,29.8598044812679,23.1191171705723,228.187318593264,1222.85460922122,137.630621731281,336.520601391792,0.8694167137146,514.883521467447,20.3329665362835,337.477147400379,2756.42236095667,631.873843669891,67.1712820529938,95.1825591921806,57.9122641980648,9432.22002986073,108.993944495916,10.2323895096779,47.6289200782776,8.53739154338837,37.9595414996147,62.1664881408215,26.8557335138321,5.10463607311249,14.6712822914124,1.37935304641724,1.42441934347153,1.60872232913971,53.2622434794903,1.55729711055756,11.6017013192177,42.9257440567017,5.92856740951538,110.945118129253,115.969841837883,10.9619790315628,65.5632583796978,0,11.9619263708591,12.3193522691727,22.4201731681824,0.520265758037567,1.51392567157745,1.1991126537323,18.9927216172218,32.1662763357162,11.0254276394844,24.3339318037033,257.420967876911,0,18.4358710348606,34.7171695530415,372.932442903519,19.1650345921516,16.4393283128738,0,0,0,16.8188956975937,849.152078896761
1.08280897140503,1844.88698661327,51.8171255886555,0,6.59016400575638,3.31192582845688,21.5357443094254,18.9285854101181,1112.86877167225,2.72386056184769,4.93770730495453,0,15.4501608610153,18.7433958649635,11.1723930835724,0,77.28861951828,8.99612307548523,25.1266349554062,0,14572.5770669878,13230.544788003,22072.8409310579,2727.37840142846,210.529370427132,62.5213441252708,16940.1807389557,884.595792263746,12.4384765625,43.0034532546997,1.89220750331879,11.3324494361877,0,669.792384922504,307.294955044985,3666.84379637241,1796.21510124207,591.856639146805,601.854964643717,20.0541213750839,8.50060799717903,33.9877869486809,241.282634317875,41.5980022847652,93.3723613321781,72.2296535074711,12.3393557071686,4.61473786830902,22.8961108326912,2.41762018203735,38.5049031674862,141.012684047222,0,0.742637693881989,1.35152471065521,53.5745022892952,6.45323339104652,11.4567690491676,0.984894752502441,16.789495408535,0.845552086830139,10.6888685822487,17.6049053072929,6.90692114830017,10664.7808366716,34.5907323658466,1.48423480987549,7.36838722229004,0,2059.8945055604,2667.10743206739,5941.83146342635,1479.54008257389,2.74654501676559,65.8703259527683,2764.56025215983,1179.90576350689,39.8565700650215,294.018906474113,3.28774005174637,1.28621160984039,16.7240697145462,28.7128754556179,126.655173450708
574.062252700329,77.3489093482494,18100.6940858066,6.81880506873131,16.6300059556961,69.538886487484,1928.65288478136,796.021663576365,29.8632734119892,301.734424650669,1319.36526858807,62.6362659931183,11.8918413519859,2504.34062582254,46.2601010501385,77.28861951828,0,1934.83201864362,7550.88834789395,36.0809532999992,7357.81319928169,133.408783376217,19366.8372242153,195.075559020042,5.43942609429359,10915.9820144176,22578.634624511,723.561837673187,3304.1988004446,8327.14779779315,7.60295075178146,60.1720751225948,532.22187063098,14512.0356380045,584.07180005312,8408.80924132466,1948.37675079703,4062.00912231207,4383.86135214567,96.3612225055695,52.636534422636,18.0136315524578,596.084091514349,114.839443951845,292.236677244306,286.758639633656,9.93368300795555,6.73631763458252,3.62208986282349,0.320734113454819,89.7036310732365,2235.46008095145,0,0,1.16918635368347,8.87231120467186,1.23001152276993,16.0638546049595,0,9.38986837863922,0,3.42698574066162,2.20303854346275,14.4615806341171,75.7250595390797,800.065268218517,4.94096392393112,120.078265458345,0.532753348350525,86.0918189585209,69.8752011656761,374.936472564936,64.8332806527615,4.37057101726532,1386.5633853972,4495.10071435571,35.0124553740025,1.03977489471436,70.9355265796185,2.38843250274658,0,1.55793663859367,22.8829534947872,415.644509583712
69.7296041846275,7.24205082654953,212.179494947195,26.2828528285027,2.50896000862122,122.30510443449,493.073909014463,426.385699719191,38.1283774077892,568.506468623877,14318.6120988429,260.179174125195,52.5920160114765,2142.16094136238,18.3380396962166,8.99612307548523,1934.83201864362,0,8176.23034754395,110.974998831749,408.817134141922,6.73238804936409,746.335058003664,174.862704724073,5.06517040729523,5073.55458065867,968.056182801723,205.174330294132,1626.66322988272,617.157134205103,143.004571437836,338.217895001173,58.7660833597183,6893.47255295515,255.599344193935,3605.76503795385,2203.8643733263,4235.49838072062,1987.37926864624,47.8766786456108,31.8621054291725,20.120437502861,25.8277426064014,19.7645725309849,14.9963464140892,23.8394097983837,2.98181712627411,0,1.26922917366028,0,1.0964527130127,47.5408058464527,0.418305844068527,0,0,0,0,26.6433902382851,2.33489173650742,18.0140261650085,0.681413471698761,36.0188257694244,0,8.40894490480423,4.07142096757889,33.0219679176807,0,11.8445664048195,0,2.13737297058105,4.13863188028336,7.83716681599617,0.581564009189606,2.52389633655548,115.935094803572,191.764143049717,0,0,0.958800375461578,39.5104843378067,0,0,2.55655270814896,119.821530103683
71.5306780934334,29.6568364202976,1148.78496304154,11.8604935109615,1.42979645729065,39.5396301448345,423.306423842907,193.231246352196,24.4705838859081,241.337699770927,1970.54133555293,76.7518957853317,10.0294277369976,951.324710488319,6.3882719874382,25.1266349554062,7550.88834789395,8176.23034754395,0,30.9758780896664,831.843180537224,35.1846479177475,1896.25388553739,81.9421872496605,5.70739075541496,16606.9699049294,5165.70396959782,198.385515362024,797.102857589722,837.102294743061,6.53258126974106,86.5909826755524,73.4008685350418,4590.91043418646,190.526836812496,4051.99831709266,1137.66957581043,2252.9903241396,1744.39078181982,26.6867441534996,24.799541413784,3.71246117353439,206.576345533133,45.0518562495708,115.272826462984,104.916135340929,3.72827842831612,0,2.52820456027985,0,34.9370784759521,501.125145405531,0.682510912418365,0,0,1.01535728573799,0,14.8760796785355,0,2.74301373958588,0,10.0518964529037,0.324181437492371,5.18630188703537,15.8952030539513,251.524709492922,0.969435185194016,64.9671520590782,0,14.3092470467091,19.8505203425884,56.856009632349,13.2226858437061,0,727.417828083038,1328.44471654296,1.92678326368332,0.783188730478287,16.5954586267471,1.49143168330193,0,0.59632396697998,9.35685169696808,122.884212613106
16.5941532552242,0.521821081638336,4.94244694709778,28994.9461348951,96.5669447481632,1387.98788207769,169.237203329802,1083.95009943843,504.690807491541,7609.39873732626,180.359485834837,9685.59399947524,35.2334830760956,612.939783245325,491.396765530109,0,36.0809532999992,110.974998831749,30.9758780896664,0,5.45587080717087,3.58602353930473,10.2780950665474,577.378594666719,1.88082242012024,102.052963763475,21.740290760994,3330.61202207208,305.209127515554,61.6118794679642,7.95106956362724,110.683488726616,5.86415761709213,456.017345488071,25.7229941487312,582.817314594984,33.2660548985004,124.676316261292,43.9236473143101,580.597903043032,27.6992556154728,50.644756257534,212.001246720552,4.26383590698242,185.327049255371,49.5627078413963,88.8742194771767,18.8614500463009,25.377270847559,1.60183131694794,3.4340546131134,1.21836784482002,502.231895565987,0.467239737510681,36.5292689502239,224.905892491341,74.1375087201595,255.806836336851,587.621213555336,25.7752654254436,107.988776832819,0,109.123204290867,18.6148252189159,2.82359346747398,0,0.632680177688599,2.15421485900879,72.2832490205765,6.34238350391388,2.50765419006348,2.82994800806046,1506.92345616221,0.453500360250473,2.13107219338417,10.2221434116364,2276.08778384328,111.419833868742,7.5465957224369,0,7.8188750743866,8.9934356212616,101.826663166285,17.3691298365593
145.611233592033,345.552767425776,5456.61847007275,1.27316117286682,141.804486989975,44.8554691076279,6804.98656150699,288.620190829039,537.015637934208,56.2189287543297,274.271562159061,5.86146283149719,13.1590181291103,540.14889088273,312.647870481014,14572.5770669878,7357.81319928169,408.817134141922,831.843180537224,5.45587080717087,0,2277.70311242342,58542.4029391706,1175.41914367676,30.1475169360638,3083.55198767781,5802.95439517498,5577.38008102775,1267.25818428397,37921.3025761247,14.8528237342834,122.681462049484,543.599245995283,11839.8701141775,3405.49129855633,32194.466627419,3477.51496729255,10149.4822033942,5588.76428735256,359.209143877029,321.973611295223,29.5620981454849,672.297940760851,106.874803304672,252.420172601938,177.960840076208,58.3803561627865,21.8107602894306,28.6232558488846,25.9786821603775,15.1465316712856,99.2865599989891,0.408800035715103,0,6.46866524219513,161.361672997475,41.068984657526,30.166590154171,9.00796228647232,23.8028712570667,2.17927539348602,1.40143859386444,49.0531100332737,42.3989961743355,3542.15645599365,28.4071315824986,0.325829446315765,5.61077824234962,2.6089985370636,2647.5373428762,776.062193065882,1966.22888478637,1452.41206195951,2.1095983684063,71.5326701402664,1003.48140761256,1747.8354189992,235.210350334644,801.392897874117,0,4.57482638955116,56.1723158955574,98.0805865824223,1216.74521544576
2.40399301052094,10348.3766219616,86.6251478493214,0.473913222551346,46.7015501856804,9.26884657144547,47.3628777265549,16.9886492788792,14783.5298236907,8.88845586776733,17.8770226240158,7.02936112880707,504.488224685192,15.9346404671669,357.315615713596,13230.544788003,133.408783376217,6.73238804936409,35.1846479177475,3.58602353930473,2277.70311242342,0,2123.34504571557,26542.6675677896,3283.67116826773,142.060234487057,25972.8781099916,1768.41146704555,21.8193910419941,28.0912092030048,62.8333468437195,6.26191037893295,2.85521459579468,437.975966572762,32.6141855120659,404.16020950675,173.396415919065,132.369458168745,66.5091127455235,320.823263406754,7.58479881286621,991.308821588755,345.805099010468,125.057078659534,131.686185270548,172.903198838234,11.4582675695419,1.38017594814301,16.8184887766838,5.48741519451141,722.849623352289,608.33586281538,2.04811120033264,0,1.45081949234009,26.5953659713268,5.66533723473549,100.623847097158,11.6785273551941,173.446287035942,2.43475878238678,419.298669338226,5.70566835999489,7.1925300359726,3608.66396185756,293.951384723186,2.04716122150421,51.9035147428513,1.52443313598633,626.043392568827,1724.56569308043,1542.4447492063,1017.40682327747,76.1629348695278,515.25154209137,7139.77391722798,593.348944038153,27.5136736631393,106.633722871542,126.601689100266,2.07715511322021,8.83423951268196,28.1529705524445,48.4015121161938
228.527224719524,235.536333203316,80203.7687160075,1.71033936738968,138.154720276594,47.5541654229164,2407.98166120052,416.501238167286,491.377840191126,77.037783741951,441.482665449381,21.119343996048,20.077012360096,1017.91487520933,204.846497923136,22072.8409310579,19366.8372242153,746.335058003664,1896.25388553739,10.2780950665474,58542.4029391706,2123.34504571557,0,1269.15002945065,36.0594185292721,11417.5178336203,23516.4409903586,5599.55037251115,1282.7128829658,17545.5214732587,18.2851758897305,106.890449434519,340.35715290904,11757.4543103278,5606.03050613403,52666.2735458314,16417.7923820615,19775.7321511805,16721.897347182,634.709134936333,259.139333426952,23.3488143980503,462.713875442743,71.8034034967422,226.136006772518,298.245543181896,20.599909901619,12.3213514089584,25.2835310697556,4.56142169237137,28.4566455185413,540.346165806055,0.514635384082794,0,2.99808347225189,56.3452776968479,11.666777163744,6.40604311227798,0,14.6078231334686,1.41699409484863,2.4741518497467,11.9534738361835,54.5961556434631,9157.30642393231,112.63410821557,0,16.4782567918301,1.13828754425049,2292.17618250847,1493.99828270078,7529.44410383701,1497.54254168272,1.34988012909889,209.686807662249,5501.94005578756,1187.24630925059,55.9014804065228,289.719120323658,0.992428123950958,2.91626846790314,18.7029384970665,42.4240062832832,2585.75668051839
60.3933002054691,6733.41793128848,160.113380759954,1931.70310130715,442.515111237764,349.580423474312,6985.23837870359,1085.31946307421,36997.3323782384,2006.6152806282,280.786446273327,526.54009899497,143.924240797758,1222.40236365795,3232.64087110758,2727.37840142846,195.075559020042,174.862704724073,81.9421872496605,577.378594666719,1175.41914367676,26542.6675677896,1269.15002945065,0,907.378045767546,256.748810112476,9841.49596995115,13896.9182758033,1161.20518916845,435.446265220642,26.7953745722771,303.473455250263,512.077622979879,2592.5946598351,839.289120733738,9478.856007725,1083.40383124352,1334.22351238132,474.909622192383,3559.12369081378,257.877951651812,173.271556198597,3069.38962954283,105.963849037886,2007.41797444224,360.49102601409,666.345530807972,113.93351867795,98.2811945974827,67.9155584871769,75.0324195027351,142.206418067217,580.05220118165,1.95637971162796,229.094187796116,2491.05951616168,693.074329823256,3489.81938049197,2198.24680486321,291.739663362503,392.171489953995,37.6845644712448,1221.22148761153,125.241810888052,3283.93546706438,63.9627061188221,14.9871289432049,27.8136513531208,307.964429289103,1987.73942607641,1394.18701171875,1509.31058362126,19116.4044380188,23.1086469590664,95.9461935162544,1259.16311991215,16649.7237273455,1650.29464259744,1119.14355239272,4.32699328660965,68.1359376609325,144.148240536451,910.745319902897,400.521988809109
1.00895726680756,5729.07146376371,3.40020757913589,3.59232005476952,0.667714715003967,5.15923398733139,13.6149094998837,15.8941777646542,1218.36109173298,17.0232887268066,312.143224596977,4.03057140111923,5799.67395800352,20.7217157185078,29.8598044812679,210.529370427132,5.43942609429359,5.06517040729523,5.70739075541496,1.88082242012024,30.1475169360638,3283.67116826773,36.0594185292721,907.378045767546,0,117.446237951517,7228.60237249732,74.4303768277168,13.3259919881821,4.4193631708622,198.563516259193,3.29138767719269,0.39856293797493,3090.2694029808,1.2211354970932,35.1398167014122,229.020010620356,64.8499945402145,8.81141257286072,47.9084966778755,0,2219.28214097023,156.292367994785,237.373723387718,98.9295575618744,54.592804312706,4.59093225002289,1.00799894332886,80.5580424070358,0,1372.19761174917,76.0994862914085,0,0,0,5.75881677865982,1.34341084957123,35.1937469542027,1.63012540340424,848.064663529396,0,3108.31442469358,0,0,6.29639810323715,142.854007005692,0,117.545924007893,0,10.0925816297531,54.6687654256821,28.3984618186951,36.860993295908,780.180483698845,1917.04093465209,6637.89223361015,4.59177899360657,1.72462713718414,23.3902271389961,652.62001991272,0,0.368526726961136,56.6166108846664,3.71391844749451
222.285557746887,151.133119761944,41127.4847240448,19.577340811491,5.13450559973717,117.383792996407,2414.03622308373,668.181525439024,109.631895631552,579.066214114428,1649.75405111909,236.188963323832,445.695008844137,2432.73814496398,23.1191171705723,62.5213441252708,10915.9820144176,5073.55458065867,16606.9699049294,102.052963763475,3083.55198767781,142.060234487057,11417.5178336203,256.748810112476,117.446237951517,0,34134.4123269022,591.557021826506,1705.3628360033,2431.23469245434,1436.59211400151,204.517010867596,126.858430027962,5792.02987006307,1016.41259050369,21476.5514457226,16055.810097307,7930.45930325985,7072.08613118529,119.797350376844,66.0671594440937,52.3382642269135,1081.90967079997,652.749817699194,612.09158334136,492.071936815977,16.0317813754082,3.32350838184357,14.5751278400421,0.98446974158287,248.282629400492,1662.92736533284,0,0,0,18.0300633013248,0,55.8080686628819,0.487178295850754,975.626067459583,0,2517.12306496501,2.05422466993332,23.5183950662613,63.5766773223877,978.622303903103,9.90039312839508,413.478013783693,0,94.5442408323288,97.3187091946602,259.897331044078,76.5794683694839,235.121919900179,10048.3062201142,18328.9019020796,20.3123577833176,5.93124938011169,105.131685853004,3000.37725800276,0,1.58300513029099,65.8465870171785,646.190549254417
90.9399187266827,16993.4592962265,28524.861104846,9.2128666639328,38.7955187857151,34.5627120733261,1129.86831343174,195.821918517351,4497.62617823482,165.729151338339,409.270900517702,52.4396050274372,2803.58584102988,783.543711066246,228.187318593264,16940.1807389557,22578.634624511,968.056182801723,5165.70396959782,21.740290760994,5802.95439517498,25972.8781099916,23516.4409903586,9841.49596995115,7228.60237249732,34134.4123269022,0,5154.03522062302,785.781416594982,2046.77797269821,1036.34240308404,34.8421203792095,137.988126367331,7091.30560365319,2376.60016691685,42976.4269972146,14250.7259749472,11923.4461168945,10215.1207738817,563.732326745987,94.184041082859,192.673797905445,6977.35894909501,2145.93228048086,3443.61978831887,3051.72716504335,78.4301264882088,27.2446022629738,34.7230035960674,6.37539371848106,4620.8173571229,19230.0809729695,0,0,3.95588928461075,175.305525094271,9.76285243034363,244.76462739706,3.02713549137115,1132.60796681046,1.99399566650391,4932.99375128746,19.6158676445484,60.69439214468,6829.99194303155,7420.51185637712,55.4027846753597,2062.4649553597,0.346542537212372,2575.07853764296,3470.35523808002,13761.3446333408,1792.95133331418,1258.8162868619,29075.5508252382,119800.266207755,1457.38913762569,34.1146903932095,904.941889435053,3391.09878069162,3.17370599508286,22.4626593589783,269.880893915892,1644.13691970706
105.588512539864,476.656914681196,926.146524071693,3462.69205316901,216.871857762337,559.891502052546,61426.399840802,1128.18825635314,6774.34367826581,11678.2601208091,282.777279168367,3615.22938200831,62.256923943758,1133.24478316307,1222.85460922122,884.595792263746,723.561837673187,205.174330294132,198.385515362024,3330.61202207208,5577.38008102775,1768.41146704555,5599.55037251115,13896.9182758033,74.4303768277168,591.557021826506,5154.03522062302,0,2244.61687901616,21047.5146855712,10.3674840033054,356.997203558683,1326.76754918694,4695.98876303434,1771.22072148323,16426.6201926768,1818.94342672825,3107.46556869149,1057.70850792527,1740.40289482474,395.873016774654,96.540523737669,2696.78082570434,122.252823650837,1595.81210321188,330.155803442001,637.919268786907,131.630787700415,103.150850474834,102.003371953964,33.8011023700237,67.3378470540047,845.37926876545,4.92027443647385,161.66249397397,2416.10290881991,540.720391660929,2541.23193904757,2721.06933656335,231.214943468571,512.286970585585,1.44176805019379,999.212917506695,139.353306770325,2333.9603549242,37.1299202740192,2.57240042090416,4.15837022662163,300.71011441946,1771.8466553688,744.504498720169,1213.19215834141,14836.1748616695,14.1741409003735,52.7426629662514,862.90871784091,15898.9764352739,1464.03295466304,1527.33166608214,0,37.2407949566841,115.197180598974,843.854659080505,573.713699519634
12688.5026683509,6.36372926831245,458.095511525869,122.292878866196,33.5102652311325,427.772264450788,6684.41547939181,2375.68490606546,253.940482258797,3032.08473607898,2761.45373934507,590.968179225922,339.112242043018,15259.2246631086,137.630621731281,12.4384765625,3304.1988004446,1626.66322988272,797.102857589722,305.209127515554,1267.25818428397,21.8193910419941,1282.7128829658,1161.20518916845,13.3259919881821,1705.3628360033,785.781416594982,2244.61687901616,0,23663.8614753187,132.134756475687,1764.1839645803,5963.13826879859,9268.90372094512,276.188220649958,3968.20675644279,274.770997256041,2437.82173740864,769.288033902645,428.258373856544,143.70076367259,197.011213243008,156.220273762941,4.35915347933769,134.729054510593,158.351332932711,49.3001093268394,27.8941317200661,66.7580463886261,2.39622211456299,2.76104205846786,19.6123616695404,8.49988275766373,0,1.6388151049614,103.341057956219,30.4048055410385,78.0045419633389,27.6697953343391,26.2010887861252,16.8707165122032,21.9274349808693,8.76528012752533,7.99864411354065,34.3677858710289,5.54029563069344,0,0.804868817329407,4.68819403648376,32.0068577826023,9.13132533431053,12.9460129737854,555.534040659666,0.58704400062561,11.4429468214512,65.3702294826508,488.260501265526,20.2140781879425,40.4747933149338,2.1136526465416,25.1537485122681,5.94337850809097,60.2983402907848,67.7489704489708
7501.03358504176,10.3326985239983,2804.18446356058,12.0232581496239,125.782375454903,259.143845885992,9266.30381083488,4456.72160583735,92.0239091515541,477.103161722422,562.939075291157,108.889467120171,89.2496984899044,17548.12780267,336.520601391792,43.0034532546997,8327.14779779315,617.157134205103,837.102294743061,61.6118794679642,37921.3025761247,28.0912092030048,17545.5214732587,435.446265220642,4.4193631708622,2431.23469245434,2046.77797269821,21047.5146855712,23663.8614753187,0,39.0362507998943,306.240754812956,4589.97010377049,12835.6624335647,1693.05522888899,12014.5811732113,996.443033069372,6177.15240514278,1869.54106548429,402.964239180088,368.138130664825,116.764976203442,426.270958721638,25.9969219565392,273.903703212738,144.390393614769,103.611521184444,33.867705821991,56.4112340807915,12.4688605666161,1.32244125008583,37.0981527268887,17.6317743957043,0,6.81682565808296,296.737281173468,67.5126647055149,60.2683610320091,41.0202541947365,42.3220303952694,22.6730360388756,4.66492891311646,90.4662716686726,20.107518017292,185.290670752525,10.9197123944759,0,1.44672840833664,10.3647595047951,296.973200559616,64.5122259259224,135.717328965664,708.216641515493,1.58385246992111,25.7743400335312,216.377930670977,1037.41121351719,145.211583852768,231.361966192722,1.0259365439415,11.1929428577423,14.1301545202732,123.959964543581,530.388268738985
