0,0.000186008765216708,0.0174061081197955,0,0.000100714691763949,0.00105429768143213,0.635005050171775,0.122956036619622,0.000312345872025544,0.00172014231094096,0.000731351043681734,0.000323804008966529,0,1.50311965816103,0,0,0.0181215651174659,0.000947686925644427,0.00380144043183955,5.1897683425498e-05,0.00428287391384735,0,0.0131773113967073,0.000473380787792349,0,0.00992760091544513,0.00395090266181018,0.00424128438656379,0.794549480966318,0.499500251646021,0,0.000955204716159784,0.00542896368927636,0.0199414285706763,0.00018066691121552,0.00319501740686766,0.00159484929198132,0.0116084975951074,0.00198960666013101,0,0.000812831185530399,0.000180222158068788,0.000534579297811043,0.000185728906262618,0.000361207959087414,0,0.000328824718998659,7.16971879912734e-05,0.000293120982164967,0,8.30675549252035e-05,0.000137822847516996,0,0,4.27213529702783e-05,0.000294586530112719,0,0.000416001510459149,0,5.35935653132796e-05,0,0,0.000150661758761984,0,0.00019873297595008,0.000172827124238169,0,3.54248521572411e-05,0,0.000142231653745973,0.000208468976059163,0.000179147127713233,0.00196543036952235,0,9.87132865188835e-05,0.0001016312710271,0.00158161054316748,0.000109199576918929,4.27673186540008e-05,0,0,0,0.000316481048702979,0
0.000186008765216708,0,0.294722869268666,0,0.000356304075054676,0.000347108532487798,0.0061546149789852,0.00190747845361312,0.191920380961154,0.000139033782709771,0.00342243584633701,6.32451272610068e-05,0.141513783168468,0.00225358817688587,0.000669485714149267,0.168257370307359,0.0605538963626622,0.00663061288561899,0.018741055393111,0,0.0469697446111171,0.593640814787505,0.144449709851907,0.396318644314448,0.506058981093473,0.0942484919547511,3.47765539574437,0.118800620480035,0.00142747147721493,0.00641064576289653,0.0184724498604688,0.000239678457459688,0.000528635379291731,0.0242831172105999,0.00207666015951361,0.043472902958571,0.0373974151306397,0.0306523720609818,0.01738596738138,0.00426761786113988,0.00148838930795615,0.00418105423039261,0.0228465956913709,0.0182168200308691,0.00702183338696392,0.00621519589119133,0.00104864149191623,0,0.00130510902105549,0.000231104602833199,0.182972796191884,0.0682052139355136,0.00171578712444951,0,0,0.00338015084566664,0.000682228015655881,0.00384664966020762,0.000458774288744449,0.00606880031957756,0.000400194250985896,0.00399133713469793,0.00118989178153169,9.80628275164125e-05,0.0321390012950216,0.0648792580349266,0.00282452013099058,0.013386775965027,0.000641756754595948,0.0066374098600398,0.0202733271792859,0.0215100738590098,0.0143763708367041,0.0065002391443416,0.123224980256477,0.588242789107735,0.00709804572910329,0.000186013232187771,0.00078406895858402,0.00563369214463242,0,0,0.0141430716183403,0.00212755809161598
0.0174061081197955,0.294722869268666,0,0.000158930439300531,0.00132986658776293,0.00428204062613107,0.12816805954069,0.128886867026311,0.00106803620250544,0.00324613593702713,0.0204781721940937,0.000848218463659435,0.00207897175040212,0.167361944045602,0.000665674618060755,0.0155201942401353,1.41674878275981,0.0612600961763223,0.23979718191259,0.000229101795915115,0.291417932675143,0.0349889339899257,2.05760926419397,0.0102816563531125,0.000615570908358294,4.22938060869085,2.95115885800287,0.122930745112003,0.123252885852107,0.48957610988725,0.00236752147243522,0.00474299810102637,0.0127018033472197,0.350589990834109,0.0120491212338951,0.395380498705721,0.390332007307552,0.289051432918936,0.138742481508198,0.00444999104500612,0.0141669491366005,0.00288984590857436,0.0750463145441192,0.0403288919457234,0.031418512923115,0.029900596378057,0.00133187358361529,0.000152939346441746,0.000346829675385243,0.00161631591426627,0.0710657699492912,0.172197007045257,3.1076237444216e-05,0.000273345214127529,0,0.0146706518687356,0.00182441837810706,0.000963768736096894,0,0.00180969957977428,0,0.00049128387931565,0.00360985715328311,0.00048100679895389,0.0273264045954436,0.211719924550885,0.00549955075453446,0.0339459395582681,9.63420969531773e-05,0.0171401827468133,0.0298435452944188,0.157194151322591,0.011774940128616,0.000509274097455114,0.186549246975686,0.713620907528859,0.0136622029646027,0.000735942373013848,0.00202846379590318,0.000388466202373606,0,5.91070047724068e-05,0.0785030239773307,0.0114535416823737
0,0,0.000158930439300531,0,0.0106879882085528,0.0229521152676917,0.00807003182152801,0.0312077443668967,0.153261688383969,1.12149746324069,0.00477121144200984,0.466731146267177,0.000610335085176426,0.00732653876923498,0.0930298348556988,0,3.39130650846362e-05,0.00019996232590937,0.000160786713942522,1.90883480689441,3.43687788548112e-05,0,9.86156243768334e-05,0.235204629106055,0,0.000288911261758995,6.2039033584708e-05,0.390500605409657,0.00910474756332298,0.000280046918441719,0.000121577250423354,0.0058534700024343,0.000367296178695113,0.0168060945020591,0.00122302489830297,0.0239659524051179,0.000795470920606486,0.00724382221161632,0.00140631903878827,0.111622982430558,0.00260593945819894,0.00181319253285268,0.00442119421741659,7.8454285963607e-05,0.00338373636890775,6.04825561210454e-05,0.0562295581070166,0.000675496028311008,0.00089056152806015,0,0.000151991810885298,0,0.09251987556992,0.00044596753785286,0.00626409226869003,0.00440402566919212,0.00822978750845643,0.0330682511537638,0.162610522234405,0.000738219868780625,0.0942063143681907,0.000101132725805986,0.00818301979892168,0.00246643299917765,0,7.05525496344686e-05,0.000109548554437625,0,0.0670214725159586,7.22265010840655e-05,9.5802108167195e-05,0,0.0862845726930593,3.99679616396785e-05,0,0.000155314711154789,0.0850499718230704,0.00500735107951385,0,0,0.000156396593623364,3.88280613972426e-05,0.00653182965561646,0.000204391173764694
0.000100714691763949,0.000356304075054676,0.00132986658776293,0.0106879882085528,0,0.156303242257749,0.0397964102332026,0.0142094808753808,0.00457443465471193,0.0162067510931277,0.00539494901438697,0.0362142831883851,0.00102195970159493,0.00249807959805369,0.314823377366099,0.000145241946464872,0.000237724001367283,0.000758376593162012,0.000417943236603153,0.00571818744369471,0.0153836046833469,0.00051028870421443,0.00995233737663343,0.0365966144333983,0.000128806333062005,0.00257065041207247,0.00352810587042697,0.0482544583545325,0.00168001892214608,0.0117523786549403,0.000167608617462647,0.100284322854583,0.00012771222846427,0.0745960506624678,0.17776288741423,0.0215576762027861,0.00521510170274647,0.00732512218792991,0.00106422178376252,1.02541349611813,0.224856679308561,0.00207317715831365,0.00150077713324975,0.000722693454028225,0.000862062510030651,0.00105011087263546,0.00825856547779933,0.00029694137754972,0.000350516978470111,0,0,0.000147908567342126,0.00101360704935343,0.000306779867530382,0.00104348886147477,0.00136119548251337,0.000575751733160663,0.000818585862107384,0.00293392537240441,0,0.00428333614424815,0,0.000760773840058923,0.000359826362162197,0.000389664736206901,0.000155903788368153,0,0.000171291915439201,0.00121620703665636,0.00103557451927976,0.00051481824044683,0.00071784626652019,0.00646534294809931,0,0.000304112888192487,0.000879248420617952,0.00482912625724273,0.000293272827011585,6.21299010593533e-05,0,7.00360354248166e-05,0,0.000543394391853213,0.0834965582902468
0.00105429768143213,0.000347108532487798,0.00428204062613107,0.0229521152676917,0.156303242257749,0,0.562983033321074,1.63019533965264,0.00370200143485967,1.60264156289821,0.0205547161628781,0.638283215288585,0.00364502346570309,0.114772184761172,0.24823821251941,8.99328574589491e-05,0.00292049563759934,0.00151112486712296,0.00108584035889185,0.0594462691129874,0.00213341746167835,0.000185034221029663,0.0029772125876659,0.00416371497218138,3.76887333131373e-05,0.00678043020991745,0.00208696613042434,0.0799104292162,0.0423193100688325,0.00980232923638273,0.000735786762032676,0.0612912221386914,0.00161668725191636,0.0610233748215372,0.109268302769223,0.165855308544141,0.00779738740254912,0.0282440517105457,0.00657734973599711,0.769975678672156,0.169690889532596,0.0147582454832845,0.00736937709066978,0.000383325187435609,0.00417920932308902,0.000966306458204196,0.0125479514863666,0.00016488560337354,0.00427641264930587,3.67462345882594e-05,4.70468561632633e-05,0,0.00487699027039343,0.000538895476431716,0.000651259952901357,0.0101197614236312,0.00166958875151676,0.00625021405366669,0.00833768504143634,0.000154044140519619,0.00536078306221365,0.000323287678582847,0.00198948903908429,0.000451446852318537,0.000481918192026871,0.000199839665733266,0,0,0.00282648760885512,0.000796846143366204,0.000126973900648284,0.000207522720391029,0.0407963956908842,0,0.000499826970666111,0.000220405919907766,0.0269649888245441,0.00197169944860816,0.000202097501312584,0.000125539244654739,0,0,0.00598611914386241,0.0236558827903317
0.635005050171775,0.0061546149789852,0.12816805954069,0.00807003182152801,0.0397964102332026,0.562983033321074,0,2.62576882916533,0.0357622510318813,2.12570057098088,0.065475783805351,0.049583313835123,0.0123776149926179,3.41250625256193,0.0753374226732769,0.000982057034939692,0.0732606430314786,0.0121770484606179,0.0224230858873056,0.011487324334422,0.199050482706333,0.0149837590399299,0.114330949086456,0.182808575470957,0.000385697270855093,0.165332178536646,0.0834910142667425,5.38260144517694,0.755420061165976,0.59281025216944,0.00235527856174918,0.101024993861142,0.237323403818204,0.803893136259955,0.166041148359504,1.32964447124586,0.109421535223876,0.879937404033492,0.231716003552927,0.378163052534341,0.259762639867053,0.0722202094403418,0.0576022322782143,0.00393998423332057,0.0335595011930162,0.00842216469920646,0.0342362010631354,0.00638429790393832,0.0109693463806146,0.000541807785313117,0.00167479185137819,0.00434211429355207,0.0463678711157496,0.00178907407619192,0.00293103204815002,0.0590551377603444,0.019522767238603,0.0495795514965751,0.103016778886588,0.004350435534531,0.00908958934739222,0.00129780230641201,0.0383078227286816,0.00464779351228019,0.0127824387558877,0.00537143819676686,3.45039208142579e-05,0.0009512721202966,0.0200317643930434,0.0193270684389609,0.0153857561480288,0.0168909331443741,0.405917259759679,3.06251721732498e-05,0.00990301685517699,0.0260467389544276,0.288019029583757,0.0394528343372244,0.00540443839817076,0.000495529955902779,0.00217010625524673,0.00167793974932453,0.0571238008719046,0.0313273111954111
0.122956036619622,0.00190747845361312,0.128886867026311,0.0312077443668967,0.0142094808753808,1.63019533965264,2.62576882916533,0,0.0151177680270753,1.35353007612067,0.124519498900273,0.452132745543694,0.0170003111175031,1.77008644222217,0.0321351024886694,0.000524068517196184,0.0981752300701344,0.0158723027011293,0.0277072755683142,0.0886910029368326,0.0508343736184559,0.0025834901206626,0.109671330440175,0.0117416990439593,0.000209394443307948,0.120266406151531,0.0414469951363961,0.220445298672706,0.244083226316595,0.473728261371043,0.00426012946899273,0.120220362890951,0.0252131540145314,0.217566239414677,0.0820702196290813,0.291895362360894,0.0332916316811741,0.16206420225684,0.0469753900537073,0.228961978544338,0.036548131735564,0.0254257630064866,0.0293283032592836,0.000757553645656526,0.0191902579968872,0.00423892365439794,0.0188716404515318,0.00311770973539004,0.0119476518721865,0.000387598596646607,0.000653426162723905,0.00103640045395726,0.00560265805158958,0.00077235132371291,0.00057611416674034,0.0484991785149501,0.00554058913020003,0.031797527775298,0.0157905414411187,0.000755264860677385,0.00377525487972345,0.00095996443697361,0.0113510745454711,0.00250858101043757,0.00388988923467124,0.00077699590053497,0,0,0.00366585844587139,0.00655497883470421,0.0045339480694596,0.00361987627525724,0.216861455428635,0,0.00151521154821176,0.00568802867017612,0.12471436771762,0.0135376524302238,0.000997637071727458,0.000478314718179834,0.000193111102147078,0.00111337123217588,0.0329853323439197,0.017261093239764
0.000312345872025544,0.191920380961154,0.00106803620250544,0.153261688383969,0.00457443465471193,0.00370200143485967,0.0357622510318813,0.0151177680270753,0,0.113417799953858,0.00253296247380665,0.0624356383303227,0.0299583091961231,0.00413669577388836,0.0190066676714039,0.0125547124906408,0.000431535634413153,0.000201861870886802,0.000313212253012019,0.0394244689491858,0.0300467582103546,0.475836272824501,0.0207722571665372,2.87763430180802,0.105103689577397,0.00219381975478538,0.156153262426698,0.71125212199093,0.0045243052277563,0.0156739644133231,0.00459728162850115,0.00267024041519297,0.00125886163782139,0.00757170532804171,0.00306235940043216,0.0436511508877665,0.00860562984839571,0.00586690686738916,0.00346316192006266,0.0366567176968004,0.00129974983686101,0.00246677721560373,0.0222969231210464,0.00251158162242133,0.010015526839093,0.00361600270821075,0.0109237298053868,0.00226811315141404,0.000905607072458424,0.000517346964272916,0.000909610126517962,0.000574006647954267,0.0628018624083887,0.000506227322174704,0.00151764903920909,0.0225810822057498,0.00530045971546713,0.364634834629636,0.0324169752493639,0.00343146505857086,0.0130177753565365,0.00134792297635801,0.00996090049122758,0.00211781345398414,0.0520323361160416,0.000721183930312872,0.000571930866721862,0.000336338651466477,0.0133404173326139,0.0299787777123274,0.203081919798908,0.020930247188942,0.511087147389566,0.000423283847481221,0.00305705451153565,0.00618214122674826,0.175168190697191,0.00922937652015838,0.00353832488476055,0.000498005494280183,0.000653270427660203,0.00129706641429013,0.0133449061215223,0.00229841618236234
0.00172014231094096,0.000139033782709771,0.00324613593702713,1.12149746324069,0.0162067510931277,1.60264156289821,2.12570057098088,1.35353007612067,0.113417799953858,0,0.108968462715786,1.22461952133851,0.0162064645176322,0.320615805572452,0.0909364207973073,6.4651120190227e-05,0.00108972814257927,0.00878017891644855,0.00332087569298194,1.31538472392195,0.00101892744397049,0.000252725466595846,0.00300064464964495,0.0548559819431464,0.000304569272927451,0.015718175057663,0.00380954712263578,0.768448078836788,0.227109980241284,0.005661300325928,0.00321585872673409,0.115495885286244,0.00328834401342265,0.354002347550782,0.292943557091364,0.426654783461913,0.0115632573484047,0.184345271210621,0.0215321211645548,0.23848384060624,0.0624207924588416,0.033023360392399,0.0387800511918938,0.00111262550306678,0.0304874015437972,0.00405030621024962,0.212081473371574,0.0052139179829885,0.00760960656647364,3.94510889693856e-05,0.000158936820359504,0,0.226899383541667,0.0022004577565076,0.0165242795890995,0.0530081128217461,0.0324862655304035,0.0620889795487502,0.371073222422112,0.00180362231159872,0.200803798545887,0.00076688551356253,0.0523140273118257,0.00804774472649466,0.000190938927171815,3.74652652730763e-05,0,0,0.1236784149316,0.000242640291355151,0.000577580502841937,0.000480191974258441,0.443019819599745,6.3535351701963e-05,0.000348688833797133,0.000296047725980639,0.418603942124918,0.0461526230239626,4.34382650607944e-05,0.000258818185344154,0.000742334415588611,0.000360977710166895,0.0693796771896217,0.0408124002071121
0.000731351043681734,0.00342243584633701,0.0204781721940937,0.00477121144200984,0.00539494901438697,0.0205547161628781,0.065475783805351,0.124519498900273,0.00253296247380665,0.108968462715786,0,0.066764947945621,0.284607476423248,0.0421777314200787,0.00319550887478895,0.00100158864072853,0.0401474368898541,0.612232854502989,0.0601688093503678,0.0141417048010231,0.0342377176710441,0.00140964885780769,0.0998188350530041,0.00278608921640957,0.0021540894226789,0.209388553838681,0.0618560245904712,0.0248336349713722,0.0952339209393245,0.0278917234902005,0.0682018364848876,0.0806581121402895,0.00380680058801385,1.09779415388557,0.00304644268178525,0.123434324620995,0.504186966111556,1.66870068603056,0.165449239056613,0.0498489031075958,0.004958070944623,0.0596666757888795,0.00258136787511853,0.0517330978812548,0.00188369482216921,0.000515906071983349,0.00082018654052546,4.30900113568545e-05,0.00579853907102194,0,0.00321512682593357,0.00100590111755374,0.000161628368038249,0,0,0.00268942581463961,0,0.00631712141474595,0,0.102962111492681,0.000134838763785726,0.0424795840484869,6.60017631199718e-05,5.08194430089474e-05,0.000828608306735918,0.00187041746990172,0.000139129721483356,0.000255952349965715,0,0.000172720190373773,0.00340863177522073,0.00209930439853433,0.0185002091306267,0.00968732682507844,0.053331928067075,0.0171288252913558,0.00496387384104966,4.9247519568181e-05,6.29983385988653e-05,0.0547873975653194,5.92203403761983e-05,4.94437951516748e-05,0.00301076186575216,0.00156193379758426
0.000323804008966529,6.32451272610068e-05,0.000848218463659435,0.466731146267177,0.0362142831883851,0.638283215288585,0.049583313835123,0.452132745543694,0.0624356383303227,1.22461952133851,0.066764947945621,0,0.00874141723690675,0.0650003677883351,0.27761735035058,0,0.000158267482429945,0.00525564711460692,0.00149010985469341,1.25944270964585,0.000603554726325452,4.76932480161547e-05,0.00158221995383091,0.098958163705742,0.000295522399613565,0.00843639398966241,0.00225753426097958,0.201045097429269,0.0832691827902267,0.00268490576382725,0.00189115891482099,0.0686188103772808,0.000249400454625529,0.103714785002322,0.367296750908591,0.116503540848043,0.00444911787624572,0.0355942449183331,0.00512107410802558,0.300030191517788,0.0102487923460717,0.0130161258585366,0.00879917935480008,0.000250837001728737,0.00223033641371573,0.000878797812614091,0.125765941262475,0.00154812324660256,0.00376931288907899,0,0,0,0.0490894106172674,0.00126745497110719,0.00961659872164286,0.0038318639147545,0.0122848720174319,0.0153847014488255,0.0540651991040755,0.00126894433141149,0.11169593891376,0.000195135954394579,0.0113579637614657,0.00428721568793648,0.000207696762223488,4.33732274327159e-05,5.53056284820437e-05,0,0.0357260402685558,2.97981690073073e-05,0.000183836606326217,8.99723616598368e-05,0.0429811535652631,0,0.000196332679839897,0.000123068903956628,0.0475519475374539,0.00445943111747353,2.75975630480051e-05,8.53032785381911e-05,0.000740865515114737,6.63069647818088e-05,0.006009828307406,0.0335592037212364
0,0.141513783168468,0.00207897175040212,0.000610335085176426,0.00102195970159493,0.00364502346570309,0.0123776149926179,0.0170003111175031,0.0299583091961231,0.0162064645176322,0.284607476423248,0.00874141723690675,0,0.00471718238608087,0.00031214325674392,0.00971128617576678,0.000972049181497506,0.00167134270862401,0.00019497034557848,0.00166493485012238,0.00723966677042355,0.0518003160208163,0.0163135147829309,0.0360397683579192,0.293447904786105,0.0210244433888422,0.250793930904216,0.0239790453178965,0.0067714879680477,0.00412386654108068,0.189597623511268,0.00806936674836091,0.000328306292998922,0.164658835257501,0.00146111508559754,0.16879866547787,0.79797526053351,0.722757427016711,0.121996777339069,0.0209411705026067,0.00254531457482087,0.857844292540374,0.00522912049408447,0.338966028640327,0.00779002825614339,0.000571831111261583,0.00160123604955946,0,0.03981442345946,0,0.0553343866740101,0.000211330162938392,4.07786571442843e-05,7.06796377186179e-05,0,0.000585140456141269,0.000136820166467464,0.0155817298640042,0.00011405155079565,0.826416473004739,0.000211850905145347,0.349923121836682,0.000186318224747569,0.000135324801947427,0.00408714300670185,0.00035992479177767,0.00160409301303704,0.000387335477344882,0.000350173541006577,0.000132485727034527,0.0344798193729884,0.000147396170834195,0.0123465304876008,0.211398724769964,0.630228538528431,0.24424233344712,0.00305805568061658,0.000909268508931527,0.000207778135086799,0.5990854672788,0.000269601363876557,0,0.0109113352704453,0.00073098131221106
1.50311965816103,0.00225358817688587,0.167361944045602,0.00732653876923498,0.00249807959805369,0.114772184761172,3.41250625256193,1.77008644222217,0.00413669577388836,0.320615805572452,0.0421777314200787,0.0650003677883351,0.00471718238608087,0,0.00469907680795412,0.000273064475106609,0.156936677304907,0.0156531306877671,0.0455827061683517,0.0160456420794103,0.046500251832199,0.00177026564866133,0.137064534768891,0.00706464177233955,0,0.120796958203785,0.0425629903625047,0.143724673744997,1.19709579371344,1.28859986144193,0.000703411952662456,0.0285251551021113,0.0310396837443527,0.203815716550609,0.00679395335818685,0.101225346389841,0.0236734924082899,0.125158488157193,0.029423432757419,0.0246345806009902,0.00907062635439066,0.00917708958064637,0.00980385091099469,0.000951322173810326,0.00615117781249295,0.00107625472153251,0.00425514312752346,0.000798802791583297,0.00328522332171983,0.000293053302038574,0.000522822076017362,0.00109139218810693,0.000915725501817036,4.74232628144622e-05,8.69956792216722e-05,0.0107161807151604,0.000569432430522108,0.0076816905197095,0.00200319742188987,0.000196750847155762,0.000520383615338046,0.000584350149234527,0.00144072580987536,0.000621332551939529,0.00240672540509052,0.00103994659018652,0,4.74380745919704e-05,0.000534205813992763,0.00608516689713751,0.00369157178583654,0.00305380565866459,0.06061442678247,0,0.00209248303270517,0.00475822089272245,0.0428305475172591,0.00154586631636614,0.00120818782404346,8.06317137659552e-05,4.37151896928429e-05,0.000401579455495769,0.00719096314824103,0.00121126098983965
0,0.000669485714149267,0.000665674618060755,0.0930298348556988,0.314823377366099,0.24823821251941,0.0753374226732769,0.0321351024886694,0.0190066676714039,0.0909364207973073,0.00319550887478895,0.27761735035058,0.00031214325674392,0.00469907680795412,0,0.000209238862198496,0.000257972050490415,0.000279395671285403,0.000322006190982902,0.0455919987089893,0.00774598948908519,0.000967738664716696,0.00772402185141768,0.218090273540332,5.79366100994229e-05,0.00123096759795164,0.00172977555003516,0.122960403106815,0.00463109690965903,0.00880253668797152,9.13042543406722e-05,0.0418883014519853,0.000107008998666275,0.00846314807184408,0.0962522244480824,0.0263897927800562,0.00652946293991529,0.0167754448281819,0.00523934948327474,0.488000714265739,0.00983027861246503,0.00329115022025217,0.00259002456632261,0.00104235290659721,0.00112826241790739,0.00110527091784298,0.0246444215220694,0.000103245364145314,0.00113880295305327,0,7.76463340615991e-05,0.000252231533108747,0.00655520852295553,0.000144243031549895,0.0012173155233384,0.00189999504544757,0.00145286172695357,0.00225831226763112,0.00634869337338482,0.000325436015925491,0.0122941960152886,0.000176976788699841,0.00186596966039762,0.00047270854081682,0.000445985272463286,0.000406933779791176,0.000318929831210494,0.000208321722266138,0.0035409452711086,0.00127785297448964,0.000105100834548688,0.000828325136616551,0.0096232467257957,0,0.000406014077784366,0.000354715669317901,0.0087828181357672,0.00122662122131979,0.000133322849820101,0,0.000100117064345169,5.50657080176949e-05,0.00130848411870908,0.0399342779457454
0,0.168257370307359,0.0155201942401353,0,0.000145241946464872,8.99328574589491e-05,0.000982057034939692,0.000524068517196184,0.0125547124906408,6.4651120190227e-05,0.00100158864072853,0,0.00971128617576678,0.000273064475106609,0.000209238862198496,0,0.0065373974684996,0.00212816398430992,0.00490475042061816,0,0.632313636428632,0.651146545014897,1.03046606711549,0.242277880900781,0.0108398676925793,0.0325055937258634,0.969157365498438,0.310144564356558,0.00055393275785265,0.00318508650297639,0.0021708783656803,0.000278021811135685,0,0.00976306620138037,0.00294604963951179,0.0664699167037223,0.0411435338676075,0.0316591236126192,0.0317026242314489,0.00118648835629617,0.00402500465883919,0.0017716324292134,0.0233188796792173,0.0124964513495788,0.0203585651927114,0.0243528515117802,0.00123978703488234,0.000139800821844399,0.000912450775440725,0.000176370585799575,0.00761813437039689,0.0144430551594365,0,0.000920669561015448,0,0.00412985313250103,0.00056891404358539,0.00039500870880239,0,0.00163368877356693,6.20702449365377e-05,0.000248260156859434,0.000546690595996254,0.000182657392602336,0.200182160695777,0.0123087272881541,0.0033145272837989,0.00557879635614982,0,0.0527279985471712,0.166255073556892,0.224478719155581,0.0358906656134193,0.000707450742490506,0.0364711198377737,0.186940922338309,0.0273716287918412,0.000223866832119655,0.00232199648849682,8.04395949472007e-05,0,0,0.0176803283547301,0.00382354410761813
0.0181215651174659,0.0605538963626622,1.41674878275981,3.39130650846362e-05,0.000237724001367283,0.00292049563759934,0.0732606430314786,0.0981752300701344,0.000431535634413153,0.00108972814257927,0.0401474368898541,0.000158267482429945,0.000972049181497506,0.156936677304907,0.000257972050490415,0.0065373974684996,0,0.115574525061802,0.58587132375482,0,0.313238089949673,0.00475781978905222,0.9447168724257,0.00314610957471323,0.000141265825207716,0.490380894927365,1.52997011991032,0.0562771315878179,0.211714775762406,0.592549595354449,0.000816081164335534,0.00325076345939486,0.0364948138448661,0.701996615378951,0.00350127283958693,0.0956615556740677,0.155589720701672,0.100532354536443,0.0382682727183623,0.00191856970838596,0.00683661881197756,0.000986656719162128,0.0281377518963857,0.0257886842052291,0.00933375065388361,0.0108773211860969,0.000360543223700571,0.000202858340916384,0.000151412621211278,0.000508851899754864,0.0173481199970637,0.0566565010402964,0,3.80080114486039e-05,0,0.00438232733197455,0.000526954054122925,0.000573092934078419,0,0.000425882078204274,0,0.000107665367673671,0.000639058717860472,0.000129095983046806,0.01318575763475,0.0924233728205581,0.0021315507664017,0.0129012367093057,0,0.00837468408958296,0.00657487306249435,0.0383235843556557,0.00568458869344436,0.000465890329900861,0.113754226717708,0.212267797995764,0.00615300060323456,0.000339214578890651,0.000905790556052253,0.000182342650372672,0,9.52801825805608e-05,0.0294888495219643,0.00323808315779217
0.000947686925644427,0.00663061288561899,0.0612600961763223,0.00019996232590937,0.000758376593162012,0.00151112486712296,0.0121770484606179,0.0158723027011293,0.000201861870886802,0.00878017891644855,0.612232854502989,0.00525564711460692,0.00167134270862401,0.0156531306877671,0.000279395671285403,0.00212816398430992,0.115574525061802,0,0.354292495520134,0.00103711669738081,0.03746652732108,0.000935472974442086,0.132639736473299,0.000846831669054927,4.10638217754245e-05,0.119904807171627,0.13599920054389,0.0114992761383024,0.0299874770120933,0.0472145179110268,0.00335947255186144,0.00945337434666405,0.00391948151399685,0.302043578491304,0.00372586769607697,0.11122505199639,0.145780578036146,0.467938900013766,0.0872571616703248,0.00382746185264078,0.00267065634672548,0.00111282830217438,0.00351109781376317,0.00387848852726102,0.00128865786976254,0.00118621593999603,0.000186199622529745,0,0,0,0.00217331790403936,0.0035319809448464,0,0.000273774305301642,0,3.02261089712859e-05,0,0.000259242044371605,0,2.69735014547825e-05,0,0.000353090951058638,0,0.000143866790342068,0.00126065193502503,0.00707640369088676,0.000194725204456591,0.00131361564363139,0,0.000155848314286149,0.000467137809696412,0.00291890603469594,0.000301834163089537,0,0.0154938277159477,0.0206827069474298,0.000161508938603562,0,0,0.000476101481078589,0,0,0.0022779472548475,0.00243004831580441
0.00380144043183955,0.018741055393111,0.23979718191259,0.000160786713942522,0.000417943236603153,0.00108584035889185,0.0224230858873056,0.0277072755683142,0.000313212253012019,0.00332087569298194,0.0601688093503678,0.00149010985469341,0.00019497034557848,0.0455827061683517,0.000322006190982902,0.00490475042061816,0.58587132375482,0.354292495520134,0,0.000246539382637531,0.0980721584238284,0.00183678601930919,0.313804525359711,0.0028825824803511,7.36152235634327e-05,0.639945312497637,0.343059942458419,0.0267661443776749,0.0607060348230126,0.130093645748469,0.000299692271144957,0.00358227256834856,0.0110306228833965,0.326064192350452,0.00529250104823517,0.201450074560843,0.169770205073099,0.229666598180771,0.0534611683029559,0.00317789004944736,0.00626435087506419,0.00135866278345069,0.00913324630791136,0.0093369979534253,0.00285026150901176,0.00349375160693028,0.00023112819689641,0,4.27218309177995e-05,9.95393268963098e-05,0.00550698799021207,0.0143414951990987,0,0.000209595197351629,0,0.00076435547538076,7.74607249799969e-05,4.65673507169604e-05,0,0.00018273586331315,0,0.000105250183957768,3.68909791567981e-05,0.000139655548776198,0.0049687643976996,0.0293140486904591,0.000809328753925428,0.00377545982499924,0,0.00144880385369204,0.0027334057780679,0.00965268486474788,0.000907595651246453,4.91759331399321e-05,0.0626898084530449,0.0879947090600499,0.00105213172666811,0,0.000235407272542923,0.000195462615440553,0,5.53381794656276e-05,0.00978923244947178,0.00472151826165419
5.1897683425498e-05,0,0.000229101795915115,1.90883480689441,0.00571818744369471,0.0594462691129874,0.011487324334422,0.0886910029368326,0.0394244689491858,1.31538472392195,0.0141417048010231,1.25944270964585,0.00166493485012238,0.0160456420794103,0.0455919987089893,0,0,0.00103711669738081,0.000246539382637531,0,0,0,0.000430115755729747,0.0851512376204959,0,0.00234536824406868,0.0003513063938209,0.516586322350969,0.0250170569536281,0.000661559154420745,0.000482462721314305,0.0132060044740684,8.19029484724401e-05,0.0360088789772754,0.000421511638752997,0.0341435302028773,0.000946656500660421,0.0115799582502558,0.00124664040481283,0.0644219829342823,0.00299141132165,0.00234935485259741,0.0036603328394309,0.000143547185915506,0.00175711742724409,0.000250182227411628,0.0459422177630082,0.000706448856488293,0.000667402676386708,0,0,0,0.0297445019253931,0.000561738293456197,0.00576961909841531,0.00315236288842432,0.0087847441034299,0.00935007041326691,0.0359387059225684,0.000500130554659414,0.108340109608792,0,0.00843403510264972,0.00106781868812897,0,0,0,0,0.0216404168990525,0,0,0,0.0326953040498689,0,0,0,0.0339065006776409,0.00275788654882147,5.16084424534798e-05,7.14049529537737e-05,0.000225166137051714,0,0.00526076114619039,0.000242041043970013
0.00428287391384735,0.0469697446111171,0.291417932675143,3.43687788548112e-05,0.0153836046833469,0.00213341746167835,0.199050482706333,0.0508343736184559,0.0300467582103546,0.00101892744397049,0.0342377176710441,0.000603554726325452,0.00723966677042355,0.046500251832199,0.00774598948908519,0.632313636428632,0.313238089949673,0.03746652732108,0.0980721584238284,0,0,0.239960962186492,2.62575973872986,0.0635379074734827,0.00193802637981608,0.243787081900453,0.71650840681391,1.34150505437949,0.036450305852829,2.7271070738186,0.0026011628713524,0.00234861895358205,0.00753928180019387,0.746399243549541,0.0636721777003093,0.934794177168206,0.348054757121512,1.3476774348172,0.805085533674473,0.0452233758973339,0.0675537165552876,0.0451026379526296,0.0249440645738109,0.0105843130569925,0.0234094092909216,0.0262026534805302,0.0061764324032616,0.000582622619408238,0.0082042795549494,0.000673629041210634,0.00711127565427059,0.0150318573231942,0,0.00477984383371855,0,0.014335989981256,0.00126759182264815,0.00132048423665,0.000104292071514589,0.00209641386154122,0.000194114497820067,0.000424915057095039,0.00252416658728049,0.00141798701766931,0.225099360705701,0.0182426207571046,0.00122190857144332,0.0052305205149675,0,0.220786185769203,0.188593590028802,0.186686169445902,0.170553366349598,0,0.0286330536691123,0.117983893500599,0.111216536012476,0.00270460343340146,0.0148846032705149,9.9651559544283e-05,5.20922356405258e-05,0.000449894924547625,0.0306926167887036,0.0443485757572741
0,0.593640814787505,0.0349889339899257,0,0.00051028870421443,0.000185034221029663,0.0149837590399299,0.0025834901206626,0.475836272824501,0.000252725466595846,0.00140964885780769,4.76932480161547e-05,0.0518003160208163,0.00177026564866133,0.000967738664716696,0.651146545014897,0.00475781978905222,0.000935472974442086,0.00183678601930919,0,0.239960962186492,0,0.349087115191843,2.03765924882732,0.24055941353395,0.013278345573411,1.15520295892463,0.592878342469017,0.00132187297061848,0.0180215939006451,0.00627039077831358,0.000224359393805456,0.000358448793323541,0.00484229949737445,0.00272144711747881,0.036895682367211,0.0197187739766159,0.0133995751836495,0.00957383655471166,0.00746250131632125,0.00184666399510814,0.00225732298979261,0.0238221615555817,0.012558519135843,0.0146697826821053,0.0177322842926054,0.00121628253857776,8.29845666911838e-05,0.00057488163429395,0.000373166337044084,0.0165333433445308,0.0187621393747466,0.00198327699200558,0.000909825832506451,3.10821520447909e-05,0.00440168319094506,0.000334796108011317,0.0164690485020482,0.00155155873568283,0.00352168220059412,0.00117823593976029,0.00104453208763975,0.00124358283894799,0.000441957718997634,0.184092710771491,0.0114262395828068,0.00207029059196148,0.00508199477491036,0.00069282729928385,0.0487133522220702,0.299758975964284,0.160619058713687,0.0880276313031577,0.000858186978344112,0.0209945842079957,0.240266293254919,0.0384303807848641,0.00101115638262972,0.00317571277559926,0.00183788216897084,5.39346130392075e-05,8.9006273467398e-05,0.0131888370575226,0.00246565518554337
0.0131773113967073,0.144449709851907,2.05760926419397,9.86156243768334e-05,0.00995233737663343,0.0029772125876659,0.114330949086456,0.109671330440175,0.0207722571665372,0.00300064464964495,0.0998188350530041,0.00158221995383091,0.0163135147829309,0.137064534768891,0.00772402185141768,1.03046606711549,0.9447168724257,0.132639736473299,0.313804525359711,0.000430115755729747,2.62575973872986,0.349087115191843,0,0.0606582407257717,0.00511440257185085,1.13619738434218,4.41397988994854,0.532350753008887,0.139556690632517,1.95276807339306,0.00787460858161019,0.00929563742734349,0.0226728521372282,1.47350554396837,0.110853194339402,1.95851506934418,1.55981028968198,1.95319302622639,1.56480785350381,0.0521235742619679,0.166597726423613,0.0535259184157286,0.168546255872544,0.0871185183201883,0.120476949530127,0.14099987344192,0.00990813495391006,0.0012668495127021,0.00787147873077842,0.0020949946538226,0.0285568265726411,0.120343375328165,0,0.00670072146566493,0.000151865676398367,0.0303643821786416,0.002479958794541,0.0012828257450067,5.75057748764217e-05,0.0102195523738126,5.96478276687264e-05,0.000751969754894513,0.00404160917384083,0.00440399633746083,0.770184251900518,0.118969433107046,0.0149259595708973,0.0432981079060946,0,0.190254978574954,0.379127162587009,1.09449799289108,0.11160239217101,0.000466521994995755,0.180435078314876,0.894206029069472,0.0997354423214273,0.00089937757799736,0.00837845544019898,0.000675649695332551,0,9.49794961441041e-05,0.121313352153338,0.0916535032600296
0.000473380787792349,0.396318644314448,0.0102816563531125,0.235204629106055,0.0365966144333983,0.00416371497218138,0.182808575470957,0.0117416990439593,2.87763430180802,0.0548559819431464,0.00278608921640957,0.098958163705742,0.0360397683579192,0.00706464177233955,0.218090273540332,0.242277880900781,0.00314610957471323,0.000846831669054927,0.0028825824803511,0.0851512376204959,0.0635379074734827,2.03765924882732,0.0606582407257717,0,0.124652903251634,0.0292874500767934,0.472424623938916,1.43220682258799,0.012961969261852,0.0106647424427049,0.00597932889747209,0.00429012468335478,0.00898250236974961,0.0243984575239082,0.0198537316505281,0.204694495015539,0.0621480806021568,0.0483594072798955,0.0290743736682471,0.347812416804268,0.0116251474255083,0.0124093785254912,0.0882644577006981,0.00667903955329774,0.0502530133986185,0.0173581688873558,0.0638729874041955,0.00764436382015455,0.00916207262348422,0.00173826175873712,0.00419002613258258,0.00524849448978471,0.198625881557357,0.0016338159650532,0.00828627829513467,0.0976761337111887,0.0257985434032052,0.360004488251539,0.19245737224411,0.0127312931022064,0.0556591571273319,0.00255509076158475,0.0502447519056753,0.0114387423154162,0.115551526806133,0.00680631047075656,0.00115357524933889,0.00245528364620708,0.0640231059893866,0.0987528954661069,0.190556858540582,0.0817702705668437,1.23486050569605,0.000743144885906404,0.019926627000105,0.067961023046828,0.621635525207814,0.048417815419692,0.0133232332878602,0.000444791908735389,0.0036941022054572,0.00420911476144312,0.0678020465683133,0.0091582613987175
0,0.506058981093473,0.000615570908358294,0,0.000128806333062005,3.76887333131373e-05,0.000385697270855093,0.000209394443307948,0.105103689577397,0.000304569272927451,0.0021540894226789,0.000295522399613565,0.293447904786105,0,5.79366100994229e-05,0.0108398676925793,0.000141265825207716,4.10638217754245e-05,7.36152235634327e-05,0,0.00193802637981608,0.24055941353395,0.00511440257185085,0.124652903251634,0,0.00628306137160725,0.476125219063747,0.0170109200818662,0,0,0.0269871526975832,0.000267323125912428,0,0.000990211966266019,9.40471492084029e-05,0.034065908103972,0.10061272605374,0.00502779975859813,0.00247477607868178,0.00255928814726815,0.000170480158339619,0.144548762161768,0.00308276597417809,0.104641737909617,0.00581050276384696,0.000610335691802126,0.000453508354868745,0,0.0188714007102978,0,0.0414728791633697,0.000288104762082148,0.00062733653099879,0,6.43851699685693e-05,9.21995465565322e-05,0,0.00663289623854073,4.47617706817627e-05,0.176162258950862,0.000284799470042729,0.108111346489247,0.000175802425683737,0.000143700257800472,0.00204730370822671,0.000228016707981193,0.000107071825787067,9.14904378784299e-05,0.00010667302913276,0.000200844550396609,0.0127611126248979,3.00033118960142e-05,0.00471728416822247,0.249543123035992,0.141295453912158,0.161796927222099,0.000650960456738055,0.000678589817083168,9.27575870527388e-05,0.130243125699263,0.000296735722246122,0,0.00620358872653671,0.000136255793166602
0.00992760091544513,0.0942484919547511,4.22938060869085,0.000288911261758995,0.00257065041207247,0.00678043020991745,0.165332178536646,0.120266406151531,0.00219381975478538,0.015718175057663,0.209388553838681,0.00843639398966241,0.0210244433888422,0.120796958203785,0.00123096759795164,0.0325055937258634,0.490380894927365,0.119904807171627,0.639945312497637,0.00234536824406868,0.243787081900453,0.013278345573411,1.13619738434218,0.0292874500767934,0.00628306137160725,0,3.12460297836822,0.161306905347128,0.0820667697923837,0.271962699526986,0.0501176385960073,0.0122043623549186,0.0110733144634532,0.369693232758581,0.023055801122519,0.770962063276033,1.85348186400669,0.962629918118366,0.321903363618331,0.0115679198436632,0.0234507322521665,0.00474142279518776,0.0305084329810772,0.051459488559761,0.0123588814833613,0.0130113413120256,0.00234880034385765,0.000147514090598106,0.00084386570826644,0.000398954556220162,0.0693426263967625,0.0524199287038768,8.15745387819292e-05,0.000613388423043954,0,0.00207690988709345,0.000316395282398993,0.00379891477331151,3.136471553846e-05,0.072380660012414,0,0.0255839756743102,0.000322950036233008,0.000688029094503265,0.0341579262234878,0.0809064963934655,0.0129220541685612,0.0160523074160542,0,0.00556170161405218,0.0173658603290735,0.0280432295294717,0.01169889762329,0.0160581704465513,0.895144564561586,0.889719490556303,0.00486011731203041,5.88182624283314e-05,0.000798973545228727,0.103685887210616,0,0.000105855100076246,0.0203930593247927,0.0176358594234137
