0,0,207.076229065657,5.60911664366722,3.29050141572952,113.717274010181,3306.08477583528,410.261400967836,3.73897662758827,109.964151114225,56.9205056726933,25.7638253867626,3.85121887922287,6833.47890520096,12.0828501284122,4.32678505778313,637.378481298685,20.1285752356052,76.0324485003948,11.9853160083294,326.480013340712,0,985.266256064177,21.0492331683636,5.73586314916611,133.663128077984,239.476236045361,65.3035136461258,8185.29756310582,11013.9395415187,5.59125274419785,74.1790387332439,17.6231436431408,351.753810763359,8.66067558526993,81.0012632012367,17.5751158893108,236.652282983065,42.2786299586296,17.1259936690331,5.57286381721497,5.42697685956955,17.6180648505688,0,2.68207287788391,2.79954564571381,7.09941345453262,0,0,0,0,1.66957622766495,0,0,0.828763067722321,1.70088791847229,0.59023505449295,2.05540317296982,0,0,2.39183434844017,0,1.7657425403595,0,3.37834441661835,0,0,0,0,8.21026757359505,2.79801118373871,1.78687489032745,25.972635269165,0,1.93086302280426,9.06578966975212,19.7769218981266,2.31450933218002,7.35174879431725,0,0,0,0,0.4852195084095
0,0,22.0569815039635,1.90445590019226,3.56760808825493,14.8230776488781,1.22632226347923,9.45250916481018,3609.57107666135,0,50.2094783186913,44.2348819971085,350.774013876915,2.80317091941833,90.5163313150406,581.304965257645,24.3757773637772,0,1.14482069015503,7.02857279777527,84.7699890136719,3255.19078621268,52.3188451230526,3497.55502727628,2677.81472334266,87.3539605736732,12755.0274296105,98.1303031742573,1.21505916118622,1.11297214031219,33.5868332386017,7.00818502902985,0,24.4648840427399,21.0066472887993,117.895212590694,23.8368781805038,45.5517171919346,44.6133672595024,67.3843748867512,0.611061871051788,4.74926459789276,103.819189429283,10.3540357351303,40.2122154831886,58.4191024005413,6.32559552788734,0,0,0,2642.22489434481,46.9554588794708,0.756844222545624,0,0,3.00252604484558,1.97048819065094,21.1770370602608,0.43341475725174,0.634860515594482,0,9.71819025278091,1.4151166677475,1.68176490068436,89.4920652508736,32.1457130014896,2.38047158718109,7.58811265230179,1.11849915981293,25.2086918354034,796.373691797256,180.587478250265,118.214369744062,19.8520658910275,85.054228335619,6822.82022985816,19.8186191618443,1.94746887683868,10.970585078001,1.77587723731995,0,0,23.2684432268143,14.2925982475281
207.076229065657,22.0569815039635,0,10.462853372097,6.40846931934357,301.970894932747,9771.45856320858,1943.22845253348,4.23331320285797,279.285768926144,50.0663571953773,14.8399175405502,10.7220934033394,2208.94538852572,67.187719732523,16.375057131052,26838.6997277439,26.6560795605183,471.106474488974,14.5041842758656,9946.10123631358,20.1800562143326,42347.2701745033,82.0118793845177,10.3533622026443,8609.01899972558,47189.7107596397,2383.97424203157,315.595248997211,5288.40353566408,1.59872555732727,87.0691801309586,31.1303133964539,2059.95600658655,675.599787741899,6767.18258485198,7414.33138468862,7363.25652647018,5111.23037451506,88.0776535570621,41.1973317265511,11.1779674589634,2746.34466546774,240.426082551479,798.131427705288,1466.38946357369,23.5419677495956,29.7709392309189,4.41245865821838,34.9496944844723,601.596734911203,4441.44741794467,0,6.87396103143692,5.19050318002701,167.442177891731,58.685212045908,1.39799377322197,0.725830733776093,5.81083053350449,0.846218824386597,0,144.7436375916,10.2430266737938,1625.22584271431,926.720803648233,4.65137946605682,65.7831765413284,0,303.142054647207,282.786053925753,6800.66843186319,71.1715157032013,6.48532068729401,944.617715060711,22483.1064364314,43.726045101881,29.6570537686348,358.866072446108,0,0,2.27373930811882,451.089788079262,658.278661519289
5.60911664366722,1.90445590019226,10.462853372097,0,45.4936116337776,244.207600742579,265.45833401382,178.336972415447,2996.62309414148,3858.87250375748,20.7701752483845,3388.75824084878,17.3598567545414,208.162195563316,796.433582186699,0,1.9231541454792,10.0979110896587,11.1120842695236,18787.3796297908,4.46355348825455,2.4467259645462,6.94926589727402,2111.79017686844,35.6389674246311,14.8786144256592,14.2109805643559,14196.3696547151,124.549070805311,13.0373288691044,0,36.0222824215889,2.24989688396454,59.5271232426167,52.5994043946266,322.084037125111,6.65785276889801,176.323376387358,48.8160423636436,712.846447229385,48.7713633477688,9.72452089190483,75.1873486340046,1.56264865398407,30.629551410675,11.4827687442303,164.463631778955,11.8353037834167,8.36932751536369,0,0,0,530.378750830889,8.96412289142609,93.8106352984905,106.284892439842,122.430594474077,1097.10676461458,1032.69771546125,2.84444940090179,463.704286754131,0,122.4224588871,124.730692535639,0,0.344940513372421,0,0,236.419824957848,0,13.7247077524662,0,2202.84585526586,0,0.428146034479141,0.285649120807648,2004.46483582258,1.89921349287033,1.42759698629379,0,6.52971097826958,0,18.4708043634892,4.10788381099701
3.29050141572952,3.56760808825493,6.40846931934357,45.4936116337776,0,1621.27632549405,60.560588657856,268.034933120012,304.716657102108,146.542528152466,9.2376409471035,1014.79184126854,108.87798500061,54.0340256690979,4878.00412124395,2.73015975952148,1.52713930606842,4.29808375239372,2.16064268350601,52.6279510855675,14.1930540800095,6.266222178936,18.2489252686501,153.933691948652,88.9582699537277,13.783752143383,62.3565358519554,75.3654705286026,11.8591123223305,17.1767070889473,1.02804547548294,171.233605951071,0,4856.27373880148,4695.48413845897,2561.30541646481,39.0347476005554,361.793988764286,120.984006404877,18008.6775188446,12601.5401557982,65.5940354466438,108.964264452457,85.2021800875664,22.0511146783829,98.584212243557,41.9034048616886,5.56122153997421,8.51936835050583,0,0,4.36434602737427,18.5605582296848,4.66229963302612,9.01345187425613,43.5117380619049,14.2668765187263,10.4417538046837,42.4773526489735,0,33.890187472105,0,7.24388974905014,17.9598377048969,16.9447656273842,2.23028790950775,2.44531506299973,4.32256191968918,7.73416835069656,52.5458062291145,4.02192002534866,110.249191522598,122.360176026821,0,6.05005145072937,50.958948969841,128.02568796277,5.52315998077393,27.5044539570808,0.974138259887695,0.945416033267975,2.51349544525146,4.58175474405289,2959.41224831343
113.717274010181,14.8230776488781,301.970894932747,244.207600742579,1621.27632549405,0,4142.14512376487,28200.1100325137,1293.60150945187,31593.8407374769,428.312639504671,10262.9220177829,523.691460371017,2310.17254161835,6234.18694919348,2.92751309275627,204.945349514484,177.320609241724,172.806458860636,442.610997706652,161.681542336941,50.2019267380238,491.48528470099,540.344992280006,528.105192840099,269.382805138826,168.907205700874,731.245742797852,586.329225957394,1636.18925842643,30.6157789230347,986.736035823822,14.0635203123093,1433.90388956666,17260.6804070771,6298.67407903075,205.603723943233,1250.91527870297,416.746879279613,11781.0343933403,1261.58558243513,322.37274813652,621.671213567257,17.6650913357735,155.56625816226,146.478899717331,847.917932540178,82.3338193595409,80.5542266368866,0.931224882602692,0.53556102514267,0,297.619142144918,13.2641359865665,193.817022204399,305.427327603102,244.28485584259,352.227126210928,782.62821751833,5.20217019319534,685.834782570601,0,338.793875545263,485.799033999443,0.587075412273407,2.45542526245117,1.97003078460693,0,235.936243504286,6.5777425467968,32.027724146843,3.85005748271942,2506.83722692728,0,0,2.341129809618,2114.82172477245,64.3243786990643,36.8126103281975,1.50237131118774,35.2457674741745,2.12085318565369,63.132464915514,1120.17129591107
3306.08477583528,1.22632226347923,9771.45856320858,265.45833401382,60.560588657856,4142.14512376487,0,18828.497107029,186.619480967522,23623.9542173743,387.275297313929,290.522612720728,144.199465870857,31934.5381641686,983.532493919134,8.56957563757896,364.245407924056,199.056949675083,265.958480536938,139.373233377934,8553.58656200767,22.59510242939,6577.7287684679,4597.07255586982,132.646360307932,800.836551994085,950.604353159666,57371.9066039622,8873.8000459224,9574.38723179698,57.7763723433018,591.075237348676,2049.19531023502,3366.16626670957,1555.7955968678,6637.39892524481,461.568369776011,7040.14505922794,2254.22869607806,1655.26421293616,750.000930279493,101.779092520475,543.735974609852,7.16854226589203,148.482613056898,73.2920471429825,347.765131652355,57.5687824785709,32.1164190471172,0.565231919288635,2.25225913524628,28.8149680793285,72.0728510320187,8.35548454523087,69.6736127436161,289.697702080011,196.708722710609,244.093772768974,242.476518332958,2.96566420793533,145.439347803593,0,325.127791494131,153.419745415449,120.981318026781,2.05355980992317,0,0,47.8958313763142,51.3591971993446,56.7596179842949,198.398095190525,1728.61085245013,0,23.6004022359848,359.811981499195,1657.46759817004,94.2077267765999,120.185885220766,0,8.00630456209183,10.3250860869884,58.1581293642521,207.440461039543
410.261400967836,9.45250916481018,1943.22845253348,178.336972415447,268.034933120012,28200.1100325137,18828.497107029,0,416.118707120419,8846.6893465519,349.131716430187,4982.51074531674,181.213061660528,13966.4714442641,1127.78739833832,4.57185587286949,964.428916782141,191.871281534433,264.048944890499,402.71400642395,748.27390190959,32.1248447597027,2816.9110045433,575.474631041288,288.628254503012,443.534951865673,564.018490880728,1024.96666073799,1279.174383834,8336.98998746276,36.9541004896164,1556.35924269259,57.7398625314236,1119.24314942956,95.564610093832,1423.94005671144,156.558241516352,1060.82142546773,292.497245162725,2389.80014276505,139.687079340219,95.9967479407787,855.345123291016,3.41165453195572,229.427503794432,85.859496742487,699.036081820726,86.0040791928768,55.732132256031,5.68895077705383,2.88511419296265,3.2528905570507,113.200011402369,15.6410922706127,177.884611457586,590.480386763811,314.681550621986,252.780336290598,443.964088171721,1.64300674200058,280.359080195427,1.14918947219849,301.250716030598,341.146151989698,5.39819839596748,0,0,0,91.1772767901421,10.1437103450298,40.321237295866,8.67006742954254,2738.04998013377,0.873490810394287,0,17.4504954218864,2890.8652600646,150.250710636377,91.9434878230095,0,14.1351707279682,5.82768931984901,111.566291689873,41.9467650055885
3.73897662758827,3609.57107666135,4.23331320285797,2996.62309414148,304.716657102108,1293.60150945187,186.619480967522,416.118707120419,0,679.505175024271,41.9344906508923,6819.95618474483,265.667684108019,212.264915645123,5311.15405899286,155.455152690411,5.73808419704437,11.4030581712723,17.4413825273514,2595.28625017405,108.381927460432,10058.6427677274,25.980831861496,19820.4100049734,3055.3138024807,45.1143284440041,4624.69606292248,4477.55216437578,75.1841152906418,12.4377466440201,43.1682529449463,68.0650127530098,11.6333229839802,133.743551880121,19.1597769856453,310.44115626812,13.8226082623005,155.291946619749,54.0614915788174,3845.76340550184,39.4034529626369,16.6566108465195,591.205023944378,22.3758692145348,119.156786113977,73.6385636329651,599.607830524445,57.170440018177,22.7669900357723,11.6914521455765,62.8720832765102,11.8104695081711,598.073732078075,19.9887098670006,197.777046263218,249.073692321777,217.817698583007,3329.9676066339,1023.85976302624,18.7583212852478,685.543686538935,2.3320928812027,305.512549817562,328.222237795591,244.793627351522,4.10746324062347,17.6033961772919,14.4698651134968,325.423198640347,165.200140327215,946.29913559556,155.769527077675,5817.06132805347,26.2973572015762,80.3753735125065,359.381567001343,2806.2428432405,101.062099307775,98.075963228941,6.87218201160431,18.9825204908848,13.9398919343948,61.2170620858669,84.052684545517
109.964151114225,0,279.285768926144,3858.87250375748,146.542528152466,31593.8407374769,23623.9542173743,8846.6893465519,679.505175024271,0,600.74173951149,5794.77544730902,237.398118168116,5756.76434364915,842.020088881254,1.01255258917809,67.479400575161,273.346155166626,326.880906641483,2995.90449854732,76.4897462725639,14.1509313881397,174.884511590004,438.193070799112,163.024410039186,421.695619642735,163.419491946697,9053.15526795387,2136.2277276814,404.805430948734,53.9157293140888,800.832825988531,53.0029934942722,1429.63481861353,3138.39784252644,5021.16722968221,245.382038384676,3096.24135605991,520.530709117651,2368.87629029155,905.441436201334,145.675616383553,246.542460858822,6.14071899652481,71.6239282488823,30.3182667195797,356.126147627831,47.7956160902977,41.4978156089783,0,0,1.6584706902504,503.268406927586,20.7219523787498,235.058965086937,232.808561086655,277.243674725294,706.343970745802,1321.77402624488,2.11372849345207,747.32452121377,1.00360825657845,228.948967814445,266.872755646706,1.46308261156082,0,0,0,277.210308730602,1.97182926535606,13.4103154838085,2.74306267499924,3198.88099712133,0,0,6.97207382321358,2879.61490878463,17.120463937521,11.5599690675735,0,7.95432272553444,1.10571002960205,27.3834391534328,333.432501256466
56.9205056726933,50.2094783186913,50.0663571953773,20.7701752483845,9.2376409471035,428.312639504671,387.275297313929,349.131716430187,41.9344906508923,600.74173951149,0,574.093822836876,7673.65798300505,1668.17790168524,46.2039269506931,0.73081248998642,1136.33936205506,21849.3618642986,6472.41663265228,78.9897094964981,49.543498724699,43.1671342253685,162.51191753149,64.3194674551487,563.721768647432,10784.5463711023,767.611909300089,153.243959367275,712.659951984882,253.999360889196,1570.27291822433,740.76644000411,5.34035095572472,20506.5637808144,54.2370980381966,1415.3500969708,3426.3414517343,8730.82999262214,450.879031717777,225.398273080587,19.8180407881737,3509.11837917566,60.5349019765854,237.548944622278,48.0643211901188,15.6860620677471,13.0918447971344,0.920552432537079,977.786434352398,0,81.0213147103786,5.04225271940231,0,0,5.86111378669739,3.90159785747528,6.92534545063972,47.347499102354,0,4586.59730988741,4.42937216162682,4627.33238300681,8.19523859024048,2.91997927427292,10.279458463192,0.942357063293457,105.031034111977,45.625015348196,0,2.30737453699112,49.7080549001694,3.03917464613914,157.733322530985,408.053010135889,1097.8842676878,643.873487591743,18.4874365329742,7.59733906388283,5.77766007184982,1801.64754250646,73.8519047498703,0.640110671520233,328.300828903913,51.9003536105156
25.7638253867626,44.2348819971085,14.8399175405502,3388.75824084878,1014.79184126854,10262.9220177829,290.522612720728,4982.51074531674,6819.95618474483,5794.77544730902,574.093822836876,0,266.565217256546,2039.12601712346,11813.3813917935,1.54919177293777,45.4778081476688,240.715928226709,267.617837667465,8849.95510700345,25.3134837150574,75.5389938056469,52.9023554325104,2526.11851090193,414.953495204449,327.851727217436,145.667272627354,2450.24718296528,577.118183255196,176.724196135998,47.865261554718,814.480014830828,1.55749019980431,798.658012419939,15352.0677108169,2268.55874329805,129.221944153309,913.052309662104,172.826407402754,6867.42103654146,287.060002326965,140.9309284091,308.830822467804,10.1905954480171,75.6809631288052,76.5785072445869,1293.99461126328,42.2456879615784,66.5173901319504,0.65062016248703,4.04996067285538,0,1264.54650890827,72.8852949440479,484.286179631948,244.300405681133,324.33928963542,648.727948784828,2745.63014987111,6.60857862234116,2258.68486312032,1.44734179973602,249.264243662357,923.853081315756,0,0,2.33836781978607,0.646410644054413,834.501485079527,4.13840579986572,16.0848294198513,6.08430668711662,2631.69761052728,0,3.35875761508942,5.753302693367,3245.6690928936,24.4411108791828,5.96193021535873,0.598235905170441,11.6316543221474,0,39.9754072725773,4790.24390655756
3.85121887922287,350.774013876915,10.7220934033394,17.3598567545414,108.87798500061,523.691460371017,144.199465870857,181.213061660528,265.667684108019,237.398118168116,7673.65798300505,266.565217256546,0,221.726436793804,84.1750498712063,14.7507817149162,3.84977549314499,50.7814087867737,7.90908187627792,62.6873462200165,73.8792845904827,448.503845751286,24.6749014258385,253.993966341019,7700.2115034759,110.795433670282,2110.99214246869,273.115664184093,74.2107810974121,59.6442397236824,653.511838495731,323.0592674613,1.37366259098053,2355.48927024007,16.9908855557442,1191.62619563937,1329.57292854786,6531.63973647356,685.553683280945,1763.56433680654,773.110741615295,7519.86126211286,294.174658179283,728.418739706278,771.714201062918,538.331719577312,394.112926095724,352.244085490704,2802.195394665,0,250.830308973789,0,15.411424279213,3.56739866733551,116.872429341078,68.3869756162167,255.274157583714,76.6141177713871,68.9424359798431,12660.2747550905,96.9156925976276,16617.4792516232,245.710213392973,39.1423968672752,28.5172936022282,0.376573443412781,175.193127661943,57.7979027926922,9.48864930868149,4.51955851912498,94.1748126149178,17.370908677578,270.191839367151,1921.62083697319,2281.34658205509,2506.72199252248,154.520512908697,31.7575795054436,27.2516632974148,5035.34883028269,487.173845201731,0,1075.63859933615,8.85246932506561
6833.47890520096,2.80317091941833,2208.94538852572,208.162195563316,54.0340256690979,2310.17254161835,31934.5381641686,13966.4714442641,212.264915645123,5756.76434364915,1668.17790168524,2039.12601712346,221.726436793804,0,284.696909576654,18.6444317996502,3040.44816720486,897.270235896111,1243.5991268456,484.866152256727,1648.30233204365,84.3295310437679,5366.09306427836,515.382150143385,234.397078871727,1757.02259781957,1471.66686911881,1356.93452821672,14373.9070254564,27002.7287693918,130.958184152842,1666.2679131031,85.816410779953,2984.43244448304,86.9391795992851,2144.76574158669,308.315595686436,1836.59527412057,429.238220572472,684.662097126245,141.015373587608,111.079822659492,616.883058965206,0.616009175777435,124.371646404266,64.2634544372559,491.272850841284,30.2471209764481,36.9603063762188,0,1.23473525047302,5.02388685941696,27.9857732653618,5.57599717378616,92.2878422737122,361.258675038815,63.1253030002117,199.810377627611,91.5238902568817,6.8441578745842,85.9822164475918,1.10827240347862,61.505131483078,169.133657962084,13.6969707906246,3.23965486884117,0,3.07261896133423,26.386916577816,27.7090891301632,51.2124688327312,13.373377352953,2075.26544177532,2.55147451162338,4.30724591016769,39.6642716825008,1653.89062052965,70.439296990633,152.279711276293,3.05273920297623,9.77457416057587,12.511971116066,58.0739689767361,16.0931740999222
12.0828501284122,90.5163313150406,67.187719732523,796.433582186699,4878.00412124395,6234.18694919348,983.532493919134,1127.78739833832,5311.15405899286,842.020088881254,46.2039269506931,11813.3813917935,84.1750498712063,284.696909576654,0,51.4479873776436,46.1906029284,28.6861763298512,30.305245667696,847.949804186821,742.546376913786,130.847387075424,510.773764252663,3210.97032150626,157.086508452892,84.7019670009613,777.966266036034,1771.11078229547,58.593752682209,345.596709638834,4.24147194623947,219.842742472887,5.28568920493126,199.174029320478,6975.09116607904,729.136505872011,237.369801461697,584.607336133718,1080.12415000796,9535.43581163883,284.358042061329,57.5465301275253,268.878619939089,102.391248881817,97.9899588525295,175.362498402596,254.397905409336,54.675344824791,43.7459999918938,2.33910584449768,0,6.58331829309464,90.1824115514755,13.1489578485489,71.1915056407452,114.798174083233,59.484030008316,113.021215617657,291.078491568565,1.87124633789062,249.914301067591,0,115.429668605328,143.653099328279,28.6907476186752,1.02466690540314,1.0887862443924,9.38180059194565,88.9673932790756,79.3939005732536,29.1804333329201,140.549218922853,671.922467291355,0,31.4539203345776,106.687804162502,749.842963069677,37.0015931129456,99.6746484041214,0,10.5912337899208,10.3088316917419,24.213696539402,3494.41577363014
4.32678505778313,581.304965257645,16.375057131052,0,2.73015975952148,2.92751309275627,8.56957563757896,4.57185587286949,155.455152690411,1.01255258917809,0.73081248998642,1.54919177293777,14.7507817149162,18.6444317996502,51.4479873776436,0,19.3113810420036,2.8108526468277,2.68984657526016,0,4144.8367485106,8508.2932215929,4360.3798276186,1849.7204683423,271.036265969276,13.1142173707485,16161.2389601171,209.241461724043,13.6642615199089,42.2164913117886,0,0.388552993535995,4.76293110847473,91.8178718984127,280.93563708663,1233.26888671517,190.222433835268,320.774912536144,531.968578964472,9.86933851242065,2.48569083213806,2.72066217660904,689.136451154947,36.6592851877213,222.400189310312,151.081747472286,527.006839126348,18.4702343344688,4.01540327072144,6.98029625415802,16.6994227468967,19.6613646447659,0,8.74883878231049,8.42889031767845,124.835645735264,38.2551497220993,438.482571601868,6.25586867332458,3.7625829577446,7.78427216410637,0,68.5722840726376,106.434577196836,2720.47183695436,31.742423593998,5.0615941286087,7.92395961284637,0.353569775819778,2136.54763022065,2090.99100092053,2327.93886581063,4647.48016318679,0,6.1765048801899,268.077375888824,1297.45641070604,144.880651444197,1160.20423787832,0,6.18476045131683,18.0551805496216,145.915552824736,186.517366468906
637.378481298685,24.3757773637772,26838.6997277439,1.9231541454792,1.52713930606842,204.945349514484,364.245407924056,964.428916782141,5.73808419704437,67.479400575161,1136.33936205506,45.4778081476688,3.84977549314499,3040.44816720486,46.1906029284,19.3113810420036,0,411.499895393848,9069.23854362965,3.67500799894333,3108.80875113606,3.76654297113419,16408.2443491518,34.1841117739677,8.45658975839615,24883.7421458066,28275.0476851463,132.771644115448,1549.68335691094,2144.86462262273,6.04400706291199,145.233366340399,140.666077852249,5613.21377569437,157.425581663847,2445.35693353415,1308.63985541463,1760.20125120878,1330.86575624347,59.5118838846684,26.1171976923943,12.917867153883,121.427223920822,20.1224438548088,18.2750774621964,66.4822029173374,9.24176651239395,0.816726207733154,2.1625862121582,2.85261511802673,62.0472512245178,351.617071688175,0,0,0,9.94299620389938,0,0.648845970630646,0,0,1.18140280246735,3.62802046537399,2.43901735544205,1.32823950052261,22.9925250709057,136.692131757736,7.63815349340439,31.2343672215939,0,19.8081962168217,11.8064802289009,124.984823465347,60.013431429863,0,631.18779027462,2267.08447483182,39.6607719957829,1.47638332843781,26.7237453758717,9.89120730757713,0,0.94396048784256,22.3259660601616,154.035513669252
20.1285752356052,0,26.6560795605183,10.0979110896587,4.29808375239372,177.320609241724,199.056949675083,191.871281534433,11.4030581712723,273.346155166626,21849.3618642986,240.715928226709,50.7814087867737,897.270235896111,28.6861763298512,2.8108526468277,411.499895393848,0,3959.79736214876,27.0864796340466,35.2963563501835,5.13691675662994,108.330136746168,27.8686910271645,18.8576049208641,5632.55084985495,972.797517627478,69.958783775568,463.435865193605,123.363912940025,443.303607106209,390.700669825077,3.16732454299927,6493.98439270258,112.509788930416,2443.05724945664,4727.62913373113,5280.84805202484,981.987514138222,106.761208772659,8.02585905790329,43.6580163836479,57.0021263659,13.1877189576626,1.45204567909241,8.39805173873901,0,1.08943676948547,8.89886021614075,0,5.61156284809113,2.11747080087662,0,0,0,0,0,4.21980088949203,0,111.725724041462,0.972539246082306,207.351556241512,1.44690942764282,0,0.382913708686829,1.61755156517029,45.015313833952,54.7006877660751,0,0,4.21603041887283,4.7154792547226,7.61757922172546,21.7090747356415,573.159899413586,538.076587855816,0,0,0,210.936377227306,0,0,2.62964820861816,170.032564789057
76.0324485003948,1.14482069015503,471.106474488974,11.1120842695236,2.16064268350601,172.806458860636,265.958480536938,264.048944890499,17.4413825273514,326.880906641483,6472.41663265228,267.617837667465,7.90908187627792,1243.5991268456,30.305245667696,2.68984657526016,9069.23854362965,3959.79736214876,0,32.0589488744736,213.761650502682,4.16323882341385,1064.442912817,40.0954203307629,10.1380187869072,5735.40727481246,1985.19997605681,98.8005922436714,859.807044059038,262.913952320814,42.3828564584255,341.227264583111,13.0912618637085,12212.4903978407,228.851431787014,3987.28960767388,2795.26273038983,4662.74914211035,2099.16852018237,88.4084179699421,19.725418806076,27.1186361908913,42.0957378447056,8.25433993339539,4.29302379488945,8.69092479348183,3.63611221313477,3.55582129955292,2.68363976478577,0,10.4112704396248,14.5493005216122,0,2.21812784671783,0,0.907605290412903,0,21.9479133486748,0,7.04620724916458,1.60755905508995,21.2634828090668,0,2.21732902526855,9.46453768014908,1.09424865245819,28.6229243576527,33.7230791151524,0,1.07324609160423,2.82771456241608,15.6484226584435,11.7119418382645,8.03271177411079,380.331672340631,442.089954465628,0,0,0,60.2010670602322,0,0,1.43637001514435,253.823481559753
11.9853160083294,7.02857279777527,14.5041842758656,18787.3796297908,52.6279510855675,442.610997706652,139.373233377934,402.71400642395,2595.28625017405,2995.90449854732,78.9897094964981,8849.95510700345,62.6873462200165,484.866152256727,847.949804186821,0,3.67500799894333,27.0864796340466,32.0589488744736,0,5.99473407864571,5.37459653615952,10.7038358747959,704.500012516975,178.837975054979,38.5942834615707,19.822909206152,6049.10104233027,254.162881836295,31.0087659657001,8.4991163611412,89.8984767198563,2.45722565054893,153.206733375788,84.5552959740162,830.620445966721,33.1093456447124,291.123857229948,91.0022858083248,861.966282069683,138.597053706646,25.5525114536285,150.055975586176,5.30570775270462,40.5029655396938,19.0959238409996,383.670502603054,25.8869346380234,33.4900666475296,3.95174312591553,0,0,753.029914051294,21.7700180709362,281.828090757132,163.139475107193,275.703991472721,860.17801168561,1875.66878780723,3.47386384010315,986.835474640131,0,197.460792481899,289.535226494074,0,0,0,0,499.256191372871,0,22.6094543933868,0,2860.5188075304,0,0,2.01911789178848,2940.46417295933,13.9870432019234,3.17625150084496,0,2.92873215675354,0,27.4403060674667,11.9359461963177
326.480013340712,84.7699890136719,9946.10123631358,4.46355348825455,14.1930540800095,161.681542336941,8553.58656200767,748.27390190959,108.381927460432,76.4897462725639,49.543498724699,25.3134837150574,73.8792845904827,1648.30233204365,742.546376913786,4144.8367485106,3108.80875113606,35.2963563501835,213.761650502682,5.99473407864571,0,1308.16537407041,61492.8110045493,1609.13085651398,329.25553137064,675.601562291384,13253.2238712311,24045.1965096891,1238.74009004235,24769.7756251097,0,65.7544820606709,671.636685520411,13883.1422910094,2720.60782709718,8833.12409478426,1132.70286214352,13084.2465237975,6398.58099538088,344.904707938433,51.4910284876823,24.284189760685,1962.24142688513,47.5486871600151,540.296864598989,308.730998367071,1207.68706187606,115.467158555984,58.3659037351608,41.5373618304729,8.60139539837837,68.309222638607,4.19889089465141,20.1689528524876,25.8821163475513,675.04360678792,140.510258436203,478.014465242624,19.2130867242813,10.9400394558907,25.2113177478313,0,393.776181787252,282.503396093845,1024.13695427775,22.8333168327808,1.15065228939056,4.62446090579033,3.79254955053329,1480.31956121325,1466.56161215901,991.430959433317,6328.24148049951,0,34.301259458065,631.275163710117,2968.7965144217,718.272963821888,2802.22063684464,0,25.537076830864,103.665827691555,276.866905808449,704.995101779699
0,3255.19078621268,20.1800562143326,2.4467259645462,6.266222178936,50.2019267380238,22.59510242939,32.1248447597027,10058.6427677274,14.1509313881397,43.1671342253685,75.5389938056469,448.503845751286,84.3295310437679,130.847387075424,8508.2932215929,3.76654297113419,5.13691675662994,4.16323882341385,5.37459653615952,1308.16537407041,0,558.219444960356,19499.2772859633,2777.38043662906,45.6121443510056,7926.81038203835,880.465006560087,31.1468171775341,19.1682271659374,55.6741445958614,30.1244216859341,3.83473020792007,90.4503283798695,37.6200470924377,323.032234162092,26.6596910059452,116.578323215246,69.3674229979515,264.24240309,29.7848923206329,10.4650627970695,310.208012998104,31.1421393156052,125.636677116156,104.239076942205,187.09980404377,5.61000484228134,3.51488041877747,0,21.4113908708096,17.2959315180779,3.05019223690033,9.94293838739395,5.36659938097,29.9676443338394,9.6864128112793,392.913905352354,2.94271022081375,8.92527854442596,0.34522271156311,9.4839842915535,29.4776828587055,64.4983928203583,5272.01092812419,7.00534230470657,0.402189821004868,5.15453863143921,0,480.193557411432,2535.64938944578,2641.18903872371,1953.5649047792,19.4909610152245,25.0361959040165,1170.20907211304,370.547454237938,31.7656304836273,148.958214402199,3.16368937492371,0,2.80320727825165,31.5931035876274,48.5784047245979
985.266256064177,52.3188451230526,42347.2701745033,6.94926589727402,18.2489252686501,491.48528470099,6577.7287684679,2816.9110045433,25.980831861496,174.884511590004,162.51191753149,52.9023554325104,24.6749014258385,5366.09306427836,510.773764252663,4360.3798276186,16408.2443491518,108.330136746168,1064.442912817,10.7038358747959,61492.8110045493,558.219444960356,0,272.253365397453,52.2903624773026,3936.2971509397,60717.275111407,2258.8147303462,1334.30050438643,10194.7793706954,4.2259738445282,170.23499378562,217.407432466745,14392.6530972421,2641.54069784284,7986.62729206681,3989.37139749527,16379.5836217999,11204.3373628855,323.830780923367,56.3735374510288,27.7561542987823,767.774195969105,64.3097205162048,269.710865110159,314.448475509882,545.379624277353,16.9906453192234,9.52356392145157,9.99106192588806,11.7179613113403,223.567491531372,1.00079035758972,11.2701478004456,9.75566101074219,114.354895472527,22.7041130363941,144.398796588182,7.08109003305435,0.752596318721771,8.30051252245903,0,69.7922682762146,89.004246711731,1559.22847190499,53.3825030326843,0,7.84153184294701,1.51124593615532,1450.1772788167,891.147893726826,2162.17825913429,2636.99112153053,0,130.378234475851,2755.54544103146,970.998233377934,115.017619103193,1073.04256781936,0,6.21041363477707,19.3294224739075,180.205177307129,792.649280399084
21.0492331683636,3497.55502727628,82.0118793845177,2111.79017686844,153.933691948652,540.344992280006,4597.07255586982,575.474631041288,19820.4100049734,438.193070799112,64.3194674551487,2526.11851090193,253.993966341019,515.382150143385,3210.97032150626,1849.7204683423,34.1841117739677,27.8686910271645,40.0954203307629,704.500012516975,1609.13085651398,19499.2772859633,272.253365397453,0,2226.57451525331,73.7871387898922,4778.58055704832,12777.9180359244,875.091558039188,150.236271977425,24.8867390751839,126.836861252785,188.068272739649,467.263602554798,492.58980858326,2657.5692486167,237.685645729303,1198.4784284234,554.283166408539,2114.81116583943,119.159773230553,45.3234851956367,6384.62463188171,129.36573767662,1572.88969799876,680.21209692955,3443.79736205935,690.809749573469,250.228111177683,30.3742288053036,82.2350296974182,4.7001930475235,369.745802640915,70.7636069655418,816.675083607435,3079.36420640349,2218.19880181551,6480.71265041828,1418.11376520991,75.0635389685631,620.946995228529,2.24104297161102,3521.13292208314,1257.07591068745,983.561977833509,16.7934913933277,14.1176218986511,14.4904110133648,231.35246488452,620.374326974154,1647.58700159192,714.414199352264,28395.6630147696,7.75033792853355,39.7107756435871,381.635973930359,17267.1914067864,1230.61239179969,1276.20198750496,0,141.088250041008,97.9584051072598,701.098838090897,508.236404508352
5.73586314916611,2677.81472334266,10.3533622026443,35.6389674246311,88.9582699537277,528.105192840099,132.646360307932,288.628254503012,3055.3138024807,163.024410039186,563.721768647432,414.953495204449,7700.2115034759,234.397078871727,157.086508452892,271.036265969276,8.45658975839615,18.8576049208641,10.1380187869072,178.837975054979,329.25553137064,2777.38043662906,52.2903624773026,2226.57451525331,0,713.178250491619,15447.5585067868,992.055901348591,78.9503796100616,40.7512593567371,1654.25537958741,177.87030467391,16.7418158054352,202.483563631773,35.2404301166534,1085.99992865324,97.2207648456097,380.113468199968,79.7247850298882,4286.62997192144,187.404534876347,499.430006235838,1024.94481271505,133.317300647497,216.962223857641,127.998724013567,3758.13909649849,62.896382600069,706.605026513338,1.94475072622299,866.03554007411,3.31040549278259,21.3677532076836,15.4785223603249,91.8972896933556,105.315438896418,188.416828513145,136.05497699976,84.0137042701244,1888.07159495354,107.164991229773,4279.31351953745,216.90372133255,268.748798966408,146.760300368071,13.4379394054413,67.984540194273,100.089801222086,14.7507404386997,56.173664689064,183.660782843828,78.0152856111526,538.650940597057,2128.17376095057,953.378353565931,4470.00815111399,393.354773193598,63.3075520992279,221.414607971907,708.109743833542,109.578678369522,17.5229588747025,316.044415682554,75.4529688954353
133.663128077984,87.3539605736732,8609.01899972558,14.8786144256592,13.783752143383,269.382805138826,800.836551994085,443.534951865673,45.1143284440041,421.695619642735,10784.5463711023,327.851727217436,110.795433670282,1757.02259781957,84.7019670009613,13.1142173707485,24883.7421458066,5632.55084985495,5735.40727481246,38.5942834615707,675.601562291384,45.6121443510056,3936.2971509397,73.7871387898922,713.178250491619,0,59269.6475271285,346.794898211956,1005.13585093617,567.683564275503,717.856668353081,466.814543157816,35.7684579491615,10255.9872749746,936.386037498713,17331.7236441672,12543.970158726,8930.21618664265,6060.05396011472,177.22440597415,47.8350417017937,127.053595006466,705.738291561604,580.365837782621,122.076176583767,362.367650926113,10.6078798174858,14.9232312440872,30.2097069621086,1.4609751701355,1054.55266740918,1005.08891445398,0,12.9574559926987,1.67580807209015,3.7790898680687,1.86080920696259,22.3036321699619,0,1334.97040358186,0.474030047655106,3072.59827455878,14.4188004434109,10.0853713750839,24.1045219302177,743.661758452654,913.438436448574,1588.33297359943,0,21.3766306638718,15.4181077778339,195.750571250916,42.7634754180908,958.546916872263,19852.9703428745,41318.8135308027,9.90553054213524,1.00210452079773,48.6049187779427,2573.47711971402,7.12627792358398,0,133.733125656843,1062.03514003754
239.476236045361,12755.0274296105,47189.7107596397,14.2109805643559,62.3565358519554,168.907205700874,950.604353159666,564.018490880728,4624.69606292248,163.419491946697,767.611909300089,145.667272627354,2110.99214246869,1471.66686911881,777.966266036034,16161.2389601171,28275.0476851463,972.797517627478,1985.19997605681,19.822909206152,13253.2238712311,7926.81038203835,60717.275111407,4778.58055704832,15447.5585067868,59269.6475271285,0,1979.37858825922,751.791464805603,1065.0306610167,471.184850513935,131.840612769127,56.2581265568733,12037.4396395087,8674.57319074869,62884.6546446085,11309.8063861728,37322.9464821815,44898.4228937626,760.790445178747,116.469718396664,241.43979921937,8240.13003620505,1783.10814005136,2499.32107290626,4092.64387205243,750.192188739777,77.6823948919773,134.985404521227,66.1864728331566,13280.5153777897,6877.20801949501,2.3249748647213,61.1466037333012,19.9758642613888,389.558933705091,147.21630731225,470.07757884264,8.89799651503563,1276.47544585168,14.807031840086,3468.36954841018,373.854108840227,157.879656493664,23124.8133766353,2064.25475814939,1361.70677289367,2478.65854175389,1.30061745643616,2953.91373938322,8140.5098259747,29564.6395702362,3147.25333845615,4142.37951645255,30675.3480758369,177129.155089781,614.909852102399,84.9294303059578,1055.3150626421,2773.09009167552,18.5009180605412,2.85850331187248,1106.68862853944,6205.71596819162
65.3035136461258,98.1303031742573,2383.97424203157,14196.3696547151,75.3654705286026,731.245742797852,57371.9066039622,1024.96666073799,4477.55216437578,9053.15526795387,153.243959367275,2450.24718296528,273.115664184093,1356.93452821672,1771.11078229547,209.241461724043,132.771644115448,69.958783775568,98.8005922436714,6049.10104233027,24045.1965096891,880.465006560087,2258.8147303462,12777.9180359244,992.055901348591,346.794898211956,1979.37858825922,0,2388.61047261953,5896.67700323462,15.0171977877617,268.360392808914,976.86681252718,2253.34564274549,2089.29623869061,8012.22031196952,571.357677102089,4927.55019187927,2472.79895535111,1964.44514757395,398.821912437677,101.938541650772,5086.74329221249,89.0911166369915,1326.77808365226,583.916392236948,3148.55081573129,589.992387056351,278.196716278791,19.6879728138447,13.371612995863,23.976989865303,998.244588971138,60.2513031959534,815.190711885691,2473.25081756711,1840.7919652462,4109.88358393312,2396.30366548896,35.0331819057465,1081.99186387658,1.2484769821167,2899.0750978291,1216.93853220344,295.833468735218,7.93745708465576,0.645504415035248,5.0934231877327,541.235091477633,315.513163506985,623.012496173382,355.089814692736,16155.5178906918,1.04619082808495,16.3874205052853,319.430146187544,12628.4621610045,955.40305146575,1295.66329512,0,89.483339458704,109.843200951815,583.203667551279,595.302927643061
8185.29756310582,1.21505916118622,315.595248997211,124.549070805311,11.8591123223305,586.329225957394,8873.8000459224,1279.174383834,75.1841152906418,2136.2277276814,712.659951984882,577.118183255196,74.2107810974121,14373.9070254564,58.593752682209,13.6642615199089,1549.68335691094,463.435865193605,859.807044059038,254.162881836295,1238.74009004235,31.1468171775341,1334.30050438643,875.091558039188,78.9503796100616,1005.13585093617,751.791464805603,2388.61047261953,0,13317.4712563455,61.6124372780323,1401.39767375588,1904.06446379423,5303.01787030697,30.4639281332493,675.517905235291,121.275873035192,1854.73070722818,205.916984707117,178.657843828201,68.5814748108387,33.2120741605759,366.913461863995,2.11490273475647,73.1059054732323,23.716865837574,204.91323274374,27.1791057288647,18.9556095898151,5.5297292470932,0,2.07374048233032,5.69819721579552,2.04033422470093,11.8127360343933,179.6167075634,41.0726127028465,113.73936727643,29.6041557490826,3.29780822992325,16.5711049735546,0.821577847003937,65.0416969656944,59.2892791330814,6.73636311292648,0.521497666835785,0,0,3.58297574520111,24.3156218230724,62.809120118618,8.28689724206924,982.719470977783,0,2.47357511520386,33.6718627810478,677.358209490776,66.4419065117836,127.061425149441,0,6.10541331768036,6.64346098899841,34.2766009569168,24.113821387291
11013.9395415187,1.11297214031219,5288.40353566408,13.0373288691044,17.1767070889473,1636.18925842643,9574.38723179698,8336.98998746276,12.4377466440201,404.805430948734,253.999360889196,176.724196135998,59.6442397236824,27002.7287693918,345.596709638834,42.2164913117886,2144.86462262273,123.363912940025,262.913952320814,31.0087659657001,24769.7756251097,19.1682271659374,10194.7793706954,150.236271977425,40.7512593567371,567.683564275503,1065.0306610167,5896.67700323462,13317.4712563455,0,17.6615843772888,658.215001136065,1764.43921789527,4655.71744433045,669.331329256296,1722.55258628726,169.097798079252,4567.87856784463,1611.56513810158,342.31171387434,88.3230383992195,35.1194289028645,219.897709786892,0,56.8230310082436,30.8776008486748,120.273328572512,12.5071481466293,8.62040758132935,3.34540587663651,0,15.2593876421452,1.0796200633049,0,3.68936091661453,46.416296005249,6.89104974269867,9.15370553731918,0.420579046010971,0,4.33542463183403,0,25.0623150765896,22.6253305375576,38.6539529263973,3.42561641335487,0,1.01896944642067,0,130.650542199612,72.9024902582169,46.6185201406479,637.408931463957,0,16.5367463827133,115.037641257048,355.924640715122,53.6271480917931,199.097631305456,0,1.16913890838623,19.2297462821007,21.1242293417454,116.525610625744
