0,2.55003064870834,503.870309263468,3.45965221524239,2.61535716056824,66.57432320714,7230.78718864918,979.06002625823,5.32820069789886,73.3081102967262,20.8367075026035,9.44342651963234,3.153693318367,7293.10900619626,12.3357520103455,1.73745170235634,811.963371455669,26.2134283781052,107.881923645735,3.30703675746918,122.129097133875,0,638.051184952259,14.7354611456394,0,251.192632287741,167.981133073568,84.4759745299816,13971.4726453722,14259.8169160187,0,35.5501374900341,42.7758076190948,385.462506830692,19.0861902832985,128.355817973614,29.6538811922073,373.694426596165,139.776857435703,8.67772552371025,13.1642946600914,10.9682102203369,7.96255558729172,2.31470587849617,1.75939536094666,1.1345928311348,0,0,0,0,1.50728133320808,9.24407044053078,2.11821717023849,0,0,7.3370513021946,6.97737988829613,4.68880861997604,3.72196289896965,0,4.72266924381256,0,2.85045218467712,0,6.33522221446037,1.77181643247604,0,0,5.75178083777428,0.552452921867371,2.43089509010315,2.9637685418129,32.0721488296986,0,1.39354008436203,43.7260071337223,15.8430323600769,0,0.939010500907898,0,0,0,2.80548024177551,2.01171046495438
2.55003064870834,0,383.2358327806,2.26364541053772,8.51594400405884,4.63364395499229,8.78445440530777,5.5390031337738,3792.34872549772,7.58180600404739,451.280432403088,0,4470.38711637259,11.6010732650757,72.640659481287,205.488595634699,214.569870769978,5.37975645065308,35.6666973829269,1.31570810079575,62.8877016305923,6933.45842900872,107.408660948277,3162.91309207678,4009.09056890011,237.229114353657,6797.31169578433,40.5160783231258,7.25441890954971,11.5608507990837,101.045314252377,16.4794682264328,0,265.01203083992,17.8618307709694,163.923111319542,195.635363280773,168.875368535519,69.6027531325817,28.6459766328335,1.3338702917099,1913.73634254932,509.488072782755,487.429341077805,187.01420506835,351.457666397095,7.66003346443176,2.30417120456696,183.55595523119,1.70115655660629,2282.01241198182,838.679032534361,1.20008996129036,1.41056036949158,0,36.8963995575905,9.18232309818268,56.524212449789,5.09412005543709,204.651487469673,1.52817344665527,623.917613625526,17.313345015049,7.83593904972076,336.604372084141,587.586977392435,18.4817827939987,31.3841474950314,0.588077306747437,29.8339261412621,229.633507609367,281.280595958233,171.338462561369,209.010010063648,654.86673438549,10898.6389353871,24.2004191577435,10.2253767251968,29.0249978303909,70.7192088365555,3.58562517166138,0.367727845907211,107.634620726109,48.1933640241623
503.870309263468,383.2358327806,0,20.1671439111233,7.30596667528152,84.5215294957161,1802.61555543542,1017.6913832128,19.0263307094574,169.263779878616,122.189497768879,9.50318652391434,11.7446738183498,1840.11818599701,51.6180511116982,107.613081455231,16533.554403007,261.438963919878,1209.68546766043,5.14800500869751,5968.01740038395,91.2597176730633,56889.0977165401,177.084404021502,9.01927152276039,27633.5998749435,43792.3043094277,755.06434956193,1014.0723374784,5002.22929388285,2.18436935544014,68.3233687877655,62.9985903501511,1949.00899472833,342.182202279568,4073.31747350097,3879.4759619534,2011.8297226727,1847.43486440182,65.8951581120491,57.5532437264919,32.631066173315,1402.84524664283,360.306811273098,349.585055083036,687.528917372227,21.7199552059174,15.8080680370331,5.44524824619293,11.8968624770641,230.661238133907,3785.95238611102,0.464985549449921,1.22306871414185,0,224.591369926929,26.8323229849339,16.0490753054619,6.82438853383064,7.85512873530388,0.405662298202515,6.10748893022537,54.317803889513,6.15582421422005,436.412320405245,1126.14437904954,45.0258633196354,80.8957624137402,0,140.386587500572,149.792670309544,1066.23041391373,200.768396914005,2.5787909924984,1322.52149969339,15056.4246378243,152.609405338764,12.8765371143818,94.937489002943,1.06757533550262,0,6.49755051732063,231.015722125769,259.922539561987
3.45965221524239,2.26364541053772,20.1671439111233,0,130.337605804205,91.5564191937447,1470.42609336972,133.636868357658,3203.98239177465,5538.15822347999,29.9980402886868,479.186345905066,20.5566740036011,116.776532202959,565.215260714293,1.87369814515114,7.15305942296982,3.16186326742172,3.33565086126328,25165.1681094766,25.3905267417431,2.95589643716812,22.8675333857536,4077.11075779796,0.77044689655304,21.3522534370422,12.8217487931252,8393.01652383804,187.951868534088,20.7400289177895,0,75.4843171536922,8.73466798663139,178.919923335314,168.685841232538,1436.47266229987,29.6424660384655,279.177637279034,94.3270968198776,859.25673609972,244.079371243715,114.889298260212,158.974570125341,1.74033123254776,31.3844980597496,9.07556962966919,615.573701232672,11.4247154295444,20.9150198996067,0,10.5501061975956,0,1415.15350472927,23.7822537720203,75.2482256889343,366.828046113253,47.7288450300694,2379.94229546189,763.413081765175,0,983.977514117956,1.23542904853821,19.3689050376415,123.064371407032,0.359656244516373,0,0.699247539043427,0.545580863952637,847.881053298712,0,16.2704535126686,0.463619440793991,2408.85003846884,0.47108256816864,0,5.38824304938316,1081.42873442173,30.9941562414169,2.68618854880333,0,3.7934105694294,1.43259420990944,37.3495432138443,19.361590385437
2.61535716056824,8.51594400405884,7.30596667528152,130.337605804205,0,1996.68918189406,162.944009453058,289.536287814379,460.161831378937,720.392493218184,498.93794798851,1662.14232081175,103.61113679409,39.0724492967129,4031.46799829602,23.692205786705,8.74378436803818,57.0608833432198,10.215483725071,373.906748145819,94.2177668213844,26.5874653160572,132.664801567793,1037.46964406967,5.76629090309143,138.815586447716,68.8769043385983,291.93955463171,38.4180921912193,86.458254635334,21.9626214504242,654.70986789465,0,2866.58709570765,4876.01967790723,1229.36959204078,47.2077054679394,130.915485501289,73.9692971110344,9041.86324998736,5534.25293946266,121.976942837238,33.6928380131721,13.5430927276611,5.89618748426437,35.2809023857117,103.80219244957,2.4405734539032,37.2272524833679,0,1.11671900749207,3.09973150491714,56.1718429327011,0,15.381956756115,25.4703954458237,2.71759593486786,62.1681846082211,30.7305340468884,0.707098066806793,82.5424452722073,1.48414325714111,4.96798062324524,13.1444414556026,13.2392265796661,0,0.851754307746887,0,31.2589495182037,12.01845484972,4.74146270751953,16.5516335964203,125.27832955122,1.57859170436859,7.92644381523132,20.7380018830299,64.8586044609547,2.51764702796936,7.13434547185898,0,0,0,52.4825965762138,2138.37233349681
66.57432320714,4.63364395499229,84.5215294957161,91.5564191937447,1996.68918189406,0,3553.32022687793,16472.4414359927,480.277917593718,22882.1337194145,387.140208691359,6948.24594670534,81.1194240152836,1694.62980663776,3490.54346203804,5.69122707843781,87.7370364964008,81.973257124424,27.5907182097435,1186.26531377435,108.330978155136,2.67046362161636,121.337004125118,1120.16660946608,1.38786643743515,310.633403003216,65.7320182919502,1386.62289565802,683.047414183617,691.529587060213,28.6553448736668,575.462312251329,4.14737841486931,738.133066743612,3068.0151143074,5958.8335018456,187.105873972178,737.793834120035,295.124683320522,9063.76260587573,1159.1058781445,824.955423504114,260.743043094873,6.79489988088608,96.954001814127,24.5076294541359,267.3385245502,18.6102108955383,246.793941706419,0.443477064371109,2.89493608474731,0.808829635381699,268.113332599401,4.41201686859131,61.3846146464348,607.432791054249,328.163859754801,227.351138710976,250.746303647757,7.55670237541199,238.022124916315,2.42987430095673,135.157550930977,18.9702115356922,32.4900920391083,0,0,0,234.061686724424,21.825412094593,6.03029265999794,5.28255382180214,2172.17807862163,0,1.40240204334259,14.0542396008968,1547.15427866578,41.7585373520851,14.1813629567623,0.4644975066185,4.22836309671402,5.76393693685532,254.486738353968,609.620494842529
7230.78718864918,8.78445440530777,1802.61555543542,1470.42609336972,162.944009453058,3553.32022687793,0,15340.8755783737,936.247638344765,50672.4945467412,638.068828821182,958.989684551954,228.709478080273,32589.2142261565,1177.77380314469,92.4538678526878,697.477612227201,255.619714856148,171.774299621582,407.465199828148,4082.10608139634,20.5249079465866,2462.36991268396,2942.53568997979,4.94191735982895,1036.87387952209,779.690450936556,87428.2435439825,6395.69703090191,10550.8442909122,44.0996886193752,1014.35716748238,477.823413699865,3875.95524799824,1706.26667809486,11740.9594856799,529.57027849555,4835.15797519684,1668.68862935901,2168.59378498793,1822.19703125954,852.463941812515,573.839446246624,11.8537938594818,178.906042635441,68.9504663944244,495.398048490286,31.7837288975716,175.211960017681,2.30042642354965,18.5786328911781,131.922759264708,2018.0675059855,17.9105300307274,179.238427817822,1503.88332498074,818.867239564657,958.084506481886,1687.81885117292,20.5057284832001,929.66617000103,5.8339369893074,489.803223401308,97.8895025551319,186.385005414486,24.778758764267,0,1.61563703417778,1130.15916541219,36.0633105635643,35.4652174711227,111.307064920664,4575.24499922991,0.927895188331604,3.09313076734543,631.135098278522,3150.77349999547,171.042589753866,13.7037180066109,0,20.7695001661777,6.73631829023361,354.464366644621,167.064205139875
979.06002625823,5.5390031337738,1017.6913832128,133.636868357658,289.536287814379,16472.4414359927,15340.8755783737,0,762.774430781603,9072.31139090657,649.285827189684,3132.74510040879,112.114750444889,15010.8403505683,349.075916677713,17.2804480791092,1172.24632441998,165.212808668613,165.023152470589,541.107436954975,665.840139657259,19.3349537849426,1247.46877115965,2501.39733296633,3.9142527282238,797.75228536129,383.723214805126,3379.71606510878,2869.33668896556,6510.18512091041,40.9211552739143,1053.0340526402,23.6362075209618,1329.96396064758,449.695065289736,3631.08637297153,243.699333250523,1513.17917478085,691.072736412287,2234.03398874402,348.427199393511,830.349249601364,677.379731684923,25.1338982880116,271.549640148878,89.5891771316528,537.973490685225,44.8475018441677,303.813111275434,2.85599756240845,10.5026154220104,23.6616528332233,815.056040167809,3.293736577034,228.14013287425,2413.02040398121,1533.79074290395,500.953900128603,907.491352021694,9.02968892455101,580.074029535055,4.33242762088776,639.635531634092,27.3767264485359,59.5428612232208,3.58443894982338,0,0.333977371454239,651.304268181324,72.1215971410275,20.3339856266975,27.5253696739674,6701.69909411669,0,3.78184813261032,123.550257027149,5152.57878094912,138.579206645489,52.0498071312904,0,4.84889459609985,17.145616620779,570.316178947687,110.785845339298
5.32820069789886,3792.34872549772,19.0263307094574,3203.98239177465,460.161831378937,480.277917593718,936.247638344765,762.774430781603,0,1967.70222747326,175.771037638187,1756.33831307292,2584.95137822628,349.327915996313,2183.41025695205,518.764098763466,90.9028563201427,18.8161049485207,30.7714322805405,1450.96661001444,269.106531202793,8475.16692814231,210.990117937326,29700.5283293426,3242.2023563087,142.424159795046,6447.80144014955,3542.45157325268,202.775581806898,103.074044018984,106.138503938913,119.463524490595,25.7474879026413,252.542612820864,123.221647500992,718.170639097691,135.354393035173,250.787583917379,90.9372411072254,1373.93116673827,80.5632772147655,371.648770272732,778.102980613708,215.199836045504,257.643417745829,98.4788993000984,261.927055805922,39.1351981759071,63.5921761393547,10.9852025806904,55.1016074120998,35.1491052508354,216.551680892706,11.8056972026825,66.0281913876534,334.856922388077,432.35336714983,4873.22908419371,179.889549314976,91.9531830251217,314.920903235674,152.368965893984,385.67517632246,35.612030684948,2275.39176288247,11.6712965667248,73.732648819685,20.6638378798962,106.754818409681,910.041113585234,3385.62723839283,381.07682788372,8271.47242513299,75.0188879966736,116.881663233042,386.767541229725,1736.75683632493,433.780835866928,165.336707413197,20.079645216465,28.1749474108219,77.2247638106346,277.93422588706,101.174223959446
73.3081102967262,7.58180600404739,169.263779878616,5538.15822347999,720.392493218184,22882.1337194145,50672.4945467412,9072.31139090657,1967.70222747326,0,1379.32364776731,4083.5443995297,436.463464677334,5099.18361124396,1685.680485636,11.8623561263084,80.4487797915936,494.020487338305,130.254600644112,4350.84294226766,340.29104077816,5.6590835750103,250.641356259584,1555.22558352351,8.61000055074692,1282.35181218386,216.225934147835,12820.4948454201,4067.13821265101,440.672046303749,81.4750399887562,2419.91743956506,46.8110637962818,3565.8382909894,1878.20864400268,14347.3983475268,271.350745290518,3727.13046035171,706.162597090006,4585.68215239048,2833.25385296345,1043.41964548826,321.525936663151,11.4707712829113,131.041873246431,38.5784837901592,1083.514775455,17.5687708258629,146.19146412611,3.3250960111618,12.5251745581627,8.63205328583717,2561.79683759809,28.7080555558205,167.921360701323,861.401362150908,190.261743873358,2529.98672685027,1481.61245378852,7.53045910596848,1314.79863354564,2.62522387504578,34.0763863325119,198.714511811733,10.079451084137,0.462071150541306,0,0,1323.60383868217,3.61626490950584,26.4274260699749,3.77720740437508,4379.79583528638,2.76156657934189,25.7492835521698,67.2240240573883,2333.57059854269,29.3251616954803,3.33536306023598,0.665866255760193,0,10.0662219822407,161.555753022432,137.579761505127
20.8367075026035,451.280432403088,122.189497768879,29.9980402886868,498.93794798851,387.140208691359,638.068828821182,649.285827189684,175.771037638187,1379.32364776731,0,455.604321360588,8306.1901602447,773.533712923527,25.4595777392387,21.7452189326286,992.780839681625,12647.4988351166,2405.90893706679,101.895512938499,253.059633105993,111.870210409164,589.732604622841,313.78996065259,246.796023488045,10173.4391256869,850.495476037264,353.129663586617,1334.92024758458,463.043894529343,1691.9767356813,4058.37466570735,14.4708890318871,13458.9239503443,59.1525774300098,2422.24961873889,4826.96336975694,7724.54343983531,1977.36279088259,231.207986146212,55.9111366271973,3426.70371448994,35.1413093805313,2468.16323330998,128.344459235668,13.0173073410988,28.836127281189,12.1028186678886,591.975532054901,0,460.565226644278,23.5975827872753,2.58709388971329,0,2.67136645317078,16.9505893886089,14.4922116398811,140.104216575623,6.1378720998764,1759.96192920208,10.0815110504627,4707.45782083273,6.38084727525711,0.384936511516571,19.7418138384819,9.6068269610405,2.0480751991272,1.07428586483002,3.90179938077927,0,218.929913371801,4.63817769289017,179.823212921619,617.43294864893,839.513943135738,845.918841034174,47.36321413517,3.87353211641312,6.15937936306,2050.82897159457,18.9498671293259,0,149.825065881014,38.771438062191
9.44342651963234,0,9.50318652391434,479.186345905066,1662.14232081175,6948.24594670534,958.989684551954,3132.74510040879,1756.33831307292,4083.5443995297,455.604321360588,0,107.485727310181,1245.53687155247,5283.66889828444,2.24549299478531,12.2889663875103,132.151951640844,43.1040150821209,14370.7268684804,18.1879609823227,2.18798184394836,30.3462041020393,874.871691167355,0,393.411087304354,47.7126047313213,525.249970138073,755.935327112675,69.419898211956,39.0881151854992,898.384048879147,4.54712778329849,894.293244928122,5771.8204292953,3071.84179127216,67.8739730417728,739.929286897182,129.718366861343,6992.30908212066,475.359412789345,295.639420181513,225.90111336112,5.69856756925583,68.8284458518028,17.8088141679764,748.334979861975,19.1241083145142,65.3438001573086,1.6211434006691,3.17179563641548,1.22799384593964,1059.99221462011,20.940054833889,210.938731312752,342.959465116262,130.873066186905,1180.10189554095,963.340295165777,6.89256286621094,2379.0138528347,2.67972803115845,52.484142690897,153.317821085453,1.31702932715416,0.667576968669891,18.1389430761337,2.76355081796646,916.556971341372,2.27575868368149,11.9604444503784,0,1719.03447636962,0.963258534669876,20.170330286026,11.1329536437988,832.063091218472,39.9218616187572,1.20383310317993,2.65690797567368,4.10759261250496,1.61062794923782,89.3757095932961,3113.02615594864
3.153693318367,4470.38711637259,11.7446738183498,20.5566740036011,103.61113679409,81.1194240152836,228.709478080273,112.114750444889,2584.95137822628,436.463464677334,8306.1901602447,107.485727310181,0,100.947174966335,82.8265821039677,45.5232689976692,16.2852810025215,5.39664846658707,2.08052662014961,28.0253670811653,75.8082837164402,2636.15150728822,87.49640417099,1380.12159901857,3915.34263733029,203.083151161671,2477.70336875319,127.5465233922,156.131072819233,119.469606995583,1054.46426221728,657.161753386259,1.29169690608978,4412.07273176312,76.3459779322147,881.935694932938,6415.31878241897,2467.42298623919,674.56803432107,81.5970728695393,19.2185289263725,4551.80837756395,71.7493961751461,6361.32875815034,292.180229693651,30.0960785746574,17.892574429512,0.899450540542603,1185.04779440165,0,1523.90676492453,8.28942701220512,1.7237606048584,0,1.68633353710175,4.61054199934006,0.5882768034935,407.920892298222,3.79108798503876,6136.50263673067,12.1209117174149,22892.487908572,3.32896971702576,0.534533321857452,41.0189192295074,3.09798848628998,5.01578199863434,0,2.35402774810791,5.96294111013412,720.769495010376,8.03220811486244,231.015002548695,3543.78509527445,4147.070168823,9003.96740618348,25.0011341571808,8.60085439682007,1.25461041927338,10002.1003257334,20.9979733228683,0,298.25736117363,12.4105923771858
7293.10900619626,11.6010732650757,1840.11818599701,116.776532202959,39.0724492967129,1694.62980663776,32589.2142261565,15010.8403505683,349.327915996313,5099.18361124396,773.533712923527,1245.53687155247,100.947174966335,0,113.060481220484,15.0880582034588,3128.64266252518,272.381614893675,395.835638791323,309.89587405324,865.508427500725,7.03819406032562,2322.29195192456,1143.24725654721,0,1223.99529844522,669.951115071774,2175.78390812874,27267.5979161263,19764.2793269157,47.2744534611702,591.349417835474,149.844283282757,2157.1559869051,86.0591687262058,2001.62632635236,169.170035213232,2303.00426515937,749.407114386559,398.130871742964,182.596436649561,345.875651478767,244.103209555149,8.79974466562271,83.387167930603,28.559625774622,207.939039081335,20.4016862511635,107.893129825592,0.447041869163513,11.2051151990891,35.3109602630138,205.115244567394,0.414119720458984,58.5280330479145,843.735719412565,494.422207683325,185.708251416683,257.825351417065,5.73320907354355,167.92690217495,5.60690534114838,202.987067073584,10.2218154072762,41.7021336555481,3.69187784194946,0,0,190.119432836771,43.4052468836308,9.20909738540649,17.0775964260101,2481.57251390815,2.49718284606934,9.69508349895477,186.732408821583,1737.9279089272,51.7068534195423,35.2850524485111,2.29116758704185,1.38443148136139,2.93436992168427,164.905465006828,12.1382956504822
12.3357520103455,72.640659481287,51.6180511116982,565.215260714293,4031.46799829602,3490.54346203804,1177.77380314469,349.075916677713,2183.41025695205,1685.680485636,25.4595777392387,5283.66889828444,82.8265821039677,113.060481220484,0,96.0322181880474,35.6241768598557,8.69017380475998,7.07402837276459,1273.59279224277,685.578040748835,131.82247787714,607.450003415346,4644.82168763876,55.5007004737854,56.8724341094494,280.612962126732,1673.07345402241,120.048414111137,1303.39757636189,6.44902586936951,322.937909543514,13.8017537891865,116.691487908363,2975.32130503654,1341.49533331394,346.505225241184,345.822894066572,372.462388157845,4506.18379330635,701.900534152985,333.322323828936,83.540030002594,29.0319220423698,46.8125111460686,73.6977393627167,151.079584628344,9.43848937749863,57.4487344622612,0.813352644443512,7.0179597735405,3.04991340637207,109.487829357386,2.17109870910645,20.3471141457558,60.5760901272297,37.8510755300522,118.654819369316,64.1766744554043,3.67598187923431,241.433259755373,0,30.8454638123512,19.1895438432693,73.3401248157024,2.67892229557037,1.23615860939026,1.47076380252838,72.161957770586,65.8743193149567,9.7870859503746,50.2628442943096,395.680537492037,0,25.1314988136292,61.9891268908978,227.118449389935,21.7046257555485,23.837181687355,0,10.126722574234,1.54132556915283,81.5864037275314,1414.87712621689
1.73745170235634,205.488595634699,107.613081455231,1.87369814515114,23.692205786705,5.69122707843781,92.4538678526878,17.2804480791092,518.764098763466,11.8623561263084,21.7452189326286,2.24549299478531,45.5232689976692,15.0880582034588,96.0322181880474,0,143.324851840734,30.4637456834316,44.4933669567108,0.6088986992836,10844.8066981435,7697.3857819736,8654.27025642991,3428.70908740163,53.1963314414024,140.95156159997,6162.10793566704,1412.97018226981,27.560447961092,340.090646952391,1.69689682126045,13.9206853806973,7.59583419561386,502.321657091379,884.897090405226,5725.13773551583,1498.90264967084,2281.66201508045,2030.17697256804,111.411879956722,115.261314064264,69.9525546133518,896.927159637213,114.206995427608,299.269677877426,287.055145204067,58.6684671938419,18.5499213337898,29.1866542100906,5.74970003962517,48.777726650238,154.124027967453,2.23025771975517,16.1099011898041,4.19180282950401,78.3752562999725,29.2031495273113,77.9388767182827,5.68009823560715,6.95041871070862,1.39759194850922,2.16563481092453,51.3323583602905,9.84542083740234,15724.3993579447,84.0685473382473,10.6055988073349,8.5226759314537,0.774843037128448,3539.03372967243,2304.19090405107,4938.00049453974,2632.80349355936,0,95.6989017426968,1734.67906472087,1269.6785441637,191.392703056335,371.871824800968,0.718923449516296,1.46927464008331,53.3055952787399,141.787048280239,302.605910748243
811.963371455669,214.569870769978,16533.554403007,7.15305942296982,8.74378436803818,87.7370364964008,697.477612227201,1172.24632441998,90.9028563201427,80.4487797915936,992.780839681625,12.2889663875103,16.2852810025215,3128.64266252518,35.6241768598557,143.324851840734,0,2417.30713671446,14265.7887651026,3.25201326608658,4127.42381545901,148.344120293856,19360.1827244163,147.696908503771,5.73583340644836,11488.2575322688,24158.3133247793,325.004974365234,4313.04779049754,9934.34588027,4.30531942844391,90.9930453300476,200.261020570993,7769.72557836771,114.921784102917,1290.33986201882,482.656287878752,1087.69417253137,536.669620901346,42.9046958386898,61.0066308379173,38.3926286399364,388.376315921545,119.309501558542,126.009203225374,220.40338152647,8.71853339672089,3.49721604585648,4.5974543094635,1.80285328626633,324.177326887846,1028.66740310192,0,0.795356512069702,0,33.8038095235825,1.19801899790764,6.02625006437302,0.323318719863892,6.44682741165161,0.411975681781769,1.18265420198441,10.6585747897625,3.62845981121063,124.77136656642,398.916975438595,11.6629700362682,23.857764929533,0,38.0302737355232,72.1681613326073,174.910071671009,91.9747806787491,4.82366847991943,1242.37700778246,5562.62304517627,47.6643696427345,0.666946947574615,14.8311020433903,0.768788158893585,0,2.68199336528778,74.4261617660522,36.335065215826
26.2134283781052,5.37975645065308,261.438963919878,3.16186326742172,57.0608833432198,81.973257124424,255.619714856148,165.212808668613,18.8161049485207,494.020487338305,12647.4988351166,132.151951640844,5.39664846658707,272.381614893675,8.69017380475998,30.4637456834316,2417.30713671446,0,8665.47024679184,38.7915858328342,330.432867735624,5.15194284915924,740.423146367073,102.50130200386,0,3757.05312746763,1338.69341740012,128.113398820162,457.62162694335,335.738713413477,7.12537556886673,630.936606138945,8.25570857524872,3626.49266910553,97.8223484754562,2227.1722099185,1762.92310807109,3334.55961254239,1526.23152929544,39.1570193469524,26.0587404668331,12.1381630897522,27.7271384894848,14.3400586545467,7.18166592717171,16.091894954443,1.41933584213257,0,3.40099686384201,0,18.4501553177834,44.5032781362534,1.12840473651886,0,0,0,0,12.394230902195,0,1.32917094230652,0.497005522251129,5.42856907844543,0,1.07834255695343,7.11082804203033,14.1179287731647,0.53921365737915,0,0,0.519449949264526,5.09053784608841,7.43355566263199,2.28571850061417,3.48711347579956,165.906014114618,403.240552276373,0,0,0,6.47419714927673,0,0,2.09215530753136,57.0146014690399
107.881923645735,35.6666973829269,1209.68546766043,3.33565086126328,10.215483725071,27.5907182097435,171.774299621582,165.023152470589,30.7714322805405,130.254600644112,2405.90893706679,43.1040150821209,2.08052662014961,395.835638791323,7.07402837276459,44.4933669567108,14265.7887651026,8665.47024679184,0,6.19310432672501,702.426499187946,27.6855321824551,1976.53078517318,55.4278095960617,1.9360511302948,11060.0360534489,4173.12943631411,92.3673759102821,624.195667922497,809.316121608019,1.94234028458595,130.487193435431,27.6301743388176,5093.79338687658,82.459945589304,1635.69946917892,517.066592186689,1236.19245317578,873.33437025547,18.8545506894588,17.9903691411018,7.07393711805344,68.3995377719402,39.2976746857166,21.8735039830208,40.544117718935,1.552898645401,0,0,0,81.078175753355,246.042473852634,0,0,0,3.70661872625351,0,7.14590549468994,0,0,0,4.58344841003418,0,0,17.7333035767078,62.5316871106625,0.723902493715286,5.39379388093948,0,1.28830718994141,4.10753002762794,21.017661601305,12.0693109333515,2.5006548166275,714.687585741282,1610.2641108036,1.00848257541656,1.12924230098724,1.31079584360123,6.97274565696716,0,1.85003936290741,9.64913189411163,55.1132066249847
3.30703675746918,1.31570810079575,5.14800500869751,25165.1681094766,373.906748145819,1186.26531377435,407.465199828148,541.107436954975,1450.96661001444,4350.84294226766,101.895512938499,14370.7268684804,28.0253670811653,309.89587405324,1273.59279224277,0.6088986992836,3.25201326608658,38.7915858328342,6.19310432672501,0,14.3154548406601,1.53130781650543,8.74666208028793,561.340713649988,0,94.5779092013836,14.5281910598278,787.875776022673,229.242452323437,29.022346496582,8.13695839047432,204.670732021332,0.36451730132103,219.916438490152,76.0692136883736,1227.0369027853,18.40311601758,216.536208242178,77.4663855731487,1938.93479397893,226.212105154991,122.524892687798,77.3697940409184,0,22.6556732058525,7.13613718748093,478.279514819384,6.88156533241272,24.4006767868996,0,10.1122196316719,0,1562.85973370075,17.2139987051487,67.576301753521,199.273301124573,34.6865959465504,1120.60989880562,532.681489288807,0,1016.13073891401,1.16056197881699,15.2009616494179,102.21448302269,1.20406854152679,0,0.722565412521362,0,862.63069459796,0,12.3230566084385,0.390490084886551,1355.16032654047,0.440179318189621,0,1.84247449040413,610.108688116074,8.28230202198029,0,0,3.72494646906853,0.624679088592529,25.4930174052715,7.39507186412811
122.129097133875,62.8877016305923,5968.01740038395,25.3905267417431,94.2177668213844,108.330978155136,4082.10608139634,665.840139657259,269.106531202793,340.29104077816,253.059633105993,18.1879609823227,75.8082837164402,865.508427500725,685.578040748835,10844.8066981435,4127.42381545901,330.432867735624,702.426499187946,14.3154548406601,0,1472.94724872708,55528.504488945,1081.27714446187,25.3048551976681,1836.44108650088,5222.73649257421,3097.33860051632,1308.91860720515,34878.2988577783,6.0680927336216,120.506624490023,151.842097312212,12352.0898937285,3816.59049656987,15251.9063938856,3440.87139725685,15084.3254029751,5965.88901478052,487.991801917553,444.647621184587,437.324523866177,1035.79496583343,94.4118663370609,372.195165485144,205.522435158491,148.629367262125,33.9818266630173,53.6665567159653,7.43088319897652,46.1384060382843,281.982938796282,12.2939257621765,27.3000200986862,12.603097140789,205.06782028079,94.8518314361572,119.268407166004,5.62874159216881,6.20805761218071,10.9711919426918,0,120.088932365179,63.7260046601295,4741.74494016171,68.7289100289345,3.12913274765015,9.75730392336845,7.27116936445236,3520.53274849057,1140.8736640811,1577.33264505863,4769.87903791666,0.689188182353973,110.609712362289,1128.92079299688,3110.62411990762,540.86680573225,1023.20262414217,0,12.4823075532913,133.181284099817,269.337442338467,835.257519155741
0,6933.45842900872,91.2597176730633,2.95589643716812,26.5874653160572,2.67046362161636,20.5249079465866,19.3349537849426,8475.16692814231,5.6590835750103,111.870210409164,2.18798184394836,2636.15150728822,7.03819406032562,131.82247787714,7697.3857819736,148.344120293856,5.15194284915924,27.6855321824551,1.53130781650543,1472.94724872708,0,1373.96461981535,12879.932318747,3249.82741644979,99.4408947527409,16714.2336665094,488.998580038548,15.8610744774342,307.975055396557,109.603318929672,14.4840101003647,7.98161453008652,180.315118283033,82.580373942852,696.939426273108,200.255734890699,227.602587670088,153.924472391605,62.2260491251945,10.6615323424339,381.597658962011,553.18479219079,254.883188009262,193.081458896399,171.513973593712,38.3088036775589,7.09677624702454,50.596618026495,3.20070630311966,545.27505081892,329.352203011513,10.8495902121067,0,6.16561210155487,68.1682692468166,23.7671887874603,145.474583685398,4.33650210499763,72.6769782602787,3.53016322851181,212.314418822527,38.6784043312073,14.498839199543,8098.96177712083,121.848142206669,13.5826880335808,10.951655626297,2.69470232725143,1264.03298583627,5499.29338169098,1539.27137756348,1941.78992658854,57.6272414624691,207.754351615906,12428.7338086367,611.202826917171,95.4295199215412,176.422470897436,64.0024185180664,1.90461623668671,40.0575088858604,107.095303356647,78.1767150461674
638.051184952259,107.408660948277,56889.0977165401,22.8675333857536,132.664801567793,121.337004125118,2462.36991268396,1247.46877115965,210.990117937326,250.641356259584,589.732604622841,30.3462041020393,87.49640417099,2322.29195192456,607.450003415346,8654.27025642991,19360.1827244163,740.423146367073,1976.53078517318,8.74666208028793,55528.504488945,1373.96461981535,0,1283.85560825467,22.7645334899426,6258.38280293345,52877.0045406818,3648.96618422866,3074.79377928376,27734.6779204309,14.0171166658401,240.529518723488,228.597046941519,14555.6299403012,5541.67297026515,31294.4644271433,12879.7949289978,21341.0891881585,17208.6563382149,671.012140721083,756.379583775997,455.613455235958,1418.63524678349,232.018561840057,376.210133373737,541.244968116283,69.9036120474339,21.1881107985973,166.232901006937,5.51147449016571,104.868392437696,1513.54686999321,2.89093202352524,22.5680025815964,4.56727677583694,161.266072273254,16.1585906744003,32.3757185637951,1.8508343398571,8.05899047851562,2.44342419505119,0.851808488368988,25.2264524698257,20.9407006800175,15551.5830599666,232.58007851243,14.215092509985,29.52722838521,1.25167286396027,4658.02949792147,1648.86303159595,7181.25720790029,2625.15421637893,0,329.302338093519,11363.0339628458,1320.90733200312,156.620676845312,575.949594080448,0,2.75872796773911,51.2305315732956,193.566755592823,1968.91422632337
14.7354611456394,3162.91309207678,177.084404021502,4077.11075779796,1037.46964406967,1120.16660946608,2942.53568997979,2501.39733296633,29700.5283293426,1555.22558352351,313.78996065259,874.871691167355,1380.12159901857,1143.24725654721,4644.82168763876,3428.70908740163,147.696908503771,102.50130200386,55.4278095960617,561.340713649988,1081.27714446187,12879.932318747,1283.85560825467,0,2071.07735565305,404.509502470493,7640.11419093609,18852.2949928343,1155.8123241663,390.43458506465,49.4702774882317,528.904843896627,429.426699519157,1433.78007316589,1246.65332254767,6052.12145534158,608.475958347321,1737.81566417217,878.709753364325,4158.0950974822,432.979011565447,554.931391596794,3922.62849789858,176.893347591162,1481.14357748628,433.375664651394,2047.62109565735,272.742901265621,284.806269645691,73.8624081611633,106.001351386309,177.259351193905,3294.18388366699,55.7010259032249,677.484761714935,5195.04372727871,5627.13958650827,6030.87626856565,2794.58471852541,181.070988953114,2008.17363142967,64.9391567409039,4008.38332656026,195.946420192719,2373.11601814628,61.7451161444187,56.1662738025188,35.385658249259,1850.87431079149,1511.52337893844,1170.7466994822,700.837030231953,30971.2541321516,39.8736591041088,108.615054875612,1176.99818325043,16138.5390720963,2118.50997546315,858.669034987688,0,270.29892256856,179.871645361185,1727.71020388603,359.445391774178
0,4009.09056890011,9.01927152276039,0.77044689655304,5.76629090309143,1.38786643743515,4.94191735982895,3.9142527282238,3242.2023563087,8.61000055074692,246.796023488045,0,3915.34263733029,0,55.5007004737854,53.1963314414024,5.73583340644836,0,1.9360511302948,0,25.3048551976681,3249.82741644979,22.7645334899426,2071.07735565305,0,64.0308595299721,1675.40482059121,20.2617513537407,3.71375906467438,3.21208381652832,37.4312900900841,2.06527757644653,0,138.683898508549,0,25.2293164134026,605.353421360254,45.9545720219612,5.36363279819489,23.7755678892136,0.655519008636475,2575.6244713068,30.8512702584267,234.498763144016,45.5190008878708,14.4638690650463,2.71984511613846,0,213.216533601284,0,266.694300472736,41.7527839541435,0,0,0,0,1.45446357131004,48.9489114284515,0,238.60356169939,0.689458608627319,877.768892943859,0,2.41159671545029,86.2192834019661,14.4117986857891,0.349218189716339,1.79920703172684,0,3.56402415037155,83.8536056280136,22.4895502924919,53.0088393986225,680.746924877167,141.035998165607,1447.49932697415,4.56299397349358,0.666267335414886,0,83.2468397021294,5.58759051561356,0,40.4672447741032,0
251.192632287741,237.229114353657,27633.5998749435,21.3522534370422,138.815586447716,310.633403003216,1036.87387952209,797.75228536129,142.424159795046,1282.35181218386,10173.4391256869,393.411087304354,203.083151161671,1223.99529844522,56.8724341094494,140.95156159997,11488.2575322688,3757.05312746763,11060.0360534489,94.5779092013836,1836.44108650088,99.4408947527409,6258.38280293345,404.509502470493,64.0308595299721,0,25240.2382109761,522.531134128571,1281.54439347982,1927.15106642246,532.592838585377,1813.98828920722,41.7446610033512,7544.41733035445,626.106973856688,13234.0177776814,12586.3741318882,11968.8170568049,6731.39490956068,181.463002026081,88.9551650583744,80.1932510435581,897.65313321352,1721.9008269608,382.139265194535,496.015980809927,20.9737842082977,1.29602348804474,17.7721403241158,1.38824489712715,570.36646771431,1963.84765526652,0.405356854200363,0.701457023620605,2.26873731613159,26.5759144127369,0.330598413944244,51.4818374216557,0,273.889962106943,43.0514308214188,1547.22812700272,5.50034815073013,9.36151957511902,104.639796495438,562.696663200855,30.394603818655,93.445049405098,0,26.7312910556793,173.978029966354,162.610043287277,86.9632553458214,262.801856577396,15627.1780174375,30344.3036617339,17.7136317193508,5.24372142553329,20.0003594756126,2494.3074221015,1.13617193698883,1.57830238342285,108.30232027173,391.16283082962
167.981133073568,6797.31169578433,43792.3043094277,12.8217487931252,68.8769043385983,65.7320182919502,779.690450936556,383.723214805126,6447.80144014955,216.225934147835,850.495476037264,47.7126047313213,2477.70336875319,669.951115071774,280.612962126732,6162.10793566704,24158.3133247793,1338.69341740012,4173.12943631411,14.5281910598278,5222.73649257421,16714.2336665094,52877.0045406818,7640.11419093609,1675.40482059121,25240.2382109761,0,3096.55700367689,884.982070863247,2404.18804377317,1353.32382196188,377.007328689098,71.1342630088329,13176.389567256,2758.56705486774,31114.0411807299,8384.15666052699,14871.1173699498,15632.0947795212,367.036615908146,387.235872775316,148.612639069557,7491.09364673495,5151.30427157879,2417.3422485888,3740.30450615287,123.753685176373,39.0875373184681,102.701445758343,26.0456420779228,7606.93958255649,14907.8576633632,4.23620650172234,11.607372879982,7.90506872534752,884.830182790756,67.9066296517849,222.48936933279,12.6196964085102,654.451977774501,77.1894629001617,4140.86893579364,203.608474105597,52.6096189916134,21147.6615382433,4643.06296345592,204.313060998917,452.932595133781,2.08029124140739,996.583469182253,5793.76762861013,11344.6226724684,1195.7654607594,1956.70029041171,30502.7328352183,174310.834561706,609.907701909542,49.6524975001812,390.934324741364,5070.92902359366,2.9386180639267,10.6833179295063,981.965996548533,2116.32697719336
84.4759745299816,40.5160783231258,755.06434956193,8393.01652383804,291.93955463171,1386.62289565802,87428.2435439825,3379.71606510878,3542.45157325268,12820.4948454201,353.129663586617,525.249970138073,127.5465233922,2175.78390812874,1673.07345402241,1412.97018226981,325.004974365234,128.113398820162,92.3673759102821,787.875776022673,3097.33860051632,488.998580038548,3648.96618422866,18852.2949928343,20.2617513537407,522.531134128571,3096.55700367689,0,2108.72699391842,20412.070938468,19.6653521358967,649.984935313463,643.112006515265,3863.55631351471,2281.41151577234,10827.1885284185,904.179765224457,5083.87864407897,2005.19792366028,2424.76730322838,977.898676872253,751.727821499109,2071.44375029206,65.1134196519852,795.796488523483,250.081349492073,1460.00340256095,157.130242943764,242.681360632181,26.2179867625237,43.3684328794479,115.488116621971,3321.64557996392,43.7316542565823,475.915099442005,3866.62620991468,3291.79586103559,2792.50713646412,2888.70186531544,40.4389237463474,1863.26244035363,3.11832237243652,2100.18988892436,166.198579698801,1501.69397607446,42.4132964015007,1.93601500988007,7.03693157434464,1916.14405432343,1199.39238661528,405.402150928974,492.358777999878,14675.2428081334,9.04210141301155,33.9089054167271,575.88148778677,10539.1677488685,1065.32643055916,672.222644776106,0,121.221945971251,106.968288689852,1097.34377408028,325.934928625822
13971.4726453722,7.25441890954971,1014.0723374784,187.951868534088,38.4180921912193,683.047414183617,6395.69703090191,2869.33668896556,202.775581806898,4067.13821265101,1334.92024758458,755.935327112675,156.131072819233,27267.5979161263,120.048414111137,27.560447961092,4313.04779049754,457.62162694335,624.195667922497,229.242452323437,1308.91860720515,15.8610744774342,3074.79377928376,1155.8123241663,3.71375906467438,1281.54439347982,884.982070863247,2108.72699391842,0,20631.3512037098,68.9611276984215,1894.98401537538,7237.33471027017,7647.56248641014,173.145493030548,1344.7393835783,130.65517142415,3910.53433632851,697.199759840965,203.288410007954,171.777000635862,173.377837657928,92.3648811578751,5.27699571847916,29.4053232371807,16.6314161717892,82.8748374581337,6.44188979268074,34.2846299409866,0,14.7018366158009,18.6069667935371,40.8896649181843,2.27695915102959,9.29596748948097,212.022124499083,92.6659190952778,67.6312733590603,39.0505567193031,5.03104686737061,40.0367268621922,4.22245663404465,34.2474168539047,0.773635923862457,61.055890828371,5.14865592122078,0,0,41.5422842502594,44.5482881367207,14.2733502089977,16.2867038547993,983.683404266834,5.90704119205475,38.9189711809158,162.393528372049,643.244373857975,17.6716684699059,21.371530175209,0,2.05637192726135,2.75386887788773,66.8956589400768,30.2003597021103
14259.8169160187,11.5608507990837,5002.22929388285,20.7400289177895,86.458254635334,691.529587060213,10550.8442909122,6510.18512091041,103.074044018984,440.672046303749,463.043894529343,69.419898211956,119.469606995583,19764.2793269157,1303.39757636189,340.090646952391,9934.34588027,335.738713413477,809.316121608019,29.022346496582,34878.2988577783,307.975055396557,27734.6779204309,390.43458506465,3.21208381652832,1927.15106642246,2404.18804377317,20412.070938468,20631.3512037098,0,29.1400830745697,439.699064612389,4373.89841926098,18019.3395384848,3449.74567764997,15264.8981726766,1721.72472187877,10672.2703156471,3148.50705611706,1290.88712087274,913.128831595182,600.260713368654,364.802534908056,16.7710192203522,154.00385132432,98.9229430854321,151.512070924044,17.7390437722206,71.9380873143673,5.01687708497047,22.3537454307079,103.542774707079,20.8534514605999,13.4386129975319,13.2009480595589,207.719652682543,187.164575427771,49.1777656078339,39.4646672308445,15.9278158247471,32.4145061373711,0,161.281665056944,9.15370863676071,1010.97268021107,23.0797277092934,0,2.21191626787186,25.6177040934563,1029.53786149621,207.463242381811,327.857473820448,1817.03370380402,0,47.9670114517212,375.878046989441,1723.18674185872,209.13744482398,325.957163333893,0,10.221514582634,32.3569930195808,198.824043035507,515.260870218277
