0,0,39.5148149728775,3.53503772616386,0,14.7052510976791,10928.5642944276,935.248558282852,1.16029906272888,52.0767136514187,9.40749990940094,0.4333655834198,1.2704421877861,13494.3397523165,2.78779828548431,0,188.858579427004,3.47012633085251,49.3848249018192,2.20064401626587,275.403804004192,1.19324254989624,449.737006157637,0.37305149435997,0,96.8864738941193,29.2913125157356,39.2835159301758,6467.58450713754,9040.80868044496,0,0.754210859537125,10.2561441659927,208.086950480938,27.3229965865612,40.2075189650059,5.71913370490074,83.7686510682106,32.8114760220051,4.64453428983688,5.55262699723244,3.66698795557022,1.66276049613953,0,0,1.83494526147842,0,1.20077180862427,2.77689123153687,0,0,0,0.541871249675751,0,0,0,0,0,0,0.365166962146759,0,0,0,0,0,1.2301749587059,0,0,0,0,0,1.44618871808052,0.616739630699158,0,0,1.9004300236702,3.55334874987602,0,0,0,0,0,0.364094614982605,5.21001803874969
0,0,566.482842624187,0,9.28374642133713,2.69747364521027,10.8437936306,4.45542758703232,3714.00390794873,2.76570725440979,15.4773365855217,1.33027338981628,1478.05054882169,0.440341383218765,68.7838836610317,218.657631844282,1115.09950819612,49.1778143942356,570.478138059378,0.342445194721222,37.8253389894962,4430.3951112926,119.980253785849,2304.43057823181,4381.98109075427,4519.10366484523,36256.4408622682,189.347425013781,1.90874683856964,7.59879651665688,64.4916421473026,0,0,448.780559271574,105.310558259487,1100.0041988492,216.529768168926,227.361965626478,311.779814749956,56.5786610841751,2.69168531894684,143.267608106136,960.775287777185,148.268023878336,214.861182779074,309.025511354208,4.63555303215981,0,9.6892945766449,0.415455847978592,4683.61841654778,167.748443722725,0,0,0.937487244606018,8.9744031727314,6.05590575933456,5.98525649309158,0.561290085315704,186.177358597517,1.6445689201355,344.419558614492,19.9384573101997,0,20.9570452868938,1108.25484722853,19.5045968592167,450.992983788252,0,24.24194252491,88.6784232854843,134.2082426548,22.1399691700935,220.960102111101,2256.4780009985,10499.8431800008,22.7492821514606,17.5198832154274,15.7671073973179,80.0541289448738,0,1.23080158233643,389.203343838453,139.867296993732
39.5148149728775,566.482842624187,0,2.89272010326385,1.13049054145813,8.25610882043839,1020.29370898008,210.023393720388,26.576826274395,2.77033138275146,3.50346684455872,3.79791086912155,0,261.32608217001,3.24458563327789,78.0082465410233,9715.29619690776,21.674702912569,875.566120803356,0.863558828830719,1389.40686765313,442.781979233027,19548.3375613987,44.6564166545868,5.12405490875244,25040.5834180415,36451.4298265576,751.866746991873,216.788595765829,966.783565759659,0,1.08207714557648,21.7910893857479,1099.45116087794,195.338091880083,1325.39500260353,227.61845561862,476.774204015732,635.996228158474,14.0709691643715,11.9004014134407,7.58451879024506,2107.11504068971,139.876869648695,546.907155364752,772.646253138781,12.3748077750206,0,4.02424395084381,3.33651342988014,491.578626483679,795.228923171759,0,0,0,22.4953342378139,5.12708756327629,4.72149515151978,0,7.94607070088387,0,0.591052353382111,16.7411552965641,0,100.156340390444,2318.45208853483,7.5821521282196,107.909730136395,0,35.3930175602436,271.789257109165,949.809418261051,25.3971893489361,6.11455264687538,967.168679237366,8699.9844930768,30.6741204857826,7.15620496869087,39.4500966668129,0.465954512357712,0,0,900.349711090326,174.665124803782
3.53503772616386,0,2.89272010326385,0,35.9952012896538,558.154132783413,450.510718822479,333.39049488306,2651.60767224431,2439.8090236187,24.5138074457645,6441.82843893766,12.2430380880833,173.642029821873,250.20704305172,0,0.626190900802612,20.519049435854,5.50356927514076,41740.8227590024,4.56756809353828,0.490708380937576,6.91409787535667,5268.97080820799,0,24.2753090560436,7.44633719325066,7366.42886382341,176.627582758665,1.18304461240768,1.02251750230789,14.5150133669376,0.297437071800232,300.04941624403,44.5995764136314,274.239525675774,4.58064678311348,106.494593590498,48.5741092264652,433.196499615908,40.1487722992897,86.5647443830967,100.502673089504,2.06965118646622,20.6903973519802,20.4693760275841,63.4728360176086,13.5681692659855,44.563523799181,1.1273700594902,1.10920357704163,0,1247.65354388952,4.18761444091797,21.3119324743748,210.668964385986,47.7953791022301,905.684453785419,1318.61827203631,2.27273121476173,1712.99559918046,0,17.8673898875713,14.7300782799721,0,0,0,0,480.489406049252,0,1.50307986140251,0,2091.66420906782,0.409131079912186,0.391905337572098,1.85605505108833,1914.94130992889,18.3878949284554,0,0,0.862602055072784,0,48.5649515688419,3.65466752648354
0,9.28374642133713,1.13049054145813,35.9952012896538,0,166.6872151196,67.7893594205379,27.6332493424416,352.93021351099,51.6141459941864,4.75983244180679,579.94239756465,3.2236191034317,16.674794614315,3291.39126619697,36.2588269710541,10.8126217126846,3.20498847961426,0,52.0907871127129,173.619735747576,5.84343731403351,137.93513277173,550.200246542692,0.666797935962677,4.77388477325439,33.7213714718819,234.380772054195,35.3911993205547,93.5556407570839,0,430.791903883219,9.42058902978897,48.0927962958813,1191.49677783251,27.7523995637894,9.29402321577072,15.8734068274498,19.3328536748886,8377.78152120113,194.860930085182,12.0821980237961,11.079513669014,15.1814329624176,0.712042927742004,82.5945355296135,1.28112256526947,0.475154906511307,2.2465980052948,0,2.9795823097229,4.10300022363663,1.90644329786301,0,0,0,0,2.80715298652649,4.11573970317841,0,3.98646861314774,0,0,0,19.8597962856293,0.602429926395416,0,1.62139189243317,0,8.59030741453171,3.93275970220566,25.1974462270737,11.4231601953506,0,4.08623075485229,20.8493123650551,16.0714637637138,1.42329806089401,1.72858250141144,0,0.850845634937286,0,2.19134330749512,375.608099192381
14.7052510976791,2.69747364521027,8.25610882043839,558.154132783413,166.6872151196,0,10832.5193412602,10642.8637001067,1400.17688038945,14515.6176383346,267.511607408524,13900.6635005325,85.610781788826,1037.24944083393,2309.84698975086,0.607487559318542,21.0348130166531,169.010305404663,52.7563858628273,682.904971301556,35.3451412916183,6.91135323047638,79.2704657465219,337.475746244192,2.2628573179245,140.211616516113,48.3857984244823,1340.74440649152,488.040918081999,197.093958079815,13.0344628095627,358.668090432882,6.52668279409409,954.42395979166,1774.97275134921,4670.86895292997,82.8872797787189,482.397358596325,351.392422527075,3126.06907781959,2163.39031437039,1112.0256268084,98.4844521284103,11.1344137191772,105.241546094418,209.498061865568,78.8544741868973,167.373640835285,545.223240226507,2.09481370449066,1.67288601398468,0,272.809368163347,0.768684804439545,41.3490314185619,68.9751171469688,136.421664237976,177.246901422739,308.553924262524,3.38322371244431,1168.65547588468,5.6212936937809,71.367182135582,15.8449310064316,0.3261379301548,0.898088157176971,0,0,189.832366317511,2.49030125141144,0.366379678249359,2.33552014827728,490.054990917444,0,5.83551853895187,5.59736543893814,648.005255013704,12.8013443052769,0,0.74704498052597,27.1579376161098,0,29.7777364552021,127.145791828632
10928.5642944276,10.8437936306,1020.29370898008,450.510718822479,67.7893594205379,10832.5193412602,0,28428.8293120563,818.830369979143,31000.6161828041,358.339951634407,536.401324704289,130.712278276682,30503.9655891657,796.136141806841,31.710424810648,714.078583031893,238.549651831388,256.809635132551,124.904098838568,3555.64244738221,54.4373951852322,6612.6109328568,948.203271299601,5.72073608636856,898.805167227983,1119.17787411809,16179.9037516415,6785.87837572396,20092.5467658639,17.2509602308273,205.92232863605,186.333551257849,8374.446164608,2862.04657641053,10594.2107820511,462.891473770142,3361.24976140261,2398.8744828105,1752.1550950408,1064.37486755848,497.252518415451,531.462534278631,24.102723300457,179.39876922965,238.705578327179,100.445527613163,67.2072581350803,306.851388424635,1.03426647186279,27.6695985794067,66.3249645531178,317.166781455278,2.82767862081528,25.9146604239941,334.246638596058,90.9304389059544,373.575793415308,564.809509038925,4.28308171033859,320.225719690323,5.57001256942749,75.3815802335739,14.3805035352707,81.941156744957,67.2933198809624,1.54332494735718,2.02412155270576,102.653046697378,31.5651281476021,88.6423725187778,267.167858511209,2946.88938361406,1.5800256729126,12.6212669014931,1005.42757338285,3925.08099368215,55.749711483717,2.77523908019066,1.13202905654907,6.45977446436882,0.479171335697174,219.705819755793,426.038618028164
935.248558282852,4.45542758703232,210.023393720388,333.39049488306,27.6332493424416,10642.8637001067,28428.8293120563,0,316.970347374678,20693.1699017733,312.116792142391,4687.68510711193,112.497462660074,34425.4753177017,420.093205332756,6.14753875136375,450.6103092134,208.610887378454,187.100696116686,404.409746646881,732.253621459007,5.65839472413063,1523.90479889512,219.19118565321,2.22917920351028,507.757129669189,166.524832129478,1238.53101710975,2947.26886957884,7713.33146925271,7.98437386751175,224.008077502251,25.4519008398056,1717.70841878653,341.87802234292,3168.34660360217,67.1746136546135,724.912296533585,403.613327562809,1071.01156491041,705.585259139538,721.949175596237,74.1779626309872,5.60125863552094,82.352795779705,159.947577804327,48.8428401648998,123.064190149307,426.904098749161,0,3.0395690202713,4.99789378046989,60.1082842648029,1.28500282764435,19.2445135712624,65.696465075016,93.0435501635075,88.8602350354195,95.3042449951172,1.66560566425323,265.65683311224,9.46373927593231,33.2590045630932,7.06194972991943,4.96763101220131,6.11467972397804,0,2.22866252064705,44.5497681498528,1.35614663362503,5.68812683224678,13.2563638687134,494.447215616703,0,2.58826273679733,78.0062851309776,606.391802877188,4.96158051490784,0.657449007034302,0,23.5038810372353,0,23.3672042489052,29.1827327311039
1.16029906272888,3714.00390794873,26.576826274395,2651.60767224431,352.93021351099,1400.17688038945,818.830369979143,316.970347374678,0,2723.3520834446,68.1465489268303,4377.74860271811,2528.67191079259,241.099426478148,1589.61817440391,427.40592071414,72.9787076413631,43.612440764904,33.1923134326935,1404.232411623,464.059621065855,6522.83887392282,128.443268567324,52613.070025146,2174.46355640888,285.680324375629,6416.78218325973,10357.7740256786,252.155480951071,142.426418989897,104.088421046734,43.4053293764591,6.15490579605103,377.535886287689,208.140822738409,1280.93631723523,124.510651916265,270.608616799116,146.350917577744,1393.71921190619,82.5547006726265,757.756103903055,959.969176888466,69.7812260091305,130.800061702728,100.122170716524,97.9181876778603,29.6669397950172,86.946036875248,1.13864600658417,21.4923960566521,4.49145156145096,1168.86295813322,10.1598039865494,16.1550955176353,162.108828663826,47.6127226054668,5783.2769497335,995.714088737965,298.211875408888,1187.97656002641,487.657219856977,31.6889952421188,30.5249970555305,2613.54454615712,10.8175928294659,2.44724696874619,6.81086805462837,350.095779716969,546.213289737701,4696.12091529369,692.450078427792,7945.98826286197,127.592216134071,69.0255059599876,342.343448609114,4556.50121244788,57.6994106471539,4.20837050676346,58.8947995305061,0,11.1237400770187,187.568661868572,265.646274983883
52.0767136514187,2.76570725440979,2.77033138275146,2439.8090236187,51.6141459941864,14515.6176383346,31000.6161828041,20693.1699017733,2723.3520834446,0,753.900037229061,8054.81737570465,260.200801998377,8154.06364758313,505.93754068017,14.7768744826317,10.644447684288,485.832226037979,147.557086139917,29599.4216028154,39.3587531149387,1.47391545772552,97.5813890099525,3745.39704898,9.76698908209801,377.932486832142,107.948963850737,5514.41262510419,3892.80990880728,69.5818267762661,39.2692150771618,412.729718774557,2.22644558548927,5496.61291593313,1285.30646589398,10870.6753441691,323.652254194021,1881.72496640682,1337.05973210931,2025.5538982749,1121.05197435617,1058.75167837739,287.098573416471,11.7693904340267,112.041102617979,182.138848811388,147.08970284462,164.667669594288,661.134641706944,0.482271432876587,1.56925004720688,0.321334362030029,2391.36591875553,0.856230556964874,88.4522347450256,617.214849710464,152.267455041409,1493.8017090559,3729.3216394484,8.76657247543335,3433.92560607195,16.0797468721867,90.2580978274345,37.6805978417397,2.09386795759201,0.521918654441833,0.541360914707184,0,916.470967650414,0.250643968582153,3.52241179347038,0.313239455223083,5330.75582280755,0,2.48238626122475,6.69703310728073,5622.122738868,44.783889234066,0,1.63722324371338,13.812836766243,0.491582274436951,144.266072183847,129.662602037191
9.40749990940094,15.4773365855217,3.50346684455872,24.5138074457645,4.75983244180679,267.511607408524,358.339951634407,312.116792142391,68.1465489268303,753.900037229061,0,614.55475461483,5653.06091201305,101.2796690166,39.7667406201363,4.91059112548828,227.48997798562,15395.1231001019,2012.22187787294,44.8221222162247,14.0991416275501,8.00670331716537,78.2906586527824,14.8139944970608,112.603226214647,5718.11315798759,180.108098417521,52.9290198683739,223.519869059324,86.6901544332504,218.025255322456,166.75913515687,0,15352.5273617208,90.3929880857468,1056.89037832618,1047.77087149024,4536.00771704316,514.070235043764,239.585024684668,86.8845705091953,2205.75285089016,11.5595916509628,18.3445210754871,67.4522927999496,10.537266343832,1.13796496391296,1.81431674957275,164.990877509117,0,13.7337775230408,0,1.40875828266144,0,1.52745127677917,0,1.66132891178131,10.7772448658943,1.02610504627228,2474.9326634407,25.6454803943634,5660.04882475734,0.779543578624725,0,0,0,8.70365595817566,1.66546475887299,0.381672263145447,0,2.27687519788742,0.972509205341339,13.7376452386379,157.877742648125,597.577838391066,469.033887952566,2.01935067772865,0.685314118862152,0,886.559386491776,0,0,10.8559881448746,59.3546604514122
0.4333655834198,1.33027338981628,3.79791086912155,6441.82843893766,579.94239756465,13900.6635005325,536.401324704289,4687.68510711193,4377.74860271811,8054.81737570465,614.55475461483,0,211.201596349478,3408.79310061038,2417.28631013632,5.0583707690239,6.32991614937782,463.726840108633,136.886680215597,17795.1645503342,17.1364718973637,1.72845977544785,21.2786802053452,548.220043838024,3.34070917963982,348.057124495506,106.900641575456,838.803763180971,2614.789077878,23.4859843254089,22.9999822974205,373.313494369388,0,2628.32064878941,2045.51150950789,4420.73179614544,203.490974843502,910.478608816862,559.110142856836,4561.85642406344,529.216868460178,947.190851956606,62.6896405518055,10.3481535315514,67.2493364214897,135.211187183857,135.533244639635,104.662264317274,537.033233553171,0,1.78563177585602,0,1878.66196006536,8.1057465672493,45.3261266350746,77.1548013985157,102.764692395926,1180.05116406083,1579.05780410767,5.26287841796875,5675.96231812239,5.60394436120987,27.7722643017769,42.8742728829384,0,0,0,0.649405121803284,921.30989921093,1.81951630115509,0,1.4932199716568,1058.68582943082,2.44767025113106,4.96654027700424,3.09952998161316,1229.30727982521,14.17127597332,0.565495193004608,1.35163566470146,13.5206838846207,0,25.7831593453884,172.614407867193
1.2704421877861,1478.05054882169,0,12.2430380880833,3.2236191034317,85.610781788826,130.712278276682,112.497462660074,2528.67191079259,260.200801998377,5653.06091201305,211.201596349478,0,41.1421166062355,57.2508442699909,65.5306576192379,7.64663055539131,81.8465865850449,21.7265177369118,19.9962018430233,11.7735513448715,1614.01681751013,15.7929582595825,576.871484786272,4268.87233608961,376.827730238438,3439.88178879023,80.2714111804962,49.6242027282715,26.4255281984806,978.737279623747,57.1408795118332,0,4134.63407996297,20.0692374706268,236.488322943449,901.467779636383,1889.06631338596,64.7700026333332,113.238419473171,12.117952466011,1722.09396231174,18.6417601108551,88.6445813179016,183.187490493059,8.04729571938515,1.38150727748871,0,602.687540441751,0,101.358255088329,0.600275933742523,1.64734119176865,0,0,0.648119807243347,0,17.7982550263405,1.880794942379,9347.34632450342,5.22703012824059,17595.1465297341,1.88403522968292,0,4.65425163507462,4.77394270896912,15.2524881362915,22.1860495209694,0,0.783441185951233,3.23708957433701,2.40596130490303,13.3681505322456,2169.94132837653,1758.26334172487,1670.73392862082,13.0346216857433,2.92665064334869,0,2564.77534842491,0,0,41.9557220935822,6.42070698738098
13494.3397523165,0.440341383218765,261.32608217001,173.642029821873,16.674794614315,1037.24944083393,30503.9655891657,34425.4753177017,241.099426478148,8154.06364758313,101.2796690166,3408.79310061038,41.1421166062355,0,110.272679507732,2.6711473762989,1333.84897023439,93.1654640436172,372.370513722301,379.700065210462,1288.01349517703,6.46877905726433,2526.16179686785,148.301888167858,0.408489674329758,662.371131688356,228.682953953743,938.671078786254,20797.1004832983,20119.8335008025,2.15716099739075,527.840614616871,80.7298264503479,2213.20453622937,164.459093213081,1299.18466198444,47.382077485323,907.436844229698,372.170024245977,424.20823469758,155.230887681246,185.853934288025,29.2526541948318,2.70323923230171,20.193548053503,17.4287354648113,14.0966283082962,27.5382063388824,100.620047688484,0,5.61527264118195,2.15759184956551,35.0890785157681,0.486936062574387,1.85484313964844,22.3911004960537,8.5039187669754,22.9365481138229,32.6947230100632,0.961575835943222,176.502680271864,0,4.49300050735474,1.88326090574265,2.20468530058861,4.66899687051773,0,0,26.8405373096466,0.99327763915062,5.69785645604134,6.13506796956062,275.973380863667,0,3.07638996839523,35.8873481154442,296.479825079441,1.12221968173981,0,0,3.55038022994995,0,15.6251527667046,16.1499052643776
2.78779828548431,68.7838836610317,3.24458563327789,250.20704305172,3291.39126619697,2309.84698975086,796.136141806841,420.093205332756,1589.61817440391,505.93754068017,39.7667406201363,2417.28631013632,57.2508442699909,110.272679507732,0,80.9653492569923,28.7973643839359,29.7164655327797,19.9571885764599,226.408186107874,339.977690815926,117.467875748873,240.59775224328,2608.67283946276,25.7035880088806,41.3985419869423,270.575250446796,1436.07241433859,141.661727368832,338.432000994682,4.12177443504333,91.3399312496185,24.7637115120888,238.471713513136,1269.17657399178,827.007091492414,25.1626085042953,99.6616203486919,81.2652815580368,4675.20187860727,86.0860422253609,73.0228140354156,109.91135841608,26.522424697876,18.4215434789658,152.980254501104,13.6949917078018,17.8999184370041,51.3960665166378,0,2.34757614135742,5.42434644699097,11.3394011259079,0,1.05155122280121,27.0363951325417,17.9988258481026,31.2901233434677,14.877344429493,6.8622513115406,63.9561622738838,6.43404507637024,5.8139106631279,0,44.0147615671158,2.12532442808151,0.720050454139709,1.96075701713562,10.4681507945061,43.3136288523674,37.1528803706169,56.2973800897598,294.679336965084,2.27116292715073,15.4783625602722,42.6508173346519,383.269875347614,3.53614473342896,2.6900230050087,0,4.72574898600578,3.00250899791718,13.7056839764118,511.394284486771
0,218.657631844282,78.0082465410233,0,36.2588269710541,0.607487559318542,31.710424810648,6.14753875136375,427.40592071414,14.7768744826317,4.91059112548828,5.0583707690239,65.5306576192379,2.6711473762989,80.9653492569923,0,118.887771606445,32.1814520657063,31.6257390975952,0,5753.85296881199,13970.4033281207,14156.9219551086,2740.80694413185,56.2361729741096,118.581724494696,10169.2562118173,2393.5486151576,11.0309415459633,47.5469334423542,0.578756511211395,0,5.85153758525848,721.243233650923,3176.62551891804,11602.1466113031,1754.53795516491,2179.08051413298,2787.91955408454,242.769465476274,63.1629420220852,12.5192012190819,834.546488136053,89.19396468997,169.94950774312,282.328798502684,11.9056270718575,3.61043161153793,1.49111950397491,0,51.3215456306934,47.1273781359196,0.573447346687317,8.39921510219574,0,47.6922439336777,12.3719040453434,22.2409699857235,0.401441156864166,4.34183806180954,1.28965198993683,16.3890255391598,23.388482272625,2.79140681028366,12898.2777770162,41.0808110833168,1.27843049168587,6.76513209939003,0,316.115431427956,4689.28737387061,6373.28125488758,386.538320869207,3.02515017986298,48.5524809658527,5058.75216060877,339.767164498568,6.28640386462212,8.33338874578476,1.71841162443161,0,0.955341458320618,121.667551249266,1015.09315335751
188.858579427004,1115.09950819612,9715.29619690776,0.626190900802612,10.8126217126846,21.0348130166531,714.078583031893,450.6103092134,72.9787076413631,10.644447684288,227.48997798562,6.32991614937782,7.64663055539131,1333.84897023439,28.7973643839359,118.887771606445,0,250.999812841415,2637.90013635159,0.972175806760788,4535.60139223933,512.694887310266,20039.3447363079,133.178423255682,34.7186779975891,11043.9772972465,48045.1066423953,595.450229972601,2117.79911130667,2747.91325286031,1.35815081000328,2.98620155453682,407.331717431545,5574.96329134703,328.603078871965,2934.85714414716,566.76132902503,1288.59551367164,986.895551979542,52.6788586080074,44.4557403028011,7.08355858922005,1595.54196333885,209.792853534222,391.488281190395,560.004717707634,0,5.33148980140686,11.3690923452377,1.57016396522522,533.054987519979,386.260868102312,0,0,0,11.0062081217766,3.86927080154419,3.32978069782257,0,11.0316098928452,0.473781496286392,2.27215439081192,7.19890600442886,0,29.3935225009918,2147.27939763665,17.7693784832954,431.068021982908,0,25.4406146705151,97.1712861359119,353.203595578671,14.7164169251919,18.0915847420692,2471.8306171,8345.08664315939,18.6299429535866,8.84500887989998,23.242388188839,7.47897583246231,0,0,705.497770190239,166.964547306299
3.47012633085251,49.1778143942356,21.674702912569,20.519049435854,3.20498847961426,169.010305404663,238.549651831388,208.610887378454,43.612440764904,485.832226037979,15395.1231001019,463.726840108633,81.8465865850449,93.1654640436172,29.7164655327797,32.1814520657063,250.999812841415,0,4377.578522861,47.0188171565533,33.3828217983246,2.29994302988052,192.851864725351,8.59885093569756,39.3798791468143,3670.50449594855,509.945510864258,46.877325117588,171.935280889273,78.1894220709801,56.6918419003487,113.39954417944,1.00885272026062,11377.2368699908,514.826057374477,5237.57902342081,2036.29211339355,4136.0686403513,2436.29437279701,143.175989300013,144.764577150345,165.83542072773,51.7440806627274,25.0406267344952,17.7328264415264,56.68503677845,0,2.50925952196121,5.41109716892242,0,34.2679063677788,0.407637983560562,0,2.95292860269547,2.32477045059204,0,0.954044222831726,8.98458468914032,0,124.882874011993,14.4257193207741,175.516885340214,0,0,0,6.02107104659081,4.45431578159332,41.417732834816,0,1.51208162307739,3.46194159984589,9.94206881523132,3.82778057456017,17.146393597126,735.331100642681,538.35728430748,1.22042065858841,0,0.610784351825714,174.978029459715,0,0,18.2849125564098,406.504070401192
49.3848249018192,570.478138059378,875.566120803356,5.50356927514076,0,52.7563858628273,256.809635132551,187.100696116686,33.1923134326935,147.557086139917,2012.22187787294,136.886680215597,21.7265177369118,372.370513722301,19.9571885764599,31.6257390975952,2637.90013635159,4377.578522861,0,9.45514199137688,909.254251867533,39.0775018930435,4203.3689724803,14.1659515202045,272.028643637896,12137.1865106225,11796.7119443715,174.735416382551,593.372840583324,554.276697397232,15.7144812047482,25.7647843956947,73.8674087822437,13141.0300561786,219.548642009497,2326.32481819391,445.86100423336,1672.79679462314,1303.45460906625,56.7281284928322,30.2367068529129,10.0721446871758,346.441466987133,122.933834552765,115.691385239363,130.670630991459,2.54062330722809,0.764596164226532,8.01730269193649,0.339743435382843,461.44749969244,36.758041113615,0,0.655753970146179,1.22992038726807,6.99557289481163,0,5.35888853669167,0,9.9195282459259,0.539914011955261,16.8650328814983,7.28461396694183,0,3.07096520066261,185.58465346694,20.7103688418865,745.644577383995,0,14.2976265847683,16.0204336345196,66.816820204258,2.37287795543671,89.4130590856075,3333.01907801628,3815.6225065887,1.12177631258965,2.45719861984253,10.9206166267395,36.9116090536118,0,0,219.630650699139,180.545706689358
2.20064401626587,0.342445194721222,0.863558828830719,41740.8227590024,52.0907871127129,682.904971301556,124.904098838568,404.409746646881,1404.232411623,29599.4216028154,44.8221222162247,17795.1645503342,19.9962018430233,379.700065210462,226.408186107874,0,0.972175806760788,47.0188171565533,9.45514199137688,0,1.97540476918221,0,7.30058836936951,1309.04512941837,0,29.8745919764042,6.07066437602043,2619.82944306731,238.26611712575,6.45545014739037,2.87492567300797,31.516372308135,0.313916087150574,338.194858521223,52.7180561721325,657.120084285736,30.9447273910046,124.922633260489,86.0269493460655,457.213719964027,75.4406862556934,119.37018597126,38.5756634473801,3.10388591885567,12.3284557461739,27.9952680170536,36.6627220213413,11.3256795406342,52.4375444948673,0,0,0,1027.91052249074,7.45239147543907,17.5584359169006,81.7817036509514,17.9069777429104,471.533854603767,720.355513542891,2.14767855405807,1453.69080722332,0.45166403055191,9.58137390017509,5.36129081249237,0,0,0,0,357.585646986961,1.59930548071861,0,0,834.084765404463,0,1.50539991259575,0.552095651626587,744.701590776443,8.71738082170486,0.785390079021454,0,0.873302519321442,0,12.8290734291077,10.5466652810574
275.403804004192,37.8253389894962,1389.40686765313,4.56756809353828,173.619735747576,35.3451412916183,3555.64244738221,732.253621459007,464.059621065855,39.3587531149387,14.0991416275501,17.1364718973637,11.7735513448715,1288.01349517703,339.977690815926,5753.85296881199,4535.60139223933,33.3828217983246,909.254251867533,1.97540476918221,0,925.877790659666,42755.615734458,1834.67649820447,14.1738504171371,1872.22397318482,2748.55687102675,32866.5746029317,2170.00776147842,31364.493555516,1.94674709439278,9.08064669370651,644.8704816401,16863.7079293132,5655.06981217861,9528.31824496388,466.778832525015,11987.547847569,5452.34815627337,701.54575830698,187.362599492073,28.5490374565125,790.694754064083,78.844804495573,85.4038681983948,226.566291987896,12.150685608387,5.12715983390808,7.91390579938889,0,16.7936575710773,16.7051185071468,0,4.16077291965485,0.477337241172791,3.82966658473015,0.532023370265961,84.8559496998787,0.477646797895432,0,0,0.725720345973969,3.10565489530563,6.10328423976898,2655.30655604601,18.2827323675156,0,2.32154053449631,0,706.20996761322,1050.84376323223,849.863106906414,522.640128910542,0,19.582432359457,563.975734949112,559.564077168703,30.3015666007996,13.473924934864,0,0,6.93673056364059,98.8958251476288,1123.87944096327
1.19324254989624,4430.3951112926,442.781979233027,0.490708380937576,5.84343731403351,6.91135323047638,54.4373951852322,5.65839472413063,6522.83887392282,1.47391545772552,8.00670331716537,1.72845977544785,1614.01681751013,6.46877905726433,117.467875748873,13970.4033281207,512.694887310266,2.29994302988052,39.0775018930435,0,925.877790659666,0,2766.74251800776,16264.9401807189,2111.00346601009,322.261564642191,30403.3927555978,1675.78721788526,4.30204752087593,26.6913440525532,47.1561736762524,2.24846714735031,0,409.202607154846,262.833161622286,1549.66060912609,179.383240044117,458.25291493535,365.991187572479,88.4424049854279,17.066940844059,100.213328510523,935.767245978117,79.5595896542072,231.696451932192,254.004296541214,12.2807669341564,1.522904753685,12.3147223293781,1.38489955663681,613.259656786919,302.649584889412,1.01410961151123,0,0,31.5392235219479,1.47751846909523,35.343907058239,0,199.441987127066,0,378.928168863058,10.6004686057568,0.695419609546661,2986.09006845951,446.0171007514,4.27512049674988,12.8655751347542,0,151.988883376122,2302.21777772903,1503.5205103755,224.755047559738,82.22889944911,227.791779309511,5257.49051555991,270.651756316423,8.52333337068558,9.42347249388695,49.6346144974232,0,0,200.48462665081,229.818356126547
449.737006157637,119.980253785849,19548.3375613987,6.91409787535667,137.93513277173,79.2704657465219,6612.6109328568,1523.90479889512,128.443268567324,97.5813890099525,78.2906586527824,21.2786802053452,15.7929582595825,2526.16179686785,240.59775224328,14156.9219551086,20039.3447363079,192.851864725351,4203.3689724803,7.30058836936951,42755.615734458,2766.74251800776,0,1073.87005773187,15.0027928650379,14807.2482359409,38442.5047755539,14265.8296192586,3361.06244617701,15393.499902755,3.22919130325317,14.0464984476566,706.217751175165,30077.7596702576,9611.20826467872,29383.3591232598,3721.38128909469,25022.2642412484,18488.9075937271,1142.14640673995,339.525017738342,50.5652543604374,2131.24149385095,221.455129504204,655.778729200363,1235.13189560175,31.7876678705215,18.1342614293098,18.475146561861,4.32684096693993,152.260352283716,423.266187816858,1.69202917814255,7.51471704244614,0.299333244562149,140.737648129463,33.8568389713764,24.3896864652634,2.08910673856735,4.69695466756821,3.91713845729828,3.18225517868996,41.2318032681942,4.00917738676071,9009.71989095211,440.14117705822,10.4964670538902,47.2655597627163,0.384942024946213,267.089534401894,2829.32847937942,8319.5763899684,420.592810720205,5.40096741914749,300.613480657339,14453.6993519962,534.372621029615,20.5080531835556,35.8366548418999,0,0,0.945756554603577,602.785503894091,4147.60052636266
0.37305149435997,2304.43057823181,44.6564166545868,5268.97080820799,550.200246542692,337.475746244192,948.203271299601,219.19118565321,52613.070025146,3745.39704898,14.8139944970608,548.220043838024,576.871484786272,148.301888167858,2608.67283946276,2740.80694413185,133.178423255682,8.59885093569756,14.1659515202045,1309.04512941837,1834.67649820447,16264.9401807189,1073.87005773187,0,676.495145797729,135.701461702585,8728.90038061142,15854.2203249037,311.124266684055,21.9622800350189,22.9966180920601,64.3150072097778,81.7000274956226,735.810691267252,1296.68477061391,3937.78000977635,393.989691585302,700.019824445248,525.407778471708,2395.33359965682,107.33924561739,183.251755058765,3588.9842633307,100.894303292036,488.06867069006,332.112931787968,460.503068327904,108.144018083811,93.2883318066597,2.25925397872925,29.1868037283421,18.8616665899754,2721.81524330378,23.5768796205521,94.9804159402847,848.351511865854,189.947852879763,4059.78246665001,3097.10215833783,72.7662070095539,2489.53602072597,116.338539093733,169.441280603409,86.8328014314175,3902.0375957787,24.0203319489956,5.42263340950012,11.321798235178,778.354390650988,1366.83398225904,2555.06376829743,1417.25253820419,20571.6221738458,31.9862810373306,36.3460655212402,1020.58459350467,19895.157654196,233.859113782644,14.3746826648712,14.8147457838058,5.84961447119713,32.0308694243431,825.957555770874,882.366705268621
0,4381.98109075427,5.12405490875244,0,0.666797935962677,2.2628573179245,5.72073608636856,2.22917920351028,2174.46355640888,9.76698908209801,112.603226214647,3.34070917963982,4268.87233608961,0.408489674329758,25.7035880088806,56.2361729741096,34.7186779975891,39.3798791468143,272.028643637896,0,14.1738504171371,2111.00346601009,15.0027928650379,676.495145797729,0,2547.29671421647,13069.5770638287,80.9112525582314,0.997266054153442,1.33913764357567,562.883546233177,1.12818276882172,0,166.667245179415,22.8069272041321,543.003686010838,495.354355096817,136.892123728991,126.444970071316,15.1710774302483,1.4686419069767,398.528458625078,37.0923231244087,32.2485980093479,39.4071779847145,20.9688636064529,0,0.434944838285446,57.0459989309311,0,729.617266356945,1.25678160786629,0,0,0,1.4127961397171,0,9.81456136703491,0.828496813774109,410.855110168457,1.04799163341522,2103.76227039099,3.48256486654282,0,5.04581558704376,15.9071969687939,6.58661907911301,92.4720613956451,0,0,10.1582900881767,2.51910248398781,10.4381457567215,2519.76002985239,1281.65042281151,1836.88353833556,5.63930982351303,1.25188684463501,0.588277578353882,486.534689635038,0,0,42.3250171244144,19.8044675588608
96.8864738941193,4519.10366484523,25040.5834180415,24.2753090560436,4.77388477325439,140.211616516113,898.805167227983,507.757129669189,285.680324375629,377.932486832142,5718.11315798759,348.057124495506,376.827730238438,662.371131688356,41.3985419869423,118.581724494696,11043.9772972465,3670.50449594855,12137.1865106225,29.8745919764042,1872.22397318482,322.261564642191,14807.2482359409,135.701461702585,2547.29671421647,0,58693.995053798,510.526176691055,661.562228709459,1244.35029283166,956.655487656593,90.2630961537361,62.03769287467,9614.85382336378,1085.92966291308,15836.9013620913,9030.09597235918,4971.11551296711,4679.60283663869,138.777926951647,199.318544209003,255.602118015289,3816.37849229574,1183.16402706504,1188.99935033917,1335.85700199008,19.2562836110592,12.8263384103775,15.7999973297119,18.1877428889275,3453.34547322989,444.526775479317,0,2.19879788160324,3.06749325990677,44.2783354520798,23.7281686067581,79.5014078319073,1.33470371365547,1550.46926257014,19.3032886981964,2797.95532554388,96.6880812048912,2.37595844268799,89.1674678325653,4050.94992598891,236.970700740814,4529.33619526029,0.630885243415833,124.053470224142,128.88295352459,613.344180330634,70.8309512734413,1524.04947352409,36421.8801420629,42937.3917288482,39.3249540627003,55.5888980925083,115.139573931694,4116.22105273604,0,3.36820775270462,2057.65631619096,933.742378652096
29.2913125157356,36256.4408622682,36451.4298265576,7.44633719325066,33.7213714718819,48.3857984244823,1119.17787411809,166.524832129478,6416.78218325973,107.948963850737,180.108098417521,106.900641575456,3439.88178879023,228.682953953743,270.575250446796,10169.2562118173,48045.1066423953,509.945510864258,11796.7119443715,6.07066437602043,2748.55687102675,30403.3927555978,38442.5047755539,8728.90038061142,13069.5770638287,58693.995053798,0,6998.49140754342,368.385198563337,713.676034897566,722.190340489149,24.7457539737225,78.9798935651779,23137.470045805,4726.52819547057,40700.4845168889,5792.75762176514,12412.6054270864,15620.8675354123,372.991295665503,262.205243200064,38.3535334467888,9480.72705185413,1327.1943205297,2657.53425839543,3569.35964542627,57.089362859726,25.1650985777378,11.4921677112579,19.3692261576653,8076.68241724372,2615.17033371329,0,9.27351957559586,4.77476221323013,225.835758537054,53.9246128499508,67.3235949277878,1.91858023405075,361.400402069092,6.94428610801697,1212.21208328009,155.093589454889,12.9167648255825,2023.51648646593,7704.91480153799,149.676603585482,3388.93767353892,0.737403213977814,378.717961341143,3796.0739903152,6445.87058448792,422.798244982958,2904.75257283449,22104.1323753893,72429.3804816306,623.421839207411,80.4241972863674,236.865416437387,1901.88385173678,0,3.56408905982971,3854.46531414986,3998.9503338635
39.2835159301758,189.347425013781,751.866746991873,7366.42886382341,234.380772054195,1340.74440649152,16179.9037516415,1238.53101710975,10357.7740256786,5514.41262510419,52.9290198683739,838.803763180971,80.2714111804962,938.671078786254,1436.07241433859,2393.5486151576,595.450229972601,46.877325117588,174.735416382551,2619.82944306731,32866.5746029317,1675.78721788526,14265.8296192586,15854.2203249037,80.9112525582314,510.526176691055,6998.49140754342,0,2319.69201830029,14499.3819501698,3.40042978525162,49.6464252769947,896.570049762726,5739.56060925126,5039.42389553785,12119.0466791987,1328.77585607767,3927.87880468369,2385.10495311022,1543.00876924396,439.228850364685,261.599825412035,4244.10815563798,107.065902352333,531.949956268072,474.097448974848,438.983919709921,123.055535823107,132.479113489389,5.22630679607391,45.4962481558323,41.1588367521763,1116.32941636443,28.1442884802818,75.5664845108986,1100.69480893016,210.72475194931,2707.83185970783,1786.56680485606,11.4402753710747,1315.18552738428,7.53549230098724,231.565625041723,68.5762694478035,2329.45675686002,56.6797525882721,0.801805883646011,2.28766000270844,374.284208387136,1048.59427911043,1277.56647872925,1047.43131238222,20951.1671988964,5.34191739559174,34.3058955967426,1295.20413726568,21769.8430476189,371.079517841339,12.3231945335865,0,2.06206133961678,51.6689059734344,1081.17817300558,1342.40349769592
6467.58450713754,1.90874683856964,216.788595765829,176.627582758665,35.3911993205547,488.040918081999,6785.87837572396,2947.26886957884,252.155480951071,3892.80990880728,223.519869059324,2614.789077878,49.6242027282715,20797.1004832983,141.661727368832,11.0309415459633,2117.79911130667,171.935280889273,593.372840583324,238.26611712575,2170.00776147842,4.30204752087593,3361.06244617701,311.124266684055,0.997266054153442,661.562228709459,368.385198563337,2319.69201830029,0,20185.7937400639,5.64032930135727,5858.96545085311,6286.51516795158,5186.17949073017,314.521992832422,2032.80803158879,56.2035961747169,1812.50194647908,654.967997163534,580.096012800932,207.010391145945,236.55094447732,31.5953450500965,8.09549868106842,15.8240438103676,46.3675946295261,17.8440000414848,21.7160646319389,125.976445317268,0,3.97335585951805,0,38.1104958951473,2.75401949882507,3.42905381321907,31.419601470232,11.9942247271538,36.8692501783371,45.0853196084499,3.55878329277039,173.117142140865,2.01882869005203,5.19888877868652,3.33511877059937,8.53129401803017,3.39270350337029,0,0,36.8045227229595,5.48665022850037,10.9432353377342,7.16571050882339,322.659570902586,0,1.97645965218544,35.6295455694199,396.059344381094,2.93679821491241,0,0.592189967632294,1.94358551502228,0,14.7112785279751,48.2998670637608
9040.80868044496,7.59879651665688,966.783565759659,1.18304461240768,93.5556407570839,197.093958079815,20092.5467658639,7713.33146925271,142.426418989897,69.5818267762661,86.6901544332504,23.4859843254089,26.4255281984806,20119.8335008025,338.432000994682,47.5469334423542,2747.91325286031,78.1894220709801,554.276697397232,6.45545014739037,31364.493555516,26.6913440525532,15393.499902755,21.9622800350189,1.33913764357567,1244.35029283166,713.676034897566,14499.3819501698,20185.7937400639,0,7.12125083804131,31.163400053978,2833.35714760423,14618.3800126612,2919.76648101211,3609.92275193334,275.152639120817,5598.46373921633,1973.78699544072,437.783671617508,280.892715394497,93.7462695837021,189.128339469433,10.0701481103897,35.1232622265816,80.6312122941017,6.96542721986771,14.5385833084583,58.0463212430477,0,8.17159697413445,12.9584538936615,0,2.94369840621948,0,0.38484850525856,0.615722954273224,63.555294573307,1.10845816135406,0,0.861307948827744,0.491927474737167,6.82375264167786,1.0198677778244,197.644321143627,22.7821886241436,0,1.77753511071205,0,117.768974006176,179.597301870584,101.271344691515,173.592186480761,0.525465726852417,14.8561450839043,287.736757397652,237.223133921623,14.6500396132469,1.45178836584091,0,0.756677508354187,0,44.5107219219208,492.090932071209
0,64.4916421473026,0,1.02251750230789,0,13.0344628095627,17.2509602308273,7.98437386751175,104.088421046734,39.2692150771618,218.025255322456,22.9999822974205,978.737279623747,2.15716099739075,4.12177443504333,0.578756511211395,1.35815081000328,56.6918419003487,15.7144812047482,2.87492567300797,1.94674709439278,47.1561736762524,3.22919130325317,22.9966180920601,562.883546233177,956.655487656593,722.190340489149,3.40042978525162,5.64032930135727,7.12125083804131,0,9.46334987878799,0,220.346845626831,11.4910314083099,128.663153558969,223.11858651042,310.190028697252,106.114129602909,12.5578499138355,19.3346563279629,81.2150300443172,18.2561395168304,22.4440515041351,44.4421153962612,14.8029294610023,0,0,8.3433301448822,0,24.4384258389473,0.812274962663651,0,0.868475437164307,0,0,0,0,0.513296544551849,1574.33099260926,1.43289464712143,3229.84741982818,1.43998783826828,0,0.529066026210785,3.5494233071804,25.9782317280769,18.9408618807793,0,0,1.03480875492096,0.470681637525558,1.7647967338562,774.242915928364,2319.28898403049,2052.01087379456,0,0.669954538345337,0,2225.91916465759,0,0,26.8307946026325,15.8977982103825
