0,8.83426266726853e-05,0.0126090724502484,5.04517438888192e-05,0.000122671848828662,0.0050605673996795,0.842513650853241,0.268643199853504,0.000112318537358582,0.00286266800566305,0.00411646375933283,0.00177841931360378,0.000271081795351959,0.936827807307133,0.000367802713047844,7.08140106986403e-05,0.0221907160108509,0.000731364111748564,0.00228311571036798,0.000225105553538263,0.0138150719705132,4.13742396505236e-05,0.0715547212518223,0.000916015640481599,0,0.0161322488303502,0.00572648115567537,0.00446469318902559,0.607165806473686,0.659870981340635,0.000165041581307349,0.00186099148963251,0.00118348992808566,0.00787926294766385,0.000453274956687146,0.0052201049961724,0.000322248304204923,0.00507765228102773,0.000687102480807388,0.000441715430887681,0.000207605330077666,0.000154276916678053,0.00055060946370849,8.68302449187876e-05,0.00021329763200804,5.32893836777509e-05,0,0,0,0,0,0.000122607828244806,0,0,0,0.000350886981637216,0.000190082493152362,0.000188173269289684,0,9.27666999124285e-05,5.2597781892705e-05,0,7.98094712384701e-05,4.85266910706878e-05,0.000382050309337366,0,0,0,0,0.000318712090185148,0.000328616999155485,7.61559754181504e-05,0.00117728052345173,0,0,0.000444120654529181,0.00111368620317043,0.000174932425576544,0.000336960470235419,0,0,9.28986501602653e-05,9.70914017043114e-05,0
8.83426266726853e-05,0,0.00287730876285429,0.000591398915308988,0.000212559623991764,0.000708346419026453,0.000100775648641712,0.000246504170581004,0.0603668047989693,0.000123317702160382,0.00220971600291344,0.000361177512904632,0.161732316973152,0.000252626158880502,0.00303199576646908,0.02800597637449,0.00420197110716942,0.000756230414099365,0.00738514797504894,0.000100570750824159,0.00400637371478779,0.498542394479822,0.00267290745955731,0.243864594806965,0.259715471106314,0.0136839258796586,1.23794699148271,0.00560873597173957,0.000329672375614321,0.000328297939284027,0.00646035339102192,0.000236680212927967,0,0.0138388619908138,0,0.00819000249242836,0.00978508415812561,0.00347019306283257,0.00231539946406341,0.00164014381000014,0,0.0420691424376071,0.00334563360754225,0.00594665851968555,0.00158600392653824,0.00118931673855008,0.000310941440295774,0,0.00046651573932091,8.85574945239189e-05,0.0307701510305576,0.00180764810238872,0.000478972347326261,0,0,0.00063696554472571,0.000140675277085352,0.00505730025206116,0,0.00443416868348119,0,0.0226275497336164,0.000127955454552716,0.000144203776309979,0.00163819844828918,0.00213831237184638,0.000350575697640282,0.00161358152833599,0,0.000234151442151374,0.00379609739060433,0.00138978457695652,0.00720371433576595,0.00670029935613938,0.0350649968001366,0.176818356804732,0.00353508237161921,0.000166438901261133,0.000377903343833953,0.00452039452917155,0,0,0.000703427743785936,0.00020500932970072
0.0126090724502484,0.00287730876285429,0,4.35994318285048e-05,0.00233923982551664,0.0131466504573956,0.369470910169321,0.314049842355043,0.000787683159379506,0.003288636881875,0.0075414409340231,0.0020541149816609,5.62757282574534e-05,0.124139468060791,0.00737607817151055,0.0147548446084953,0.848786389061937,0.0181788344749939,0.138016470558754,9.8673061566895e-05,0.195082632697073,0.00322912065070279,3.64468422041519,0.0386185794267121,9.69448957711097e-05,3.5345167039701,2.42869221014284,0.0825436441603332,0.0615647420834467,0.27468119188311,0.000262225078966045,0.00306435512233791,0.00349532966256916,0.206067301276631,0.030763973709041,0.327867042908953,0.104573562838383,0.163786400226426,0.160039580930085,0.00304152408819172,0.00292059757551138,0.000723208866165486,0.0650927105705739,0.0302648578084077,0.0199013018092285,0.0242038787197368,0.00143797049678645,0.00132780613508413,0,0.000610170332159203,0.0176415067922764,0.163364863941677,0,0.000782437521535838,0,0.00625626505140474,8.97981153361735e-05,0.00202799580268594,0,0.00210180152355262,4.79200319053054e-05,0,0.00297812006305847,0.000338731828547525,0.0063567540921178,0.105621804659833,0.000990920926387132,0.0252553649226426,7.2428178884995e-05,0.00355867895823147,0.00408593960382024,0.0442345138144522,0.00814250429819228,0.000144009116335684,0.135612552925888,0.815643155015802,0.0072626187395178,0.000861472983163742,0.00535026831280449,0.000126712869803572,0,0.000316125714508483,0.0289809947659172,0.0221710183698844
5.04517438888192e-05,0.000591398915308988,4.35994318285048e-05,0,0.00408784053733211,0.0221027157834193,0.0771970673981496,0.0150442278242888,0.459109522585644,0.463049216055044,0.00108749427395913,0.981002949559266,0.000367973187938079,0.00474941875464509,0.0767644863035113,9.75796796403648e-05,0.000144401635903943,0.000401041795182681,0.000305261983828211,2.31652668790438,0,0.00627696791561401,0,0.221863752226305,0.000529284881918216,0.000197358308469489,0.00219548298345215,0.671908937593543,0.00402025230237075,0.000715339685844287,5.10302360646069e-05,0.0025805062046047,0.000131511502925548,0.0072506319070957,0.00215884455208601,0.0189431530671713,0.000524567526653287,0.00754847028230826,0.00133460025024426,0.031987906507898,0.00187491900414561,0.000234179158093262,0.00161438494766655,0,0.00182668904608491,0.000278648872376418,0.0184114618739288,0.00030077439038566,0,0,0.000116855057731265,0,0.161872504801571,0.00110535667463289,0.0124314629390729,0.031842056181935,0.0197288963290948,0.101337668801921,0.0990353455914435,0.000316028095568898,0.0683745098346771,0,0.00372702957116529,0.0152717524570903,0.000499175243946415,0,0,0,0.0731139495957661,7.0718343949911e-05,0.00167585150442371,0.000576568945954037,0.107172895919912,0,0,0.00019576864485932,0.248167721053643,0.00181188121800409,8.16043404122826e-05,0,0.000222859592022917,0.000140427144465756,0.00283000576421161,7.71328272903144e-05
0.000122671848828662,0.000212559623991764,0.00233923982551664,0.00408784053733211,0,0.104716306787044,0.0308771888047324,0.00700442516958831,0.0143942289906204,0.00871854037826505,0.000849644409756492,0.0205352408661286,0.000272471642478895,0.00207460108455825,0.253422125253807,0.0100214221433046,0.00551671814022648,0.000482854190746462,0.000781179638751978,0.00202611717489269,0.0459558271689707,0.00205232977477467,0.0457149831772662,0.0214451941670207,0,0.00252886405419909,0.0107958216658198,0.051703221734166,0.00245771232153013,0.0506986895223431,0,0.185525744004197,0.000329620242016899,0.0399643426707424,0.562588301230113,0.0410272282258293,0.0113674449958297,0.00788290380005313,0.00820950643424616,0.788705599404521,0.144321128398791,0.000242902131786546,0.00768170918753738,0.00296871300739113,0.0018431247570214,0.00911138822468254,0.00149757259851501,0,6.91651964103222e-05,0,8.53738494614719e-05,0.00106164406271893,0.000424331963005305,0.00010655087757231,0.00017259292099542,0.00668473698397559,0.000531162927108175,0.00188479680561863,0.000539714030482382,0.00124391601645036,0.00149875218223605,0,0.000374385486516154,0.000268672373677898,0.00205937805296827,0.000418177980858326,0.000267989731767606,0.000454755790942857,0.00054434977195369,0.00275308725505814,0.00084056762907389,0.00861487447230039,0.00745842622381323,0,0.00130898878654246,0.00537767068491743,0.0122428261830266,0.000464389730654245,0.00197799106116961,0.000111476093004572,0.000103877997053456,0.000265924816573119,0.000256554587071651,0.152727323958202
0.0050605673996795,0.000708346419026453,0.0131466504573956,0.0221027157834193,0.104716306787044,0,1.01517036786479,1.58807358564343,0.088902220015344,1.41065684554597,0.0574658918239774,1.38082742123911,0.00717612714920444,0.098321329786999,0.375930311140222,0.000319549568315971,0.00980470146561617,0.0201232494955506,0.0129066597539837,0.0309498876286857,0.00593077797330127,0.00271403718906513,0.0186057022845867,0.0354325098324933,0.000418701910356855,0.0285046508121805,0.0105407959401877,0.182838971667028,0.0427074181467141,0.0296370291723128,0.000906686186162652,0.126179496216479,0.000431116977338269,0.111716597629862,0.754709722073378,0.386905117143516,0.0173487232828704,0.0698645146913422,0.0105582697162782,0.511854937363642,0.0716596169698987,0.00477359298302028,0.0211305290131133,0.0002736934320494,0.00875155693883292,0.00498448391608495,0.0165850627223129,0.00230775872531036,0.00112805250722903,0.000241000385449129,0.000274549605167979,5.9712458067441e-05,0.0166636918439889,0.00135742289067454,0.021247442521459,0.0818603866638908,0.0394809670289105,0.0270839052259123,0.0631919694728443,0.0102692183635333,0.0286905259605162,0.000480521099499917,0.00934883187579051,0.00858009374199328,0.000499957330129978,7.70016146934152e-05,0,0,0.0215998922753361,0.000383541968738034,0.00174756496297948,0.000438750217423191,0.110755868009272,0,0.000116499810678178,0.000886017963356931,0.209636116594735,0.00423459284359711,0.000857206774272105,0,0,0.000369484599469566,0.00984202310974991,0.0518338979578184
0.842513650853241,0.000100775648641712,0.369470910169321,0.0771970673981496,0.0308771888047324,1.01517036786479,0,3.84108936388855,0.0482350464543918,3.00932797657775,0.0911552372911075,0.0715621336124357,0.00862768529135865,2.84413152268415,0.0750280922581923,0.00533801496756876,0.0310562297815826,0.0380359441052313,0.0322889902864707,0.101507604932115,0.282736258692265,0.00223220236613559,0.27618915334599,0.164650650714382,0.000111609029919267,0.086168209465957,0.103994282264093,6.39088659062702,0.533697203316694,0.730064423892271,0.00157870630118514,0.0643565384923047,0.0338817272229509,0.360413714953064,0.139071123281005,0.725096427397863,0.0370275642168519,0.378064180920032,0.0881803515502007,0.102566954865182,0.0726010399608996,0.00773095118388977,0.0700696084444878,0.00201187228019099,0.0341844847902294,0.0196185335134492,0.0271756825268391,0.00680035789061014,0.00120877867655021,0.000627691021909487,0.000964399262508645,0.00749936028083862,0.0153339603248485,0.00110847221149164,0.0210028573380442,0.140034563557359,0.0745941177056962,0.0421718704861834,0.0515766630662972,0.0145886585969976,0.0178883222116162,0.0001951093634615,0.0424267329701329,0.00334926268570703,0.00643957634825856,0.000732650147426778,0,0,0.0154086105456252,0.00167204961625712,0.0053090433511512,0.00950608147875985,0.201886808730012,0.000117285159909994,0.000219872481601796,0.0571142638672757,0.317880659882863,0.0290293257586642,0.00462883066634791,0,0.00105252116005911,0.00126632548543535,0.0259437665594482,0.0179127219427019
0.268643199853504,0.000246504170581004,0.314049842355043,0.0150442278242888,0.00700442516958831,1.58807358564343,3.84108936388855,0,0.0632410702677725,0.931616513022829,0.130942791665246,0.464802427829913,0.0106669693334422,1.63004312034761,0.0724756148322984,0.00100935865720431,0.205803151645228,0.0562903093424426,0.0504036260654469,0.0338237882351324,0.174097159947484,0.00120975392626333,0.603976208375544,0.0531248092197722,0.000285754591025606,0.239063502098352,0.0934914518127984,0.296142376945806,0.261775866567861,1.04106543764824,0.00205865992159077,0.0379645059901575,0.00315619855813461,0.170102987404397,0.0566367369915952,0.50910895660717,0.0254920872263089,0.109388948511166,0.0245553416775493,0.0904716035151638,0.0389130051655796,0.00655681256244477,0.0820854185204625,0.0015420489164185,0.0274604976935553,0.00807665690064821,0.0359806863801104,0.00548657296580333,0.00182122773696128,0.000523181102320665,0.00170677844083987,0.00138195040686433,0.00638056972816941,0.00090160722924023,0.0211735119238062,0.21988556837513,0.0616426833738146,0.0631259742115255,0.035987133364727,0.0131381687401936,0.0163296566013689,0.000301035915833252,0.0186421539939484,0.00400396492270115,0.00457916849321554,6.14642122487574e-05,6.64513457247853e-05,4.35527061051488e-05,0.010801889408585,0.00214435129689166,0.00504050619781701,0.0019599353301726,0.310275698219811,0.000281609967681378,0.000722635448276397,0.0078114511880242,0.444922119848252,0.00801530271819862,0.00565516980615003,0,0.000397558391331888,0.00220527795424242,0.0272995224764659,0.00598602326427933
0.000112318537358582,0.0603668047989693,0.000787683159379506,0.459109522585644,0.0143942289906204,0.088902220015344,0.0482350464543918,0.0632410702677725,0,0.132285781954897,0.0110037141793818,0.37686693402045,0.0799438210225177,0.0180858824907916,0.219897077153364,0.0187721208346693,0.00159295580503059,0.00436489825670124,0.00340238474947928,0.148514022652452,0.0160577573854139,0.805161775052038,0.00614895240124011,1.9747919128246,0.0547166535140474,0.0070526725893032,0.266624574623304,0.44532678005855,0.0139811706572955,0.0179792404639953,0.00618091255404732,0.0122253000313705,0.000900284780856535,0.0279382573145509,0.00575736422300366,0.0534251078793354,0.00542886286355316,0.0215701359886075,0.00322527292246381,0.19972325749041,0.0082554533180224,0.0134292858914348,0.0680994352311215,0.00292413451073765,0.015290337163682,0.00912770945642224,0.0248404344100972,0.00430898569702222,0.00114121916768968,0.00103555226844769,0.0295129292265719,0.00248049663230218,0.0455529078336775,0.00193397007357673,0.00915539887576548,0.056008584129723,0.0267639462237391,0.340409648893982,0.0382007055553731,0.0118668612848387,0.0300712656519709,0.00454243463941817,0.0164348694200783,0.00934967947430424,0.105697742140225,0.0017378666432556,0.00393119613936908,0.00106668306903042,0.0194519328011726,0.0648829372233134,0.064852498538992,0.0598224473004744,0.383933870481347,0.00199702760010303,0.00840239241441897,0.0447265312155488,0.313326071149848,0.0266836398059915,0.0360710027915472,0.000182042074448716,0.00227037299481503,0.00295621614337796,0.0140315863995901,0.0147389683705563
0.00286266800566305,0.000123317702160382,0.003288636881875,0.463049216055044,0.00871854037826505,1.41065684554597,3.00932797657775,0.931616513022829,0.132285781954897,0,0.0712219671326891,0.388796188149591,0.00694537542510983,0.213788593445376,0.044250441281544,0.000420870723920718,0.00449162877374633,0.028847146887554,0.0189868307651737,0.567699422770908,0.00146185779069325,0.000686185197772184,0.0046766953204012,0.0203728348270472,3.63571631845564e-05,0.0292750962555154,0.0102664317649606,0.613850223707123,0.100929864469616,0.0121423681612402,0.00142817348688468,0.0511745645203696,0.000355586529914561,0.147567993193446,0.180589518029924,0.405671005584214,0.0206115076512825,0.144618933535077,0.0179669909667602,0.0860126388833772,0.0387780041814053,0.00545628061827226,0.0127727934202518,0.000269249580837562,0.0108007225928029,0.00707760494195253,0.0357388001745529,0.00198789980169624,0.000394506174993366,0,0.000289267874437755,0.000123545142966437,0.0977826718635783,0.00185736971515169,0.0481759492606343,0.127803914793204,0.0749240533028855,0.0840248089235996,0.257405560737793,0.0110096500658674,0.116087822927728,0.000262720139062146,0.0130494705798646,0.0264811635085285,0.00030350242323268,0,0,0,0.109738141214316,3.42111745140135e-05,0.00112533271070107,0.000111604568775544,0.223797421789347,0.00012661857264241,0,0.000290997997122809,0.576944722755934,0.00347139434852607,0.00018149908348617,0,0.000252454248624909,0.00020532818284198,0.00942041657667045,0.0121688689406702
0.00411646375933283,0.00220971600291344,0.0075414409340231,0.00108749427395913,0.000849644409756492,0.0574658918239774,0.0911552372911075,0.130942791665246,0.0110037141793818,0.0712219671326891,0,0.111229556217604,0.561424389279098,0.144839870853393,0.018946748417774,0.00278589529298232,0.0234732872480113,0.758275800593744,0.215724524138762,0.00644811975798048,0.00553022201757798,0.00152108631215881,0.0331092193334377,0.00923570342354452,0.0229059017649193,0.289745474463038,0.0925397195180185,0.0248854498028355,0.145712119443791,0.0357120023849065,0.0224635982641396,0.222776629737606,0.00146742847418731,1.40704018642302,0.0298888316053191,0.413627253462504,1.15665727400204,0.581227068934071,0.149187854459318,0.0213299736216067,0.0119202334146278,0.28664593502606,0.00253463647347836,0.274979673640288,0.00520712511879563,0.00241702957090273,0.00120398812000123,0.000923566106264743,0.0113361183395264,0,0.019898224670155,0.00168491880840605,4.18859203847706e-05,6.0843201779002e-05,0.000329228645686915,0.00106424156188981,0.000502341913640487,0.0155108787956995,0.000595574888818032,0.191388365539887,0.00172728130767698,0.447928673592258,0.000422662214935145,0.00147879204325032,0.000686228799050489,0.000587333121948316,0.0033207600743329,0.00083021755481079,0.000189201470124197,0,0.00219836492223381,0.000512568748514587,0.00575414101729861,0.0320858161265865,0.199753741267755,0.133513327138455,0.00153614157279558,0.000636993984223294,5.42238370654941e-05,0.142574097666582,0.000826997901106438,0,0.00245143071637425,0.0090641629800867
0.00177841931360378,0.000361177512904632,0.0020541149816609,0.981002949559266,0.0205352408661286,1.38082742123911,0.0715621336124357,0.464802427829913,0.37686693402045,0.388796188149591,0.111229556217604,0,0.0124372721234386,0.128480265076623,0.535159537066083,0.000199521237270305,0.00773562212117744,0.0383727753902353,0.0299919099535189,0.921994846935032,0.00132334195853501,0.00191198642181725,0.00339409484266372,0.0819341500966856,0.000222946653627119,0.040291706025083,0.0121586200514426,0.129293241537229,0.0817280057712092,0.00872530737418188,0.00194827510562343,0.0769502355085209,3.92893327061236e-05,0.14833723666277,0.294261568409723,0.311220669394041,0.0233711670003149,0.125238204203154,0.017287587682368,0.330253421342668,0.0490745728139937,0.00922838072275798,0.0079417871525628,0.000623621763468778,0.0140077581905837,0.00889852505028267,0.0616249425304978,0.00230856069283112,0.00110427610293106,0.000154788024205839,0.00017889471053617,0,0.074916799680525,0.00635589036395013,0.021007363541903,0.0339745631915752,0.025872088583312,0.0612658609564127,0.131933829192164,0.0169497588395831,0.185438505814818,0.000256650716614121,0.00809804455864118,0.0467805734352273,6.14393458947242e-05,4.82665587027312e-05,0.00188388103547261,0.000613575742344063,0.0848583253426694,0.000197059082951086,0.000602610387326604,8.64351929055926e-05,0.0662411230141996,0,0.00175404391560224,0.000199342392156222,0.232932131438049,0.00569792623686251,0.00012260689091129,0,0.00180187484444263,0,0.00649129328096441,0.0177354739627075
0.000271081795351959,0.161732316973152,5.62757282574534e-05,0.000367973187938079,0.000272471642478895,0.00717612714920444,0.00862768529135865,0.0106669693334422,0.0799438210225177,0.00694537542510983,0.561424389279098,0.0124372721234386,0,0.00608910445267018,0.00708339005164695,0.0155781359616442,0.000858115146765897,0.00193320025730031,0.00049633707793516,0.00126444020468844,0.00274118178976295,0.158989061110986,0.00273115524826107,0.122461919238005,0.57715635580108,0.0166651536026854,0.414287412131669,0.00478937518221087,0.00427862169633438,0.00282680172098647,0.0618309049263517,0.0133581163071433,0,0.628468035965272,0.00111802620064782,0.0336802979176276,0.359577106893267,0.054003106529059,0.00267814082044621,0.0156534000583495,0.00560294629518712,0.561648543624705,0.00494218975289077,0.427461039392967,0.00855812045963265,0.00267288204583809,0.0030206311355646,0.00126094039397732,0.0336479404317274,0,0.0722286769018236,6.04620147843718e-05,0.00100717054490655,0,0.000502456825091365,0.000900778802603221,0.00102464588556866,0.0190364919751313,0.00101981545123417,0.516582335809505,0.00106501431937314,1.67052905268106,0.00140229015887613,0.00242815293356991,0.000969227521477642,0.000233003201547528,0.00437225951971749,0.000397805969538677,0.000471355523498493,0,0.00791529666970625,0.000127690994945825,0.00652272860217767,0.177541900991978,0.362487290432661,0.433875093103383,0.00106652926646087,0.000951068286778009,0,0.37946917350775,0.00100066315983382,0,0.00552059901812268,0.000267688243963051
0.936827807307133,0.000252626158880502,0.124139468060791,0.00474941875464509,0.00207460108455825,0.098321329786999,2.84413152268415,1.63004312034761,0.0180858824907916,0.213788593445376,0.144839870853393,0.128480265076623,0.00608910445267018,0,0.0114206573654607,0.00101598211188687,0.219795668214948,0.0674881716509406,0.0769384889482724,0.0145735323950137,0.0856268644211263,0.000559056356268817,0.464789912386024,0.0237574910759422,6.98220275854439e-05,0.183542336557786,0.0935927281596325,0.105063346850919,1.79633202787632,1.55857521714832,0.00237105937829655,0.0355820422112344,0.00511771822156714,0.114449256032193,0.0089014121009383,0.174351697287116,0.0155730968543168,0.0696565332297629,0.0124349509802579,0.0141862467491045,0.0161085333762228,0.00231034155838317,0.0271404559076835,0.000597013787383061,0.00938684898850363,0.00330943260318165,0.0100171818767037,0.00144093764599735,0.000321883500578553,0.000176617826411647,0.000355231024448725,0.0011264446302185,0.000875219218784513,0.000355924573726213,0.00373595466591368,0.0567338914812483,0.0116204287885574,0.0191508859756229,0.00609381309472707,0.0031353351256402,0.00327122977627375,0.000162468774649191,0.00247498567974034,0.00062819172714954,0.00208750013512568,0.000145326765289876,0,0.000148519635687446,0.00213984572966784,0.00150823768261704,0.00161518214159908,0.00124378139515438,0.0970688118749738,0,0.00189612531277007,0.00799486526502494,0.114921639509859,0.00204760092953926,0.00223315925914674,0,0.000229668833725664,0.000395281577683568,0.00557773316768963,0.00191153880395258
0.000367802713047844,0.00303199576646908,0.00737607817151055,0.0767644863035113,0.253422125253807,0.375930311140222,0.0750280922581923,0.0724756148322984,0.219897077153364,0.044250441281544,0.018946748417774,0.535159537066083,0.00708339005164695,0.0114206573654607,0,0.0123775538886716,0.0108831375364202,0.00740314293206589,0.00617842072454774,0.0439532601603638,0.0438872962985431,0.0295864795792621,0.0522435856539175,0.181292116799708,0.00232230678984869,0.0143927833427842,0.0542813110607143,0.149291284927777,0.00749349213373126,0.0643320383890091,0.000889469894884152,0.067334615285323,0.000741749386526436,0.0743232061667583,0.203403995769985,0.113684888405022,0.0423975161364614,0.0484898537672195,0.046521799294074,0.508414521718654,0.0164694342982166,0.00686491691736442,0.0161432002451744,0.0021613627584796,0.0094760519463909,0.00818517469390392,0.020785402690626,0.00227274394118003,0.00120289128474069,0.000182430868174982,0.000518996558905196,0.00196166662041344,0.0137409672989853,0.00148430651492395,0.00468822186098791,0.0160303993592778,0.0062717093876726,0.019185637408972,0.024536723919967,0.0138105887583413,0.0306603886486793,0.000210371469408274,0.00374104536652092,0.0118641769284446,0.00454591110371207,0.00053859745718627,0.000256849656843215,0.00041244025936358,0.0167626095942382,0.00307117140931187,0.00308283798611624,0.0073225560848035,0.0296189522068355,0,0.000923107649159872,0.00647721498731092,0.0600097649792488,0.00327538498984225,0.00391296982306912,0.0001115435904145,0.00159645917948843,0.000456869482718241,0.003880574533733,0.0876249548070867
7.08140106986403e-05,0.02800597637449,0.0147548446084953,9.75796796403648e-05,0.0100214221433046,0.000319549568315971,0.00533801496756876,0.00100935865720431,0.0187721208346693,0.000420870723920718,0.00278589529298232,0.000199521237270305,0.0155781359616442,0.00101598211188687,0.0123775538886716,0,0.0582180817738639,0.00369672426071106,0.0196874213390121,0,0.678088664197518,0.591910629874162,0.819127608102226,0.409341256480738,0.0104982336479257,0.0230386182018565,1.03522740654285,0.191504331613128,0.000984619181481309,0.0124798341290975,0.00135686795164618,0.000233999786756855,0.000378001087281498,0.0781488279421414,0.077365159793319,0.63838274538475,0.141413057855806,0.297562901739523,0.206372020588989,0.00402896228729961,0.00189845686998457,0.00286048038904791,0.0808715066320585,0.0108687180040337,0.0300657026762243,0.0314989837709576,0.00158056993868976,0.000414683935100705,0.00075684010843994,0.000519852252785587,0.0189724993585823,0.0323698967996999,0,0.00158227422714758,0.000154360156122783,0.00854498922755981,0.00121891912639167,0.0104403901671099,0.000188809753984666,0.000779783650798452,0.000387521734145498,0.00131782432717823,0.00126947335442737,0.000617669817805463,0.616727867473915,0.00700245802368265,0.000154205660537237,0.00131683691327226,4.825834587574e-05,0.179862819529811,0.220737368745939,0.506514100044922,0.0477881700816134,0.000153271507847965,0.0114850896971428,0.637159851539048,0.0759491587943211,0.00453032994729066,0.0319826878812342,0,5.58339176320076e-05,0.00122534703075055,0.010284598881249,0.0268416572072687
0.0221907160108509,0.00420197110716942,0.848786389061937,0.000144401635903943,0.00551671814022648,0.00980470146561617,0.0310562297815826,0.205803151645228,0.00159295580503059,0.00449162877374633,0.0234732872480113,0.00773562212117744,0.000858115146765897,0.219795668214948,0.0108831375364202,0.0582180817738639,0,0.0488217759570483,0.649059971282279,0.000478932286302611,0.204198829282943,0.00491501296805972,0.829439964969115,0.0276743167977916,0.000188851231580019,0.675952302501289,2.4478355685598,0.0250869233954055,0.429115102608019,0.188934611190173,4.52706481529176e-05,0.00889688628355187,0.0925033365605433,1.12756859377859,0.0428952822439438,0.365618098176343,0.126755441607772,0.296278714985731,0.181749902104255,0.00453726314254128,0.00670876428356035,0.000758832341525081,0.0225379882421357,0.0112841654571874,0.008495108378512,0.011482522267819,0.000601421768556189,0.00050332367065646,0.000138273462142926,0,0.0102990143354124,0.0573459364287555,0,0.00025609036031487,0,0.00196851688866383,6.15123498454035e-05,0.00128989716340786,0,0.00110423408031974,5.98970963255047e-05,0,9.12170503417734e-05,0.00014049597622515,0.0270566660156089,0.0322415175975728,0.000762706580562854,0.0086925558981099,0,0.00483547697973148,0.00936377574643735,0.035140607703195,0.00302207014219314,0.000743984224547559,0.0632430249346916,0.341779104522929,0.00381854718137493,0.000562430021622118,0.00192939845840358,0,0,0.000175735060272032,0.00886350715110415,0.0190751898057544
0.000731364111748564,0.000756230414099365,0.0181788344749939,0.000401041795182681,0.000482854190746462,0.0201232494955506,0.0380359441052313,0.0562903093424426,0.00436489825670124,0.028847146887554,0.758275800593744,0.0383727753902353,0.00193320025730031,0.0674881716509406,0.00740314293206589,0.00369672426071106,0.0488217759570483,0,0.445749910623099,0.0027230211690313,0.00532094897384325,0.000399329171739119,0.0334686255350144,0.00394144464802516,0.000157377827375234,0.321291957013184,0.222335174253499,0.00854029046626676,0.0741780501065809,0.0158566338246579,0.0109649317185836,0.0740833601744856,0.000240715450155723,0.367628984189041,0.025697717129527,0.345813480367025,0.368560281058012,0.330243381911068,0.136696326556649,0.00866630987606271,0.00314275190041326,0.000753817210202348,0.00109384927773243,0.00560930609838992,0.000480546910235086,0.000816282753058179,0.000123082626432211,6.71223872518718e-05,0,0,0.000813495597723491,0.00187224173061003,0,0.00011064304077937,0,0,0,0.00440025951594644,0,0.00220761052631426,0.000558909248938673,0.00256105879175025,0,0.000158467243840677,0.000286399521119052,0.00092508522789296,0.000340382747725141,0.000797470455311141,0,3.10475047570318e-05,0.000171280759788326,0.00058248897999211,0.000152208717292452,0.000196197774466431,0.0397281903034407,0.0525068284139699,0,0,3.8351193412903e-05,0.00434209065119451,0,0,0.000644576345187229,0.009238460269413
0.00228311571036798,0.00738514797504894,0.138016470558754,0.000305261983828211,0.000781179638751978,0.0129066597539837,0.0322889902864707,0.0504036260654469,0.00340238474947928,0.0189868307651737,0.215724524138762,0.0299919099535189,0.00049633707793516,0.0769384889482724,0.00617842072454774,0.0196874213390121,0.649059971282279,0.445749910623099,0,0.00198678881481391,0.0248121438216849,0.00413390450087711,0.143195918288494,0.0116535189004411,0,1.17838722570269,1.22159585913044,0.00935400154028607,0.0853552334305571,0.0214259958734527,0.000641580831653366,0.0369030388626475,0.00550450818014202,1.31286300490251,0.0307196463590395,0.460840650061687,0.247690837599865,0.352304176940064,0.177738767155717,0.00459840186279034,0.00253203116084563,0.000362058860123336,0.0131592239525347,0.00705414457174767,0.00404794649530224,0.00659412347070336,0.000218789363359797,0.000395905437741178,6.49089223142624e-05,0,0.0129566529585454,0.0199816571327634,8.33966254586097e-05,0.000192332173462081,0,0.000429920721296531,0,0.0032384860290922,0.000228788240602344,0.000133630729432165,0.000210541331155533,6.52303407893539e-05,0,0.000118355923673403,0.00431362648693895,0.0239781219966119,0.000680445437165931,0.0127155058604329,0,0.000672294925234565,0.00234016129013996,0.00634615966275965,0.000962545259101128,0.000359421267039904,0.13529299243611,0.268038309513989,0.00066611216765343,5.8228774223876e-05,0.000596386069927877,0.0007937168762333,0,0,0.00527189380755886,0.0152550670419148
0.000225105553538263,0.000100570750824159,9.8673061566895e-05,2.31652668790438,0.00202611717489269,0.0309498876286857,0.101507604932115,0.0338237882351324,0.148514022652452,0.567699422770908,0.00644811975798048,0.921994846935032,0.00126444020468844,0.0145735323950137,0.0439532601603638,0,0.000478932286302611,0.0027230211690313,0.00198678881481391,0,9.0439643778166e-05,0.00146220136218851,0.00037196544172892,0.0408090863015158,0.000187997489890483,0.00303344671646502,0.00142520761564228,0.29980647863847,0.0105968762050422,0.000958300258848527,0.000156837953810117,0.00520867984970061,6.88750928619444e-05,0.018153624432005,0.00425341411296494,0.0589080077404892,0.0027288610199427,0.0154732722820501,0.00242065579478125,0.02709657198926,0.00526245741734614,0.000624932966199496,0.00309414412646969,3.56802815293521e-05,0.00171900342410185,0.000842342952847088,0.0156027967976694,0.00101893186522138,0.00032166729367944,4.54701240011632e-05,0.000231553454345471,0,0.0582624924878181,0.0016278345043091,0.0159593822056191,0.0355896644687775,0.0225388075350565,0.0535641816716019,0.101760084032999,0.00170050068603395,0.0588569941086183,0,0.00392635578903266,0.014178466385245,0.000145658654179698,0,0,0,0.0588099466355491,4.856222047441e-05,0.000607362142026782,8.86015797388252e-05,0.101165623713603,0,0,9.24611127419978e-05,0.221632580344224,0.00109372103453293,0.00010713478701899,0,0.000392447062339688,0.000111292502492744,0.00364580538174743,0.000279301479677704
0.0138150719705132,0.00400637371478779,0.195082632697073,0,0.0459558271689707,0.00593077797330127,0.282736258692265,0.174097159947484,0.0160577573854139,0.00146185779069325,0.00553022201757798,0.00132334195853501,0.00274118178976295,0.0856268644211263,0.0438872962985431,0.678088664197518,0.204198829282943,0.00532094897384325,0.0248121438216849,9.0439643778166e-05,0,0.0939828541375219,3.38095360382033,0.11149393202594,0.00121832796494358,0.0923440640485462,0.382590433353769,0.679328900099286,0.0957097690863974,3.32374855162355,0.000421040273223472,0.00142351372712299,0.0187402832188383,1.50524606514869,0.230499681974375,1.27213614364648,0.215404621806505,1.53731280860085,0.394324892704081,0.0130999889143695,0.0159770736404184,0.00136902547743474,0.047286048577603,0.00568627942393499,0.0120409011457341,0.0148487914535892,0.00171015441311425,0.000998402734252178,0.000662055247246862,0.000435831687396336,0.00617238753391627,0.0123240010813873,0,0.00171285009033594,0,0.00986858532328707,0.000708646715783158,0.00285159359576727,0.000178556896946784,0.00122620972996564,8.34325753703503e-05,0,0.00235473785995366,0,0.330060347745443,0.00223243200579922,7.1361469852531e-05,0.000142836058711147,0.000132343895023638,0.222663915845187,0.0982061303163189,0.28832097438385,0.0444162599945578,4.78831352632224e-05,0.00270540098097599,0.133312912305202,0.0841799768709266,0.0118712137566043,0.0672339996529029,0,5.11921199055552e-05,0.00498315415931888,0.00906054056427245,0.0579421282803599
4.13742396505236e-05,0.498542394479822,0.00322912065070279,0.00627696791561401,0.00205232977477467,0.00271403718906513,0.00223220236613559,0.00120975392626333,0.805161775052038,0.000686185197772184,0.00152108631215881,0.00191198642181725,0.158989061110986,0.000559056356268817,0.0295864795792621,0.591910629874162,0.00491501296805972,0.000399329171739119,0.00413390450087711,0.00146220136218851,0.0939828541375219,0,0.0418132678754294,1.80632433195836,0.173049217666345,0.00757169055418081,1.22409815439332,0.0676860582278935,0.000804137905938745,0.00849173830744515,0.00835942087623614,0.00075019284689562,0.000196817443539101,0.00930201851997299,0.00180285391161681,0.018843087414604,0.00851270114427631,0.00818290031403385,0.00395654098924135,0.0100087912687892,0.000353570926920122,0.0277491455394918,0.0156291270223361,0.00405121895212796,0.00414406473103987,0.00343878895083171,0.0017747117014555,0.000675300779976785,0.000671705474009031,0,0.0265595305503441,0.0036607039479411,0.0061596031786727,0.000213283724703753,0.000479091038650888,0.0060840365558134,0.00136849126310882,0.0268509149849387,0.000785599300181341,0.00298872233406895,0.000250479935289278,0.0144738431347098,0.00196354671411174,0.000421220072115517,0.0948379623442124,0.00126080728322131,0.000275515956085723,0.00059135679403097,0.000702937464325684,0.037344431385663,0.0752699114620227,0.0517282864622696,0.0521135530870885,0.00316136126193044,0.0161366239179296,0.174580465756794,0.0353276391146757,0.00341802681613474,0.0103781991267201,0.00352808677438822,0.000416435846678877,0.00107162941322868,0.00363440930905906,0.00191365176042624
0.0715547212518223,0.00267290745955731,3.64468422041519,0,0.0457149831772662,0.0186057022845867,0.27618915334599,0.603976208375544,0.00614895240124011,0.0046766953204012,0.0331092193334377,0.00339409484266372,0.00273115524826107,0.464789912386024,0.0522435856539175,0.819127608102226,0.829439964969115,0.0334686255350144,0.143195918288494,0.00037196544172892,3.38095360382033,0.0418132678754294,0,0.0976265801822941,0.000780180229796069,0.863043824708159,3.24365422741258,0.26841942666905,0.491693508237252,1.74845909629654,0.000939965054463939,0.00724252221498178,0.0716442829688269,2.0724354682719,0.338686274094048,2.1599232948716,0.357491249485634,2.71140396196845,1.34676983705085,0.0160619924602677,0.0175659794528532,0.00246180475019757,0.0848614501166093,0.0186501846376025,0.0363436405112012,0.0519051986372463,0.00274500309177458,0.00169320540753844,0.000304149538088456,0.000438341843058205,0.013040560454262,0.117074324251416,0,0.00414700901542093,0.000201985397812134,0.0107267079499274,0.00151878825228414,0.00625606777441406,0.000307895247323501,0.00187267964390139,0.000493832668433135,0.000170325793126759,0.00226518166828349,0.000590277624805611,0.356672134312725,0.0181825907415643,0.000392923356971827,0.00458078106629047,0,0.12930139267405,0.0775907486280305,0.414219110419109,0.0299750880282852,0,0.0146308961349109,0.917364661617374,0.0523223107900248,0.00133247232697405,0.016638285928835,0,7.96836665156362e-05,0.000169009567791891,0.016891618552932,0.145281155810927
0.000916015640481599,0.243864594806965,0.0386185794267121,0.221863752226305,0.0214451941670207,0.0354325098324933,0.164650650714382,0.0531248092197722,1.9747919128246,0.0203728348270472,0.00923570342354452,0.0819341500966856,0.122461919238005,0.0237574910759422,0.181292116799708,0.409341256480738,0.0276743167977916,0.00394144464802516,0.0116535189004411,0.0408090863015158,0.11149393202594,1.80632433195836,0.0976265801822941,0,0.11606355396054,0.072532625228,1.40536095819223,1.03873382672148,0.059110182282338,0.119870954136831,0.00764326792083715,0.00798298847649724,0.0248883529573039,0.115100258555072,0.0882761783856275,0.502066777421935,0.0447491304088246,0.143496874737709,0.0538263145559469,0.0754706016011707,0.0128441372287676,0.0158481430865018,0.398436525126983,0.0135334375240969,0.102719854829529,0.046170485287719,0.087321264219436,0.0174203652996981,0.00453379815177343,0.00497622266019557,0.021081645672513,0.019661777644193,0.0498546072449679,0.00416411192693138,0.038704446238428,0.365401656598518,0.202422584740492,0.439803443568467,0.095080425618326,0.0393981309782274,0.0281039896660241,0.0080839811119747,0.152993445643004,0.00974119474960585,0.238063667743377,0.00537286890620754,0.00100324872503414,0.00170059262928989,0.0266542862790236,0.141695489209552,0.184592671156023,0.163272442953387,1.19549722013039,0.00290483340413381,0.0126230368308639,0.249685862475326,1.15866457415963,0.151964249945251,0.140546481258445,0.000753346278809345,0.01693706922785,0.0140604884865338,0.0910893032947529,0.0539563344394083
0,0.259715471106314,9.69448957711097e-05,0.000529284881918216,0,0.000418701910356855,0.000111609029919267,0.000285754591025606,0.0547166535140474,3.63571631845564e-05,0.0229059017649193,0.000222946653627119,0.57715635580108,6.98220275854439e-05,0.00232230678984869,0.0104982336479257,0.000188851231580019,0.000157377827375234,0,0.000187997489890483,0.00121832796494358,0.173049217666345,0.000780180229796069,0.11606355396054,0,0.00285483951595292,0.340899577274673,0.00182110140366691,0,5.38597475979924e-05,0.00888352397410087,0.000327286488294036,0,0.130576877458406,0,0.00261199139478004,0.008984515458467,0.000865077476879308,0,0.00196162903780297,0.000357577903190011,0.125694738839331,0.000766177439649308,0.0295400585292351,0.000762622004419452,0.000501522444529033,0.000422086069616956,0.000166260883067846,0.0260976801290082,0,0.0235288098652019,0,0.000310278381373411,0.00016284051313405,0,0.000186813492009854,7.5912123053354e-05,0.00608468160336718,4.2774780366838e-05,0.0184608612107562,0.000120748449852121,0.200134277097497,6.78829218122036e-05,0,0.00075866290028584,0.000247518245634997,0.000229736956024602,0.000235613311260545,0,0,0.0022398475120006,0.00017674216053102,0.00280851569489715,0.0964932342731486,0.0162634624045195,0.0566931515908637,0.000457041383577007,5.13803477516175e-05,0,0.026169321455169,0.000173620543925059,0,0.000562005719634992,0
0.0161322488303502,0.0136839258796586,3.5345167039701,0.000197358308469489,0.00252886405419909,0.0285046508121805,0.086168209465957,0.239063502098352,0.0070526725893032,0.0292750962555154,0.289745474463038,0.040291706025083,0.0166651536026854,0.183542336557786,0.0143927833427842,0.0230386182018565,0.675952302501289,0.321291957013184,1.17838722570269,0.00303344671646502,0.0923440640485462,0.00757169055418081,0.863043824708159,0.072532625228,0.00285483951595292,0,3.96608427588352,0.0459361928955085,0.152428254868782,0.110917137497403,0.0645870547131155,0.0665363057873093,0.00523342903234613,0.448676489605677,0.0664809225180188,0.954323354720922,1.14151003010938,0.573263649225753,0.298277963565885,0.00925423065914097,0.00783297305620197,0.0027087191416201,0.0303302295432562,0.112838842660598,0.0151039156838118,0.0111370064233514,0.000663436284848279,0.000951183372070186,0.000779881363706309,0.000124534339920363,0.0443449578022405,0.0307571141473285,9.70446195999919e-05,0.00061000995181061,0,0.000879366997113481,0,0.00735471333841087,0.000961295044128281,0.0457426222202187,0.000404955061593109,0.0828902215220861,0.000256858849289444,0.000524102165229618,0.00691149975491492,0.0394992758963376,0.0128839994531405,0.0282975039861919,0,0.00148913406208329,0.00754263549628673,0.0125123232574995,0.00462778837262178,0.0138342066358148,1.03904059199093,1.49059864347387,0.00168846297214165,0.000431356587035576,0.00145248991274779,0.136953022375685,0,9.66972893738388e-05,0.0124055678368399,0.0225924817516979
