0,0,35.9763158261776,2.97027319669724,0,46.294591397047,9419.26114928722,2084.80917015672,3.65046358108521,109.783983796835,0.753637731075287,6.97441124916077,1.2385750412941,10817.4477304518,0.849802255630493,0,192.402783662081,1.07856357097626,1.56648051738739,5.38143807649612,93.0772698223591,0,332.807897150517,7.24733847379684,0,11.5306351780891,4.95511382818222,64.7107646465302,5437.95301860571,6928.45412954688,0.542372822761536,8.29494345188141,19.9495468437672,100.057135224342,21.9469010531902,71.6755230426788,2.54418814182281,20.0546398758888,6.39688336849213,3.48714157938957,6.32648062705994,0.816543102264404,2.5800339281559,0,1.5057121515274,2.17000365257263,1.57776486873627,1.4782862663269,0,0,0,0,1.34670025110245,0,0,2.75218886137009,0,2.33464390039444,0.930085003376007,0.883391082286835,0,0,1.72465533018112,1.75298547744751,0,0,0,0,1.73458236455917,1.23927044868469,0,0,14.314561009407,0,0,0,18.1126034557819,0,0,0,0,0,1.95325762033463,2.40771377086639
0,0,104.996697217226,2.92891526222229,0,0,21.1467491388321,0,2399.60290411115,0.760615587234497,55.4322485923767,7.47550576925278,1750.78192192316,0.837861597537994,27.846175968647,340.586023896933,29.8104849457741,0,2.05949610471725,4.91407549381256,67.7552261948586,3062.93387660384,97.5210499465466,3920.7343210578,1756.16300731897,420.117375314236,32576.8982533813,451.449187517166,1.95345270633698,0.852160543203354,27.2484416365623,0.710213243961334,1.00888705253601,88.4927602112293,21.6725993156433,110.22577047348,505.885885477066,69.915448307991,61.4575783610344,13.5791178941727,0.635608971118927,11.613649725914,131.09159424901,113.749063432217,99.1707901060581,86.9158526062965,5.48022425174713,1.49564099311829,0.509203374385834,1.29781901836395,1926.9020203948,49.6555328369141,6.02903217077255,0,0,4.22546249628067,0.615563452243805,65.7451299726963,0,27.348813533783,0,124.568480372429,3.87365221977234,0,15.7657455503941,92.4679374992847,23.0918677151203,94.3300597965717,0,10.9810169637203,36.7911097705364,12.8126285672188,74.756417542696,271.509220778942,1155.14077529311,9547.38880467415,14.1071291267872,0.660019755363464,0.591776609420776,76.7629033923149,0,0,32.1746565997601,19.060895293951
35.9763158261776,104.996697217226,0,1.61384057998657,33.0547142922878,40.7363905608654,7050.30897590518,508.486567854881,73.9314021766186,64.4736421704292,33.590441018343,15.8053336143494,5.13050574064255,583.292080402374,9.39229241013527,25.9415551424026,39324.9706179202,295.71911406517,1505.74386608601,10.6702979803085,7056.00985750556,74.6966039538383,34868.6834988296,415.131679266691,6.79926002025604,19339.302031666,5677.99835020304,3838.30704796314,352.627892374992,1679.36141350865,2.87030178308487,14.6082756817341,19.8103047609329,12364.3228127062,1821.40173816681,7406.27632030845,3140.44620543718,7009.07461407781,7120.73483589292,29.9286638796329,56.8707894384861,17.1215144395828,163.938831239939,66.8184039890766,93.4392975270748,177.300482422113,14.3831014633179,3.6658461689949,0.487051993608475,0.545970141887665,357.616328984499,204.059217661619,0.821336030960083,1.02331078052521,1.40016758441925,12.6942558884621,2.27290242910385,18.0914510786533,1.33782052993774,1.36864519119263,0.366382002830505,5.07760542631149,6.84927091002464,0,70.7989867925644,110.273836821318,1.52711695432663,109.132306396961,5.42052605748177,45.8753446042538,111.067133307457,53.7451548874378,165.661213845015,2.42273274064064,965.595496326685,5851.26368114352,103.781990736723,2.23094817996025,3.93697771430016,6.22505819797516,0,1.79388928413391,48.6957682967186,967.881263822317
2.97027319669724,2.92891526222229,1.61384057998657,0,8.45624256134033,86.5073181986809,101.036188364029,157.071977853775,2135.36838161945,10548.1648080647,3.59331965446472,4934.52789896727,2.87244230508804,71.0648361742496,364.042167663574,0,0,3.75707826018333,2.10990259051323,31388.1147125065,0,13.5451871156693,0.381292670965195,3761.77545315027,1.14176952838898,1.17247578501701,13.4647762477398,1000.1074102819,38.7727855145931,3.62213155627251,0,5.9774244427681,2.10002446174622,169.172867268324,21.2394354045391,332.823836922646,3.36873877048492,29.4723081588745,2.57806330919266,297.374133467674,27.8368446230888,1.96896111965179,98.8782590925694,0,28.0248154699802,7.23140615224838,316.043237954378,6.62645071744919,1.49364066123962,0,0,0.681556820869446,1238.98120674491,6.30063328146935,89.4658818840981,84.8217600882053,75.4384486973286,479.234277904034,694.532608509064,14.1161816418171,595.640873968601,0,55.0946091711521,105.609511196613,0,0,3.02146235108376,0.416151285171509,886.646071374416,0,0.833354711532593,0,1081.16964125633,0,0.724674105644226,1.57025066018105,1469.1260228157,30.6997104287148,0,0,2.35221648216248,2.9114990234375,17.9198477268219,10.3991211056709
0,0,33.0547142922878,8.45624256134033,0,1452.08325156569,161.646619945765,54.2731851637363,81.2980569899082,70.2067181169987,7.69668790698051,112.446656644344,4.47848474979401,26.0067352950573,2360.82394099236,27.0151805281639,14.0846429169178,4.55363109707832,0.47312867641449,27.6238383352757,460.150625407696,3.047327876091,535.582143813372,52.9502949714661,0.583061814308167,10.5462726950645,77.7681093215942,369.926731050014,606.200352698565,131.870119869709,0.382172256708145,587.945936560631,1.8092086315155,643.323012858629,470.462002485991,411.417483836412,70.3806712031364,19.6544306576252,19.4356226921082,5801.35813874006,8276.66402795911,1.79703170061111,6.83473688364029,15.0084993839264,1.30198132991791,23.8765522837639,17.6193242073059,1.12700033187866,0,0,1.59041380882263,7.80405676364899,1.71445822715759,1.30228662490845,1.03186309337616,1.79584318399429,0,4.54207640886307,3.86684310436249,0,4.81982696056366,1.58723521232605,2.05441647768021,2.69400835037231,4.48882436752319,1.86067283153534,0,0,3.13602554798126,2.31749135255814,1.08847463130951,11.9430397152901,26.9959321022034,0,7.29141473770142,19.7431306540966,13.7546628415585,0,1.34484422206879,0,0,0,0,789.849962234497
46.294591397047,0,40.7363905608654,86.5073181986809,1452.08325156569,0,4618.15948432684,20833.1109583676,522.588183432817,17102.7519349605,296.065730184317,16671.0770229399,166.090347111225,1534.74953216314,2512.41652962565,2.61531555652618,73.2917978167534,190.6942935884,109.172639191151,464.322454124689,42.0018926858902,2.1766100525856,97.7832373976707,225.361599624157,3.16099685430527,276.929178506136,97.4668483734131,2851.75325551629,1533.57101424038,285.610061138868,17.3752401173115,1716.11036428809,17.2063345909119,3570.12117522955,16322.0923526287,3171.62897735834,105.020745486021,177.784792155027,55.0183545947075,2631.9089204967,2952.15066677332,41.132137298584,96.8930885195732,0.628790318965912,10.9988562762737,15.3747364282608,532.510885447264,6.48614647984505,13.9176750481129,0,1.5809770822525,0,110.031943738461,16.4602901637554,43.7202161252499,38.5641822814941,27.5482689738274,159.231996774673,164.635573714972,11.1432564258575,224.716535240412,13.5963577330112,6.49504315853119,197.21242171526,9.94164285063744,0,1.66085910797119,0.878761351108551,195.567297935486,3.37576276063919,3.63034024834633,7.53356164693832,542.080101549625,1.0453639626503,1.80400002002716,2.30187237262726,228.283135086298,6.17817860841751,0.846901416778564,1.88192808628082,1.33430773019791,0,13.1847019791603,1530.80396860838
9419.26114928722,21.1467491388321,7050.30897590518,101.036188364029,161.646619945765,4618.15948432684,0,28417.2838570476,1356.00195321441,16901.6421821713,87.5548988580704,314.259970605373,74.4944899380207,27253.9851002395,172.903678566217,116.486160606146,2272.82890123129,89.5391134619713,123.185863316059,400.940339833498,3493.04521641135,96.1969298124313,6830.11876434088,1453.40124186873,9.57037395238876,1538.20347473025,1260.25344607234,49195.2294065952,8057.86644110084,9873.41235101223,4.51225498318672,171.896284818649,2028.22647556663,12811.5745830834,3227.37808534503,10581.5863009095,1363.27936854959,3888.39939180017,1117.91821715236,488.067509204149,1372.72641599178,186.283819556236,1088.96517142653,21.1058917343616,368.12778070569,132.898443341255,548.199428677559,61.5062557458878,37.0489715635777,1.18459793925285,12.3091678023338,6.30909731984138,372.798424959183,12.5035293102264,54.1335279941559,807.117496073246,273.102825939655,1367.21655803919,927.102942407131,57.2603341042995,138.043704122305,4.89749747514725,273.383174240589,121.647717118263,185.927845358849,0.467326641082764,0,0,624.435072869062,59.8902759850025,349.171671718359,59.2635899484158,6709.34857651591,1.53808903694153,12.373824685812,135.781548798084,5874.4380158484,338.131643950939,5.53469085693359,0,3.37113738059998,15.8460994958878,322.429705888033,390.484566748142
2084.80917015672,0,508.486567854881,157.071977853775,54.2731851637363,20833.1109583676,28417.2838570476,0,271.968302875757,21700.2982486784,167.359964132309,8774.66196408868,72.5968700945377,38682.5521519184,768.153323471546,9.02284502983093,2358.60209158063,144.714938402176,126.447895377874,1284.70925992727,931.107210576534,5.14067780971527,3123.69942393899,148.530088216066,1.78673666715622,360.605519920588,86.3720637857914,2217.49112716317,4914.36554944515,12881.1543510109,7.47024711966515,184.393916875124,243.555481016636,2838.3766079545,756.67217451334,2736.67878383398,107.767584234476,452.004894345999,120.823995023966,914.570696532726,379.380846560001,27.15089148283,80.5856560766697,2.39490044116974,26.7177838087082,9.19138324260712,245.308740645647,2.07074600458145,13.308414876461,0,0,0,50.0988488197327,2.58512228727341,7.24276456236839,70.5091532468796,20.250030964613,195.036967813969,101.397536814213,2.86014550924301,113.238008886576,3.64856544137001,8.74205058813095,81.1294026970863,5.64789965748787,0,0,0,120.649188578129,0.621746480464935,9.16609045863152,3.48924267292023,647.667316168547,2.60114753246307,1.10086941719055,1.30477064847946,427.715834438801,11.0077215433121,1.86793637275696,0,0.528820693492889,1.67540526390076,23.7229480147362,104.260204702616
3.65046358108521,2399.60290411115,73.9314021766186,2135.36838161945,81.2980569899082,522.588183432817,1356.00195321441,271.968302875757,0,3156.30990597606,28.3012722730637,2132.41658389568,971.445897907019,105.927702769637,3106.17374545336,544.460902303457,13.9228792786598,3.19707146286964,1.8689096570015,1825.47422474623,137.153259038925,8665.60606586933,428.179992496967,47311.996034354,1170.34028747678,159.761837720871,5557.65477389097,10159.4526979327,75.1057727336884,31.9578089416027,19.0374855399132,7.63797214627266,10.9452235102654,372.169187784195,79.267848700285,365.969884902239,122.607446342707,69.5376534759998,27.1985061764717,2528.27533379197,85.5633655190468,8.16039761900902,496.571669429541,84.3892607688904,144.111628234386,61.6980622112751,831.848117619753,35.1781037449837,13.5155498087406,2.53551545739174,142.547410845757,29.6699808239937,534.046740233898,38.2677279114723,86.7875244319439,351.500084638596,162.274373888969,5854.26812821627,452.89545249939,38.4763214290142,345.373275190592,26.299206674099,154.340407460928,325.947602421045,3156.39818769693,9.21152845025063,2.31222385168076,1.79939669370651,355.62170624733,826.764066278934,8762.63866382837,911.329632252455,8499.45354187489,26.2546827197075,27.4201726913452,4076.52480643988,4305.0478002727,173.577518939972,11.8344194591045,1.27270293235779,7.91845145821571,17.3824559748173,159.962330162525,88.9996440410614
109.783983796835,0.760615587234497,64.4736421704292,10548.1648080647,70.2067181169987,17102.7519349605,16901.6421821713,21700.2982486784,3156.30990597606,0,120.502068310976,5637.12866428494,85.8828248381615,6544.1767270714,486.725252583623,2.88670176267624,38.0387589931488,107.356883645058,75.0813772976398,22881.5777277946,16.0105889439583,9.16093403100967,40.265418857336,2037.70631304383,1.30502796173096,138.049042135477,60.9241643249989,7391.11184746027,2516.64010094106,112.022802978754,5.53114014863968,244.065765380859,45.5717915594578,7397.34118559957,555.369996726513,9358.17870360613,203.66579207778,831.344429701567,141.394471615553,1000.06378954649,1128.53803446889,60.109845072031,414.181516826153,2.04872709512711,113.135997503996,37.72735491395,1135.94167816639,19.9998298883438,9.57893890142441,1.47193658351898,2.16418841481209,0.472660541534424,891.209947377443,22.778666883707,79.0385544598103,412.472316026688,153.27958932519,1441.99073317647,1112.92033478618,10.1381039023399,518.897449731827,0,113.81237667799,363.788995891809,52.0409608185291,0,0,0,1201.9211345315,3.11977943778038,35.0345565378666,18.7485812306404,4632.98286625743,0,0,1.45487606525421,3156.21992072463,73.4143074452877,0,0,0.500765860080719,2.71334224939346,116.71571213007,48.0474139451981
0.753637731075287,55.4322485923767,33.590441018343,3.59331965446472,7.69668790698051,296.065730184317,87.5548988580704,167.359964132309,28.3012722730637,120.502068310976,0,192.92624387145,11136.9484568238,206.404908239841,43.1701812148094,2.30788493156433,282.386743187904,14812.5960722268,1613.42408317327,31.9437675774097,12.6302443146706,35.6895728111267,37.5760208964348,26.0109234452248,459.202178001404,3636.76878133416,302.922730475664,31.8055549263954,753.207248002291,27.447153955698,424.865140885115,362.221980601549,0,8389.8948391974,152.179115623236,1016.65580010414,2463.67994505167,3336.85996085405,1017.61771285534,173.917111128569,15.6739662289619,4073.26824039221,9.78279450535774,39.888642936945,16.0747904777527,14.4011422991753,5.55440655350685,0,60.6670441627502,0,97.2483003139496,0,1.99290430545807,0,0.5437251329422,0,0,20.8953110873699,0,1002.212718606,0.51967179775238,3023.25969579816,3.30440875887871,0.553895473480225,2.00010672211647,0,22.8601880371571,0.82547527551651,0,0,26.7446530759335,1.8675719499588,11.6857790350914,240.793303757906,213.678376913071,397.907375901937,4.36266046762466,4.2183889746666,0,695.0130020082,6.38570657372475,0,18.3433007001877,86.3410302996635
6.97441124916077,7.47550576925278,15.8053336143494,4934.52789896727,112.446656644344,16671.0770229399,314.259970605373,8774.66196408868,2132.41658389568,5637.12866428494,192.92624387145,0,121.220592230558,2197.2016825974,3612.04630297422,2.01978731155396,26.7352809607983,150.665867000818,91.0965821146965,17338.3352298886,10.0187976062298,17.2485862374306,32.6568873524666,735.535497784615,3.85865789651871,238.481922745705,60.9981468915939,430.988400012255,1367.53018504381,37.3015825152397,14.838553071022,272.347119003534,0,3556.12278828025,26694.2735799849,3505.55442497134,125.537413954735,218.995034486055,52.9495443105698,2556.96870276332,444.655606269836,38.0864757597446,165.833905488253,19.797098338604,22.2923481464386,32.3413898944855,639.801426917315,8.51990538835526,4.31731128692627,0,0.562644243240356,0,167.058761239052,16.6879906654358,102.482755541801,37.0745465159416,51.0216598510742,268.475350826979,276.553621172905,12.7605502903461,1410.17392480373,2.53552180528641,24.5327510237694,238.444074124098,28.3226111531258,0,4.95155668258667,2.36297836899757,370.243406832218,5.73557475209236,12.0771819651127,43.6196780204773,623.566995531321,0.66632491350174,7.04978048801422,30.1691485643387,315.29026979208,14.1395911872387,4.75194501876831,0.586573362350464,3.80849546194077,0,6.80156868696213,13328.1618474126
1.2385750412941,1750.78192192316,5.13050574064255,2.87244230508804,4.47848474979401,166.090347111225,74.4944899380207,72.5968700945377,971.445897907019,85.8828248381615,11136.9484568238,121.220592230558,0,104.996733814478,31.913064032793,40.4135065972805,1.06925928592682,79.2616478800774,4.41186931729317,18.5024698376656,28.7656491994858,1174.06800687313,24.2855148613453,813.594413489103,5484.91980755329,315.756752282381,5026.39155566692,157.088808178902,304.935524642467,9.3821462392807,653.705685049295,174.803754597902,0,5639.51584976912,63.0066896677017,667.20899912715,2485.44578692317,1719.45415586233,285.535613387823,77.9828563034534,14.0597335994244,4593.0226547718,151.417861908674,218.203647524118,151.155675947666,74.3116604685783,9.14933094382286,0.738153398036957,239.248307317495,0,446.471384912729,0,1.16988289356232,0,4.84608796238899,2.56405195593834,8.63149359822273,136.306522220373,3.24265724420547,6106.21569788456,3.56347358226776,22250.7735821009,10.6224143505096,5.66546940803528,8.59491819143295,8.55150783061981,249.948434472084,22.2712025344372,3.6572462618351,0,183.51496437192,1.14419412612915,98.6242026686668,1734.80553394556,1920.93240082264,4397.51820373535,7.2711640894413,28.5985882282257,0,5449.95027679205,33.4326517879963,0,85.252963334322,39.7263871133327
10817.4477304518,0.837861597537994,583.292080402374,71.0648361742496,26.0067352950573,1534.74953216314,27253.9851002395,38682.5521519184,105.927702769637,6544.1767270714,206.404908239841,2197.2016825974,104.996733814478,0,194.743252485991,5.57597541809082,4059.70465788245,187.556377053261,201.974326938391,666.826014220715,1154.96961507201,2.99076753854752,4558.27845618129,127.481755912304,0.895304799079895,529.888240814209,118.086588025093,1149.18161454797,27415.5653274804,25761.0514493287,15.3417768776417,331.23221039772,369.900155603886,4129.81335055828,360.386681854725,2801.12248435616,105.99432221055,570.265314072371,166.064673006535,432.494527876377,243.145003885031,40.1809509396553,40.8690990507603,1.29309296607971,7.47896349430084,7.89095705747604,70.8842476606369,2.30636563897133,6.26226502656937,1.02856051921844,0,0,12.605162113905,0.602073609828949,2.31247955560684,47.8279868960381,5.8921385705471,75.7051650583744,29.6797816753387,6.1572054028511,16.7561886012554,8.01651436090469,3.48838064074516,13.0248526930809,15.4788973033428,0,0,0,43.2483758032322,7.67080760002136,12.2458672225475,1.43471866846085,283.996650844812,0,0,2.42060828208923,236.282900243998,7.09418749809265,0.683961510658264,0,0,3.48332905769348,11.2822769284248,22.2066431343555
0.849802255630493,27.846175968647,9.39229241013527,364.042167663574,2360.82394099236,2512.41652962565,172.903678566217,768.153323471546,3106.17374545336,486.725252583623,43.1701812148094,3612.04630297422,31.913064032793,194.743252485991,0,0.520704388618469,9.06241756677628,35.6250156760216,25.4084020555019,637.178871423006,18.3820200562477,98.7875638604164,23.1551188826561,2049.0104379952,14.0423976778984,70.350118458271,126.975568950176,738.952125638723,164.734631195664,40.2345648109913,3.35865125060081,49.5384214222431,3.77548652887344,345.556677401066,696.278528928757,182.515137672424,19.5199451446533,60.7816660106182,13.1143225431442,10887.5483838618,57.6052348315716,4.67737722396851,44.9548891484737,18.0760308504105,4.87543103098869,29.7532768249512,300.960187494755,2.33944010734558,2.38527709245682,0,1.64434254169464,2.85682845115662,71.3717587888241,13.4694312214851,29.1207231283188,13.2414519190788,15.255653232336,169.714084625244,107.692383825779,3.49230816960335,150.510034620762,3.70362943410873,13.5458228886127,96.298926204443,5.62311291694641,1.05444717407227,1.47807389497757,1.06283950805664,105.292596548796,3.42758047580719,15.7879959344864,10.194345831871,287.537468194962,0,5.8943578004837,18.2715104222298,115.587373673916,4.24681508541107,0.665497779846191,0,0,0,1.95902067422867,424.33128747344
0,340.586023896933,25.9415551424026,0,27.0151805281639,2.61531555652618,116.486160606146,9.02284502983093,544.460902303457,2.88670176267624,2.30788493156433,2.01978731155396,40.4135065972805,5.57597541809082,0.520704388618469,0,10.999946475029,0.543045997619629,1.24832808971405,0.745303690433502,11597.0639048815,8144.23142656684,9030.94883084297,4593.74846941233,76.1110273897648,27.6766553223133,7543.85042536259,9115.83749952912,11.2816201746464,26.2813739180565,0.683532655239105,0.863783657550812,1.42634654045105,355.574026584625,518.633335769176,1798.21186971664,1206.59226155281,312.449274212122,477.987294852734,4.49113476276398,15.3465231657028,2.86097967624664,97.7554092407227,86.2884774506092,27.4712970852852,42.3863401412964,33.4354760050774,3.56476509571075,0,0,21.4607352018356,49.9035790264606,0,0,1.57103788852692,38.3882650732994,2.46312740445137,17.0471174418926,5.79381433129311,3.15840023756027,1.88908523321152,0,9.432732462883,0.572066128253937,4520.03107586503,10.399306923151,1.53635776042938,0,4.86913487315178,267.684329628944,2728.13271671534,1917.59629708529,412.485274046659,0,6.03399038314819,5047.48801138997,295.633119225502,2.36355784535408,5.80738788843155,0,0.762410044670105,0,10.5308808088303,151.8764783144
192.402783662081,29.8104849457741,39324.9706179202,0,14.0846429169178,73.2917978167534,2272.82890123129,2358.60209158063,13.9228792786598,38.0387589931488,282.386743187904,26.7352809607983,1.06925928592682,4059.70465788245,9.06241756677628,10.999946475029,0,1611.54678341746,13624.3806237578,6.08712309598923,2429.86771339178,4.96367990970612,22386.4121224582,80.0718802511692,3.65854156017303,16011.5093196034,14507.254964292,886.063338905573,4338.12447184324,7296.24204325676,0.953397631645203,27.936670601368,322.657097399235,19171.0728377104,247.473837554455,657.926732122898,253.234891265631,1888.00329047441,878.370882511139,25.0482829511166,51.5501600205898,3.33840522170067,6.8924053311348,0,3.39383745193481,7.63911145925522,1.02674013376236,0.879060387611389,0,0,11.7881601154804,0.38010236620903,0,0,0,0,0,0.9542416036129,0,0,0,0,0,0,5.88000351190567,2.34801506996155,0.616570591926575,5.6357980966568,0,0,17.1554097831249,0,14.1469919085503,0.482437938451767,84.8660581707954,190.626791208982,2.96894830465317,0,0.602892279624939,1.1466343998909,0,0,0,55.3589624464512
1.07856357097626,0,295.71911406517,3.75707826018333,4.55363109707832,190.6942935884,89.5391134619713,144.714938402176,3.19707146286964,107.356883645058,14812.5960722268,150.665867000818,79.2616478800774,187.556377053261,35.6250156760216,0.543045997619629,1611.54678341746,0,5065.9127523303,21.9824117422104,21.3324608206749,0.622411727905273,166.98992022872,3.10492789745331,0,3183.56248864532,301.627948909998,17.2377094328403,607.21805909276,55.2705685198307,33.6148806810379,230.474283635616,0,5861.78210839629,172.52797922492,1059.77556970716,2357.39440950751,3490.55481630564,1882.76515296102,110.483039259911,14.5301907360554,13.9921620488167,6.8302321434021,3.94890719652176,0.434655964374542,13.4479320049286,0.673004448413849,0.826835453510284,0.937598764896393,0,0.624368488788605,0,0,1.13661050796509,0,0,0,0,0,5.35387378931046,0.525435864925385,26.5943697392941,0,1.5166152715683,0,0,0,0,0,0,0,0,0,0,6.70858824253082,15.7724019885063,0,0.350103676319122,0,12.7484930753708,0,0,0,123.8435947299
1.56648051738739,2.05949610471725,1505.74386608601,2.10990259051323,0.47312867641449,109.172639191151,123.185863316059,126.447895377874,1.8689096570015,75.0813772976398,1613.42408317327,91.0965821146965,4.41186931729317,201.974326938391,25.4084020555019,1.24832808971405,13624.3806237578,5065.9127523303,0,11.6718719601631,57.9410055279732,0.685060560703278,734.571038216352,5.0316573381424,0,20144.5906464159,1019.56455296278,42.553208976984,357.771584004164,194.498630076647,2.04187819361687,104.494510173798,5.51113507151604,12817.7965516746,96.0889959931374,584.299747496843,755.931929558516,2153.97685420513,1170.91954290867,61.0341764390469,6.75915816426277,0,1.78083023428917,1.62625068426132,0,8.57272118330002,0.632653832435608,0.579710423946381,0,0,0,0,0,0,0,0,0,1.16364300251007,0,0,0,1.45714336633682,0,0.848346292972565,0,0,1.35431671142578,0,0,0,0,0.75277042388916,0,0,15.2169525027275,29.7917707562447,0,0.54149603843689,0,4.3447477221489,0,0,0,57.3607874214649
5.38143807649612,4.91407549381256,10.6702979803085,31388.1147125065,27.6238383352757,464.322454124689,400.940339833498,1284.70925992727,1825.47422474623,22881.5777277946,31.9437675774097,17338.3352298886,18.5024698376656,666.826014220715,637.178871423006,0.745303690433502,6.08712309598923,21.9824117422104,11.6718719601631,0,2.48444038629532,13.4751702547073,10.1435056626797,1436.6552041173,0.381800144910812,41.052201628685,35.075923293829,1415.85244581103,404.136765688658,15.5165908634663,0,53.1353092491627,3.97787326574326,1039.83594098687,99.3153741955757,1835.96834024787,58.1824994981289,92.9290352165699,19.3030325472355,643.119583815336,187.363951027393,10.6986619532108,127.221928447485,1.0745924115181,22.2174228131771,8.15560805797577,470.025499612093,2.63937330245972,1.73007667064667,0,0,0,290.154480278492,17.2372780144215,44.7757638692856,99.9498536586761,48.1300130188465,379.807539612055,398.394311547279,2.03299576044083,370.54705786705,0,32.1402874588966,172.912667244673,28.4997473955154,0,1.04687905311584,0.393090605735779,603.43883818388,2.67152643203735,9.97593295574188,10.3735576272011,1174.36140662432,0,0,1.76102644205093,839.685846865177,18.0438392162323,0,0,1.4892570078373,1.6247730255127,18.9054428339005,8.12033551931381
93.0772698223591,67.7552261948586,7056.00985750556,0,460.150625407696,42.0018926858902,3493.04521641135,931.107210576534,137.153259038925,16.0105889439583,12.6302443146706,10.0187976062298,28.7656491994858,1154.96961507201,18.3820200562477,11597.0639048815,2429.86771339178,21.3324608206749,57.9410055279732,2.48444038629532,0,1101.87615203857,59041.5795822144,912.892938107252,23.4630071222782,662.689793139696,4309.13649144769,6967.27988192439,973.99056327343,29872.0906565487,2.20072686672211,10.1138614118099,76.0612558424473,19943.090454936,4410.0321496129,9278.74409031868,1994.44072976708,7333.65854820609,5058.56525093317,56.9396122992039,214.444160580635,21.30822712183,152.159182697535,24.4613509476185,13.5596282184124,76.0424881577492,54.8708077967167,3.42349356412888,0,0,3.0649294257164,7.07032138109207,0,0.619424879550934,5.63951760530472,23.668946236372,6.19811183214188,21.782449901104,9.31693670153618,2.88635259866714,10.433604568243,0,8.87626844644547,6.12477084994316,1391.60685268044,0,0,1.84747019410133,14.8009957075119,292.414505362511,1246.32454144955,498.053846538067,339.611035257578,0,4.49234256148338,437.337490469217,261.002680122852,5.70222243666649,3.00368854403496,0,1.73409342765808,1.8950287103653,6.49568831920624,780.508386164904
0,3062.93387660384,74.6966039538383,13.5451871156693,3.047327876091,2.1766100525856,96.1969298124313,5.14067780971527,8665.60606586933,9.16093403100967,35.6895728111267,17.2485862374306,1174.06800687313,2.99076753854752,98.7875638604164,8144.23142656684,4.96367990970612,0.622411727905273,0.685060560703278,13.4751702547073,1101.87615203857,0,2831.8309713304,19040.8661878705,998.533070921898,67.3625329136848,17870.9282051623,3950.90579819679,10.1799583435059,12.6769617795944,23.9704020619392,0,7.470594227314,92.8055506944656,46.458333671093,208.095560491085,167.034369170666,44.3694285750389,49.1416200697422,60.0733315944672,4.33583155274391,4.35946720838547,93.9965952038765,71.3737365007401,37.9300999045372,39.0445334017277,24.4525624215603,1.85712438821793,0,0.627172350883484,495.453346610069,54.4898518919945,14.3941631913185,0,0,45.0347013771534,3.71811199188232,150.298601835966,11.6120187044144,5.97603517770767,3.33598330616951,29.3254291713238,14.9249364435673,5.08484250307083,4112.33322778344,15.1147701144218,0.635456144809723,7.64899557828903,10.1125178933144,280.872415691614,4364.48537123203,1273.32598158717,708.834727972746,1.11106669902802,61.7251393198967,5631.7087649107,425.476779073477,9.82091557979584,2.42335358262062,17.0681853294373,0,2.91848915815353,30.4940375685692,22.9834188818932
332.807897150517,97.5210499465466,34868.6834988296,0.381292670965195,535.582143813372,97.7832373976707,6830.11876434088,3123.69942393899,428.179992496967,40.265418857336,37.5760208964348,32.6568873524666,24.2855148613453,4558.27845618129,23.1551188826561,9030.94883084297,22386.4121224582,166.98992022872,734.571038216352,10.1435056626797,59041.5795822144,2831.8309713304,0,1240.39684686065,20.4242058992386,4235.54246160388,14161.5139707029,9295.21019792557,3957.68407136202,15584.2274061739,4.73166525363922,15.0823823809624,230.626954108477,40340.6760427058,6960.6318436265,22412.2650012672,11351.5128771961,19404.7097744346,15557.0659165382,95.6763045191765,215.710857361555,67.497145563364,343.335891455412,133.854409873486,61.3256788253784,265.886852294207,42.6491339802742,7.30912232398987,1.90403509140015,1.72427874803543,76.5210363268852,139.532191753387,0,1.49217331409454,5.12931689620018,49.7696449160576,7.32167440652847,18.7809751033783,4.29477217793465,2.44699990749359,5.25240790843964,0,12.8014907836914,4.13324946165085,4787.29623949528,12.7861828505993,3.01318347454071,3.14905735850334,4.23845589160919,236.648891299963,2340.92928099632,2195.73710659146,438.434538781643,1.45345425605774,28.0633497536182,8789.21431708336,385.681834846735,3.61028125882149,8.11950618028641,0,0,0,25.6041325926781,2568.47427657247
7.24733847379684,3920.7343210578,415.131679266691,3761.77545315027,52.9502949714661,225.361599624157,1453.40124186873,148.530088216066,47311.996034354,2037.70631304383,26.0109234452248,735.535497784615,813.594413489103,127.481755912304,2049.0104379952,4593.74846941233,80.0718802511692,3.10492789745331,5.0316573381424,1436.6552041173,912.892938107252,19040.8661878705,1240.39684686065,0,1234.25057882071,214.242494344711,10120.9923455417,23029.6864426136,117.795022815466,129.889549553394,21.4400949478149,8.05835908651352,55.1892948448658,879.195169657469,527.777250081301,1699.98205178976,384.687944769859,240.814247280359,115.128796696663,1158.35837468505,68.4769422113895,33.4171869754791,1392.98690348864,38.9561253786087,490.411921173334,180.581692904234,1194.36842676997,74.9326904714108,31.6292933821678,10.7890642881393,47.4390034675598,17.0579228699207,994.562544733286,58.3279178440571,142.763031601906,1178.07518222928,510.490664660931,5048.48639079928,1343.41426441073,82.8171210289001,419.260054379702,12.0455425977707,468.67468932271,405.494238615036,1746.92252004147,7.64068758487701,1.90221577882767,0.801818907260895,1056.57852590084,796.035142242908,3597.58779260516,447.323251932859,15473.3167531788,5.07940238714218,19.9243565201759,968.465062201023,11703.8215502799,526.338208198547,36.0403239428997,0.383839637041092,17.9557471871376,48.912386149168,440.685779035091,257.670574843884
0,1756.16300731897,6.79926002025604,1.14176952838898,0.583061814308167,3.16099685430527,9.57037395238876,1.78673666715622,1170.34028747678,1.30502796173096,459.202178001404,3.85865789651871,5484.91980755329,0.895304799079895,14.0423976778984,76.1110273897648,3.65854156017303,0,0,0.381800144910812,23.4630071222782,998.533070921898,20.4242058992386,1234.25057882071,0,200.903682380915,8605.6037632525,142.51741540432,4.2225566804409,1.09561479091644,109.598354518414,9.70885992050171,0,2579.21040904522,2.8100780248642,22.5035324990749,639.845243930817,68.9968618154526,17.1773642599583,20.4776811599731,2.27513241767883,1039.84350669384,57.7389300465584,74.2368272840977,21.6963118612766,22.4932886958122,1.98665833473206,0,53.0157526135445,0,157.88176035881,0,2.81185698509216,0,1.44861903786659,1.29279959201813,0.913237452507019,24.4052973687649,1.24066671729088,670.579112827778,1.51384079456329,3870.34223502874,0,0.443882614374161,6.59290146827698,0.652250051498413,19.6888820528984,10.0312376618385,3.05111169815063,2.890152156353,45.5625434219837,0,30.5875858962536,2176.51683729887,356.472621053457,2821.68492737412,10.2667616605759,3.46996688842773,0,969.135196864605,3.13532477617264,0,8.19155424833298,1.99476897716522
11.5306351780891,420.117375314236,19339.302031666,1.17247578501701,10.5462726950645,276.929178506136,1538.20347473025,360.605519920588,159.761837720871,138.049042135477,3636.76878133416,238.481922745705,315.756752282381,529.888240814209,70.350118458271,27.6766553223133,16011.5093196034,3183.56248864532,20144.5906464159,41.052201628685,662.689793139696,67.3625329136848,4235.54246160388,214.242494344711,200.903682380915,0,29158.9065073133,756.540005505085,959.550846278667,555.321861177683,136.654580444098,319.447933703661,14.8629062175751,15513.1954891384,1181.52392980456,7005.6073461175,13753.4136990309,8088.18976262212,7221.81099557877,176.744329035282,34.8810337483883,92.5253193080425,178.395245790482,227.902613371611,126.99638068676,199.604156464338,8.58664387464523,3.14610594511032,6.27796846628189,0,371.285943537951,13.0899718105793,0,3.87004423141479,1.4653468132019,1.62285232543945,0.34846231341362,20.5320412814617,0,464.337017089128,0.808921098709106,1512.63339439034,0.589130997657776,1.89433759450912,6.56184887886047,46.4201402962208,225.958975166082,116.992168813944,0,3.0878458917141,31.2806780934334,3.60165616869926,12.1711203157902,132.262304097414,3722.92166239023,9679.96931949258,2.84997242689133,0.599194765090942,1.28929722309113,1659.37266302109,0.693282186985016,1.11084234714508,39.3388865292072,805.519469797611
4.95511382818222,32576.8982533813,5677.99835020304,13.4647762477398,77.7681093215942,97.4668483734131,1260.25344607234,86.3720637857914,5557.65477389097,60.9241643249989,302.922730475664,60.9981468915939,5026.39155566692,118.086588025093,126.975568950176,7543.85042536259,14507.254964292,301.627948909998,1019.56455296278,35.075923293829,4309.13649144769,17870.9282051623,14161.5139707029,10120.9923455417,8605.6037632525,29158.9065073133,0,11914.289831996,264.693175762892,160.763035565615,281.077795356512,66.6631325483322,7.55058246850967,17245.819324851,4795.9099342227,24220.0704092681,23561.3806669116,12582.9859188199,15338.9747434855,132.714721590281,106.162745684385,67.5804177820683,1850.73917970061,1644.29188460112,1472.1420506537,1462.73052957654,43.4460477530956,15.1520014107227,27.0888388752937,5.81028723716736,10219.4254132509,2492.43820348382,6.0009840130806,3.35243761539459,0.649165034294128,69.5272360444069,9.31984266638756,245.287313371897,3.4367281794548,519.206255078316,7.42916601896286,2933.327937603,24.4705266654491,12.2475463151932,2479.67177903652,1649.67793181539,657.697840362787,1616.8503459692,8.06729650497437,274.333321481943,2437.18650475144,1783.55859091878,969.38535118103,866.514708817005,24576.312558502,130135.264748991,695.742843538523,15.1216107606888,26.563242316246,4102.17968434095,0.50342321395874,1.03098654747009,659.238325834274,2373.54043400288
64.7107646465302,451.449187517166,3838.30704796314,1000.1074102819,369.926731050014,2851.75325551629,49195.2294065952,2217.49112716317,10159.4526979327,7391.11184746027,31.8055549263954,430.988400012255,157.088808178902,1149.18161454797,738.952125638723,9115.83749952912,886.063338905573,17.2377094328403,42.553208976984,1415.85244581103,6967.27988192439,3950.90579819679,9295.21019792557,23029.6864426136,142.51741540432,756.540005505085,11914.289831996,0,1021.20416867733,9744.3993358314,8.24142819643021,32.6806121766567,523.990172863007,9999.63115310669,6442.68865469098,15170.3039301038,2429.7147500515,3858.85985213518,2556.00432157516,590.901283293962,531.84359177947,155.036379992962,1660.8276450038,60.0396134853363,508.458739548922,229.800576657057,1429.65830013156,102.387977093458,63.7618264853954,9.89796924591064,21.776670396328,20.2217216789722,730.034593582153,29.0813969373703,118.23819154501,1402.16722398996,493.815771847963,4081.06957930326,1816.21633678675,80.1488335728645,462.995067924261,2.78291001915932,498.983622282743,392.732665538788,3063.89061555266,2.63877123594284,0,1.03781276941299,1454.32396817207,1389.87336486578,4493.13062003255,845.918010085821,16540.2142798305,2.0313945710659,29.1951161324978,1197.8862747252,12884.7865066826,573.43074709177,34.652980774641,0,8.5735185444355,43.0594209134579,538.398630857468,878.412498295307
5437.95301860571,1.95345270633698,352.627892374992,38.7727855145931,606.200352698565,1533.57101424038,8057.86644110084,4914.36554944515,75.1057727336884,2516.64010094106,753.207248002291,1367.53018504381,304.935524642467,27415.5653274804,164.734631195664,11.2816201746464,4338.12447184324,607.21805909276,357.771584004164,404.136765688658,973.99056327343,10.1799583435059,3957.68407136202,117.795022815466,4.2225566804409,959.550846278667,264.693175762892,1021.20416867733,0,24692.38448295,32.4875093400478,3351.32480069995,3753.8905364275,10759.614082098,462.471334159374,2855.85092616081,184.197071999311,972.756042212248,215.545008540154,438.514401167631,415.66819126904,54.0065618753433,26.8088774085045,0,5.82456427812576,3.5103257894516,38.160755366087,0,1.68040829896927,1.94647347927094,0,0,3.82731249928474,0.919471859931946,0.429961889982224,18.384859919548,4.16196450591087,47.4366955757141,7.37632167339325,6.01246294379234,15.8245775103569,27.6773152053356,2.25308072566986,6.82819271087646,24.7448569536209,0,0.655024707317352,0,20.9985176920891,3.62869489192963,20.242508918047,4.81715703010559,205.267748773098,4.82151699066162,2.5891153216362,12.9956549406052,176.602938890457,5.0157453417778,0,9.52782326936722,0,0,8.24034297466278,45.2776162624359
6928.45412954688,0.852160543203354,1679.36141350865,3.62213155627251,131.870119869709,285.610061138868,9873.41235101223,12881.1543510109,31.9578089416027,112.022802978754,27.447153955698,37.3015825152397,9.3821462392807,25761.0514493287,40.2345648109913,26.2813739180565,7296.24204325676,55.2705685198307,194.498630076647,15.5165908634663,29872.0906565487,12.6769617795944,15584.2274061739,129.889549553394,1.09561479091644,555.321861177683,160.763035565615,9744.3993358314,24692.38448295,0,0,28.9960371255875,1574.66923934221,13648.2507431805,1864.40743601322,2371.79400762916,192.844466865063,2624.29131114483,1022.09108436108,65.9035876393318,299.038344293833,9.89581608772278,32.2669829726219,2.64155757427216,0.769150495529175,16.5857394635677,5.35014772415161,0,0,0,0,0,0.3880914747715,0,0,4.61361184716225,1.18410301208496,19.5326867103577,1.66512411832809,0,4.50534439086914,0,0,0,21.0625802874565,0,0,0,4.39271169900894,5.37571090459824,46.1945383548737,9.36917066574097,100.96565425396,0,0,8.9945587515831,94.4604522287846,2.8763088285923,0,0,0,0,4.63475728034973,178.466594487429
0.542372822761536,27.2484416365623,2.87030178308487,0,0.382172256708145,17.3752401173115,4.51225498318672,7.47024711966515,19.0374855399132,5.53114014863968,424.865140885115,14.838553071022,653.705685049295,15.3417768776417,3.35865125060081,0.683532655239105,0.953397631645203,33.6148806810379,2.04187819361687,0,2.20072686672211,23.9704020619392,4.73166525363922,21.4400949478149,109.598354518414,136.654580444098,281.077795356512,8.24142819643021,32.4875093400478,0,0,15.3014341890812,0,261.198706328869,23.5554594099522,163.780393689871,720.679782569408,277.753327310085,155.513854891062,7.37777948379517,0,58.6306419670582,9.35702246427536,30.9857292473316,15.3063541054726,12.5681612789631,0,0,3.96217000484467,0,13.1592543721199,0,0,0,0,0,0,1.4639920592308,0,347.905822396278,0,1202.89162504673,0,0,0,0,40.7157192230225,1.93999552726746,0,0,1.45236271619797,0,2.63870817422867,58.3265495300293,330.846372753382,680.675430178642,0,1.38292574882507,0,771.082371652126,1.56275349855423,0,0.930771708488464,8.13605928421021
8.29494345188141,0.710213243961334,14.6082756817341,5.9774244427681,587.945936560631,1716.11036428809,171.896284818649,184.393916875124,7.63797214627266,244.065765380859,362.221980601549,272.347119003534,174.803754597902,331.23221039772,49.5384214222431,0.863783657550812,27.936670601368,230.474283635616,104.494510173798,53.1353092491627,10.1138614118099,0,15.0823823809624,8.05835908651352,9.70885992050171,319.447933703661,66.6631325483322,32.6806121766567,3351.32480069995,28.9960371255875,15.3014341890812,0,0,4016.69990724325,87.4528277516365,834.54397547245,65.6613515019417,153.169733226299,30.7550899386406,311.323533207178,1981.57135975361,32.5117656886578,1.22024109959602,0,0,0.739002227783203,7.61493611335754,0,2.47691082954407,0,0,0,1.13795554637909,0,0,3.10861074924469,0,1.73255848884583,0.457761436700821,3.06083193421364,4.46473997831345,15.857567936182,0,1.09119510650635,3.07547309994698,0,0,0,0.655577301979065,0,0,0,9.15419340133667,0.621581614017487,0,2.62813666462898,1.98356634378433,0,0,0,0,0,1.85327172279358,9.06507796049118
