0,0,0.00293580664476437,4.1605258732599e-05,0.000141126046362627,0.00104257712746817,0.342267612388516,0.0382075886585182,7.19621901471734e-05,0.00147998877327153,0.000469790706890827,0.000244850177845359,0.000123573884078675,0.5289586564049,0.000524099145398658,0.000143814456251282,0.0181593340499199,0.000561454419145542,0.00183151073123881,8.07377212943855e-05,0.00501723315938448,0,0.0323188260315442,3.28281722238511e-05,0,0.0032680290735711,0.00199196811774945,0.00181120106474194,0.681355714123795,0.719135599874722,9.40496821912321e-05,0.000191340355390155,0.000847831860946342,0.00625784520413394,0.00114859753834347,0.00423053980256496,0.000325498894610774,0.00255287998381668,0.00084914718229469,0.000561817729127481,0.000499457024271128,0.000215027163211387,0.000469121854118907,0,0.000129708233919847,0,0,0,0,0,0,0,0,0,0,0.000205353439361009,0,0,0,0.000185141315125448,0,0,0.000116014405153227,0,0.000233945597254667,0,0,0,0,0.00021430258749328,0,0.000171751692602393,0.000946630448283677,0,4.51590252571106e-05,0.000120090666703284,0.000712230330625124,0.000303897300270438,0.00020410044286732,0,0,0,7.11327507320879e-05,0.000108972459472605
0,0,0.000686675198476723,0,0.000228106078119081,0.000178585426824448,0.00353326847593724,0.000208447556139788,0.23977445331256,0.000120837313179007,0.0164137999431447,0.000343768462967831,0.103956989832991,0.000294877571448129,0.00359439469684768,0.010065642174645,0.00158559472268056,0.00013285188176828,0.00118590936250402,0.000217173392598832,0.00394155695474476,0.417853586522089,0.00140620092183187,0.36287719362823,0.264936019374065,0.00864623773747875,0.674510637073889,0.0100949562331926,0.000370377028276903,0.00067763359405623,0.00824842527506254,0,0.000626733293710273,0.00655998869529521,0.000559487730521884,0.00345073914571435,0.00621307490295373,0.00782090054409064,0.00122893330020309,0.00402562661922752,5.69923656434655e-05,0.0520837003189113,0.0136108849414188,0.00613737354876399,0.00395506905262507,0.00652811914028885,0.000320520172477036,3.75415386402011e-05,0.00665732327739508,6.26619758232057e-05,0.084851127103531,0.0119312195854919,0,0,0,0.000820210088975337,0,0.00231503989532442,0,0.0131066861027942,0,0.0267597781766061,0.000145338091566181,0.000376585172039169,0.000723722668344043,0.0101017247605086,0.000614388160526231,0.00390886005779439,0,0.000316408391910303,0.00607381182684738,0.00385647160172406,0.00570130442440843,0.0156186760201732,0.0339466575863351,0.33626754271426,0.00212970387613868,0.000420383685697165,0.00130411003232661,0.00740025877482907,6.45950083156764e-05,0,0.00397551581566617,0.00106619217575754
0.00293580664476437,0.000686675198476723,0,7.0627891022515e-05,0.00152362899883078,0.00151608995644912,0.0191974945834151,0.027535448708889,0.000337290252063498,0.00378112771850375,0.00280735920780158,0.000541883440956437,0.00373580641719303,0.0462231381825921,0.00239111614684098,0.00418630217229908,1.08473862472781,0.00332666330960452,0.0515473442425354,0.000478734424071219,0.198736431817527,0.000365941622117436,1.66543522886283,0.00151770668281322,6.80661888881029e-05,1.50391610040682,2.12060447974887,0.0106782007115508,0.0174533696874169,0.0797322178019473,0.0001883924228827,0.000216138880046555,0.00380148937429059,0.209320465597465,0.0664632447718171,0.607339655619885,0.136552082360303,0.371506403141447,0.184803928665698,0.006811757984686,0.00164786982154189,0.00211715208685761,0.042457045911444,0.00531941468889328,0.0165000060238466,0.0262329708155934,0.000381538939392569,0.000247839005124763,0,0.000726755660794366,0.00603320577652289,0.110205573698954,0,0.000142742904804325,0,0.0017953264199996,0.000139765927053684,0.000213365899099267,3.17118129597634e-05,0.000904810192852448,0,5.99140127380908e-05,0.00200955744509176,0.000816468571191736,0.0037849395528222,0.0511491176656031,0.000441038191025662,0.0134695148590282,5.92575279487789e-05,0.00328307565289961,0.0025605808606791,0.0331760397189407,0.00264497674893773,0.000412247979820454,0.0429643381690045,0.253352460779356,0.00133968051195466,0.000699491470186006,0.00554593730251796,0.000187057668386033,0,0.000113907219480086,0.0107984037979724,0.037010789853093
4.1605258732599e-05,0,7.0627891022515e-05,0,0.00149196993805696,0.00695852064154253,0.0236707530955877,0.00684578009303392,0.142545477154201,0.269863139142098,0.000852480460058167,0.00460655174404011,0.00129337627537839,0.00908177565067312,0.011334590040302,0,0.00053208959548983,0.000599459985805205,0.000613005921176988,1.11874137345127,0.000123295361999184,5.00792232168495e-05,7.0039041789991e-05,0.290078266086886,5.68147823879242e-05,0.000749012628106643,0.000366902941997373,0.713986439646809,0.00980148780943968,0.00100685497742031,8.17120518031419e-05,0.00111812135465923,0.000384632624455029,0.00820925893952576,0.0058390072540789,0.0462668012556041,0.00146118071075809,0.0065592275301405,0.00320936640339979,0.0162478049195706,0.00191379579281954,0.00189792590089933,0.00482434688699193,5.82656804024935e-05,0.00199810714353177,0.00141338429107645,0.0380026175010015,0.000646125271273818,0,0,9.217693819288e-05,0,0.0692951422384736,0.00180720814612601,0.0183939087505041,0.0455471164832256,0.00405728017808239,0.0664578612279101,0.0820058234908533,0.00266416129962306,0.0375086772790459,0,0.00352584018554775,0.011403991176875,0,0,0,0,0.0681753076796949,3.06724647904426e-05,0,8.61561317151549e-05,0.0907134820295924,0,0,5.04720022730649e-05,0.117566623694026,0.0021382864044639,0.000162063097209012,0,5.29084278224051e-05,0,0.00242521427471606,0.00045695097662352
0.000141126046362627,0.000228106078119081,0.00152362899883078,0.00149196993805696,0,0.0833884848437846,0.0109848149741263,0.00275658962090649,0.00212899698304792,0.00818209851459616,0.000142097620983642,0.00827297775295755,0.000449975566510159,0.00279409660647065,0.070656908076005,0.00526996312798029,0.00352755472227097,9.57867864415259e-05,0.000769062113568039,0.00203391488380418,0.0329232762814879,0.000394876704703242,0.0466934033555751,0.00819616396634804,0,0.000792502606530029,0.00467395170790906,0.0130809172631822,0.00467997022372759,0.0342047787810226,0,0.0969208105005169,0.00225582493973018,0.00569884154588514,0.116807888709916,0.0179525474976796,0.00564119741870488,0.00409088356694007,0.00195438152685,0.895742017483133,0.00763033904831039,0.000913979599102789,0.00250377602353699,0.00194086244265627,0.00120981876444259,0.00784415392843972,0.00257439069102949,0.00051304637571702,0,5.64313039600075e-05,0,0.000704974137342684,2.67764517035275e-05,0,0.000688368210494468,0.00200488542881937,4.49732729037165e-05,0.000560063492244601,0.00104921615565863,0.00141801100473356,0.000717997039522004,0,0.000181742459850105,0.000580513618336111,0.000979728715247899,0,0.000538175167300773,0.0003273516436382,0.000722894443254312,0.00108020630649262,0.000253035464074409,0.00243146547183187,0.00210568851445623,0,0.000608334387874907,0.00272648727004308,0.00359713444549487,0.000534510029793567,0.00135795433636438,4.60734516766906e-05,0,0,0.000271067450463992,0.227838664510533
0.00104257712746817,0.000178585426824448,0.00151608995644912,0.00695852064154253,0.0833884848437846,0,0.0414469236093061,1.14378318703076,0.0137284825015711,1.05800001001163,0.0264573313682609,0.295290372919813,0.0131689216414587,0.111311312247759,0.41087619542024,0.000222307022039124,0.00869087347721607,0.0176990760415196,0.0256883700496114,0.044611171431777,0.00196337307780438,0.000188378639501381,0.00659077301699562,0.0355864206467067,0.000326268544272512,0.0230399846775702,0.00802997868204051,0.0107002787590612,0.030492130614855,0.0223394403143617,0.00173261157568332,0.0483936266868354,0.000245901407084361,0.0964817275842449,0.257627729586182,0.253261846679868,0.00882998723861498,0.0360906208120212,0.0195826372402903,0.801724396414622,0.0863528994760411,0.0348737104111524,0.00940237114976279,0.000410267488102403,0.0059399574583868,0.0125750853698545,0.0619212171794196,0.00258441991848451,0.000455280346829956,0.000111074679422414,2.81832949403912e-05,0,0.00879562616790277,0.00231456874694264,0.015667545243082,0.0129742655095722,0.00591904714832525,0.00977780572684226,0.0189922074844619,0.0387405679424911,0.0169405840525867,0.000125230046447253,0.00361998762487279,0.0116318640355298,0,0,0.000124612248565605,0.000113641522726518,0.01623337794187,0.000232145172639477,0,3.17420015612394e-05,0.010805044180451,0.000144878169780028,0.000145089785686469,0.000269664092498607,0.0232094930164409,0.00248171977671518,0.00203525379973076,0.000108255623107338,0.00072517793083319,0,0.00365411516465423,0.0139831134767994
0.342267612388516,0.00353326847593724,0.0191974945834151,0.0236707530955877,0.0109848149741263,0.0414469236093061,0,0.686497128619724,0.12656389449341,1.43530057561816,0.0123473119222603,0.0151624409336875,0.0227295383767467,2.4132135885249,0.0484066038359557,0.00342447230457123,0.0191832532141624,0.0118833125991211,0.018047350331661,0.0577247910465172,0.478034102645136,0.00771322191280183,0.0719217731274862,1.19549471265562,0.00193064086291069,0.0205496151292631,0.0214553409944014,4.11092459242538,0.189794068860263,0.585771075098661,0.00105227994584441,0.0144386923643355,0.0177027534267596,0.136069275039704,0.112084984708204,0.71882438285185,0.0519341280207038,0.114343552144584,0.049288380735016,0.0784496505559188,0.0275946668885565,0.0321641299821178,0.110845551422483,0.00233449404200934,0.0577834285785766,0.0337463461894727,0.0850696177434459,0.02402493217091,0.00181348220843632,0.00314042562427198,0.000356435145957917,0.00441393380601042,0.0528694400478923,0.00240053619299899,0.0231431522163233,0.6350280787221,0.0356365419317095,0.0624706338966836,0.117261041639545,0.0752509602605538,0.0212831402774002,0.000174446526981854,0.0665309470849583,0.0200636706700722,0.00310825144313359,0.00264887020918157,0.000271806765647506,0.00054551223149786,0.0505929830757379,0.010323661162958,0.00317791828828789,0.00572597046735122,0.494761514181908,0.000256971944159567,0.000397994171618137,0.00275117671634729,0.655415383573891,0.0573891424460285,0.084636936440958,8.98693967211483e-05,0.00180221390388914,0.00136882479165273,0.0702171869962751,0.0154269576823602
0.0382075886585182,0.000208447556139788,0.027535448708889,0.00684578009303392,0.00275658962090649,1.14378318703076,0.686497128619724,0,0.00291539318893306,0.642474028523843,0.0226277220509357,0.0468049246977701,0.00559208719163897,2.06976046842185,0.026027938420398,0.000293475266160894,0.0911163212006923,0.0189541035061943,0.0373933612588207,0.0427017274528124,0.0477442665425064,0.000169348258853647,0.161531795737292,0.00450387734754538,7.5017251383805e-05,0.038233276563148,0.0239998446427327,0.0426372518919259,0.121697389241213,0.580731301172695,0.00196989122345396,0.0538495452759535,0.00506880104889432,0.206123235044385,0.0559766234485061,0.257051872490629,0.00840193150642606,0.056377067697963,0.0237663689647497,0.321001283844428,0.0585381664511004,0.0224846049890305,0.00849186095114181,0.000299304280199361,0.00568924400320911,0.00965774597023901,0.00886139181937429,0.00226144857705011,0.000346915822788093,0.000625230603536466,0,0.000248512328821859,0.00354125687784003,0.00024275369834269,0.00164947600929665,0.0282860074412723,0.00214706333523936,0.00409969725668457,0.00753376342350091,0.0185203663675222,0.00234786857023165,0.000277909819012445,0.00289590988266912,0.00194412612735471,0.000869384886215036,6.77416801496568e-05,0,0,0.00283518522890328,0.00187267682802345,0.000426158589318896,0.000372573115971029,0.0277754496380991,4.15009134894669e-05,0.000100352492077312,0.000546172613561895,0.0334938033314611,0.00268364414657237,0.00787715359455058,0,0.000152437715729928,8.32134980819824e-05,0.00494694842369709,0.00522011915467426
7.19621901471734e-05,0.23977445331256,0.000337290252063498,0.142545477154201,0.00212899698304792,0.0137284825015711,0.12656389449341,0.00291539318893306,0,0.0674930855601481,0.00585013996816072,0.192104252146091,0.0343544987084698,0.00328577421502136,0.0785103069117686,0.0205792018827056,0.000599665307327127,4.35538448404312e-05,0.00101285582835325,0.152542790413965,0.0121359482327727,0.610798393654857,0.0085574374379269,2.61059721469826,0.134184046899456,0.00298109654511956,0.340344209283221,0.268816332255258,0.0034227261855322,0.00580461972447882,0.00449254880181545,0.0012527435473509,0.00195905641531728,0.00637871910083562,0.00229424832104999,0.037511202316834,0.00264793854367881,0.00616506284984118,0.00138313010617471,0.0637110088325793,0.00186579878669634,0.0111066576402786,0.0319772099050741,0.00251790137740672,0.0142608193956026,0.00942087966028938,0.023661750781295,0.00507958133855364,0.0018117279340986,0.000934545815486901,0.00303742409719996,0.00288046788273248,0.0973595391491935,0.00117154941516884,0.0113359925663757,0.132801518331819,0.0151076805769014,0.419714943748204,0.0947084340964144,0.0086805875914519,0.0412787546230065,0.0056409836875856,0.0192047748305903,0.0148420391638465,0.0589619930488218,0.0025695675149059,0.00249078093650504,0.00194100149670874,0.061346118622253,0.0409011715377082,0.0348559821342369,0.0145362166492888,0.659194552098683,0.00354518077309877,0.00908259856407505,0.0337386399131993,0.424292229689331,0.0170102293375519,0.0422970746217391,0.00162060529778258,0.000527327196744597,0.00160253326231193,0.0204570979512988,0.00742816549731301
0.00147998877327153,0.000120837313179007,0.00378112771850375,0.269863139142098,0.00818209851459616,1.05800001001163,1.43530057561816,0.642474028523843,0.0674930855601481,0,0.0540020417356581,0.502334905552142,0.0251454629639204,0.477170481130394,0.051422666538679,0.000224164622454053,0.0169471957288869,0.0490388888477781,0.0667051662255741,0.729296329445514,0.0140053973169741,0.000143978161502749,0.00968726821658948,0.0525372450478567,0.000362178457407305,0.0602224868404863,0.0173625912104618,0.497485314203162,0.249158208719573,0.0438835625497151,0.0039983486610083,0.0236474420800669,0.00341580410519785,0.22606261824667,0.295034628122393,0.647344868544985,0.0226077898089817,0.175113468699388,0.0637322505765822,0.134493097888205,0.0510106570752257,0.0505481967833121,0.00986739077824186,0.000403641541507825,0.0116867690665656,0.0168983551687877,0.0727445109312857,0.00490542915930706,0.000326753091630668,6.89505922960282e-05,0.000109349229541451,0,0.072559736344389,0.00368822169029882,0.0259197906524467,0.0958434395136255,0.00696244318842697,0.0510899388204177,0.107400106477082,0.0270060097934499,0.0447723413670593,0.00037130033149369,0.0069950473235365,0.0196202777957297,4.41177767474592e-05,3.47414187039793e-05,0,0,0.0746825849635717,0.000201526699987328,0.000369295906132534,3.03401733303935e-05,0.141216056544208,7.3242254662728e-05,0,0.000107138057403123,0.199073040905018,0.00328168738332104,0.00278760627202582,0,9.14440396149428e-05,0,0.00711956492963401,0.00851644550220815
0.000469790706890827,0.0164137999431447,0.00280735920780158,0.000852480460058167,0.000142097620983642,0.0264573313682609,0.0123473119222603,0.0226277220509357,0.00585013996816072,0.0540020417356581,0,0.0137761521721011,0.475977619721712,0.0212841456697996,0.00118957882703096,8.3833649704662e-05,0.0274182997700032,1.36585752713093,0.354965702464893,0.012431112051854,0.00133328570509498,0.0087926009778871,0.00459202390636786,0.00505244548794205,0.0256536034454841,0.683456698160465,0.0528920095167097,0.0028878578568201,0.0246098723974607,0.0137440799469813,0.250334276076584,0.00470167537675941,0.000696082015190793,0.850579242316387,0.00388327909166256,0.0353465461256122,0.146452146297012,0.292782554876335,0.0247165282533615,0.0133471616459446,0.000501973029528773,0.24195471391382,0.00090822332433596,0.0453208934846695,0.00498574239109444,0.00170037475033846,0.00139302749653365,5.46983355126321e-05,0.0482180179154528,2.55765661737263e-05,0.0127667803930149,0.000409673099496093,0,0,0.000254530736218482,0.000963112480433303,0.000542500211786932,0.00544206755252913,6.6526112869513e-05,0.204071121779091,0.000150388520006481,0.457951395199495,0.000515088815770018,0.000154683726783881,0,0.000176800250271973,0.00771015484827445,0.000487440927918622,5.89118631393492e-05,3.32038068196356e-05,0.00547588216106046,0.0001135268675457,0.00556963423300268,0.0463653251806818,0.0341642809456177,0.0915669307229055,0.000589393971782845,0.000899478902390781,0.000104418709816181,0.114427699551517,0.00145752004220475,7.71990076731563e-05,0.023582817648017,0.000567271751216376
0.000244850177845359,0.000343768462967831,0.000541883440956437,0.00460655174404011,0.00827297775295755,0.295290372919813,0.0151624409336875,0.0468049246977701,0.192104252146091,0.502334905552142,0.0137761521721011,0,0.0124171147777685,0.0511014052768418,0.29228434604251,0,0.00337393886256052,0.01212319104706,0.0165878501841145,0.555217498785919,0.000314181465083259,0.000328625313232559,0.000826105896822336,0.0317501931733938,0.000146257367401958,0.018221589632838,0.00438463192619988,0.00678197849060541,0.0402831847791846,0.00773634325306758,0.00132020419003282,0.00958834994526618,0.000605947840345323,0.0680382942024215,0.168806054531158,0.331086228653042,0.0089524255037563,0.060579020179237,0.0219281569741029,0.39466175487442,0.0163843171663108,0.0237596438958909,0.029078141595665,0.000126660963290048,0.00653217061264839,0.00744630917009447,0.203273028525071,0.00269330669508112,0.000258592796470052,0.000244810128764283,0,5.04019222951054e-05,0.0533129490046422,0.00691495503982481,0.0622597524836079,0.0231364534989162,0.0169054046961166,0.122733842818648,0.0922325242652812,0.0231426245820994,0.119933929524724,0.000217775000132829,0.0115680063395493,0.0411301245210259,0.000108293511635506,9.15979671817214e-05,0.00077960103832099,0.000233422088977119,0.0845896054686371,9.18069868763209e-05,0,0,0.0372547103761691,8.63711422129332e-05,0.00066593213413473,0.000243702102216562,0.078319252035202,0.00571479631441662,0.00101639393678311,2.77525248480231e-05,0.000450383297932979,4.37844878058672e-05,0.00604509024079528,0.0291527175068062
0.000123573884078675,0.103956989832991,0.00373580641719303,0.00129337627537839,0.000449975566510159,0.0131689216414587,0.0227295383767467,0.00559208719163897,0.0343544987084698,0.0251454629639204,0.475977619721712,0.0124171147777685,0,0.00401294957997402,0.00769170001841952,0.00219354309111232,0.00519270679468803,0.00337943624552692,0.00290830689869254,0.00948402406234397,0.00802027898621522,0.0605653406030228,0.0176979889187155,0.0343432064505664,0.622301888090498,0.0254274265932629,0.262513444082647,0.0117736256313972,0.00790722551039907,0.0179095428965348,0.300173553686995,0.00206109410317851,0.0013304520433634,0.093465810360065,0.010508956141495,0.0803272711271975,0.0438289517717919,0.0829197462689919,0.0205481333211486,0.0960563449015173,0.00149517365558439,0.201766917324693,0.00416436723973446,0.0989636504075935,0.00619346139183624,0.00126364670662896,0.00453107277698043,0.000245997971577197,0.0921905145849509,0.000225639018452793,0.0265994326243354,0.000673112853942169,0.00014607912967236,0,0.000662634438469766,0.0042959797290014,0.000848582524946539,0.00889521754805065,0.00038374919290165,0.379028609459924,0.00027624843662188,0.800535691369591,0.00109429170984663,0.00154473064398827,0.000357666373304021,0.000203690501608908,0.00885489406098579,0.000898981683468679,0.000283373332946455,0.00050549313006556,0.0119170399556157,0.000189235531343275,0.0143437219928811,0.142582788455965,0.0551887401356322,0.166706829945484,0.00364727048967613,0.00152515155386923,0.00141312749477578,0.168755490691587,0.00156600943477106,0,0.0362352811050224,0.00153295277619206
0.5289586564049,0.000294877571448129,0.0462231381825921,0.00908177565067312,0.00279409660647065,0.111311312247759,2.4132135885249,2.06976046842185,0.00328577421502136,0.477170481130394,0.0212841456697996,0.0511014052768418,0.00401294957997402,0,0.0117617060108287,0.000379317512513164,0.248253405052733,0.0210310936290013,0.0509739355610365,0.0626012539164567,0.0771757271517895,0.000755493096157944,0.323600471562906,0.00467441387895695,5.64493808488369e-05,0.0478950775728273,0.0429125843792932,0.0596716763990362,1.35545872341142,2.24500653465309,0.000913497787919302,0.0368573200652893,0.0163352753002429,0.165581590639416,0.0276829285835588,0.139299212282204,0.0114857460592739,0.0539894170277165,0.0164187032016599,0.039834263539823,0.0104356853836986,0.00949749802331144,0.0125212461064497,0.000700786703911982,0.00475667684612438,0.00436380352198937,0.00801841876790402,0.00281586816890605,0.000125836002685368,0.000690609307079084,0.000101165228604824,0.000665599223684157,0.00259782562490462,1.93097543320209e-05,0.00113746511798646,0.0282351062272253,0.00146942455664467,0.00318080602101006,0.00448213393735091,0.00977613537106043,0.0016079498078759,0.000333287419742667,0.0033065222490293,0.00192707294634168,0.00175656015735639,0.000103914719453171,0,2.89367857953966e-05,0.00272000633676323,0.0042111616517515,0.000872254011766685,0.000936237222860426,0.0331059346432812,4.44341006175935e-05,0.000391136493896439,0.00125415682493511,0.0369129608769545,0.00429548882811951,0.0155921930330593,0,6.73212988472701e-05,6.03233389485955e-05,0.00538844458885719,0.0029530727348615
0.000524099145398658,0.00359439469684768,0.00239111614684098,0.011334590040302,0.070656908076005,0.41087619542024,0.0484066038359557,0.026027938420398,0.0785103069117686,0.051422666538679,0.00118957882703096,0.29228434604251,0.00769170001841952,0.0117617060108287,0,0.0031053297250719,0.00869919015108311,0.000854255713049209,0.00189839003931201,0.0297488021333489,0.0252823589335306,0.0051447182257605,0.0240991079519897,0.149443465600719,0.00236479160947296,0.00213042655348777,0.0140802893272564,0.0432917204566162,0.018219943760694,0.0763126508001372,0.000139027471360194,0.0915081676165937,0.0043220940658617,0.0204136902690453,0.179373194419606,0.100300255961906,0.010656925171454,0.0316616095205249,0.0264549440657206,0.851442374700482,0.0100705536988522,0.0274781000875871,0.0114298437773382,0.00133240754481758,0.00611645683589601,0.0153754309084087,0.0384942809496511,0.00150207753878016,0.000499635224545884,9.93790506281915e-05,3.78728326187074e-05,0.000428049554111517,0.00599946344991988,0.000681621288707562,0.00830825818821438,0.0177139102775292,0.0042122993090207,0.00924734170691546,0.011356133088784,0.0279052834038884,0.0099351641018179,0.00013615092777881,0.00368915732995729,0.00806406357258645,0.00107748027223098,7.45926002295974e-05,0.000251338927359035,0.000495629220391452,0.00892278087864254,0.00164847166169017,0.000577894673377508,0.00147203400187293,0.0167576114496095,0.000192921612020266,0.00116447468270359,0.00181517348570356,0.0251547820436561,0.00237066642683879,0.00417993829919508,0,0.000395340332547301,0,0.00349203077338272,0.077898909733161
0.000143814456251282,0.010065642174645,0.00418630217229908,0,0.00526996312798029,0.000222307022039124,0.00342447230457123,0.000293475266160894,0.0205792018827056,0.000224164622454053,8.3833649704662e-05,0,0.00219354309111232,0.000379317512513164,0.0031053297250719,0,0.00798029339503732,0.000183642754840636,0.00264142078046286,4.08949730218113e-05,0.432725032597004,0.513847207030277,0.781994539806948,0.237217743622552,0.0026165127043405,0.00392743344010484,0.560675550919062,0.0947765171833499,0.000681670910457354,0.0199145117786815,0.000187601345109558,0.000102518684894765,0.00118425651587448,0.0401404092433289,0.0850974652853102,0.512448708791026,0.121997914483175,0.120321923632409,0.0865516552728391,0.00447062508401862,0.0030847438192695,0.00181527984168024,0.0771747773009763,0.011085123482393,0.0213457659693394,0.0330654269562675,0.00297374967563948,0.000630913742798871,4.24563864716649e-05,0.000799311961593505,0.000869602469268965,0.0212770937946436,0,0.000525646160419285,0.000304385478776818,0.00105318728344259,0.000272198206186,0.000796987342685793,0.000156673061786914,0.00084148758460917,8.13730933814762e-05,0.000161844914877632,0.00128148942976668,0.00193034027204489,0.907225100390883,0.00225084411618275,0.000139110061254895,0.000699404247718921,0,0.192629593978045,0.146574467503949,0.77131836111862,0.0477324891833075,0,0.0023176449248241,0.428852267179619,0.0433887226506619,0.00399113881513407,0.083063499616685,5.04257554015338e-05,0,0.00178280016309193,0.0196986612161409,0.0283972732872438
0.0181593340499199,0.00158559472268056,1.08473862472781,0.00053208959548983,0.00352755472227097,0.00869087347721607,0.0191832532141624,0.0911163212006923,0.000599665307327127,0.0169471957288869,0.0274182997700032,0.00337393886256052,0.00519270679468803,0.248253405052733,0.00869919015108311,0.00798029339503732,0,0.0272718939730107,0.634889586263568,0.00369616068729562,0.135515715176401,0.000966504394735299,0.894160475575276,0.00190439555238695,0.000123867806011552,0.565892390202632,1.71288495454108,0.0169122662474574,0.230385208051988,0.447209369622117,7.6341843790841e-05,0.0023140158740701,0.0436153644160196,1.32290867064626,0.052854725850704,0.391329184130197,0.173794941530127,0.519229375350931,0.198263106304146,0.0156533317579725,0.00677358539112187,0.00368455300640961,0.0322113149830685,0.00419752689912495,0.0119864700329525,0.0247301419741094,0.000759255659619321,0.00032544458509199,0,0.00015153663111881,0.00777291709464837,0.094749385007255,0,0.000213223192214191,5.79156866020203e-05,0.00115605482469346,3.18645675986409e-05,0.000766351481131095,0,0.00123571609781332,3.49689864298761e-05,7.92890666276336e-05,0.000541350902119705,0.000888200851699825,0.00374846128219527,0.0527808873898895,0.000635247352615669,0.0151228432701783,0,0.00360124564452592,0.00306760579712872,0.0166574418061498,0.00327027597368469,0.000255477846914702,0.0567769273246703,0.243251638193592,0.00188030433085324,0.000920357326555179,0.0047848594550498,0.000325455204524937,0,8.35988886780738e-05,0.00755538719899207,0.0221937597672745
0.000561454419145542,0.00013285188176828,0.00332666330960452,0.000599459985805205,9.57867864415259e-05,0.0176990760415196,0.0118833125991211,0.0189541035061943,4.35538448404312e-05,0.0490388888477781,1.36585752713093,0.01212319104706,0.00337943624552692,0.0210310936290013,0.000854255713049209,0.000183642754840636,0.0272718939730107,0,0.357016447415168,0.0103092383683716,0.0013181546256749,2.71527920273602e-05,0.0037941960948021,0.000152549218790218,0.000442952097893768,0.484981967735437,0.0233506504460174,0.0021356364133851,0.0205009552178024,0.0129052735493904,0.00296377921680057,0.0029313929052445,0.000610413271487751,0.453893045807936,0.00646895850998386,0.0535062213773015,0.21024381565646,0.283422122483205,0.0533957328464205,0.012823200038663,0.000762759027698919,0.00602031686016473,0.000326090377509981,0.000811025026601657,0.000230652064990926,0.00135529137211161,0.000359979274760565,7.6890726737201e-05,0.00010152501191783,0,0.000766809875154018,0.000575643016499171,0,0,0,0,0,0.000596509936113605,0,0.00668650344671561,0,0.0113332534643173,0,0.000159390564230132,0,0.00040013066274704,0.000738630873721136,0.000831960959716743,0,0,0.000124376541311467,0,0,0.000829620603862083,0.0133220941324513,0.0198838152580269,0,7.01214306113364e-05,0,0.0106229005418039,0,0,0.000725125547281733,0.00195387904847977
0.00183151073123881,0.00118590936250402,0.0515473442425354,0.000613005921176988,0.000769062113568039,0.0256883700496114,0.018047350331661,0.0373933612588207,0.00101285582835325,0.0667051662255741,0.354965702464893,0.0165878501841145,0.00290830689869254,0.0509739355610365,0.00189839003931201,0.00264142078046286,0.634889586263568,0.357016447415168,0,0.0139913149060647,0.0157399697205842,0.00062946468598541,0.058871445303541,0.00146730076467802,0.000447895730755842,0.812819129663768,0.335577394040609,0.00541760277810026,0.0575195344496034,0.0538617704481828,0.000604763494631732,0.00559567146217414,0.00430673563950215,0.931469587969887,0.0419368675210114,0.355437728301221,0.331457985137183,0.431672032089024,0.231842924810958,0.0195508810413732,0.00148221420979018,0.00265559796986058,0.0099860051525487,0.00311370094304331,0.00355582551171886,0.0126195840051623,0.000708202283311382,0.000250904630597734,0,0,0.00246097634571001,0.014820062553901,0,0.000402687604174089,0,0.000150480242968351,8.34506779027459e-05,0.000696251979343242,0,0.00193312752131511,0,0.0008661777839528,0.000118017344148606,0.000923955873298519,0.000803518747348924,0.0105107650841294,0.00120743214200332,0.0144175926017766,0,0.00026544365741077,0.000434171078626764,0.00107009850666737,0.000171831094893032,0.00119033697805665,0.0960101587462545,0.133974157734102,0.000243221530985427,0.000180156125132141,0.000208635234460509,0.00144423486940412,0,0,0.00227362625949864,0.0179362173764493
8.07377212943855e-05,0.000217173392598832,0.000478734424071219,1.11874137345127,0.00203391488380418,0.044611171431777,0.0577247910465172,0.0427017274528124,0.152542790413965,0.729296329445514,0.012431112051854,0.555217498785919,0.00948402406234397,0.0626012539164567,0.0297488021333489,4.08949730218113e-05,0.00369616068729562,0.0103092383683716,0.0139913149060647,0,0.00147460766195802,0,0.0017433746656856,0.10381270665898,0.000110745538111585,0.0119886585054861,0.00343027089739394,0.430024957690016,0.057792365883094,0.0130124789170846,0.000624322059498158,0.00806481310702752,0.00116643364577356,0.0426766851395272,0.0268706855886246,0.298581774225885,0.0102657110671853,0.0406366883781421,0.0171257607704216,0.0725599732245712,0.0148120327407437,0.0156196038672536,0.0137494134748768,0.000227631793387234,0.0061395393591478,0.00555024208787801,0.111677732551609,0.00308203317500472,0.000505571402797061,5.00316043153703e-05,0,0,0.123685388463684,0.00506563927487437,0.0415023898725435,0.0876789498699132,0.0158334901737639,0.109144762857268,0.185368804939362,0.0163813594955449,0.10417318198762,0.000298580585655659,0.00892383139032567,0.0325689783658992,0,2.65189989574939e-05,0.000167910816983369,2.52852483379215e-05,0.122362831118098,0.000119420816449821,0.000216914524454087,0,0.178507498896294,3.99462300830662e-05,7.49653172904343e-05,0.000103636747368443,0.262511249575942,0.00549009740260487,0.00106441355183084,4.44076023035646e-05,0.000230493201270425,6.1568290536797e-05,0.00766803293747144,0.00212273855123396
0.00501723315938448,0.00394155695474476,0.198736431817527,0.000123295361999184,0.0329232762814879,0.00196337307780438,0.478034102645136,0.0477442665425064,0.0121359482327727,0.0140053973169741,0.00133328570509498,0.000314181465083259,0.00802027898621522,0.0771757271517895,0.0252823589335306,0.432725032597004,0.135515715176401,0.0013181546256749,0.0157399697205842,0.00147460766195802,0,0.049725637763295,4.70306115225563,0.150601607097661,0.000450684287002874,0.0306463810443305,0.232646364761208,0.846465114687412,0.0176821623521892,2.5475717865115,7.09572886033059e-05,0.000721665086678929,0.00920301793840156,1.37925484826779,0.312426820997267,1.12616485969564,0.123307555164281,1.12342493250911,0.306271780159895,0.020847914606484,0.0100637380967155,0.0101362688355717,0.0259445080282341,0.0038419066364483,0.0120230673764601,0.0124337363705966,0.00432965921820983,0.00154477978079645,0,0.00131699512040582,0.000641939154676455,0.0105086417199365,0.000100287819395542,0.000453378630526793,0.000406905608639905,0.00698420822189231,0.000694506254565702,0.00494890869571516,0.000189058748438537,0.00227398632667991,6.15604368481279e-05,0.000174701815232366,0.00372687777657161,0.0022189109194884,0.190386582786751,0.00167425688483793,0,0.000454232620604199,6.45993156223386e-05,0.187060826357401,0.0470785361775977,0.101973508195556,0.0887313474160716,0,0.00183315158049153,0.0344971886403018,0.0816121827387202,0.018622389321832,0.136639845014896,0,0.000114029014736295,0.0056302855659612,0.0182557551380286,0.0421311393445497
0,0.417853586522089,0.000365941622117436,5.00792232168495e-05,0.000394876704703242,0.000188378639501381,0.00771322191280183,0.000169348258853647,0.610798393654857,0.000143978161502749,0.0087926009778871,0.000328625313232559,0.0605653406030228,0.000755493096157944,0.0051447182257605,0.513847207030277,0.000966504394735299,2.71527920273602e-05,0.00062946468598541,0,0.049725637763295,0,0.0458108875691049,1.19833091760635,0.206970137744375,0.00357419066088636,0.5339223981154,0.0464603347969239,0.00242967311972047,0.00356007898986128,0.00611299265740746,0,0.00255555205353833,0.00526186049472778,0.00141973643884406,0.00864307643065867,0.00274956833255608,0.00600921196911551,0.00202892864310403,0.00491150247944253,3.20409148444444e-05,0.0189659150044947,0.0318455565032934,0.00413796152392785,0.00847461329868275,0.0097730051281023,0.0017256988590591,0.000482460685906881,0.00319418612606101,0.000375450390907458,0.0365513020226647,0.0208416372008364,0.000288333579987269,0.000103279980155754,0,0.00311409385417712,0.000362241054302386,0.0058204443551812,6.35899332967579e-05,0.00532203381324086,0,0.00939621556696959,0.00126940058034338,0.00127307220148061,0.268431365099938,0.00236586205501646,0.000166021368126136,0.000645228635903496,4.4629614885217e-05,0.0309828816537326,0.139500375622927,0.128687893908625,0.0593653820540243,0.00592755060948208,0.00774942539894805,0.452328848897665,0.0151855591356318,0.00223523644757248,0.01536616333105,0.00306468936414216,0,0.000573662020126426,0.00846749797502692,0.00313915079554888
0.0323188260315442,0.00140620092183187,1.66543522886283,7.0039041789991e-05,0.0466934033555751,0.00659077301699562,0.0719217731274862,0.161531795737292,0.0085574374379269,0.00968726821658948,0.00459202390636786,0.000826105896822336,0.0176979889187155,0.323600471562906,0.0240991079519897,0.781994539806948,0.894160475575276,0.0037941960948021,0.058871445303541,0.0017433746656856,4.70306115225563,0.0458108875691049,0,0.215456680378229,0.000249386897377181,0.328000333592225,2.02454957798039,0.342129414687751,0.155568127120509,2.15841163798764,0.000259799017781827,0.00184235613909537,0.0343815619321743,1.80603817254047,0.664824383150154,3.03910293987411,0.675606706358926,2.16433484285194,1.19757766964994,0.0521727957133239,0.0334716798926267,0.0190476435305138,0.0732586507182772,0.0124633184007865,0.0225443137482568,0.0464431156988525,0.00380834162697433,0.0020918531162489,8.52086267574546e-05,0.000777281046071735,0.00144715344914444,0.055169419671187,8.29357388984533e-05,0.00190515328549547,0.000167172761465281,0.00626957184947875,0.000420424511473355,0.00258622462675068,0.000118278558149153,0.00492173184782364,4.87908989233017e-05,6.78358731596944e-05,0.00217002755836295,0.00419625968753362,0.551582337519128,0.00542731470785929,0.000157314229517752,0.000806602081076246,0,0.153467181682043,0.0562918907392732,0.578937275968354,0.0364944158099533,4.63215761961222e-05,0.00323410590908404,0.384111873587071,0.0306282587306647,0.00303281063861379,0.0634900022347186,0.000103630186857426,4.55172906634212e-05,0.00101516366946371,0.0200097794844019,0.177559098691025
3.28281722238511e-05,0.36287719362823,0.00151770668281322,0.290078266086886,0.00819616396634804,0.0355864206467067,1.19549471265562,0.00450387734754538,2.61059721469826,0.0525372450478567,0.00505244548794205,0.0317501931733938,0.0343432064505664,0.00467441387895695,0.149443465600719,0.237217743622552,0.00190439555238695,0.000152549218790218,0.00146730076467802,0.10381270665898,0.150601607097661,1.19833091760635,0.215456680378229,0,0.117977277382932,0.0058785288172373,0.639807881955038,1.39557929211112,0.0119302662947471,0.0262933826662441,0.00405579015355861,0.00278234368556955,0.00742381563209536,0.0219102168861215,0.0247490576640928,0.179298620641419,0.0187033898854268,0.0277352028733325,0.00973324055990979,0.131273407273868,0.00204079973205573,0.0126431539716228,0.174158676583109,0.00665654563802447,0.077238914392325,0.037762574994947,0.0719343625490257,0.0345076989219582,0.00224460398007274,0.0080830206107425,0.0058656682739065,0.0107177804420766,0.0999159132753715,0.0030576369074505,0.0243396628501193,0.552600620195098,0.0409211139969484,0.278262289979478,0.119649306031995,0.0366386049171179,0.0521594954186242,0.00472680009759338,0.0749793161218529,0.0297163067513259,0.0767204077711016,0.00869804716339872,0.00109420283345264,0.0035629170574649,0.065068481272994,0.131964886619438,0.0583494167701494,0.0303804764834225,1.24194284936312,0.00345244807603933,0.0105982359339729,0.0663425515592375,1.01523632151485,0.0916480320577632,0.240583235011056,0.000883723779987218,0.00234845941245595,0.00592035187586765,0.0927096541082134,0.0213093305174805
0,0.264936019374065,6.80661888881029e-05,5.68147823879242e-05,0,0.000326268544272512,0.00193064086291069,7.5017251383805e-05,0.134184046899456,0.000362178457407305,0.0256536034454841,0.000146257367401958,0.622301888090498,5.64493808488369e-05,0.00236479160947296,0.0026165127043405,0.000123867806011552,0.000442952097893768,0.000447895730755842,0.000110745538111585,0.000450684287002874,0.206970137744375,0.000249386897377181,0.117977277382932,0,0.00906656405813071,0.258716562672909,0.00376893117261475,0.000103912344027758,0.000190642960058436,0.0137109649337607,0,0,0.00745241865386412,0,0.000683725817058329,0.0236041195366085,0.0110865634120532,0.000228295299973494,0.00104342386707696,0,0.179208599168189,0.00166436874976722,0.00559941633118032,0.00156470420848789,0.000810146970803549,0.00052205107134912,0,0.0216711322501591,0,0.0384535432376769,0.000400919467602754,0,0,3.83113341786862e-05,0.000117695823912174,0,0.00357484508960206,0,0.0530107041311128,3.8340434618479e-05,0.153686586779918,0.000204103052878315,0.000753790107353458,6.95101833841682e-05,7.7427738470417e-05,0.00169678641693875,0.00177345534990942,0,0,0.00510068194286082,0,0.00552921744790136,0.161782509603487,0.0354976021638154,0.169428524992872,0.000595700538980824,0.000302657773720193,9.18310841379407e-05,0.0228411354112319,0.000369867137790852,0,0.00773710299888096,7.69978160402297e-05
0.0032680290735711,0.00864623773747875,1.50391610040682,0.000749012628106643,0.000792502606530029,0.0230399846775702,0.0205496151292631,0.038233276563148,0.00298109654511956,0.0602224868404863,0.683456698160465,0.018221589632838,0.0254274265932629,0.0478950775728273,0.00213042655348777,0.00392743344010484,0.565892390202632,0.484981967735437,0.812819129663768,0.0119886585054861,0.0306463810443305,0.00357419066088636,0.328000333592225,0.0058785288172373,0.00906656405813071,0,3.80986704583157,0.00660622333289251,0.0357830783140178,0.0538531060928589,0.0608356403357063,0.00471564517673374,0.00274300319290947,0.462888717110183,0.0641285261564978,0.654400304100938,1.04045123737005,0.510131670847519,0.2566267061855,0.0197293881087286,0.00146527303057821,0.0370194611829024,0.07460108845649,0.0240466662706197,0.0327464626696944,0.0445476932144417,0.00129001971844587,0.000626991533007959,0.00203617267933376,8.6670430044544e-05,0.0397213230090786,0.101312778442179,0,0.00038172887486026,0,0.000560508751446337,0.000372637792595413,0.00562287038279459,0.000186976018804962,0.0914508637666396,9.75889714342208e-05,0.276748991914728,0.00125918982307541,0.00173514726247401,0.000532917972370228,0.074716079378556,0.0424061112314971,0.103425081465704,8.78138671870348e-05,0.00152382102979824,0.0067326085023925,0.00517531127643246,0.00387844358106859,0.0480738884777918,0.955432797078969,1.56102364458956,0.000193222729225141,0.00150314496230943,0.00225742653828132,0.222790305588165,0.000383059915413791,0,0.026502637640324,0.0292431568538358
