0,0.000146880189078986,0.0132836473578867,0.00105176721144667,7.3167893921566e-05,0.0015847220324837,0.47268050359166,0.148060420187544,0,0.00518535911059725,0.007339808235444,0.00314339044803474,0.000847788140060712,1.30073764924625,9.9424601840031e-05,0,0.0462272541463204,0.00624101832454899,0.00929855565760198,0.00089553287204001,0.0567419395833979,0,0.0714811424880255,0.00030772529350909,0.000167126921086109,0.0110696653269572,0.00817500081337723,0.00517491695918729,0.348927544434304,0.375959413792438,0.000163092264818787,0.00109481354120562,0.000954370475044349,0.0146089934868263,0.00147255319036805,0.0137602236361321,0.00289120172923252,0.00516700985388706,0.00600770546983979,0.00254614494068005,0.000849038363416885,0.00149408078115155,5.60345189898252e-05,0.00019583666268282,0.00056245846024437,0.000151881963387501,0.000371608558172297,0.000439994937411523,0.000284043512103605,0,0,0,0,0,0,0,7.74032692338942e-05,0.000159272404549503,0,0.000144442102495098,0.000371561888518191,0,0,0,0.000119256422531795,0,0,0,0,0,0,0,3.94276504615545e-05,0,0,0.000546917540624106,3.63228315136671e-05,0,0,0,0,0,0,0.000522905578183579
0.000146880189078986,0,0.000932907253234086,0.000238541750943637,0.000425978537624287,0.000575716404029215,0.00100196263579875,0.00250710226007821,0.0464889592699516,0.00177272245374628,0.0282731382531951,0.0017818401576706,0.0322707370168631,0.00204163546074054,0.00245152842613455,0.0190959157704657,0.000132638411945474,0.00017501799430095,0.000458257878250539,0.000544373982168853,0.0015659344458397,0.173606881695174,0.000873907382837425,0.0811392724343924,0.274477481810553,0.00521433014811484,0.50147649793026,0.00333630470347085,0.000914344622830943,0.000658409406341565,0.00100410063319804,0.000506995437187385,0,0.0328313398502371,0.000208121885146022,0.00406398129766714,0.00750631205369681,0.00294026899653504,0.000719731271429562,0.00324001246431159,9.72614842125894e-05,0.0104078638540504,0.0133854386539004,0.00609543648730981,0.00536937333064772,0.00556972285778641,0.00147819104228387,0,0.00106875509445147,2.97221628478527e-05,0.13553488563112,0.000828127084067318,0.000116321841900492,0.000199045537642479,0,0.000141212013275027,0.000187268984759784,0.000819488879578327,0.000341250190955806,0.00479034097915714,0.000394008939380121,0.0142989213619993,0.000151753109422147,0.000138106304849339,0.00100032428214363,0.00415766433319062,0.000418240888587689,0.00653676322866107,0,0.000279342104135811,0.00533811230460016,0.00192601053329137,0.00394587930774812,0.0124161451777456,0.0128935153450075,0.31951433495446,0.00141731951078299,0.000294015056707764,7.37165921516301e-05,0.001464788047014,0,0,0.00183562263488631,0.00121014820025046
0.0132836473578867,0.000932907253234086,0,0.000561035059427572,2.68673945869923e-05,0.00234943396643697,0.0242175359416927,0.0498134595180078,0.0010981360845531,0.00558887310429619,0.0121264860871956,0.00385737592920244,0.00185608254937015,0.0505308591351031,0.000250191310459471,0.00339907243835837,1.47809367065695,0.0404674392000636,0.15101886285916,0.001037354138936,0.235961104607131,0.00223371595105375,4.91094421005782,0.00293421944101004,0.000240407484344339,0.928050316991789,1.38254733482196,0.0122179893413481,0.0641124935536408,0.0581002853237271,0.000966136483103251,0.00174119389039377,0.00577942013058292,0.320145542346384,0.128064293018565,1.28477624355793,0.588370825014783,0.130348550935255,0.254203612991605,0.0219901978150366,0.0156461936773508,0.0038145797296249,0.0579435198479057,0.00669728719078345,0.0177938602976278,0.0225696816903817,0.000949085939180385,0.00030885335761689,0.00422388035651566,0.000134193500595307,0.00987495798007434,0.058860950024111,0,0,5.1855750130713e-05,0.00444659550003053,0.000877767770207596,0.0018262904830205,6.7263841065979e-05,0.00134031134157265,5.69197814398288e-05,0.00142354294632717,0.00162229551920146,0.000741860550975729,0.0101019545326005,0.0611964514165238,0.000738810911878976,0.0136322829625213,7.5078646930599e-05,0.00357428195398821,0.0121775755264185,0.114147723677827,0.00488150325822513,0.00110882304646565,0.0215889337876636,0.982802597648789,0.00402097410493145,0.000480521436717248,0.00129041007925803,4.00265010595322e-05,0,7.01271216723681e-05,0.00811889298336919,0.0890848463088733
0.00105176721144667,0.000238541750943637,0.000561035059427572,0,0.0190352525507986,0.0468245522295477,0.0182425583864472,0.0455201349353276,0.489055859703646,1.64469533199644,0.0129559061905329,0.215337619351649,0.00347460666120902,0.0260685027422057,0.0965557411720011,2.80176139969349e-05,0.000836270917224036,0.00693920782511414,0.00658186870812407,1.67696265322948,0.00088801044010688,0.000550996026232362,0.000955674561222938,0.871485090100683,0.000403092430636537,0.00665427602762511,0.00457321311193625,1.36681618742274,0.0327971809076613,0.00265299040210409,0.000769985935735925,0.0075246705833205,0.00208226264936307,0.0245081208819515,0.012409054916005,0.222314592105315,0.00306531665433946,0.00089506192147467,0.00606710805453375,0.198416260909389,0.00653200282296279,0.00691212348173501,0.0481695441773391,0.000245835088630498,0.0106712613789299,0.00671370237899403,0.0681237055945844,0.00407909398099301,0.00264596159382625,4.83121328766584e-05,4.95289041329146e-05,0,0.175007085384247,0.000780960727508593,0.00246513090506359,0.0143188329993585,0.00607019032930151,0.12604373894658,0.0750394260901721,0.000651443018350101,0.13036721857775,0,0.00243595608044714,0.00797388129925212,0.00117964712985628,2.95860899322271e-05,0.000476583709896803,0.000147711496321201,0.050552747810904,0.000358096051856506,0.000520044360134411,0.000822638200346747,0.326512346919736,3.39185708681941e-05,0.000678177700270939,0.000588819647428536,0.338006213762362,0.00372975568889538,0.000160517136347079,0,0.000152989322428703,3.86962590771913e-05,0.00402103088541293,0.00266547890032386
7.3167893921566e-05,0.000425978537624287,2.68673945869923e-05,0.0190352525507986,0,0.130454570269463,0.00169114731447748,0.0106448005960139,0.0252881882213941,0.00736922643751545,0.00100477765686317,0.0962267727959924,0.000141528697451257,0.001571832775099,0.21138905455143,0,0.000321096198826206,0.000592034215905524,0.000383036059769881,0.00886544446624081,0.000451848638528251,0.0032800458083344,0.000215341729192424,0.0237031620906302,0.00045905871980381,0.000503040926307559,0.00925746051019632,0.01385844398386,0.000393320777906,0.000138665223480129,2.64541526538849e-05,0.0908639636912023,3.20989334728718e-05,0.0902477891938672,0.0385226712493246,0.00812501149490878,0.000203814010947395,3.02893940139413e-05,0.000328501769704819,1.0710501070679,0.370045897088558,0.000568196457907235,0.0025019111064924,0.000984646975927162,0.00171548866730612,0.00694658782672871,0.00394302958415846,9.52349615855696e-05,0.00029770084216373,0,0.000161119102265858,0.000122837924235296,0.00321785422732145,0.000121215645635509,0.0002966976873806,0.000222869366934037,0.000244664477834535,0.00183038025038705,0.000923455051944051,0.000150628893272662,0.00391604086823696,0,0.00010338718462348,0,0.000676309685166311,0,7.46717129849908e-05,0.000112342859638644,0.000677588737056637,0.000297798860898638,0.000294286437674045,0.00221790683453992,0.00328507024284188,0,0.000374475267780066,0.00222624284216866,0.00446419867823016,0.000168621061170078,0,3.66951660619021e-05,7.63921349325183e-05,0,0,0.0454140836293338
0.0015847220324837,0.000575716404029215,0.00234943396643697,0.0468245522295477,0.130454570269463,0,0.437492065097505,1.58933357170196,0.0124743492104387,1.86939035230032,0.0372136879969881,0.478153257601282,0.00445860175088718,0.0553971848243155,0.188140541843629,0,0.0053661141185494,0.0156865368088741,0.0133021941796482,0.0455679761777968,0.0179645616894606,0.00108103730901873,0.00914657477096233,0.0114772768548397,0.000979797480647936,0.0141039121929764,0.00753481185704743,0.253543160932794,0.0194726824426353,0.0158856102984639,0.00197409772926367,0.0241092678615048,0.000265262910223698,0.0639604381120032,0.355435405510561,0.115145140860766,0.00503884633385963,0.0029603066625859,0.0100412254120817,0.538527617206054,0.241300691579986,0.0218178118285197,0.0200702363323735,0.00132399250271473,0.0114771000829435,0.0108654152097705,0.0231935163683938,0.00711597832272139,0.0104054243902798,0,6.68805062125683e-05,0,0.0125316278489044,0.000655823051972484,0.00107051739490457,0.00194573089210185,0.00582197384648023,0.00648311323637081,0.00730771030531925,0.00175886704729259,0.0124138462020522,0.000464652574795926,0.00128126374446131,0.00187560320752324,0.0018377552202214,0,4.22580547652483e-05,0.000109432488272714,0.00588583797662822,0.000349081871116686,0.000130645221102536,0.000169023571360147,0.0401101041394361,9.41805651464938e-05,0.000183904773459459,0.00040454268981564,0.0283912553384548,0.00270416416768986,0.000116361253931379,0.000272699185274434,0.000930102534213281,0.00011371113431673,0.000750357279078877,0.0573861262998542
0.47268050359166,0.00100196263579875,0.0242175359416927,0.0182425583864472,0.00169114731447748,0.437492065097505,0,1.83538737600457,0.0326305936954934,1.42869113996999,0.0585667661621342,0.0211643936495144,0.0120564192673915,1.87794709072924,0.00988972218791235,0.000492701204497063,0.0344936703334282,0.0364264947350501,0.0409019064196694,0.0213341594986937,0.863321950394295,0.00110580697763616,0.140397647441676,0.0907908437474393,0.00181579361583477,0.0454742077760378,0.0302154379384857,2.59503586880006,0.383287897413513,0.776543829283216,0.00447457218515762,0.0254857448064988,0.0428792918866274,0.136788785194752,0.0734054993187985,0.475695567309085,0.016748598264893,0.0163747536905866,0.0386374560778814,0.101801597889663,0.024675700899592,0.0230929815972784,0.0282126210067183,0.000949237221307015,0.0136341536761383,0.0125142028477182,0.0203173481353294,0.00562858540054515,0.00803177126678705,3.52019197527289e-05,9.2828490136576e-05,0.000103283523935175,0.0146892323769148,0.000171013288083267,0.000331036010128129,0.00355485495097242,0.00552664677563956,0.0189313552785866,0.0128963119448578,0.00106069006387157,0.00262778647710338,0.000116506934926057,0.00175743460559998,0.0010475531621166,0.00671871751695454,0,0,0,0.00349378060993885,0.000965017133299709,0.000304712376524854,0.00225585333687949,0.0799834878046273,8.30231231894731e-05,0.000136960754123604,0.0017844158039301,0.0830949499571258,0.00553429672517284,0.000340910483484602,8.55788099108816e-05,0.00051569134171462,0.000219675651769948,0.00183879844232703,0.0112695623505267
0.148060420187544,0.00250710226007821,0.0498134595180078,0.0455201349353276,0.0106448005960139,1.58933357170196,1.83538737600457,0,0.00525220541058742,0.957280800629022,0.178257317043978,0.341712139035748,0.0205964579998192,1.57708075006508,0.0321608063587152,0.000286282160146761,0.171436866521885,0.0731162047336733,0.0721308864995731,0.0708435855717073,0.283666444987749,0.00376361694000932,0.255161274966362,0.01714259841692,0.00402563153531201,0.0739084433371438,0.0427354229011063,0.242456887711401,0.203393225797793,0.555982774401162,0.0079518837010935,0.0259486876534915,0.00240291653064486,0.178834471577846,0.0465146063568561,0.295262788593648,0.0238589224264571,0.0266695221652934,0.0375037990690225,0.24778245846924,0.0447503915391327,0.0684871853870101,0.0261387823652768,0.00253594903711725,0.034925009429338,0.0304896811981395,0.0255931322596192,0.0183194015188524,0.025956341977365,0.000215732108967841,6.86702128947258e-05,0.000184711435291386,0.00510921619703188,0.000293953652660513,0.00196593584228578,0.00195090599211728,0.00927056393944069,0.00528458500653406,0.00291813084369583,0.0054261904483019,0.00547387233459239,0.0017160435832868,0.00161406923317136,0.00248607270811153,0.00376370439888096,0,0.000126087214573991,0,0.00334802238216163,0.000928499998153388,0.000147531465154815,0.000994419326919256,0.0500203237159187,5.02350463793039e-05,0.00177051070273838,0.00382670059420809,0.0294410896802632,0.00279087103311455,4.70229357830048e-05,0.00155500436644029,0.00263093431540879,9.73169455168483e-05,0.00106382314844736,0.00649933678508516
0,0.0464889592699516,0.0010981360845531,0.489055859703646,0.0252881882213941,0.0124743492104387,0.0326305936954934,0.00525220541058742,0,0.0404740108339396,0.00650441832879417,0.192739844622131,0.0134964411435414,0.00229732161914855,0.238473884921802,0.0174089680287448,0.000455459568196595,0.000649920410679495,0.00117172553509156,0.0592322488914651,0.00767793479950821,0.527962471588032,0.00255943580803453,1.51826913497448,0.0663146654872024,0.00408464161106992,0.631751983263688,0.450995745928612,0.00158100096440828,0.00112897637685814,0.000486129360068405,0.000886919119596567,0.000319812862832654,0.00946305865784714,0.00118683199636982,0.0251078337985786,0.00339474216607743,0.000498798832644785,0.00119481362444063,0.0904880218313681,0.000776458685032632,0.00227537388975623,0.0322410735316197,0.00150416032640817,0.00656464925150734,0.00491317576014117,0.020226374294497,0.00201140210597658,0.00120117680683048,0.00105524053202395,0.00215491814606166,0.000416181940842366,0.0516175750165033,0.000330098163211489,0.000448587559385943,0.00504596318110334,0.00466276434689582,0.225817018089278,0.0150968571911035,0.00312816543913175,0.0212714655754242,0.00371782223341763,0.00362671400838829,0.00304573520016379,0.0614711018453836,0.000264838414462757,0.00224711227524011,0.00135014288580848,0.00896828439642431,0.0148781082935596,0.0420408662631421,0.0120985851924524,0.324374891231759,0.00390940291455239,0.00295554185891404,0.017815524973269,0.152978034841534,0.017325452764363,0.00221811341253653,0.000300222670719266,0.000197149798331213,0.000772259838468075,0.00271950267954639,0.00417465907204969
0.00518535911059725,0.00177272245374628,0.00558887310429619,1.64469533199644,0.00736922643751545,1.86939035230032,1.42869113996999,0.957280800629022,0.0404740108339396,0,0.140783326195855,0.894235147380874,0.0223770101463666,0.325655849705935,0.0333057502543332,0.000108763368928432,0.0120378936684844,0.0736219590442411,0.0732345057614383,0.935592043745943,0.0100938820488841,0.000316683490859854,0.00700348588686281,0.0168004259492061,0.00412750837588636,0.0630518936149258,0.0207243614528661,0.840570459587417,0.179052190007837,0.0155631843647007,0.00709781395278104,0.0402157716185706,0.00243476502670122,0.152048062093734,0.190100555377279,0.467983368782648,0.0178512864110832,0.00397828670954429,0.0256178936436318,0.156884366159349,0.0243217027665001,0.0464718479686791,0.0234523503737013,0.00113363493842243,0.0157407070984112,0.0148064237456726,0.0351596292663999,0.00668265422818811,0.0130076031409457,0.000111986546433317,6.37675487576485e-05,0,0.0588119061389024,0.000212257565895701,0.000703295277173018,0.00542273622571538,0.00159098882684795,0.0294599189026326,0.0261920549203382,0.00136663487849356,0.0437081466774066,0.000469686348820317,0.000362253703137576,0.00387402965860106,0.0040538885649353,0,3.04011738728047e-05,0,0.0159882469442969,0.000434201961856246,7.67755621713042e-05,0.0010802126169991,0.136764950212611,0.000429368692027151,5.81174267748594e-05,0.000848811067462697,0.136275841770091,0.00153739373295571,0.000443857791256368,6.42558699220777e-05,0.0004272939592736,0.000113413917672765,0.00123693598012874,0.00750953400655831
0.007339808235444,0.0282731382531951,0.0121264860871956,0.0129559061905329,0.00100477765686317,0.0372136879969881,0.0585667661621342,0.178257317043978,0.00650441832879417,0.140783326195855,0,0.13265532198628,0.714366495087775,0.323677122737795,0.00492433355660021,0.00130249177029353,0.0423070448091194,0.645396964076135,0.167241270777398,0.0319147563924438,0.0548248749236779,0.0254587674099343,0.0450225669745255,0.0186531352098757,0.12615255373549,0.402091693999789,0.0668902368182616,0.0568037684744661,0.166472573323307,0.0532149024383402,0.127843196325028,0.100814938208094,0.0014222910858162,1.51563867373451,0.0369459423458167,0.198778128871357,0.396764934332405,0.0477165295687687,0.105894543162738,0.0280179478970184,0.0218015790498619,0.240228181565738,0.00525830590483027,0.104190272411137,0.0168478307631615,0.0137325406484107,0.00893131604895553,0.00585259914512549,0.0198326904141348,0,0.0113788382670729,0.000195144167690039,0.000222225990882063,0,8.23329893950103e-05,0.000381966834403789,0.00286887001614065,0.00513940997003368,0.000677079536797345,0.243211870283641,0.00165791731329785,0.57519091477154,0.000258763770937061,0.000597428307933843,0.00100580855089242,6.5066968400526e-05,0.00507632251299503,0.00026751707041595,0.00048116205409894,8.03735063231465e-05,0.0024056713572659,8.58920779767153e-05,0.0109170578332854,0.044716236672256,0.160508487552648,0.166187807961294,0.00270736540689081,0.000491175309625888,0.000124627325830865,0.121121981730204,0.000549132578832579,7.29442869369031e-05,0.00442511655551846,0.0142140350363388
0.00314339044803474,0.0017818401576706,0.00385737592920244,0.215337619351649,0.0962267727959924,0.478153257601282,0.0211643936495144,0.341712139035748,0.192739844622131,0.894235147380874,0.13265532198628,0,0.015738019936558,0.158713952403626,0.571585899447354,9.23549807111859e-05,0.00991083670434551,0.0620348990126889,0.0652831532085763,0.996545436604574,0.00350959332088834,0.00375370785866149,0.00497697758172463,0.0865781470574366,0.00362741528428874,0.0621257053588356,0.0298960926584491,0.144017312044145,0.0639460835505884,0.0088428885381396,0.00831461130683148,0.0272919110691141,0.000202970678566885,0.120893101448466,0.487101148085053,0.322298385001273,0.013482339642858,0.00352823632227118,0.0232166592132659,0.418854801198837,0.0179784902619089,0.0420868914776912,0.0373987149713068,0.00231117879166686,0.0175593526615301,0.0179112893932931,0.0785059467922905,0.00677226546422632,0.0107432363542101,0.000219245200375032,0,0,0.0810452893784364,0.00159052534660704,0.00524928594463325,0.00508338927662272,0.00466460993598766,0.0395639434950055,0.0368899264972667,0.00235337095202591,0.13890538176674,0.000235056160299384,0.00144707608396047,0.00967459060537024,0.0017464293245049,0,0.000580043290278721,0.000209226711109138,0.0279091232142796,0.000176039785147965,0.000178148855182243,0.000146818140482605,0.127598048862895,2.58663883009672e-05,0.000492144866211295,0.000832088049032447,0.143300381850034,0.00257696781297057,0.000158741571072865,0.000377542902688563,0.000454238259314454,0.000449003800621009,0.00144461165895058,0.0949111863827335
0.000847788140060712,0.0322707370168631,0.00185608254937015,0.00347460666120902,0.000141528697451257,0.00445860175088718,0.0120564192673915,0.0205964579998192,0.0134964411435414,0.0223770101463666,0.714366495087775,0.015738019936558,0,0.0224313668459579,0.00086499613444539,0.00340233421361373,0.00329750150509877,0.006336940096204,0.00191080993561249,0.00485833020870657,0.018121209705871,0.0343282586864905,0.0139989603395545,0.0184577983434803,0.425852943887271,0.0287276174535688,0.115723931014326,0.0203603299800963,0.00850214286801643,0.0128202089288836,0.119514179424604,0.0066123546853261,0.000181490696330714,0.262746237253379,0.003319073460199,0.0755556356665761,0.182006166577037,0.0213714563212908,0.012517887240948,0.0101608804194994,0.00188334522445445,0.156766054727487,0.00854818854270336,0.156154621527117,0.00670724574557411,0.00524606310229391,0.00879882421177953,0.00167518203230309,0.0241315597564999,0.000198497344309235,0.0225020525510955,0.000333676390605402,0.00068224447227298,0,0,5.84374110426426e-05,0.000401559114856363,0.0026687116085619,0.000479294528851652,0.351039354464127,0.000725279730826354,0.908746210749701,0.000713467074598312,0.000154106987810516,0.0024588765354581,0.000188464404251814,0.00718870676949066,0.000908458140384672,0.000442661959252894,0.000493098970805526,0.00415606272098448,0.00056678158877244,0.00421344112706176,0.258265473830055,0.161840034276459,0.314215896513793,0.00279147410121235,0.000701942293348825,3.88327402072668e-05,0.160289456222269,0.000309471860517883,9.76210137180802e-05,0.00751377183545436,0.00171388537497524
1.30073764924625,0.00204163546074054,0.0505308591351031,0.0260685027422057,0.001571832775099,0.0553971848243155,1.87794709072924,1.57708075006508,0.00229732161914855,0.325655849705935,0.323677122737795,0.158713952403626,0.0224313668459579,0,0.00632011599635622,3.3286100587523e-05,0.197304953560019,0.159320038092461,0.175374043572,0.0450038623284637,0.19691719389186,0.00273020590128503,0.251339508392532,0.0126778878871851,0.00431505881161835,0.129944229471889,0.073426491692097,0.117574419256446,1.24377200626868,0.774570080783566,0.0124192305399036,0.0284185660249296,0.00331134459636706,0.309540666983093,0.00797858863922043,0.182173742884223,0.0191595337000335,0.0264907453495259,0.0241036955752752,0.0707659118797369,0.0211598036948339,0.0350841780421409,0.0160350350493463,0.00234835142038883,0.0183142810443759,0.0126683935409759,0.0177982170995509,0.0112889725909681,0.0144900976766426,3.51577982161879e-05,0.000255547402019501,4.25160420005798e-05,0.00204373993299102,8.26220116710184e-05,0.00123488620861455,0.000666412323870182,0.00550590770048142,0.00418085355229839,0.00155900242735642,0.0040224653617323,0.00330394838219334,0.00206015552082206,0.00072495661619829,0.000961529787333323,0.00308202708472517,0,0.00033641209130522,0.000179011678728485,0.00104435844575286,0.000913088824124776,2.89552804398179e-05,0.000665890642991209,0.0346283595610575,0.000562779434969318,0.00428224617963477,0.00880249696230356,0.0197709486768516,0.00267200346707372,0.000417453535299242,0.000917373554712592,0.0019000689841162,0.000135351611435116,0.000876137542168525,0.00156442958905218
9.9424601840031e-05,0.00245152842613455,0.000250191310459471,0.0965557411720011,0.21138905455143,0.188140541843629,0.00988972218791235,0.0321608063587152,0.238473884921802,0.0333057502543332,0.00492433355660021,0.571585899447354,0.00086499613444539,0.00632011599635622,0,7.78825129980563e-05,0.00150162927865156,0.00206383029952736,0.0019565675956686,0.0483424702380188,0.00762626213140978,0.02102451312435,0.00175208451479236,0.133581564184687,0.00266311473707985,0.00199853970910269,0.0424429843739751,0.0785527284217701,0.00340260747021799,0.0101125986212533,0.000271918243101346,0.0482577048566314,0,0.0070982051167579,0.0441833368591903,0.0163330639670179,0.000439130629253781,0.000228515847214234,0.0010066870026066,0.233814127383714,0.00796836857151071,0.00196813506970406,0.00447905074026324,0.00156977922222991,0.00216562242271238,0.0101381321171159,0.00980855858252142,0.000552350219660425,0.000806661299100017,7.31951798347947e-05,0,0.000547758821189881,0.010134063768117,0,0.000522736014495087,0.000434048688072801,0.00054240616507672,0.00552955707825358,0.00233521341000936,0.000446537437666726,0.0124280983972482,7.80763761888029e-05,0.000187082155748558,0.00152204189397164,0.00238307829883774,9.30461071113109e-05,0.000318392996293592,0.000204164035501695,0.00294262815378079,0.00152901691032747,0.00174568832504149,0.00318975453643812,0.0126906210455127,0,0.00037644424076364,0.00299180126464468,0.0108041190901233,0.000412542335183167,0.000538335203505325,8.1061947101891e-05,0,0,0.000407018630770016,0.037853283579239
0,0.0190959157704657,0.00339907243835837,2.80176139969349e-05,0,0,0.000492701204497063,0.000286282160146761,0.0174089680287448,0.000108763368928432,0.00130249177029353,9.23549807111859e-05,0.00340233421361373,3.3286100587523e-05,7.78825129980563e-05,0,0.0016467124797917,0.000852917870262788,0.00282895203781837,0,1.45508922908084,0.691425882724433,1.1514748037688,0.292630819244056,0.0121381216385103,0.00397577514650792,0.546585777955733,0.328943042710109,0.000550220461747527,0.000438040535535312,0.000284306513931179,0.000131182609643841,9.29483934629918e-05,0.0034974986808608,0.013927036051618,0.267947798842379,0.0232172956679344,0.0119005528946385,0.0131442559337913,0.00169188857820604,0.00327329231706953,0.00517145130659618,0.0527398777037245,0.00120164717945009,0.00943230087857343,0.007874129545758,0.0238031809066114,0.00187876973560497,0.0176566856348354,0.00103835696499907,0.000272291155595302,0.00103349875111859,0.000105055389497375,0,0.000422298299587846,0.00390656813590859,0.0042408489932834,0.0119204744859847,0.00107139548137424,0.00140375774802258,0.000665310755028677,0.000389524355591631,0.00439735038443468,0.00267940460560281,0.95166538332749,0.000412432031341815,0.000233837070814753,0.000359954115122545,0.00040115258482821,0.0858618826954688,0.200771956096989,0.438107566225769,0.114045477143207,0.000544674584844255,0.00069256360718422,0.140797419728837,0.10611662067958,0.0350804971638523,0.0173375898286144,0,0.000441091515294254,0.00278867093555495,0.00541325127058698,0.00896058930911531
0.0462272541463204,0.000132638411945474,1.47809367065695,0.000836270917224036,0.000321096198826206,0.0053661141185494,0.0344936703334282,0.171436866521885,0.000455459568196595,0.0120378936684844,0.0423070448091194,0.00991083670434551,0.00329750150509877,0.197304953560019,0.00150162927865156,0.0016467124797917,0,0.136081836308015,0.768526561807081,0.00274144104793683,0.194013409876064,0.000537446136066949,1.39662368764314,0.00152084880130197,0.000288054113797343,0.880589446860566,0.533260854404109,0.0131893774732701,0.38586310177014,0.24408177952392,0.00124796060844024,0.00530616739258774,0.0421925621108195,0.789283429995364,0.0583355531045458,0.457660281891459,0.145693302931896,0.0494048267321056,0.150840570630469,0.0190398610384151,0.0106925844027101,0.00651095641818482,0.00387217874338489,0.000647061785866332,0.0021589213246979,0.00549677799934928,0.000397610316830337,0.00109888898454197,0.00140620804236702,0,0.00020188544260037,0.00399555195278282,0,9.09765371963024e-05,0,0,8.41231665980336e-05,0,0,0,0.000129921276409138,0,5.87816131697893e-05,0.000177209777176762,0.000109878088720715,0.00185637116987719,8.41062278468609e-05,0.000648475655949974,2.55741626157761e-05,0,0.000589413320148492,0.00223304524397011,6.6321903410852e-05,0,0.00316927118185088,0.0451832691437402,0.000123038269441808,0,0,0.000232534327446854,0,0,0.000309820606716406,0.039711320455288
0.00624101832454899,0.00017501799430095,0.0404674392000636,0.00693920782511414,0.000592034215905524,0.0156865368088741,0.0364264947350501,0.0731162047336733,0.000649920410679495,0.0736219590442411,0.645396964076135,0.0620348990126889,0.006336940096204,0.159320038092461,0.00206383029952736,0.000852917870262788,0.136081836308015,0,1.08166261094838,0.0145669221364594,0.077562775455087,0.00083318523064287,0.090406680566752,0.00694230112596905,0.000745745890991273,0.294616980922066,0.104492405463176,0.0352921333757914,0.104339113396019,0.0527427332690778,0.0226896596190627,0.0292209372769858,0.00379464702840009,0.385288351579634,0.0341541712105826,0.18857102243662,0.21964099248107,0.0761862356912602,0.150812829220814,0.0128154446891923,0.00844847275290224,0.00899606303308828,0.00495394152038146,0.0173291061354432,0.00385780366274852,0.00380730946249995,0.0016431668945143,0.000776274670552611,0.00171024878150898,0,0.000883636254693617,0.000204822053561437,0,0,0,0,0.000497691263050866,0.00109461516187396,4.12570785581827e-05,0.0152058870531673,0.000465208850775278,0.0391648359507008,0.000138600729894042,0,0.000153566866380894,0,0.011474725894812,0.000182623856673646,8.04511959784505e-05,0,7.75967585861442e-05,0,0.000798643155172418,0.00501671542575266,0.125342139849862,0.13290349517044,0,6.23569100136519e-05,0.000113170632603121,0.0151890054649082,4.33106593577385e-05,0,0.00051921081630671,0.0168570921822056
0.00929855565760198,0.000458257878250539,0.15101886285916,0.00658186870812407,0.000383036059769881,0.0133021941796482,0.0409019064196694,0.0721308864995731,0.00117172553509156,0.0732345057614383,0.167241270777398,0.0652831532085763,0.00191080993561249,0.175374043572,0.0019565675956686,0.00282895203781837,0.768526561807081,1.08166261094838,0,0.0147272798049059,0.170525685741514,0.00204462092208028,0.366033912645718,0.00638877812553059,0.000746293596615675,0.819401124443975,0.228617386446419,0.0375989465889244,0.164181857722581,0.0885563467274514,0.0011879743157559,0.0158472680408092,0.0105145829258352,0.923210620642612,0.0487056793026213,0.477654303851253,0.239704935379863,0.0751171605158585,0.267840751985133,0.0134747153216725,0.0112932900259789,0.00630518916554964,0.00483913332047316,0.00220479962931193,0.00221423122866323,0.0039452625257933,0.00115727303336203,0.000863040003029011,0.00118566863675158,0,0.000812063944295314,0.00125873664919125,5.07890363577366e-05,0,0,0,0.000209742799450147,0.00142337389398099,0,0.000300657977717638,0.00033368985308826,0.000552099835956347,3.32291611172557e-05,7.72149921356198e-05,0.000431828598747635,0.000843777480357555,0.00118270356894636,0.00107096278050286,0,7.44457512475017e-05,0.000358244167098403,0.000381936742553341,0.00107306095765681,0.000363325190871119,0.0110391978440182,0.0370181542573576,0,0,0,8.61077935315135e-05,4.91255882564306e-05,0,0.000557915789688158,0.042639627638332
0.00089553287204001,0.000544373982168853,0.001037354138936,1.67696265322948,0.00886544446624081,0.0455679761777968,0.0213341594986937,0.0708435855717073,0.0592322488914651,0.935592043745943,0.0319147563924438,0.996545436604574,0.00485833020870657,0.0450038623284637,0.0483424702380188,0,0.00274144104793683,0.0145669221364594,0.0147272798049059,0,0.00105468212043848,0.000278449506716692,0.00140322993103588,0.0489898260199319,0.000820684447316656,0.0138879088534371,0.00560509445724648,0.386761329796442,0.0359204258909515,0.00390321496036364,0.00172410112420581,0.010104132479155,0.000500022539249694,0.0264960683263001,0.00765507089079256,0.145710764506949,0.00389954834272459,0.000984027637260795,0.00601887677175163,0.0874023760694942,0.0053894543877461,0.0100298354189466,0.0217895637194564,0.00022245710471561,0.00772876942052903,0.00450796123742941,0.0322882261614304,0.00254005400510081,0.00395892684491451,0.000350433344547415,0,0,0.0525799911663171,0.000502952180486155,0.000757780250635541,0.0044727804459972,0.00221570706570036,0.0244120715110535,0.0275609395266745,0.000306179862353743,0.0384479237094313,0.000185440319379628,0.000943113723105654,0.00438124448957028,0.00179037865470595,0,4.45434626993894e-05,3.08110233289838e-05,0.0147529888866944,0.000329265818245173,9.05977249292967e-05,0.00056111401454767,0.0990803867445559,0.000151208611503923,0.000255646658288741,0.000213936098595178,0.115502356366123,0.00223172472393717,9.53089171529057e-05,2.25605989339113e-05,8.81285925622466e-05,0.000183956186995173,0.00137059171189876,0.000768645608708178
0.0567419395833979,0.0015659344458397,0.235961104607131,0.00088801044010688,0.000451848638528251,0.0179645616894606,0.863321950394295,0.283666444987749,0.00767793479950821,0.0100938820488841,0.0548248749236779,0.00350959332088834,0.018121209705871,0.19691719389186,0.00762626213140978,1.45508922908084,0.194013409876064,0.077562775455087,0.170525685741514,0.00105468212043848,0,0.0514653088008541,4.06068191403131,0.0818406304869234,0.0041576896510805,0.204216015670218,0.269846267997542,0.658899920539295,0.192361549983939,1.87502755450202,0.0089703959522697,0.00705343355886339,0.0296587101914247,0.7778255087941,0.334780847271944,2.68022388277163,0.109349950269429,0.452929976078999,0.308994269315387,0.0485881120134737,0.0737956425962479,0.0280983297438074,0.0724730736103691,0.00223520986769402,0.0216424606560303,0.020023627794415,0.0398202907180421,0.00756585010972718,0.0219714639923842,0.00168198058399774,0.00034411215453347,0.000621995343195343,0.00108329245322266,0.000269340465532708,0.000408162722666216,0.00662031229105078,0.00674695421964673,0.011937446094124,0.00175289089731966,0.00165424946349572,0.000851057314740107,0.000555485083191824,0.00686539988316262,0.0034698157081789,0.187618093568757,0.000134484909851599,0.000179386857886887,4.19064209866166e-05,0.000566111605732322,0.0502414335453669,0.0443240745423141,0.0466694576828945,0.136008484958223,0.000224833755024791,0.00160504980365311,0.0134971386595719,0.0957591013292415,0.0458291485364525,0.0123096868604603,0.000273764678701055,0.000645161364979875,0.00262237299488869,0.0079305261165889,0.112688046596042
0,0.173606881695174,0.00223371595105375,0.000550996026232362,0.0032800458083344,0.00108103730901873,0.00110580697763616,0.00376361694000932,0.527962471588032,0.000316683490859854,0.0254587674099343,0.00375370785866149,0.0343282586864905,0.00273020590128503,0.02102451312435,0.691425882724433,0.000537446136066949,0.00083318523064287,0.00204462092208028,0.000278449506716692,0.0514653088008541,0,0.0604557852816919,1.20035495357281,0.283436247866353,0.00672438314464094,2.16315644948043,0.0764290350222339,0.000932422477089883,0.000678669583643567,0.00116616017131955,0.00146304425371497,0,0.0289472768541067,0.000135432839665151,0.0114425387032265,0.00885470784396616,0.00289249670578338,0.00179836839765033,0.0229887320424415,0.000334588848731756,0.0072160476348301,0.013530760795849,0.00417734116130126,0.00330142365316671,0.00427460746674135,0.00279715974214927,0.000773718470340397,0.00105318324936389,0.000248228525147557,0.00692683058681694,0.00228961863181575,0.000524745763805211,0,0.000140018349105131,0.00109669269626773,0.000962200124875462,0.00950428992006416,0.000776867831930253,0.00564967519851913,0.000175842980664682,0.00997154211190178,0.00118685799318478,0.000320563766867721,0.149449447061661,0.00214604360903965,0.000656040909578895,0.000975533373483828,0.000104336171497607,0.0126876350835731,0.05542307110018,0.0358240465431256,0.0649734249893839,0.00776839605404996,0.00935635679982108,0.236623668457047,0.0272627431938115,0.00875693885895548,0.00284449182518066,0.00231580476375282,0,0.000738433998883411,0.00198720587338488,0.00187150701185335
0.0714811424880255,0.000873907382837425,4.91094421005782,0.000955674561222938,0.000215341729192424,0.00914657477096233,0.140397647441676,0.255161274966362,0.00255943580803453,0.00700348588686281,0.0450225669745255,0.00497697758172463,0.0139989603395545,0.251339508392532,0.00175208451479236,1.1514748037688,1.39662368764314,0.090406680566752,0.366033912645718,0.00140322993103588,4.06068191403131,0.0604557852816919,0,0.020565261295478,0.00246560351641719,0.578949502261376,1.57267155126054,0.147138660976592,0.354725343668519,0.588479122103979,0.00625881866817941,0.00474894652354559,0.0401196087167885,1.207680087674,0.622536807940552,6.6627074374394,1.07192243126188,0.998801424858482,1.03179142402458,0.0599644082496728,0.097104693545639,0.0210250345151819,0.0684556829837584,0.00358994157807351,0.0118149617373147,0.0271279153515945,0.0240298032317634,0.00431849767674757,0.0408999753289868,0.000378805073837138,0.00104504697461999,0.00752627790193492,0.000171866718400168,8.18329632183554e-05,0.000191640218138027,0.00523913708241454,0.00312805383115266,0.00375702074236598,0.00109958339384568,0.00104486787160435,0.00114698798220886,0.000676050402387226,0.0019390844647447,0.00200922786987662,0.882553331940885,0.00754797929968875,0.000424521220632196,0.00135366213910537,0.000708262020236242,0.0632832173093727,0.112597070684058,0.638353884803744,0.0503603432455845,0.000475041207143009,0.00441401801890656,0.534722109716007,0.0706360090868483,0.0139310817790909,0.010641171891829,0.000197804875098419,0.000159729875444007,0.00123887908950417,0.00347171790802096,0.319063986742518
0.00030772529350909,0.0811392724343924,0.00293421944101004,0.871485090100683,0.0237031620906302,0.0114772768548397,0.0907908437474393,0.01714259841692,1.51826913497448,0.0168004259492061,0.0186531352098757,0.0865781470574366,0.0184577983434803,0.0126778878871851,0.133581564184687,0.292630819244056,0.00152084880130197,0.00694230112596905,0.00638877812553059,0.0489898260199319,0.0818406304869234,1.20035495357281,0.020565261295478,0,0.11637575439401,0.00982650018124251,0.756087373138493,0.973107466298171,0.0263210446191453,0.0320417481887537,0.00123673490013622,0.00371733843698811,0.00886309961798575,0.0329357738556989,0.0366504546232535,0.349770577662374,0.00943817911293927,0.00268812758119357,0.0116275314004223,0.152454376455747,0.00731196139688793,0.0137002637635166,0.341745896850692,0.00286333210801314,0.0831158116212323,0.0495301389902195,0.172573777592895,0.0200241313613149,0.0201780328024074,0.00388387176699715,0.00235751225754101,0.000710770635534584,0.106032644945001,0.00049353095193038,0.00238111551567431,0.0273097861578846,0.0433974264133096,0.214007463388686,0.0703867186670067,0.00819432183962483,0.0703732320414871,0.0028358544156356,0.0285790180865222,0.0124383563773378,0.159260814701019,0.000795532775914029,0.000932032320758164,0.00101255235673235,0.0275356875870605,0.0352690743835386,0.0494836516038642,0.0286949785447641,1.07122730474903,0.00455683944558071,0.00168788521265055,0.0252518665608113,0.639035896643196,0.0962869743530474,0.0115731104414311,0.00031335512723372,0.00188324836590798,0.00464640694681186,0.0265835685382459,0.0208120218750182
0.000167126921086109,0.274477481810553,0.000240407484344339,0.000403092430636537,0.00045905871980381,0.000979797480647936,0.00181579361583477,0.00402563153531201,0.0663146654872024,0.00412750837588636,0.12615255373549,0.00362741528428874,0.425852943887271,0.00431505881161835,0.00266311473707985,0.0121381216385103,0.000288054113797343,0.000745745890991273,0.000746293596615675,0.000820684447316656,0.0041576896510805,0.283436247866353,0.00246560351641719,0.11637575439401,0,0.00432473473806039,0.135353222646806,0.00749659640154327,0.000936829551696823,0.00138130045957194,0.00790788467615445,0.00152815760601949,0,0.0759516523893914,0.000348803211042213,0.00588296977596346,0.0223679505356554,0.00416269135234011,0.00137116702785945,0.00522715756960436,0.000267021558231712,0.027065703091297,0.00499625437686236,0.0102911364489454,0.00205698754250478,0.0025126198498686,0.00624102100372487,0.000414557028185129,0.00415039572040844,0,0.0134500457407926,0.000106386684243297,0.000429459704513002,0,0.000253684663623762,0.000209287285836506,0.000946403100103331,0.000737725192500617,0.000446368067342973,0.0328687672284093,0.000539682682879937,0.0956111484814987,0.000111369061919951,5.54436779890537e-05,0.00118827018314369,0.000160922927292228,0.0012178794338747,0.000583129486053705,0.000657862671837854,0.000239210019483065,0.000492366741507292,0.000555002384644318,0.00480513945982093,0.120953620824103,0.0191745393710155,0.135348613033378,0.0014926343441488,0.000618427119203949,0.000263757666706693,0.0100019795395147,4.75050112663507e-05,0,0.00136308003749063,0.000313522112725687
0.0110696653269572,0.00521433014811484,0.928050316991789,0.00665427602762511,0.000503040926307559,0.0141039121929764,0.0454742077760378,0.0739084433371438,0.00408464161106992,0.0630518936149258,0.402091693999789,0.0621257053588356,0.0287276174535688,0.129944229471889,0.00199853970910269,0.00397577514650792,0.880589446860566,0.294616980922066,0.819401124443975,0.0138879088534371,0.204216015670218,0.00672438314464094,0.578949502261376,0.00982650018124251,0.00432473473806039,0,1.89363082388045,0.0423577291406192,0.114629979301912,0.0886952411096329,0.187427043828524,0.0165093028791745,0.00692909308532646,0.386367169102266,0.115501579349254,1.21553261887897,1.87108705404271,0.106738566699727,0.355036149625423,0.0255680260783458,0.020909231296849,0.0137406750711501,0.188282495666351,0.189942082194316,0.0689660348181621,0.0756048621482564,0.00228684890966427,0.00217917625751847,0.00238929668971071,0.000287074770807624,0.0313149604836706,0.0431208919952691,0,0.000101483250944257,0.000224773854925513,0.00212357678126187,0.00164417783330244,0.00403630824459637,0.000133393043623019,0.0722256184023786,0.000680991236723864,0.202224099308243,0.00256828590805047,0.000469454008194923,0.00124381979493099,0.0664445194232668,0.11623719545883,0.108335824050479,0,0.0032761824775232,0.00565198172832831,0.0131775378920764,0.00162431767608236,0.0442410309761746,1.33936215834093,2.39780792979674,0.000685809140501666,0.00156940532787278,0.00517525665376751,0.0744548134342606,0.000200939629056466,6.84088825978994e-05,0.0317140285837169,0.0914476929946782
