0,0,0.00806017833742311,0.000329872584957695,0,0.00286174436803902,0.276488909499126,0.171163313783487,0.000242461654580832,0.00690907903630131,0.0023267649592166,0.00109523838913837,0.000334951483532968,1.16260328878936,0.000297968603947717,0.000119796007648566,0.0402575674702655,0.00132060225038158,0.00799642320095536,0.000203326977517462,0.0134616734331134,0,0.0335506095571717,0.00147514398221342,0,0.0106556898957505,0.00705202781024117,0.00910605921228906,0.605568359186671,0.352060679452284,0,0.000598749634458128,0.00079679228618297,0.0144888460219879,0.00128579492182031,0.00540649214607677,0.000396099214477632,0.010019849024247,0.00356637792972694,0.00153949779331191,0.000382757140616962,0,0.000233055681280744,0,0,0,0,0,0,0,0,0,0,0,0,0,3.74787373797774e-05,7.64591027919533e-05,0,0,0,0,0,0,4.60303011330724e-05,0,0,0,5.76828549548984e-05,0,0.000130187092221648,8.55937089416085e-05,3.81275312068283e-05,0,0,0.000528592929722026,0.000396217955278045,0,0,0,0,0,0.000123668387667358,0
0,0,0.00336247866118187,0,0.0011711555251035,0.000189933810531402,0.000117181019392187,0.000164120660567629,0.142975503173324,0,0.00975260820695356,0.00110280599731788,0.0816791168970271,0.00070192024474763,0.0057970249252189,0.0224404938585533,0.00400055882669193,0.00137653138676763,0.00312799811049285,0,0.000434219486098171,0.289691072557778,0.00125394080193793,0.111823000720054,0.213493484053148,0.0499022354716117,1.36337521505295,0.00450039045367483,0.000827592107681112,0.00014679735104312,0.0120173780451488,0.000242886714017445,0,0.00689858464568346,0.000849090022665748,0.0105080897511557,0.0085471349007412,0.0134576235421844,0.00488069303279406,0.00617340502307561,0.000222205779633784,0.0136414752623461,0.0144976272310282,0.00310714567034666,0.00686515209650711,0.00847998498424575,0.000175028001587283,0.00017904571022051,0.00257766819313538,8.31467458856698e-05,0.0928472644201479,0.00636494126105114,0,0,4.33883906953275e-05,0.000911812383683484,0.000134535822281143,0.00180820043994753,0,0.00191512479043884,5.07083336565197e-05,0.0129193709239147,0.00047418839173167,7.65743495658278e-05,0.00452713159195363,0.0251923461482496,0.000638061070666248,0.00523440337481813,0,0.000910816848676855,0.0119074557952024,0.00602327978791432,0.00296659473663618,0.0137980513524198,0.0304843229389178,0.28171239990927,0.000711122034048548,0.000365851186615703,0.000599330024356499,0.00652250895899823,4.05109330503821e-05,0,0.00112411983746957,0.000878544334263971
0.00806017833742311,0.00336247866118187,0,4.28262810411334e-05,4.4490811048162e-05,0.00332165587335946,0.135738896064069,0.0775130703679575,0.000247884518413508,0.00414135016827851,0.00204644054299554,0.000927116410669586,0,0.0676317368083613,0.000637772044880727,0.0325465779980704,1.2996516156642,0.00663622275958517,0.0620552782843744,0.000572070448389119,0.300902523477211,0.00257948615062761,2.63099436837762,0.0306128835045617,0,1.56067968381788,2.22711138323114,0.26375987274239,0.0162668416056102,0.142035037561608,0,0.000623636113379556,0.000771693066600077,0.182247486121868,0.0250422286035372,0.260573405232746,0.0833225123610993,0.212527227115108,0.200955858384504,0.000960303529727454,0.0011985302782784,0,0.0604520046911417,0.00592169657873516,0.0179667823194143,0.0279020300212875,0.000348847242786029,0.000218612021863562,0.000195195172692955,0,0.00736286199663206,0.047498202204726,8.87847986668707e-05,7.23464742264628e-05,0,0.00147792038462195,0,0.000338111670085806,0,8.19581934027079e-05,0,0.000533659988551623,0.000102942001765704,0.000541223041256583,0.00284508566410199,0.0591707429220456,0.000200423748902208,0.00364145494866616,0,0.00130517805087449,0.0043842998084348,0.031995059382365,0.000832655519886994,6.16785985709369e-05,0.0271147682703385,0.292790385533964,0.00182487214830574,3.31247225209892e-05,0.000310921714336369,3.32045847024023e-05,0,3.6481665180996e-05,0.00430014246979164,0.025326465308427
0.000329872584957695,0,4.28262810411334e-05,0,0.00819848224404074,0.0392444021308345,0.0105465991702625,0.0271441287840426,0.169550103439091,1.00309814547873,0.00877647886887799,0.828609502774171,0.0051379054912483,0.0218217206648857,0.022069014567146,4.3151322004509e-05,0.000659950498393387,0.00107627378477111,0.00119751657074324,2.41495637401457,0.000495184845463675,0.000336116497901374,0.000197464131141889,0.362528611928934,6.03743527429492e-05,0.00160184300816255,0.000763904342866981,1.11575115386143,0.0118558769013832,0.00117509874836172,5.19615065558017e-05,0.00250822701656236,0.000158434108813047,0.0224523001035393,0.00176977481913169,0.0421380326866038,0.0010920666590579,0.015222067657202,0.00161325612803731,0.0411221569565078,0.00588805090403829,0.000285703736000454,0.0045207981269078,0.000112538012409019,0.00141863700295541,0.000118879845614752,0.02511373331583,0.00140360070322825,0.00018042540862031,0,4.6618684430629e-05,0,0.107540233880422,0.00256810762991866,0.00219038071610973,0.0214139045925847,0.00434703646870262,0.100416122758762,0.0290737105592226,0.0001377787568973,0.0843830111456494,0.0049439467573789,0.00052766068888272,0.014414548469429,0,0,0,0,0.096788668055778,0,0.000512766252916444,0,0.173631371556763,0,0,0.000324700027620944,0.127234241753417,0.00044389595584715,0,0,0.00031604813346783,0,0.00105837830764318,0.000279859156404602
0,0.0011711555251035,4.4490811048162e-05,0.00819848224404074,0,0.482917590750699,0.0118203142055752,0.0808658240536849,0.0962380072157336,0.0330224050456112,0.00412708162758642,0.115659823433309,0.0039095026549502,0.00396214353984667,0.417107689581859,0.000130880677808308,4.5541420171243e-05,0.000353410937386435,0.000274385356531864,0.00573312725401146,0.000432155362430483,0.0043148351610695,0.000181314554221562,0.0291268947843205,0.000781248652455937,0.000432446475206807,0.00344391543003067,0.0173535848874626,0.00100480618276536,0.00182780912109381,0.000211029764355057,0.0494557482563692,3.66278959140361e-05,0.0879885981749805,0.0101911691792334,0.0849878966811791,0.00157287056703231,0.00687567379304334,0.00728495374801623,1.21468428545158,0.443431816206177,0.000523372394037557,0.00101849342695232,0,0,0,0.00821583062887191,0,6.56194431084633e-05,0,0,0,0.00466475343407143,0.00133229283904978,0.000621734954520631,0.000506557179254726,6.91023906433255e-05,0.0100979347792849,0.000960271466367667,0,0.00774566887495244,0.00264297157607315,0,0.00494162804551803,5.81375765898347e-05,0,0,0,0.00427898896439148,0,0.000282592459086931,0,0.0059459884627563,8.44417124588491e-05,0,4.02011069231867e-05,0.0027595947675084,0,0,0,0.000219383602560294,0,0,0.00193501915818535
0.00286174436803902,0.000189933810531402,0.00332165587335946,0.0392444021308345,0.482917590750699,0,0.469450033244494,1.96107805128033,0.047963810104319,2.07097962718164,0.0293749555816465,1.06365236920661,0.0125643602631959,0.245192765990139,0.317408464195772,6.61458360469282e-05,0.00718511709207082,0.00403130582712606,0.00525996451054404,0.0409547514733989,0.00524269311323272,0.000558334884754873,0.00716809827450454,0.0299725302425263,0.000534722011045915,0.00799220380149154,0.006250456986097,0.235712855773991,0.0410345632708147,0.0211202156684739,0.000275333765939707,0.0386274549508924,0.000263583217801314,0.0639296485899361,0.168255909508057,0.166972031323472,0.00523350910150292,0.0420865774683084,0.0102036267482423,0.443479314301407,0.071633434045899,0.000804360441917057,0.00826094880506413,0.000166650302120528,0.00206786159388447,0.000381388588543314,0.0103582811887979,0.0019820258747964,0.000473297273587498,0,0.000426332604230946,0,0.0132053462918665,0.0010540516435843,0.000616869750339177,0.019406459288738,0.00189362385941588,0.0138570878475624,0.00638137547434407,0.000200401169008159,0.0226027693970872,0.00409858033024026,0.000822777915838307,0.00492193234358747,0.000240324798161605,0,0,0,0.0175222771305582,0,4.55800452096403e-05,3.0784175799343e-05,0.0575129514066319,0.000122972948473811,0,8.6442167198497e-05,0.0555122651927747,0.000621798870297045,0,0,3.33811351480723e-05,5.53429881883204e-05,0.00158247522185689,0.0180093456396142
0.276488909499126,0.000117181019392187,0.135738896064069,0.0105465991702625,0.0118203142055752,0.469450033244494,0,1.35245896110372,0.053803285082239,4.04297961332134,0.0449520219633264,0.0514191327410838,0.00930494648490059,1.57768530164307,0.0234425075376639,0.00270774012610212,0.0856133817001048,0.00978052970459333,0.0301384755097837,0.00897176300348106,0.194759039281448,0.00115622732027957,0.187387248586116,0.142683271686898,0.000159400259886796,0.181689788191194,0.0754411515831643,3.64156712954283,0.365578152812368,1.39838785969818,0.000323535780726576,0.0153586237561473,0.0136315752781262,0.265570330893477,0.0603349335080558,0.345288837785024,0.0171891415107945,0.208896105641092,0.0780505307914471,0.0651819139579011,0.034284122183982,0.000536320749228883,0.0359750846543732,0.000876172920275115,0.00887893286262745,0.00368828993735115,0.00631974342015621,0.00434450250954724,0.000401673908013299,0,7.82432779620768e-05,0.000501139986202437,0.019750586923002,0.000165362633282933,0.0011410768958166,0.0217023216971392,0.00451903679867678,0.0230468475876248,0.0117636200658796,0.000271951570690978,0.0188882469547771,0.00362879678393587,0.0011180256088921,0.00325178762441355,0.0110694227867022,0.000108959604119545,0,0,0.0261077748628651,0.00188707420456357,0.00485108748392895,0.00329528338068737,0.101291524468613,8.00628107957482e-05,6.29342870795637e-05,0.0289116928605483,0.0921463977691444,0.00220629655679229,4.64391852689207e-05,0,4.10893930432796e-05,3.18373431692153e-05,0.00538713379835533,0.00648198635001973
0.171163313783487,0.000164120660567629,0.0775130703679575,0.0271441287840426,0.0808658240536849,1.96107805128033,1.35245896110372,0,0.0324393756985533,1.15450698513034,0.0621398086872102,0.392405161279271,0.0191663894221132,4.00591176769299,0.0334748556867215,0.00131239472818428,0.239943532429498,0.0155293157358782,0.07003177164996,0.0439422313486146,0.131030806409584,0.000264849608309018,0.22252752774307,0.0324310286307258,0.000749922660182869,0.113753065855769,0.0747569542730187,0.267141198283705,0.278483154496378,0.657844262316693,0.000955667237020075,0.0508679115619613,0.00301728091004089,0.164124800499869,0.0156630674173685,0.287133905797621,0.0109838630508291,0.125794605148291,0.0518885134824546,0.188347872482397,0.040571260975434,0.00121449363502899,0.00716925049539492,0.000179281450418258,0.00171761715114889,0.000517409699738532,0.00500284107683408,0.00123114421316635,0.000440642904935786,0,0.000314807944793052,0.000376787548027906,0.00884402280026085,0.000149761908015007,0.000278963787980235,0.0169154043511654,0.00174963898879328,0.0122438737017014,0.00402139899174167,0.000244453065693665,0.0203828180791099,0.00530632261958637,8.92549326166868e-05,0.00133831620419113,0.00104021116490269,0,0,0,0.0141454288869124,0.000261045306827867,0.000795645374776727,3.94036834457099e-05,0.0644512161543268,0.000331498391186977,8.05803127045749e-05,0.00272037305844038,0.0501502039813068,0.000334063767408213,0,0.000207255035309184,0,0.000206552724754518,0.00132801293031713,0.00171539223718221
0.000242461654580832,0.142975503173324,0.000247884518413508,0.169550103439091,0.0962380072157336,0.047963810104319,0.053803285082239,0.0324393756985533,0,0.142422903743231,0.00680438898450306,0.304763480587467,0.018631209350247,0.0155923721298724,0.366367647320329,0.00671474454085978,0.00036794635483261,0.00168088735622582,0.00188506677074714,0.0359048595861019,0.00109198788525341,0.545074140862981,0.000678546120542514,3.62310219430227,0.0773613431945606,0.0214682806756897,0.383990835709618,0.592697860356432,0.0122945771477601,0.00361401580172663,0.007589771739089,0.0027036636338946,0.000922046750955753,0.0198529178718131,0.0075359390455551,0.0665734723180155,0.00388772745743045,0.0165415183778687,0.0049330602840232,0.224967509814771,0.0124058980473292,0.00223459461489533,0.0809355299594309,0.00318580327881736,0.0182273784654279,0.00599229122166081,0.0342068270394064,0.00932423400284707,0.000308716799576187,8.06436674619555e-05,0.001507446612128,0.000161157151579297,0.0708819379494916,0.00585222579606573,0.00510255835466144,0.0353317760540307,0.00869353787560067,0.372527322937516,0.0283038882823992,0.00271412585792516,0.041706795101942,0.0101855158308293,0.00489745026064962,0.0191238537220023,0.0692110249102635,0.000627041231865981,0.000385293097000098,0.00038287372037206,0.060151830678737,0.00625908564059768,0.0513005010992656,0.00619562586269826,0.511617098221738,0.000611968833930147,0.00165021951557727,0.0081244293271973,0.196284411369514,0.00844618604251512,0.000925405320570957,0.000258859783129549,0.00282766182669896,0.000229875116272545,0.0100478815296008,0.0142492063559782
0.00690907903630131,0,0.00414135016827851,1.00309814547873,0.0330224050456112,2.07097962718164,4.04297961332134,1.15450698513034,0.142422903743231,0,0.109449936289505,1.31486228881615,0.0315471228619692,0.552765946607995,0.0433608335615971,3.88119789154768e-05,0.00871750532904714,0.0153807479568753,0.0194313852791078,0.644057583106196,0.00601902469417554,0.000148948565061444,0.00524709420656469,0.171155573769671,0.00124904864191397,0.0164050497911604,0.00796420307449978,1.41021722205687,0.19458710890606,0.0190348028140554,0.000886866055251593,0.0277424304683655,0.000655744040516632,0.291920232821415,0.02523020184105,0.477331774404554,0.0105174955112686,0.199197208301268,0.0216096389202771,0.145101163005826,0.0540588423931685,0.00159136510477204,0.00724950142036065,2.55353737319052e-05,0.00196679600106203,0.000143423429703092,0.0384737683893492,0.000964989032780345,0.000859276658438671,6.5932352596265e-05,0,0,0.137226073054039,0.00326804039517484,0.00255953380044197,0.0427498925437088,0.00510258277245385,0.0948601789504401,0.0344845315461121,5.52823038815379e-05,0.094945176518313,0.00883609173029047,0.000466330501084006,0.0194629793935973,0.000319700109305165,0,0,0,0.115693512154996,6.17586896481156e-05,0.000482456059657484,4.73060584145546e-05,0.180636526807997,8.41448548476247e-05,0,0.000260395996863305,0.189715229405979,0.000654358363898015,0,0,0,3.91194891561031e-05,0.001776447889195,0.00232692717674801
0.0023267649592166,0.00975260820695356,0.00204644054299554,0.00877647886887799,0.00412708162758642,0.0293749555816465,0.0449520219633264,0.0621398086872102,0.00680438898450306,0.109449936289505,0,0.0714068293721279,0.823755329804497,0.183166549571084,0.0021099631909319,0.00227690082456047,0.0303788837741131,0.946992878421648,0.174239635037261,0.01131777586148,0.00499414308711312,0.00460895710435499,0.0360046221089922,0.00724592196184355,0.0527110131979306,0.303841972439468,0.0804492728948397,0.0308709935642961,0.267673883604914,0.0123627920623949,0.0635946619282657,0.141627548902259,0.000629267059171644,1.08645486102495,0.0123753190115055,0.241392477644193,0.379427678152536,0.663069022303932,0.0728871598653435,0.0141497306821196,0.00217823455754581,0.111620607643993,0.00467490493658842,0.0667695442131042,0.00762777708708261,0.00193950435949078,0.00131442282096557,0.000164790871857291,0.102513829914431,0,0.00790942892146186,0.000152828586159468,5.27184244590819e-05,0,0,0.000247254938366306,0.000215325312054282,0.00306119402408204,0,0.0922845417651408,0.00151067706294863,0.33585114297649,0.000328311946699309,0.000320543314179825,0.00026418381111711,0.000458530936219108,0.003005688602931,0.00167277515116225,0,0.000159830462745905,0.00168987944558843,0.000353770595468235,0.00261026311845441,0.0301249903715815,0.0347830579623083,0.109687639829461,0.000443752451666611,0.000468999309018278,0,0.124731589908379,0.000703176875768233,0,0.00215077137879498,0.00554044450856338
0.00109523838913837,0.00110280599731788,0.000927116410669586,0.828609502774171,0.115659823433309,1.06365236920661,0.0514191327410838,0.392405161279271,0.304763480587467,1.31486228881615,0.0714068293721279,0,0.0245934975814511,0.18777763421221,0.308871326806799,0.000233885399257848,0.00331016971329473,0.0109520969638094,0.0125068135069702,1.60006145284023,0.000746900176873767,0.0023900785894138,0.00149020216392695,0.179477030939216,0.000987839140523617,0.0120756002682904,0.0142428511592991,0.249991748088571,0.0683598039241225,0.00378451811663098,0.00178173465205429,0.0195786230570209,0,0.115245661302206,0.180589091879022,0.141937545051882,0.0066768859868623,0.0690624029817037,0.00751068446184932,0.326102801458416,0.021764315036364,0.00111907332764512,0.0062468479753413,0.000276865715928811,0.000847291465211685,4.73659662709951e-05,0.0575068213222059,0.00073548509792054,0.00114140420778502,0,0.000115378429333317,4.4258822945708e-05,0.0527314531903481,0.00835479159200493,0.00386704235804149,0.00460924598876371,0.0037090311700605,0.0661592620492362,0.0107186771385386,0.00104023665760756,0.202782438090733,0.00734412006520723,0.001973392483051,0.0308114913560336,0.000114264469941008,9.17369660944281e-05,0.00022075140735659,6.12107131854058e-05,0.0665541346920931,0,0.000542785647569737,0,0.0484301266494935,0.000262675572036424,6.90183208191633e-05,0.000173501621395141,0.0335570189684862,0.00109354417449226,0,0,0.00152425587337685,0,0.000689062864402726,0.0364149058392193
0.000334951483532968,0.0816791168970271,0,0.0051379054912483,0.0039095026549502,0.0125643602631959,0.00930494648490059,0.0191663894221132,0.018631209350247,0.0315471228619692,0.823755329804497,0.0245934975814511,0,0.033789231732134,0.00532942622265775,0.00105861633231044,0.000138096729020858,0.00447057521609179,0.000588419923123201,0.00429412029401064,0.00046407754738605,0.0310594416954442,0.000526780984109759,0.0161016394776286,0.399891965427395,0.0285389661926903,0.329086059259229,0.0227205212735423,0.0378663104177351,0.00328276348695208,0.20127363379908,0.0314826844312479,0.000164181080073428,0.215351708803174,0.00193568636241299,0.0772124528251254,0.236276852934085,0.116011419682822,0.00995883840186586,0.194111291344228,0.00488042243311767,0.283122429937745,0.018178172208619,0.131529648367575,0.023140068006979,0.00320664066570084,0.033115584333294,0.00176229741608048,0.270075603260724,0,0.0258751241340988,0,0.00240050977113922,0.0011885133417867,0.000495388437026745,0.00445647464898639,0.00354045639088595,0.00607974086459504,0.00185237779619739,0.222100022061506,0.00679056665590922,0.860283993517958,0.00208055045757626,0.00416627272521193,0.00636276230576366,0.000166073747348267,0.00262648521493904,0.00248080519837874,0.00472098711178538,0.00171545531143007,0.00399983433344469,0.000449315476006389,0.0125192177118487,0.133800391963365,0.0357808862307321,0.236920146481165,0.0182580671041741,0.00176429419502342,0,0.229314748416387,0.00235806512890561,4.9058574158597e-05,0.00638952257254742,0.00212012958738218
1.16260328878936,0.00070192024474763,0.0676317368083613,0.0218217206648857,0.00396214353984667,0.245192765990139,1.57768530164307,4.00591176769299,0.0155923721298724,0.552765946607995,0.183166549571084,0.18777763421221,0.033789231732134,0,0.00695116182574667,0.00352454301868713,0.343351986758319,0.0469917250694228,0.131835535970608,0.0361956490179841,0.179341308889315,0.000707508346638191,0.294081109369287,0.0514909008966941,0.00166414880581591,0.136752414102702,0.131984743077925,0.293299411522356,1.56848928343499,1.41604564422827,0.00267275062119632,0.0146919994718303,0.0108355807519715,0.309271966433587,0.0182791416338029,0.248232771456351,0.0146973526660753,0.199796757603279,0.0591512239702835,0.0739065046431668,0.0148619319170652,0.0029883164286487,0.0037719427560659,0.000317921120194983,0.000630390980017907,0.000281102984970867,0.00146911414740058,0.000133786123570782,0.00115937372596088,0,0.000480456219794697,0.000379334260267946,0.00225009779017377,6.90664023943841e-05,8.33468568866579e-05,0.0031642105538602,0.00039068776177209,0.00550498313279284,0.000426129216878805,0.00072298331163556,0.00765004665906259,0.00556488089537894,0.000219002755911649,0.000532494673477015,0.00087519721841335,0.000479660611774811,0,0,0.00334876684884941,0.000106069736733586,0.000681834603171938,4.37214205697358e-05,0.0279554282033361,0.000799017956403306,0.000422119369244271,0.00480668317752755,0.0116900030989743,6.82450391127229e-05,0,0.000329207508114225,0,0,0.000326695682281745,0.00169668866823886
0.000297968603947717,0.0057970249252189,0.000637772044880727,0.022069014567146,0.417107689581859,0.317408464195772,0.0234425075376639,0.0334748556867215,0.366367647320329,0.0433608335615971,0.0021099631909319,0.308871326806799,0.00532942622265775,0.00695116182574667,0,0.00821917695929593,0.000253624694611358,0.000538474077166924,0.000801725699058482,0.010736772387812,0.0202306831458594,0.0203594649168199,0.0259475539892181,0.123636359624843,0.00307563549552499,0.00224369261118696,0.0382188231748697,0.0703477491758164,0.0063969107960131,0.0258563974399509,0.000431332818764776,0.00410942134534574,0.000288382960936135,0.0110814670844064,0.236860668389989,0.0264633103658658,0.0076809802028134,0.0071928084475846,0.00778065513268009,0.368171619851276,0.0341682648194323,0.00015693018284669,0.00863686230563506,0.00132913939594572,0.00208635401994856,0.0030555870405349,0.0227085835492577,0.000349599845330906,0,0,0.000174470784019059,0.000396372204095108,0.0124877408121879,0.00310833483321834,0.000603842143355146,0.00379571536086991,0.000477159667467499,0.0218129152063588,0.00264793599310451,0,0.0170050073489666,0.00329048454730162,0.000146981158831003,0.00850935347115223,0.00407414979821934,0.000152673901991636,0.000278015418965763,7.18672786972225e-05,0.0107950603960454,0.00307305393502669,0.000982468123825917,0.00481410269463491,0.0260083027952368,0.000101345539075935,0.000114785450167841,0.00346941002441109,0.0171072717564322,0.000208860319462231,0.000778459523891656,0,0.000307316350204387,0,0.000720348093032843,0.196231358687671
0.000119796007648566,0.0224404938585533,0.0325465779980704,4.3151322004509e-05,0.000130880677808308,6.61458360469282e-05,0.00270774012610212,0.00131239472818428,0.00671474454085978,3.88119789154768e-05,0.00227690082456047,0.000233885399257848,0.00105861633231044,0.00352454301868713,0.00821917695929593,0,0.0170975649602383,0.002012847109269,0.00880946185106222,0,0.938673334589562,0.463115845599413,1.03253917649078,0.573861274841571,0.00524954357302617,0.0363441566579907,0.952702534306664,0.407752072872203,0.002205869060289,0.00740664249250599,0.000311534703928721,0.000346469359125686,0.000209280648386356,0.0681198356580446,0.176493278575441,0.794621973786415,0.182114280188473,0.2464109390483,0.225171793592297,0.00486245517697055,0.000592293757303327,0.000313148553720367,0.299542234134521,0.0461792692283284,0.0332328041168573,0.0406717347470342,0.00689137020571757,0.00152924099874277,5.97707927585065e-05,0,0.00467275158620962,0.00961750451896292,8.42589100170734e-05,0,6.61067262880862e-05,0.0134480132008709,0.000416727511811522,0.00101497081761589,0.000123843026160163,0.000455560616459712,0.000217024450203431,0.00164888279572357,0.000561485527251917,0.00294140338875174,0.849773579615301,0.00615742256026081,7.45355749821365e-05,0.0012832295904806,0.000115161436147582,0.0655421633156125,0.185097245877896,0.310477573919844,0.198973318894539,0,0.00325251142872941,0.323854692599651,0.134425256501972,0.000328474752178666,0.00269603358429669,0,5.09693511278272e-05,0.000174997491128183,0.00536491516017135,0.0615067958632833
0.0402575674702655,0.00400055882669193,1.2996516156642,0.000659950498393387,4.5541420171243e-05,0.00718511709207082,0.0856133817001048,0.239943532429498,0.00036794635483261,0.00871750532904714,0.0303788837741131,0.00331016971329473,0.000138096729020858,0.343351986758319,0.000253624694611358,0.0170975649602383,0,0.119710670033593,1.20767698629977,0.000577388466740796,0.378263705448365,0.00132988561633808,1.8265292888461,0.0135580448607491,0.000233739119155133,0.720528706705986,1.52242396629896,0.103090381587623,0.221447516525798,0.420163769659384,0,0.00418311647791094,0.0105985273545318,1.00152823767565,0.00907255640782117,0.11870639058711,0.0435541744609138,0.29476246453457,0.096148146180594,0.00332985522936372,0.00230844683278982,8.62605092355492e-05,0.0194706120530557,0.00186423474944969,0.0067507658091373,0.0105116636466081,0.000127784523723844,6.59502782764137e-05,9.0324486230481e-05,6.34513828106105e-05,0.00403763650054118,0.00581222681981205,0,0,0,0.00018479692951701,2.8788624366045e-05,9.2793636467144e-05,0,7.51118627093375e-05,0,0.000119337715688503,0,0.000215714551547664,0.000894353145979462,0.0350607682587304,0.000400797899233728,0.00488808948753101,0,0.00044872165082421,0.00160702789445357,0.00414098632948288,0.000421797196210194,0.000267234962498808,0.0179731086999118,0.0879151933854741,0.000217494884859448,0,0.000141815118291342,0.00024193314772265,0,0,0.00183199376879463,0.00690356222870948
0.00132060225038158,0.00137653138676763,0.00663622275958517,0.00107627378477111,0.000353410937386435,0.00403130582712606,0.00978052970459333,0.0155293157358782,0.00168088735622582,0.0153807479568753,0.946992878421648,0.0109520969638094,0.00447057521609179,0.0469917250694228,0.000538474077166924,0.002012847109269,0.119710670033593,0,0.434267709884984,0.002402962211985,0.00638646202521896,0.000296438794807243,0.0263626537357218,0.00166859548531044,0.000950341050231269,0.216708191324285,0.114874943879134,0.00647946049085716,0.0680102297196055,0.00726128059842235,0.0118492492087834,0.0161535908746214,0.000835717730075875,0.253463668603589,0.0231149869307517,0.35852058548224,0.519304444484804,0.602422473109973,0.123355618600376,0.0026632239255766,0.000683391700278187,0.00214716300311283,0.00709507249150378,0.0048788018533417,0.00273678208422279,0.00173418955016193,0,0.000149210525044728,0.00130330707259547,0,0.000836139869969439,0,0,0,0,0,0,0,0,0.00583537733978314,0.000209005165600297,0.0163613862183851,0.000101081528007066,0.00011420355673846,0,0.00165901397813117,0.00706621563151476,0.00157691332179925,0,0,0.000341038820552635,0,0,0.00405021723566858,0.0382344085977826,0.050668468797476,0,0,0,0.0295045605133937,0,0,0.00044828096812956,0.0153592392209556
0.00799642320095536,0.00312799811049285,0.0620552782843744,0.00119751657074324,0.000274385356531864,0.00525996451054404,0.0301384755097837,0.07003177164996,0.00188506677074714,0.0194313852791078,0.174239635037261,0.0125068135069702,0.000588419923123201,0.131835535970608,0.000801725699058482,0.00880946185106222,1.20767698629977,0.434267709884984,0,0.00151691598057884,0.0556439005870476,0.0013769860298599,0.221338630233402,0.00413825188232172,0.00118601289566429,1.08483754010307,0.382967338091629,0.0236811081874479,0.129060396070329,0.0646179557729215,0.00135748809611485,0.0129750225129647,0.00428499711245258,0.628050667274858,0.0178675593621893,0.325842472249747,0.210334228605647,0.58425476949856,0.164608468421228,0.00258089210247409,0.000908448486631536,6.96963549582243e-05,0.0130656877329829,0.00167658174160105,0.00588529231622814,0.00422093866889876,0,9.58472787733494e-05,8.95373630624535e-05,0,0.00249483743785404,0.00131285353403778,0,0.00016853765766716,0.00010546974707427,0,0,0.000331480784165638,0,0.00165975847282899,0.000190426223669064,0.0026478377115462,0,0.000369401968083907,0.000181220029246697,0.0141594650782057,0.00492440699629881,0.00325705959881113,0,0,0.000996709037696725,0.00127593218702008,8.39855097336651e-05,0.00255913321041151,0.0399428456172092,0.0599528047783224,0,0,0,0.00836951310619663,0,0,0.00094336487056063,0.0127691686653283
0.000203326977517462,0,0.000572070448389119,2.41495637401457,0.00573312725401146,0.0409547514733989,0.00897176300348106,0.0439422313486146,0.0359048595861019,0.644057583106196,0.01131777586148,1.60006145284023,0.00429412029401064,0.0361956490179841,0.010736772387812,0,0.000577388466740796,0.002402962211985,0.00151691598057884,0,0.000120064964661232,9.51183893809673e-05,0.000293973414618483,0.0799717436100807,8.23158071311506e-05,0.00153125901113408,0.00114386852652577,0.32184045021585,0.0161606193704389,0.00109157720810074,0.000191873670727313,0.00273110201560417,4.49502676837385e-05,0.0240932849170731,0.00194752185556524,0.0525867325724364,0.00153629821873479,0.0161597085537945,0.00195914929817514,0.0289017879752661,0.00616792896566228,3.33384932133973e-05,0.00144329656314237,3.58030004565417e-05,0.000610273151658243,0,0.0077641101876944,0.000303515879361195,0.000191509268668568,0,0,0,0.0314283651569302,0.00126032963956234,0.000462348794164178,0.00569628954595531,0.000896609995393582,0.0123175268610666,0.00500403324901184,7.26190890832245e-05,0.0442031967551118,0.00146636894438252,7.37206970804989e-05,0.00299414667308622,3.88045779523909e-05,0,0,0,0.0210458653801258,0,4.15507526554167e-05,0,0.0239135080756281,0,0,0,0.0255929802568545,0.000179605739616129,0,0,0.000166262245255267,0,0.00058201468803449,0.000104412787215734
0.0134616734331134,0.000434219486098171,0.300902523477211,0.000495184845463675,0.000432155362430483,0.00524269311323272,0.194759039281448,0.131030806409584,0.00109198788525341,0.00601902469417554,0.00499414308711312,0.000746900176873767,0.00046407754738605,0.179341308889315,0.0202306831458594,0.938673334589562,0.378263705448365,0.00638646202521896,0.0556439005870476,0.000120064964661232,0,0.0111752770831507,5.02488615957249,0.0294805988160025,0,0.141494681689715,0.342320906575383,1.89348047059207,0.267785187317104,2.79366295347324,4.51376570171297e-05,0.000629418817064199,0.0942279121584029,1.1692356070562,0.21102405188198,0.515908548697981,0.0585990307920249,1.00918250025137,0.440805502660819,0.0101542742405036,0.00318857704219236,8.78971139591811e-05,0.0583210435317264,0.00409700147681591,0.00666022937664831,0.00783784207598263,0.00136855443890482,0.000849039068673072,3.26524724073797e-05,0,0.000835691056986961,0.00202650996483655,0.000219292582832348,0.000138182843198377,0,0.002361183770877,0,0.000381801707250825,5.41941648292124e-05,0.000114828289581215,0.000287136430502206,0.000241257413761625,0,0.00196411746056957,0.0670395482264181,0.00221326471837891,0,6.90641381215662e-05,0.000201386094022834,0.00786463363640807,0.0177002953389076,0.0175721145764169,0.0426433655450461,0,0.000432169670659905,0.0551406192697382,0.0294720512377284,0.000323984144893828,0.000130161963057113,0,0,0.000112419412985402,0.00110474240388062,0.0383721517299712
0,0.289691072557778,0.00257948615062761,0.000336116497901374,0.0043148351610695,0.000558334884754873,0.00115622732027957,0.000264849608309018,0.545074140862981,0.000148948565061444,0.00460895710435499,0.0023900785894138,0.0310594416954442,0.000707508346638191,0.0203594649168199,0.463115845599413,0.00132988561633808,0.000296438794807243,0.0013769860298599,9.51183893809673e-05,0.0111752770831507,0,0.0181672406899231,1.09752482188725,0.115326615181777,0.0200365042770977,1.00094632048151,0.0393767892995882,0.00062703339330805,0.00034575341805259,0.0118091814583284,0.000154105891853481,7.94673990517435e-05,0.00455980892423641,0.00606002008735777,0.0272922673206508,0.0103790492808545,0.00822214392864968,0.00597347659563373,0.0111057463028618,0.000330642545431459,0.00283338025106686,0.121037212158264,0.0163412018621444,0.0141527315437551,0.0175648957605026,0.00448334968679989,0.000504952938597081,0.000676323013057125,0,0.022778572805521,0.0067237096362306,0.000158392427342957,0,4.19575094070911e-05,0.00586313451943628,0.000314411968583119,0.00617547404780557,0.000250729686046979,0.000603547870919627,0.000148577372428322,0.00518652538218408,0.000245652457064349,0.00139553518168047,0.299398000153494,0.00353875159766495,0.000424643052775037,0.0015309169241684,6.73025046961963e-05,0.0214783111955742,0.165544211765192,0.106255617423962,0.100585614846694,0.00212320039911488,0.00670982929826872,0.235888745074439,0.0581022203041494,0.000300126128308126,0.00180901964667203,0.000961940540628859,0,4.31526056160569e-05,0.00269396004448556,0.0136614805772167
0.0335506095571717,0.00125394080193793,2.63099436837762,0.000197464131141889,0.000181314554221562,0.00716809827450454,0.187387248586116,0.22252752774307,0.000678546120542514,0.00524709420656469,0.0360046221089922,0.00149020216392695,0.000526780984109759,0.294081109369287,0.0259475539892181,1.03253917649078,1.8265292888461,0.0263626537357218,0.221338630233402,0.000293973414618483,5.02488615957249,0.0181672406899231,0,0.124666255256484,9.3061900060284e-05,0.783988737714758,4.19857341945825,1.15179087684658,0.222818675203835,0.938097377019823,0.000105503058140385,0.00196648448963365,0.0334300717297641,1.4434215670134,0.514898807464164,1.68943343802426,0.222916966306202,1.82940592189404,1.17353453900625,0.0181480266430292,0.00461055414152825,0.000548294497667593,0.199745883780229,0.0179518197241237,0.0407809949384195,0.0484805377979037,0.00433213394284189,0.000987595799640012,0,0,0.00638405281201172,0.0255485754590004,0,0.000176190482393736,0.000302266696429277,0.00319940457713251,7.23975314466357e-05,5.70477006225824e-05,0,0.00036406672644791,0.000154503874267477,0.00141932554161484,6.62766342684031e-05,0.00537494763689027,0.191898858026884,0.0128007542276436,7.86109294430614e-05,0.0021238824052687,0,0.0148152057615845,0.0665066073341107,0.125476287962122,0.0339747508367676,0.000241207961055887,0.00623143634041648,0.514234705880473,0.0273975881037073,0.000110715364797675,0.00101849717680354,0,0,0,0.00513284947102919,0.1776975156246
0.00147514398221342,0.111823000720054,0.0306128835045617,0.362528611928934,0.0291268947843205,0.0299725302425263,0.142683271686898,0.0324310286307258,3.62310219430227,0.171155573769671,0.00724592196184355,0.179477030939216,0.0161016394776286,0.0514909008966941,0.123636359624843,0.573861274841571,0.0135580448607491,0.00166859548531044,0.00413825188232172,0.0799717436100807,0.0294805988160025,1.09752482188725,0.124666255256484,0,0.040858169347211,0.0415091127097113,0.412917297809125,1.07177952620386,0.15057895731164,0.0389531960346044,0.00385728210571009,0.00387176217077437,0.0352345915796595,0.116610190802065,0.151737315629055,0.581838521305642,0.0906819567980866,0.147329216145526,0.106269879230182,0.0949156900064665,0.0136233196923063,0.00161679750233836,0.533939604198838,0.0194542620217908,0.115354912990787,0.0453328893068418,0.0781818804968759,0.0701308608108778,0.000662062797887492,0.000280929740049341,0.00498994941598217,0.00347690441287454,0.170269322214274,0.00819217055999785,0.0120471373670868,0.240130342584792,0.0453510896125394,0.45694196260383,0.0966241968592981,0.00289127065164697,0.140866893348802,0.0477599726421187,0.0137060132043795,0.0368414297711372,0.37699372422137,0.00333872061818788,4.9529803217566e-05,0.000507240264809162,0.20673044043672,0.0485751339817922,0.218869935981789,0.0476957462833242,1.75461111379978,0.00100326624386522,0.00248473271310404,0.0671668006796909,1.0481053793201,0.0428812276716189,0.00231101299668178,3.85224796298921e-05,0.0033984985089592,0.00497627319020903,0.0756301350341857,0.0489586777182194
0,0.213493484053148,0,6.03743527429492e-05,0.000781248652455937,0.000534722011045915,0.000159400259886796,0.000749922660182869,0.0773613431945606,0.00124904864191397,0.0527110131979306,0.000987839140523617,0.399891965427395,0.00166414880581591,0.00307563549552499,0.00524954357302617,0.000233739119155133,0.000950341050231269,0.00118601289566429,8.23158071311506e-05,0,0.115326615181777,9.3061900060284e-05,0.040858169347211,0,0.0316423462224994,0.882761859132052,0.00184925348793376,0.00120651065284546,0.00030993233483057,0.0283658574865852,0.00158278651785395,0,0.0283443412756479,0.000303843186841464,0.00575669966702774,0.011415854833574,0.0124416446002947,0.00131850843534258,0.00234033962034805,7.34883768547774e-05,0.102475408052442,0.0062119724650149,0.00787101683691322,0.00538996369280664,0.00352483676152069,0.000378951593673557,0.000339543754198849,0.0216118954914258,0,0.0260982272030862,0.000121675127435791,0,0,0,8.62642433782339e-05,0,0.00140969937507646,9.86803037108661e-05,0.0273558812800451,8.19326917215346e-05,0.16629949461665,0.0003405164489986,0.000273207158216178,0.000717247206191814,0.00104046422936819,0.00272193491074395,0.00149056924092445,0.000396528786751348,0.00030543709801667,0.00127609344184283,0.000197917762155825,0.000923236786773038,0.184712479447612,0.0282017150405265,0.188620409308143,0.000324548065517462,0.000383426510378075,6.59898951964617e-05,0.052683950247914,0.000314886227144867,0,0.00161432982645972,0.000175823782401031
0.0106556898957505,0.0499022354716117,1.56067968381788,0.00160184300816255,0.000432446475206807,0.00799220380149154,0.181689788191194,0.113753065855769,0.0214682806756897,0.0164050497911604,0.303841972439468,0.0120756002682904,0.0285389661926903,0.136752414102702,0.00224369261118696,0.0363441566579907,0.720528706705986,0.216708191324285,1.08483754010307,0.00153125901113408,0.141494681689715,0.0200365042770977,0.783988737714758,0.0415091127097113,0.0316423462224994,0,5.4030604756591,0.151149121139088,0.0868793521773468,0.148127140384104,0.102032030287435,0.0131847962230267,0.00231211976605416,0.341072019518171,0.0463292786040831,0.875150430559233,1.2188903009379,0.680958140954345,0.33920206972842,0.00468931235866421,0.00257119644138601,0.00934051502428276,0.17323839944218,0.074449995334576,0.111537577993999,0.0919217052591813,0.000717244378655887,0.000945512146225343,0.0154560329321057,0.000232695190646699,0.0621526057737175,0.0137558569179428,3.36304161012053e-05,0.000150265429329526,0,0.00159827987754338,0.000412482945033881,0.00215708259831411,0,0.0840948718263032,9.21576406062782e-05,0.241574880339711,0.00133411746818035,0.000837014828521379,0.00417472136890154,0.289220071932295,0.106977385352941,0.162142025882339,0,0.0030149485945905,0.0133514089458482,0.0125274488641677,0.00160985029144652,0.162247818760668,1.02367912982225,1.79527688511422,0.00065992704106557,0.0011512074027573,0.00361540103401818,0.362842320299984,0.00056588654204123,5.60158564641237e-05,0.0186058626315075,0.0409372096020795
0.00705202781024117,1.36337521505295,2.22711138323114,0.000763904342866981,0.00344391543003067,0.006250456986097,0.0754411515831643,0.0747569542730187,0.383990835709618,0.00796420307449978,0.0804492728948397,0.0142428511592991,0.329086059259229,0.131984743077925,0.0382188231748697,0.952702534306664,1.52242396629896,0.114874943879134,0.382967338091629,0.00114386852652577,0.342320906575383,1.00094632048151,4.19857341945825,0.412917297809125,0.882761859132052,5.4030604756591,0,0.333997680589124,0.142725674490576,0.103557864554201,0.292271695898474,0.0133751903182578,0.00268492465118581,1.24370590840736,0.269242528778555,2.75584511115713,0.748493032327845,1.9696130263875,1.47692566185194,0.0377465440677967,0.00782977462228529,0.0214342077008462,0.889339514511632,0.114858893075225,0.321134272655728,0.36615962843741,0.0136433270829472,0.00342203791385964,0.0187533037788201,0.001303417180435,0.527183639655216,0.348788603907516,8.68017983513834e-05,0.000846701199134253,0.000168463275519663,0.0206337063270883,0.000377160663834274,0.00862184812801038,9.812631312412e-05,0.0406804826113472,0.000234934448748017,0.186259045717202,0.00239988381078682,0.00978822074144828,0.219469433735127,0.75226727074911,0.0788375065438694,0.258881353445162,0.00023566666834938,0.046938392757741,0.371043013169959,0.531565484085309,0.0358540005088751,0.318774585158518,1.1742094772291,6.23601590845799,0.0436501041399187,0.00309289900490872,0.0186968157822021,0.235666456456979,0.000409924868792304,0.00010566671188052,0.0520596430839603,0.258661422225191
