0,1.15356338024139,501.895044803619,3.09619653224945,4.8182001709938,151.966064214706,4308.73054206371,2774.64262872934,4.6700022816658,33.752355158329,45.8755487948656,6.96693360805511,12.1244779527187,12995.6384862363,2.26513564586639,4.75971496105194,945.026651144028,20.1313070058823,97.6568125188351,3.49722278118134,383.329131215811,0.927310287952423,668.674401193857,20.8838598430157,0,648.82674357295,159.897731721401,131.296042740345,19163.4802637994,9266.46423384547,1.54088473320007,96.8776037693024,170.292195886374,268.513879567385,36.630648702383,210.234170079231,34.8073175549507,235.897245973349,40.4742939174175,23.4008409380913,31.0209259092808,0,22.0995601415634,1.39399617910385,6.48044693470001,3.18378937244415,3.99355268478394,0,0,0,0.963354051113129,0.987262338399887,0,0,0,4.78392460942268,2.60164123773575,5.91189575195312,0,0.608091771602631,0.70462304353714,0,0,5.28238070011139,3.60129243135452,0,0,0,0,0.497198402881622,2.69752418994904,6.59827068448067,47.0396333634853,0,0,5.36898249387741,36.7856020629406,2.66946187615395,1.10977140069008,0,0,0,5.53594899177551,14.2770217955112
1.15356338024139,0,49.3294924497604,5.45802819728851,0,0,4.25990104675293,2.4012003839016,1662.7606972754,1.81826058030128,143.816813021898,0.471658766269684,1504.65060296655,0.564100742340088,13.7711890935898,224.723812192678,232.380405157804,20.7399429678917,56.8812701702118,0,39.2931708991528,4907.36298009753,57.3142616450787,2833.08341383934,7834.44166737795,507.081685602665,24079.9424941838,120.603765338659,2.33823084831238,2.07049214839935,39.859675347805,1.35416007041931,1.38442069292068,46.5742934644222,29.8118506073952,394.728345423937,289.467967808247,253.953385353088,157.200022250414,12.6604025363922,8.44228845834732,2066.6746147275,183.258225619793,257.035783052444,69.9163211286068,61.4039627015591,0.876807034015656,0,79.0408570766449,0,3190.34705165029,388.536009401083,3.07502397894859,0,0,3.23337376117706,3.85155388712883,40.577673971653,0,102.50992500782,1.28170466423035,317.662694007158,1.42757031321526,2.30979740619659,64.5234431624413,93.2183159887791,29.9795587956905,51.9969688355923,0,9.37173354625702,112.185630351305,80.0398012399673,98.9021943807602,222.072695791721,646.419116318226,8999.42910519242,19.2729513943195,0.709686458110809,5.43583297729492,117.052851468325,0,0,18.0257592499256,26.9909073114395
501.895044803619,49.3294924497604,0,14.9695017635822,21.3263175785542,43.2630094885826,3309.55524221063,945.817486554384,5.47820776700974,17.8541356921196,283.433607935905,2.67811530828476,82.9765633046627,1633.73531985283,33.4532518684864,30.2783606052399,10348.1807800531,164.025058090687,562.975185513496,2.03924018144608,1379.94791382551,67.2205618023872,29163.0219134688,62.3274650871754,0,26989.4271862209,26758.3003920913,1660.0640129447,1092.52411931753,4351.85382679105,1.39880299568176,25.4034469127655,210.549055337906,1326.26622292399,453.836324155331,5671.88004007936,2937.52745714784,4425.59404835105,2447.33147829771,80.958553314209,157.708995580673,2.19092029333115,570.692593187094,111.321322858334,199.994345039129,265.838597744703,8.3456717133522,1.78362643718719,0,0.513572216033936,56.6216190755367,2162.75848722458,0,16.7423352599144,0,17.9661813378334,13.6542226970196,1.75984477996826,1.42641758918762,0.607102811336517,2.93297863006592,0,18.1838009357452,18.5320797562599,362.256867200136,134.969177484512,7.38172754645348,22.8681882917881,0,24.8557606041431,48.2839458882809,1753.05423179269,48.3302438259125,1.35044407844543,58.7004406750202,6284.0270640552,57.9756790101528,2.42177015542984,8.06450265645981,0,0,0,53.65050765872,408.160626024008
3.09619653224945,5.45802819728851,14.9695017635822,0,115.482642889023,530.870645672083,256.948767542839,282.600581288338,4058.86679121852,8625.64260607958,71.7461320459843,13219.0434193015,368.710177063942,312.81074012816,1187.8740850687,0,14.2196222543716,16.6589554548264,7.41214355826378,26867.7785242647,9.32965049147606,32.3730821013451,24.6320977807045,6781.58230736852,1.28492802381516,14.7293964326382,14.0280538797379,6914.16373577714,170.598999202251,33.0406793057919,0.662838459014893,199.083187609911,27.5066346228123,116.81959888339,79.7616601288319,1708.25973147154,17.0063572824001,132.029446363449,38.2808107733727,1672.40798509121,218.755403697491,0.379101604223251,472.556909948587,3.08135008811951,165.750213593245,18.9095450639725,1681.48908606172,34.1275317668915,3.58757054805756,1.62065708637238,0,0,1608.86555984616,74.6413699388504,403.439852118492,814.985643863678,368.253156721592,368.632682621479,806.751139163971,11.5561735033989,2016.31886288524,1.25372499227524,191.928233206272,442.518612027168,14.6270919442177,2.31253439188004,9.51290035247803,0.564047515392303,394.208502650261,8.64673489332199,6.63685578107834,8.05199307203293,3244.53570961952,0,10.5122373700142,1.18805325031281,2595.03441366553,89.7537970244884,21.9319258630276,0,6.75665858387947,1.94917404651642,129.50747141242,34.755411863327
4.8182001709938,0,21.3263175785542,115.482642889023,0,1368.84714123607,249.860873758793,40.596615165472,104.516830176115,372.216925948858,10.0140995383263,826.732489287853,48.7091954648495,35.8765180706978,1988.82484054565,37.4825538396835,24.5786056220531,4.44447454810143,1.89143007993698,70.2769954800606,279.155677616596,9.6589138507843,427.691875338554,101.1199606359,1.26297223567963,19.0966719090939,43.0132744312286,296.911867588758,40.0575827658176,147.089983403683,0.345695227384567,3257.00957620144,2.7248769402504,1170.12778124213,1893.67127597332,1507.62909770012,86.0119944512844,80.8646046519279,42.15132188797,25611.2977648079,11132.2633615136,1.21701157093048,40.0724399089813,16.4525852203369,36.7759614884853,83.6385902762413,112.279815077782,3.83102142810822,1.08540785312653,0,0,10.478388607502,14.3682900965214,6.00603199005127,18.6070040762424,11.8644164800644,16.2282274067402,19.0311844944954,11.6317672133446,1.20626735687256,43.387694388628,0,4.05551144480705,24.001486748457,9.1864105463028,1.70648777484894,0,5.3957816362381,5.8316256403923,3.76956152915955,0,15.1766964197159,95.0213344991207,0,20.2862666845322,18.7823133468628,73.7079985737801,3.12581723928452,1.21939551830292,0,0,0,4.66490411758423,1330.6223320365
151.966064214706,0,43.2630094885826,530.870645672083,1368.84714123607,0,7285.95618462563,19897.8991027474,121.010007530451,36276.1449498832,190.946439474821,10105.1225648224,271.833287447691,2582.61242735386,5293.39212468266,1.64560186862946,57.4220232963562,50.5873644948006,18.5170169174671,365.233593732119,40.4456240236759,0.345193684101105,62.4774536192417,144.627702087164,0,79.4526585638523,21.7129248082638,3691.35795488954,464.322670340538,260.275605887175,4.45762544870377,487.718209415674,19.9707446396351,290.261871486902,2266.30263131857,4500.93065348268,52.4337932765484,237.987776517868,113.71847948432,11825.8795161247,1753.22390511632,7.16329044103622,104.834988534451,0.508779048919678,29.9323492646217,10.3054943680763,424.425440937281,1.88553994894028,1.50257015228271,0,0,0,86.8898106813431,18.4263437092304,70.3406973183155,68.8007273674011,36.7304952740669,85.9590437710285,31.4941598474979,1.4159836769104,240.304315060377,0,20.6732010245323,110.228974252939,1.8491869866848,0,0,0,24.2390886247158,0.599681615829468,1.72555050253868,2.907839179039,402.673032581806,0,1.46228587627411,1.28377789258957,258.834651708603,11.8039934933186,5.51568251848221,0,3.09273213148117,1.38324165344238,23.8540951311588,231.208160817623
4308.73054206371,4.25990104675293,3309.55524221063,256.948767542839,249.860873758793,7285.95618462563,0,17709.4732782543,1310.73523637652,14647.4574716091,1684.57233987749,243.975589007139,1382.1133145988,27839.0316002667,768.713377565145,19.7671801745892,1602.86967998743,538.315104931593,357.443823322654,43.5246404409409,5688.23106428981,22.1454795300961,7871.17810198665,7679.5904443562,3.422019302845,1383.099244982,689.496726304293,70122.3641973734,6670.18125012517,25725.408241868,32.6233310997486,1475.5982863605,2625.29282283783,3119.17240655422,2843.41525897384,15124.8816870153,766.163045287132,4190.33523085713,1069.66460180283,1494.34306704998,2432.41101202369,34.9766488969326,2910.08275696635,57.9796868562698,1011.93468368053,196.086751520634,1200.87432804704,182.107664614916,31.044391810894,29.2146112918854,2.36841535568237,19.3241982460022,805.288620889187,26.5640609264374,114.624941825867,1149.08314862847,534.905680149794,998.824529021978,277.381768733263,37.5129036307335,206.988824993372,1.87434285879135,326.26697447896,325.762337744236,158.17764633894,7.6046117246151,0,0,59.5338304340839,85.6751987636089,50.6829282343388,141.389142513275,6323.55139091611,0,1.87933260202408,108.273378789425,5804.72643068433,653.270522147417,452.813801050186,0.594171822071075,20.939744412899,32.4994875788689,764.080349057913,1050.05292269588
2774.64262872934,2.4012003839016,945.817486554384,282.600581288338,40.596615165472,19897.8991027474,17709.4732782543,0,110.06651905179,12351.9321485758,181.263335138559,3672.97476625443,259.827894449234,33133.039280802,140.716164410114,4.57325464487076,1013.20232534409,58.7803122699261,101.685476273298,350.581124395132,727.346848666668,0.413878083229065,1315.07543745637,284.138208121061,0.924205422401428,865.050722301006,277.066357344389,1977.02920433879,1818.52044335008,6412.88898044825,2.31850212812424,292.768327176571,163.417044997215,427.904737174511,466.501445651054,4082.84408819675,101.141349256039,574.084890127182,182.976051598787,2044.41922485828,318.846202254295,7.39472782611847,159.486947864294,3.37993946671486,50.0103589892387,11.8413751721382,72.3671194016933,2.21781027317047,8.30870053172112,0,0.457842618227005,0,24.8057429790497,0.471826672554016,5.77172216773033,72.0624518990517,16.2405567467213,133.890296906233,0.942088901996613,0,47.2317307293415,0,2.98267817497253,28.9441778361797,14.8366667628288,0,0,0,2.49715554714203,1.35928690433502,0.762375354766846,4.64055144786835,742.745654970407,0,0,5.07345354557037,456.473716884851,13.831404954195,10.6487646400928,0,0,3.62476176023483,26.5255491435528,122.937748134136
4.6700022816658,1662.7606972754,5.47820776700974,4058.86679121852,104.516830176115,121.010007530451,1310.73523637652,110.06651905179,0,611.134177267551,38.1615037620068,1187.03369051218,316.22004571557,142.740340381861,1439.35616180301,371.800409793854,39.1804198622704,8.90285360813141,6.80933621525764,156.583075970411,71.1627973616123,10204.7846206427,188.56609660387,33272.2226603329,1564.45960012078,112.92748349905,3906.3802600503,6693.66288089752,102.223065644503,9.56612890958786,10.9348689317703,70.2292022705078,44.2397976517677,80.7817095816135,47.8466763496399,525.355668097734,71.3676545619965,119.721751242876,40.2865130603313,1060.60256794095,44.28688621521,163.956513315439,630.309729516506,43.0200503766537,231.162679165602,23.5044428706169,592.812266767025,34.5753816366196,10.7583820819855,10.7682015299797,25.8727243542671,15.015954554081,1037.82691909373,50.5143999159336,215.822764962912,428.397924989462,261.80554741621,5158.52771937847,406.372639447451,47.320299834013,581.875148296356,64.2089315056801,157.534930050373,318.833618700504,1278.7042747736,3.04955923557281,1.3688537478447,3.41326200962067,149.879525274038,330.628535449505,2167.06577515602,341.561862170696,7138.52914729714,32.8348290920258,42.0848418176174,268.377485096455,3682.64490512013,212.831957787275,148.325097203255,20.8966430127621,16.4246613383293,9.61302953958511,148.880693912506,108.22006097436
33.752355158329,1.81826058030128,17.8541356921196,8625.64260607958,372.216925948858,36276.1449498832,14647.4574716091,12351.9321485758,611.134177267551,0,1654.12456098199,18768.653744638,788.544409662485,7804.26754179597,1386.74844074249,2.02284470200539,166.783157378435,390.878415197134,148.934625029564,11025.3154250532,13.9949426352978,1.59070834517479,40.4560723602772,1706.64665266871,1.20213803648949,349.425546616316,58.0644392669201,18884.1981868297,2405.24229459465,81.1913457810879,27.5834681987762,2252.99044966698,32.2092216312885,1945.4501747787,1425.9639634788,6295.93050777912,180.410706520081,1761.90169812739,465.597331166267,2408.20168825984,1745.06252267957,34.9619412720203,286.10537648201,6.43661907315254,95.0031319856644,33.8458427190781,756.805113911629,18.3170819580555,13.8277255892754,0.504634201526642,0,0,390.04258403182,18.0623005330563,119.277040451765,392.249825745821,108.908008724451,179.290597289801,62.3418361544609,0,539.440183609724,0,20.2358185052872,207.850451588631,13.0929521918297,0,0,0,47.7785637676716,3.79714331030846,3.81512129306793,4.82944187521935,1560.5498251915,0,6.48804372549057,12.6953395605087,1150.53281319141,17.2410448789597,13.882405102253,0,1.26241511106491,0,82.3863297998905,306.321554929018
45.8755487948656,143.816813021898,283.433607935905,71.7461320459843,10.0140995383263,190.946439474821,1684.57233987749,181.263335138559,38.1615037620068,1654.12456098199,0,806.815006732941,9686.46327677369,627.926166266203,13.3465358614922,22.9568880498409,1838.62034004927,10644.9406814277,1919.79131573439,126.517680466175,291.188757181168,21.2608886361122,878.672974824905,79.1987162530422,136.79265293479,6864.69618868828,1877.11288911104,578.108943760395,1689.82895955443,424.679135143757,1944.60879257321,1313.9223344326,75.9386442601681,9588.36410674453,199.570826470852,2764.17547041178,7805.61861994863,10721.0321063101,2100.7195507586,38.9386777579784,42.5944977998734,2621.98231959343,34.1606884300709,2353.695761621,35.3117751479149,13.8026567697525,4.89164328575134,7.71275806427002,916.430245578289,0,419.785032123327,15.7585705816746,3.02916264533997,1.01003706455231,0,2.42941951751709,0,70.255972892046,0,1446.00192576647,10.5371025502682,3901.27606061101,2.91245740652084,5.73387241363525,4.26317793130875,5.31581908464432,2.63102370500565,0.418357014656067,0,0,84.4507913887501,4.60888060927391,125.149520128965,699.105321735144,888.709683746099,2885.75205260515,32.0166556537151,2.36160349845886,1.17951631546021,1434.69371253252,0,0,24.904055416584,108.160619467497
6.96693360805511,0.471658766269684,2.67811530828476,13219.0434193015,826.732489287853,10105.1225648224,243.975589007139,3672.97476625443,1187.03369051218,18768.653744638,806.815006732941,0,600.098313421011,3196.90139535069,5699.48579123616,2.42114496231079,54.63662520051,221.660557210445,58.7463575005531,20435.5387026966,8.50437667965889,7.10610944032669,12.7410264313221,699.487786769867,3.68085950613022,149.491703152657,55.5224565863609,428.109274178743,1091.75170966983,23.12730422616,20.1612129509449,1096.62348383665,2.74155458807945,965.864650428295,4450.60646280646,2354.97962710261,86.3884147405624,689.712571293116,253.555966764688,6273.61762756109,404.127862811089,19.0615072250366,312.576220393181,4.57528269290924,92.7192496061325,20.0878285467625,2042.32965800166,28.3612430691719,10.0914875864983,0.548689365386963,0.766516387462616,1.35190415382385,693.150871694088,96.476850092411,458.038530379534,297.767527192831,255.011507034302,157.251205474138,237.443748325109,3.15109568834305,2128.30673396587,1.47596216201782,84.1021491289139,528.684582948685,7.83617925643921,2.22659063339233,1.76542395353317,0.795027852058411,281.65465760231,4.63344106078148,11.1701672673225,11.8399223983288,1471.76741176844,0,3.65821215510368,6.75955399870872,1247.34260253608,64.2122161388397,17.7226438820362,0,7.69829684495926,1.87799257040024,108.539137840271,713.733058899641
12.1244779527187,1504.65060296655,82.9765633046627,368.710177063942,48.7091954648495,271.833287447691,1382.1133145988,259.827894449234,316.22004571557,788.544409662485,9686.46327677369,600.098313421011,0,279.940471053123,183.480498194695,542.820912212133,93.4123248755932,287.303290367126,31.957051128149,99.8985796570778,615.526902228594,432.494006276131,1706.96148592234,866.380916655064,5536.44700682163,565.609806329012,2022.44234403968,1856.98735159636,325.445783704519,313.901280045509,1244.58771792054,475.343466609716,34.8791837096214,834.550481945276,405.136904776096,4995.10813337564,7322.26202383637,8234.50775447488,2288.53896465898,2897.75132620335,522.192898929119,4153.81042611599,663.177649736404,4689.46491315961,1721.31712049246,334.666933834553,1939.59878632426,287.542014122009,2621.88235193491,2.2183626294136,1059.04457420111,5.13239818811417,81.430467903614,30.0519806444645,125.549891740084,82.7091455459595,296.447526991367,149.373092770576,83.9490115940571,3434.5951641798,149.969086110592,9223.4026979506,259.736465603113,109.509457707405,57.9657573401928,10.370398670435,29.2698625922203,7.95388281345367,42.3657269477844,60.4010878503323,229.160301089287,61.1245438158512,484.419518083334,3751.6210514307,3145.74270942807,10656.2043408155,549.040484040976,176.468274503946,94.979285389185,4810.21299576759,149.048924535513,1.49895989894867,2342.53432357311,219.430083662271
12995.6384862363,0.564100742340088,1633.73531985283,312.81074012816,35.8765180706978,2582.61242735386,27839.0316002667,33133.039280802,142.740340381861,7804.26754179597,627.926166266203,3196.90139535069,279.940471053123,0,103.462393701077,2.49696761369705,2341.73725345731,174.737584531307,271.0199842453,358.973209187388,1328.43278509378,5.21758824586868,2333.74651026726,292.569718509912,0.552097201347351,1683.30317106843,562.318970382214,2019.75156694651,14193.7665523887,16421.2926881611,16.6026461422443,713.689923763275,346.376423448324,967.20670619607,321.678536117077,3432.70964002609,169.606925100088,925.902287006378,310.784322321415,534.302052736282,372.540192961693,13.8557302057743,209.78978228569,8.08063846826553,59.0667903721333,12.1002876460552,112.122092068195,4.42226934432983,2.52821055054665,0.542530596256256,0,1.93717336654663,25.3694126605988,5.25361177325249,5.37113454937935,80.8161464333534,26.0747459828854,163.251086205244,2.64701375365257,0,57.0343189835548,0.688249707221985,6.54900431632996,44.9385924637318,14.6089914739132,0.623116254806519,0,0,1.89313468337059,6.3197478055954,3.32914459705353,12.817357480526,909.885503202677,0,1.34921419620514,12.9047061800957,582.332670927048,9.86547338962555,28.9492537975311,0,0,5.76469469070435,37.0185706019402,122.976929783821
2.26513564586639,13.7711890935898,33.4532518684864,1187.8740850687,1988.82484054565,5293.39212468266,768.713377565145,140.716164410114,1439.35616180301,1386.74844074249,13.3465358614922,5699.48579123616,183.480498194695,103.462393701077,0,13.822709441185,50.0172019004822,5.59988367557526,7.25839912891388,462.121043264866,190.338992089033,95.1260597705841,214.373774528503,1516.89034947753,20.5001913309097,13.2437441647053,136.145406275988,996.952501326799,102.56599342823,208.815002948046,0.668895959854126,85.4036046266556,7.36881589889526,34.2667029798031,4032.0156275034,775.422261059284,71.5488431453705,81.6162756681442,60.7884617447853,6270.89600279927,61.2172740399837,5.04467111825943,182.916257321835,39.4157351851463,58.9429568350315,123.749454975128,537.506771057844,12.9131473302841,4.87832719087601,1.06358873844147,0.630340754985809,14.8905193209648,157.569575577974,36.3515965044498,120.125902116299,101.992719739676,77.190508633852,73.9551991224289,77.2431335747242,3.41813272237778,276.84989720583,0,32.9164296686649,146.218703776598,27.8268043994904,2.24763536453247,2.75182318687439,3.49021679162979,61.4369097650051,11.5107256174088,21.604768872261,47.339811861515,524.604235112667,0,24.6625501215458,40.1330555677414,482.239497095346,33.3565712571144,12.3289835751057,0.769249022006989,4.6546311378479,0,41.0944850742817,1531.20413124561
4.75971496105194,224.723812192678,30.2783606052399,0,37.4825538396835,1.64560186862946,19.7671801745892,4.57325464487076,371.800409793854,2.02284470200539,22.9568880498409,2.42114496231079,542.820912212133,2.49696761369705,13.822709441185,0,227.118804633617,11.2284568846226,28.5568312704563,0,13117.585077256,9980.34914818406,13692.7143426836,3467.1660592258,91.893816024065,66.911720007658,8622.35508388281,3006.3446085155,8.29169824719429,81.501902192831,1.66433775424957,2.59978902339935,7.45211547613144,173.026534080505,297.255571573973,3633.47983440757,1181.08727160096,1097.9809282124,656.680477261543,29.8464127182961,50.5761058330536,8.33605760335922,474.24218338728,46.8670926094055,129.549167901278,83.4590888619423,28.9164368212223,7.10269159078598,9.96349596977234,1.18068486452103,26.9824621677399,60.0650567114353,1.79851788282394,8.98443990945816,0,13.3229160308838,7.24907940626144,139.462055385113,0,0,4.99208647012711,5.22379514575005,13.6378098130226,18.8618613481522,9034.97339317203,17.2380822896957,0.876445055007935,4.11998856067657,0.867770731449127,1226.62441730499,3123.31927636266,4989.36824777722,1892.11740675569,1.21272993087769,12.5003978013992,1963.33059567213,1036.68116760254,19.9120366275311,229.256622701883,1.54964756965637,2.0232897400856,1.43345892429352,71.3942211568356,236.191141963005
945.026651144028,232.380405157804,10348.1807800531,14.2196222543716,24.5786056220531,57.4220232963562,1602.86967998743,1013.20232534409,39.1804198622704,166.783157378435,1838.62034004927,54.63662520051,93.4123248755932,2341.73725345731,50.0172019004822,227.118804633617,0,1148.50049179792,12404.2075019479,9.86911541223526,3807.18163618445,107.211430668831,16455.329167217,165.548960149288,4.09041708707809,19982.8359061182,23716.4614903927,869.748695522547,4395.57767024636,10492.882057786,1.41489657759666,50.6351902782917,826.618126481771,14358.5602300167,608.840934813023,7910.61579924822,3843.00496205688,9864.38590332866,3561.2977385819,77.23823595047,258.216260313988,4.795006275177,114.90457957983,48.6311534941196,46.7965860962868,89.3625563085079,1.72296869754791,5.94737696647644,0.57853364944458,0,98.8829002082348,723.783644795418,0.462224364280701,13.8617771863937,0,1.28425535559654,0.83127960562706,6.44322514533997,1.17304313182831,1.5550676882267,0.512625396251678,1.53542786836624,0.777985632419586,35.7541741132736,68.0969863533974,38.5105299949646,4.712820738554,16.5490914583206,0,5.71731233596802,36.3476929664612,304.085512936115,22.5489600300789,3.40461772680283,208.319408088923,2785.98792594671,6.07282435894012,0,2.94782841205597,0,0,0,15.5356361269951,462.033141165972
20.1313070058823,20.7399429678917,164.025058090687,16.6589554548264,4.44447454810143,50.5873644948006,538.315104931593,58.7803122699261,8.90285360813141,390.878415197134,10644.9406814277,221.660557210445,287.303290367126,174.737584531307,5.59988367557526,11.2284568846226,1148.50049179792,0,9979.97119215131,41.6157337129116,151.71027803421,4.46557593345642,497.78885525465,20.964362680912,4.17884442210197,3914.89893057942,1285.10243490338,161.294119507074,415.479568958282,184.384550571442,54.2139621973038,311.154888749123,35.7674334049225,2470.54271712899,256.033492207527,3079.13453307748,6640.14321783185,6765.84627389908,2729.85722008348,22.2779410481453,22.1102604866028,38.5802392959595,14.8256856501102,135.157495260239,7.96851718425751,18.9121007025242,1.00315058231354,1.81775772571564,3.51596862077713,0,32.8587591052055,13.819210678339,0.842105090618134,9.90292274951935,0,0,1.6709121465683,7.13468369841576,0,12.4662933349609,1.42088875174522,16.9952997863293,0.694923639297485,4.16026592254639,0,0.905779480934143,14.4856720268726,7.5320907831192,0,0,3.20212996006012,3.76677304506302,0,10.5792569220066,519.941236585379,1112.14661261439,0,0.662976682186127,0,19.6338856816292,0,0,6.20050999522209,124.472514420748
97.6568125188351,56.8812701702118,562.975185513496,7.41214355826378,1.89143007993698,18.5170169174671,357.443823322654,101.685476273298,6.80933621525764,148.934625029564,1919.79131573439,58.7463575005531,31.957051128149,271.0199842453,7.25839912891388,28.5568312704563,12404.2075019479,9979.97119215131,0,10.1988668441772,331.793847471476,21.9490734636784,1308.09415379167,32.1073392629623,4.9143123626709,23200.403709054,4185.51606193185,137.728507816792,532.433823555708,559.268298536539,3.82783064246178,57.1633245944977,85.4073742628098,3499.11937955022,224.457310408354,3294.85449799895,2903.15693032742,3461.44033306837,1772.84819221497,9.91698703169823,20.822964400053,3.79558488726616,26.0615233778954,34.0346211791039,6.60857528448105,27.2154798209667,0.845509886741638,0.676815390586853,0.750365376472473,0,43.6543701589108,124.321612745523,0,4.33683487772942,0,0.903986215591431,0,3.10135722160339,0,0,2.86663794517517,0,1.4176829457283,9.8073638677597,3.96120634675026,9.92227983474731,2.63647305965424,10.0151235163212,0,0.494863271713257,0.622690081596375,27.6508490145206,2.98235151171684,7.20530706644058,169.03982141614,726.079089969397,0.470636665821075,0,0.489567756652832,0,0,0,1.30825611948967,138.324594497681
3.49722278118134,0,2.03924018144608,26867.7785242647,70.2769954800606,365.233593732119,43.5246404409409,350.581124395132,156.583075970411,11025.3154250532,126.517680466175,20435.5387026966,99.8985796570778,358.973209187388,462.121043264866,0,9.86911541223526,41.6157337129116,10.1988668441772,0,0,1.92728394269943,1.38701593875885,530.544476598501,0,25.7960175573826,7.92512354254723,559.943554073572,151.420525789261,5.7082747220993,3.53291693329811,159.356014877558,1.41699641942978,125.205748468637,32.3752046525478,507.835938751698,9.29097434878349,108.609406888485,32.9960531890392,620.530583322048,111.572347670794,2.63294348120689,36.634557723999,0.970095813274384,13.0488803684711,0,206.086139559746,1.96835565567017,1.61153984069824,0,0,0,167.297767966986,12.4924324154854,42.6686388552189,53.48797544837,41.2922762334347,15.060395181179,23.6712779402733,0,553.615405380726,0,8.71453177928925,54.9227400124073,0,0,0,0,13.9050185978413,0.470831334590912,0,1.89066690206528,232.985001504421,0,0,0,172.720057606697,2.258366137743,0.477847933769226,0,0,0,14.4203395247459,13.1629692912102
383.329131215811,39.2931708991528,1379.94791382551,9.32965049147606,279.155677616596,40.4456240236759,5688.23106428981,727.346848666668,71.1627973616123,13.9949426352978,291.188757181168,8.50437667965889,615.526902228594,1328.43278509378,190.338992089033,13117.585077256,3807.18163618445,151.71027803421,331.793847471476,0,0,879.32942032814,49366.9384736419,576.93167001009,32.0765296220779,684.808662980795,2912.2153288722,30513.1470514536,1719.38152325153,36684.8448451757,2.39677405357361,50.0842134058475,522.85643362999,14507.4401679337,2176.66312152147,16868.2631989121,2007.16474685073,13793.0607854128,5292.45180878043,193.60653039813,788.966821223497,7.27902910113335,483.237357467413,59.742972612381,83.2473492920399,128.237632036209,49.1846923232079,8.0433354973793,12.9168646931648,3.24144333600998,4.35218322277069,36.4188575744629,1.22595846652985,16.8706964850426,3.02586403489113,27.4529874026775,16.8133081495762,102.884312391281,1.91750735044479,3.08968281745911,16.7279552221298,2.06065595149994,21.5921025872231,73.9198254942894,1592.94792160392,7.05726504325867,0,0.532271206378937,0.523354709148407,635.383954286575,473.687720477581,922.035209268332,1135.30317336321,1.40956211090088,2.78211441636086,414.864269912243,1005.30976372957,35.1630258858204,412.013722300529,0.701937973499298,2.14221805334091,5.1872011423111,53.2012606561184,1320.87066888809
0.927310287952423,4907.36298009753,67.2205618023872,32.3730821013451,9.6589138507843,0.345193684101105,22.1454795300961,0.413878083229065,10204.7846206427,1.59070834517479,21.2608886361122,7.10610944032669,432.494006276131,5.21758824586868,95.1260597705841,9980.34914818406,107.211430668831,4.46557593345642,21.9490734636784,1.92728394269943,879.32942032814,0,1461.40328124166,15857.0130340457,2134.79306387901,175.132166951895,17008.8763973713,1737.58161768317,20.8398519456387,10.3211905956268,18.3301184177399,1.50656616687775,14.7803954482079,35.6841599047184,27.2415827512741,444.833200782537,187.745902657509,191.400970667601,93.1780519783497,64.8641535639763,4.79197353124619,323.004570692778,755.550262004137,152.363292664289,183.273501336575,197.708158910275,22.6897852420807,4.48913204669952,13.3981121182442,0.669994294643402,500.265529513359,278.590489208698,21.7114109992981,0,0,26.6049383282661,5.79467770457268,432.349939763546,1.87169218063354,41.3020196557045,15.6638007462025,101.390028595924,10.7740578651428,6.60527968406677,4809.80452135205,61.8099427521229,12.0232337713242,22.9913040697575,0,490.845404267311,6270.0757278204,2294.86759236455,1680.11435887218,59.7982089519501,148.626515060663,9083.57568961382,767.166428536177,19.3624990880489,96.2270022928715,42.9534350037575,1.49195921421051,0.978083312511444,71.0550341904163,77.4589955210686
668.674401193857,57.3142616450787,29163.0219134688,24.6320977807045,427.691875338554,62.4774536192417,7871.17810198665,1315.07543745637,188.56609660387,40.4560723602772,878.672974824905,12.7410264313221,1706.96148592234,2333.74651026726,214.373774528503,13692.7143426836,16455.329167217,497.78885525465,1308.09415379167,1.38701593875885,49366.9384736419,1461.40328124166,0,1301.90697771311,13.8918500840664,9088.07798779011,19090.7024468482,9824.32706540823,1560.35347571969,19139.3904384971,4.29579296708107,68.4386134147644,403.959600776434,17389.420668453,4205.15193191171,41142.0151699185,9777.09630909562,32173.060616374,13941.8220704496,629.153310954571,1205.75528460741,16.6401502490044,859.48930093646,86.1417074203491,238.751021236181,433.056653738022,49.7161586880684,22.240115404129,17.72823959589,4.77947169542313,43.0234609246254,400.229228854179,5.19507384300232,63.2326031923294,4.79461008310318,18.4584459364414,11.9615027606487,54.0654817819595,3.33838695287704,6.54738223552704,27.5640451312065,0,8.69617789983749,158.734575629234,10410.2748833597,52.800658762455,3.74546879529953,15.254067927599,0,1122.4988527,1773.37253314257,8421.20787459612,1197.53463706374,0,17.0845701992512,4444.16792181134,831.251914232969,16.6438870131969,187.82874801755,0.523175656795502,2.95423805713654,0.696054875850677,123.913101822138,3786.79781329632
20.8838598430157,2833.08341383934,62.3274650871754,6781.58230736852,101.1199606359,144.627702087164,7679.5904443562,284.138208121061,33272.2226603329,1706.64665266871,79.1987162530422,699.487786769867,866.380916655064,292.569718509912,1516.89034947753,3467.1660592258,165.548960149288,20.964362680912,32.1073392629623,530.544476598501,576.93167001009,15857.0130340457,1301.90697771311,0,2044.56628680229,200.406259417534,10528.6975422204,20367.9950962365,224.859790295362,189.567823886871,7.56894093751907,90.9277382194996,161.530655413866,326.39559006691,378.797410160303,3184.23004958034,392.580052137375,735.410288065672,329.241558402777,1305.6330999732,198.009740382433,212.391519159079,4549.47022563219,132.55099606514,1628.80767443776,277.712081938982,1958.78844258189,233.931684762239,33.7358737885952,48.190477848053,54.9878859519958,49.2491393685341,1581.62690369785,57.9232839643955,303.06227016449,2060.2510907352,939.536127895117,6753.87931126356,585.111615329981,112.371882349253,615.931165367365,51.8049993216991,819.308557540178,517.915182739496,2116.45408302546,22.8782667815685,2.81635701656342,6.98348432779312,168.81112742424,952.753735154867,1469.68110692501,945.424316257238,21348.2203808725,50.5702478587627,59.9574958384037,688.367515057325,14164.2289485931,1311.08285710216,1238.62505817413,16.908194065094,77.3278849720955,90.0597772300243,1052.28553268313,450.696955561638
0,7834.44166737795,0,1.28492802381516,1.26297223567963,0,3.422019302845,0.924205422401428,1564.45960012078,1.20213803648949,136.79265293479,3.68085950613022,5536.44700682163,0.552097201347351,20.5001913309097,91.893816024065,4.09041708707809,4.17884442210197,4.9143123626709,0,32.0765296220779,2134.79306387901,13.8918500840664,2044.56628680229,0,340.812656104565,9114.11524042487,89.8180013298988,1.07379189133644,0,341.564503312111,0,0,1.57772696018219,0.537171006202698,13.1041743159294,104.863573312759,48.6446031630039,6.92909020185471,10.1492435336113,1.28139579296112,874.62033572793,46.9046088457108,486.74847599864,36.3498388528824,25.4441472291946,0,0,273.347832560539,0,923.177889555693,16.9706284105778,8.62717899680138,0,0,0,0.633849203586578,39.9082413315773,0,403.991286337376,1.18945720791817,2336.3214032948,0,1.26680767536163,4.27928990125656,14.3561763465405,29.0983558297157,19.7183100283146,0,0,78.7767413854599,4.62642285227776,43.7019900083542,2666.28804042935,1232.59203162789,6093.1071536839,7.394152790308,1.6265604197979,0,542.314832806587,0,0,7.82628512382507,1.84450227022171
648.82674357295,507.081685602665,26989.4271862209,14.7293964326382,19.0966719090939,79.4526585638523,1383.099244982,865.050722301006,112.92748349905,349.425546616316,6864.69618868828,149.491703152657,565.609806329012,1683.30317106843,13.2437441647053,66.911720007658,19982.8359061182,3914.89893057942,23200.403709054,25.7960175573826,684.808662980795,175.132166951895,9088.07798779011,200.406259417534,340.812656104565,0,34351.9704041481,490.24289304018,1992.95692646503,3294.92333623767,168.926330953836,238.618165552616,268.261832088232,3426.52400092781,742.402529478073,11310.5305504203,21881.6306059361,10599.6001287699,5575.71571344137,56.8664745688438,100.892405182123,124.76887845993,391.110289037228,2075.04300326109,232.12930804491,226.523988962173,2.90647542476654,0.635143935680389,52.210849404335,0.927569568157196,904.612058728933,2231.45335072279,0.610475063323975,12.2752842009068,0,10.2157646417618,11.4236595928669,33.093301653862,0,364.713133275509,6.23753452301025,890.576870143414,8.00681763887405,29.089891821146,27.2828564047813,296.273149967194,204.655344635248,319.755863457918,0,9.58353689312935,110.400670140982,281.651896864176,45.4482052028179,742.391155511141,11050.805637002,32366.7418414056,8.84437987208366,1.99406027793884,3.2705409526825,1135.41628286242,0.599356830120087,0,84.6350260972977,463.778883755207
159.897731721401,24079.9424941838,26758.3003920913,14.0280538797379,43.0132744312286,21.7129248082638,689.496726304293,277.066357344389,3906.3802600503,58.0644392669201,1877.11288911104,55.5224565863609,2022.44234403968,562.318970382214,136.145406275988,8622.35508388281,23716.4614903927,1285.10243490338,4185.51606193185,7.92512354254723,2912.2153288722,17008.8763973713,19090.7024468482,10528.6975422204,9114.11524042487,34351.9704041481,0,3433.31990045309,567.470733612776,1258.77231124043,130.885937213898,49.9017477035522,99.6579225063324,4878.68741539121,2992.66030752659,38968.5589461327,15065.9539978504,21571.6399257183,14989.7538983226,347.770872592926,457.393689572811,65.2521774470806,4593.44719830155,3293.38034030795,1821.75624832511,2102.98879256845,84.0811847150326,14.7187373042107,57.6132222414017,7.41514348983765,9470.65683335066,13219.4292961359,17.345444381237,97.8868363797665,2.25878047943115,97.1774478554726,66.1858480572701,135.899672985077,1.58868813514709,256.621523529291,11.6611120700836,835.810578763485,70.5394855737686,146.952881515026,9271.79597118497,1637.39181193709,376.692553699017,1084.29972377419,0,363.312322258949,3653.94776257873,13516.4966261685,754.579471588135,1386.52644425631,17457.1897207797,127785.092176825,465.935055822134,11.9793286919594,66.7724266350269,858.016172587872,0,1.89865094423294,547.430709183216,2623.9559635818
131.296042740345,120.603765338659,1660.0640129447,6914.16373577714,296.911867588758,3691.35795488954,70122.3641973734,1977.02920433879,6693.66288089752,18884.1981868297,578.108943760395,428.109274178743,1856.98735159636,2019.75156694651,996.952501326799,3006.3446085155,869.748695522547,161.294119507074,137.728507816792,559.943554073572,30513.1470514536,1737.58161768317,9824.32706540823,20367.9950962365,89.8180013298988,490.24289304018,3433.31990045309,0,1904.94688645005,4334.66974845529,6.33544182777405,785.155417859554,1252.65610983968,3048.08040875196,2249.92292687297,16619.8819338977,1035.89748570323,5318.49547445774,1818.67596387863,1298.88186854124,1795.98352187872,24.5916469693184,5302.77943736315,140.935590296984,1782.95766595006,334.473619520664,3301.80740436912,274.678865045309,46.2058399915695,62.1472309529781,8.58064275979996,74.3525765240192,1531.07875180244,114.216362804174,448.025737017393,2772.96422603726,1160.392434448,2929.38180816174,590.885266929865,61.8046992719173,906.223274201155,3.44459930062294,771.212071448565,797.534544974566,2200.77314820886,22.9438684284687,1.0644565820694,1.542749106884,223.802888900042,973.073259323835,839.242569863796,1335.8683771193,17778.4183051288,0.949739634990692,6.14012497663498,737.439222037792,14482.8565082252,1225.47107535601,2135.2892190814,0.535221576690674,45.7311745584011,82.4553989768028,1221.88315498829,987.065415382385
19163.4802637994,2.33823084831238,1092.52411931753,170.598999202251,40.0575827658176,464.322670340538,6670.18125012517,1818.52044335008,102.223065644503,2405.24229459465,1689.82895955443,1091.75170966983,325.445783704519,14193.7665523887,102.56599342823,8.29169824719429,4395.57767024636,415.479568958282,532.433823555708,151.420525789261,1719.38152325153,20.8398519456387,1560.35347571969,224.859790295362,1.07379189133644,1992.95692646503,567.470733612776,1904.94688645005,0,10760.6159406602,42.3846606910229,2721.70031967759,3899.6692700386,5306.91089338064,309.458207815886,2253.888825804,208.71500235796,1851.5254855454,314.282613515854,193.738000363111,396.850774616003,10.982244849205,280.3742441535,14.2775670588017,104.298574566841,24.6689776182175,84.9082271158695,15.7888298332691,0.648237824440002,1.14249289035797,1.71822980046272,2.07135447859764,7.28860798478127,0.534954130649567,1.02939221262932,50.7348451018333,19.518232613802,170.4484192729,3.30425775051117,2.1383740901947,21.9113567173481,1.22203123569489,21.4865817725658,31.518076390028,60.5489947199821,1.00685608386993,0,0,0.360503882169724,32.1958353817463,34.1399784088135,12.6251197755337,815.744052141905,1.18258166313171,4.97077897191048,18.3115926086903,589.728449493647,43.8312743008137,73.998779386282,0.608854532241821,0,5.83498167991638,66.5771280825138,149.135863393545
9266.46423384547,2.07049214839935,4351.85382679105,33.0406793057919,147.089983403683,260.275605887175,25725.408241868,6412.88898044825,9.56612890958786,81.1913457810879,424.679135143757,23.12730422616,313.901280045509,16421.2926881611,208.815002948046,81.501902192831,10492.882057786,184.384550571442,559.268298536539,5.7082747220993,36684.8448451757,10.3211905956268,19139.3904384971,189.567823886871,0,3294.92333623767,1258.77231124043,4334.66974845529,10760.6159406602,0,10.372477799654,177.434546679258,4782.18581336737,11700.5104684234,1449.00672534108,7081.66404223442,404.499168753624,6221.92708143592,1297.63688287139,138.432802855968,1085.56120076776,6.99559104442596,129.292973279953,6.34770095348358,23.9891600310802,48.1548591852188,13.4234503507614,1.69042074680328,0,1.2091646194458,0.557386875152588,8.73865869641304,1.68763878941536,4.47377568483353,0,4.73405069112778,3.83581185340881,17.6735938191414,0,0.968980073928833,16.2840707302094,0,4.92627769708633,48.0211524367332,64.8556780219078,1.35782653093338,0,0.447322487831116,0,40.9354649186134,22.3623715043068,44.0305922031403,168.416117787361,0,0.856825917959213,58.8586571514606,192.49179905653,7.94812288880348,27.2087213993073,0,0,1.87979698181152,10.4669569432735,593.662902355194
