0,0,0.0282706063833914,0.000131153618949902,0.000324267258333206,0.00316438993337907,0.724883004085337,0.111901867404093,0.000292532782317066,0.0025043523943766,0.00197522889155023,0.00173893310450574,0.000415186910458946,0.880722762011684,4.71789907972812e-05,0.000224135136133575,0.0158476069461035,0.000934685060772657,0.00513019057835991,0.000324795362974763,0.128163012073068,0,0.0756142603898484,0.0010732732443312,0,0.00569568572635278,0.00778410464381654,0.0659390685457314,0.118471583207149,1.09177138923388,7.03864411438823e-05,0.000459050709456825,0,0.00606550811877068,0.000355810146432853,0.00526515141009318,0.00131766295412436,0.00350768039328368,0.00188913580401992,7.54490672013759e-05,9.95400743136761e-05,0.000488941989498854,6.59574531416416e-05,0,0,0,0,0,0,0,0,4.00974463276863e-05,0,0,0,0,0,0.00014730188250804,0,0,0,0,0,0,0.000216679994075311,0,0,0,0,0,0,0.000201738361302459,0.000123533336813021,0,0,0.000754359715604389,3.87107542219162e-05,0,0,0,0,0,0,8.44544178176161e-05
0,0,0.0110781092493367,0.000421514507307744,0.00223097205199023,0.000163301751218247,0.000757424258637213,0.000204336400770664,0.077811742487129,0.00166909631732586,0.0367453128313392,0.000875059048213828,0.293195511333509,0.000629041930457139,0.00790985490776726,0.0595349580420762,0.0127743945059363,0.00275159171591402,0.00500724928712983,7.96556022642014e-05,0.0120231923936427,0.212006971598917,0.0148245777284478,0.1951994840077,0.403071640776759,0.0292330581249873,2.0659169391352,0.0202860817168578,0.000747131998697483,0.000666877503983224,0.00906757060574698,0.000461693844284964,0,0.0167561582221041,0.00266687613836396,0.020427179927818,0.0136929900576998,0.0181113127390148,0.00548930413436136,0.0182496095726017,0.00030591355047605,0.0834536441354153,0.0109706441969357,0.00561580023701291,0.00749567958104678,0.00351864522376728,0.000315980623796153,7.25568151124239e-05,0.00260829289238276,0.00031910487482661,0.0586401552384049,0.010577572789335,9.88344186392783e-05,0,0,0.000548077609306168,6.69912264410734e-05,0.00130658095538928,0.000237229952590871,0.00923849241570956,0.000187418204356385,0.0193704193072357,0.000339824772906518,0.000114028733741998,0.00199867517388736,0.0141399519358054,0.00290899486692649,0.00696313675324116,0,0.000530593845086038,0.0331177353242861,0.00348501568094348,0.00315691399969068,0.006835133607464,0.019484686124488,0.301923031830034,0.00161580499260267,0.000527647817569148,0.000540841799600387,0.00577700576217174,0.00013631379156096,0,0.00463891442898742,0.00116694447340822
0.0282706063833914,0.0110781092493367,0,0.000748844123111415,0.00443241135749824,0.0159310492689131,0.0488222613144926,0.216583425958173,0.0037220516619961,0.0137364910188005,0.00920331943980138,0.0109539684689745,0.00111668978607073,0.229431287251583,0.0104074405108964,0.00936854050628469,3.40192582629989,0.0223966105016993,0.250971226951259,0.00129454985835088,0.438104655581291,0.00332272116767217,2.53894183669571,0.00890874009827194,0.000185858772218585,1.22620606103391,2.3432867396079,0.102290154898611,0.0596129645765096,0.0689616910968582,0.000482792685254109,0.00443981350024503,0.000986197669368907,0.566522560826797,0.113225974264292,0.684645611570659,0.312485493049335,0.508246533089295,0.240525217158122,0.00940617762430005,0.0146419838409431,0.00491075309549078,0.0698479679434596,0.0126787314280994,0.0326056413180403,0.0163495632386138,0.00241190196424044,0.00168477741635374,0.00043095781099695,0.000756048650948346,0.0178062387553922,0.110215353730018,0,7.0606708520937e-05,3.19334312814116e-05,0.00308673795749949,0.000280893329302168,0.00234009345896519,0,0.00116746524524625,0,0.000298247555770898,0.00106633420359414,0.000718607399853587,0.00625879563817902,0.084569757561746,0.00112484935399275,0.0186650904285315,0,0.00487374571191827,0.0563010138325128,0.0431531341665503,0.00413716185437987,0.000218474575680756,0.0361592856100545,0.977830985353947,0.00310216772146196,0.000850087206500959,0.00275179925682364,3.34465797029257e-05,9.12395687101366e-05,0,0.0239296658358525,0.0515232844765082
0.000131153618949902,0.000421514507307744,0.000748844123111415,0,0.0278223355791276,0.0485714057439709,0.0291774995130714,0.0307027103871892,0.2174181406583,0.760168202678916,0.0150073412906701,1.25573331434006,0.00338220776714619,0.0194877769357234,0.0863234897745654,0,0.00120638446619028,0.00386371854062194,0.00293055761826403,1.71343346168885,0.00042280023518393,0.000788892335559084,0.00062385711787591,0.279719551825797,0.000302327848698485,0.00499883919250109,0.00380902957295101,0.444557662598428,0.0197622094110543,0.000713096696663976,0.000509168818722439,0.00342698246892396,0.000823216836547103,0.0209586603258938,0.00533883480545128,0.0551050331014577,0.000503314427215361,0.019322252638008,0.00170228791859179,0.109043845093073,0.00650066895963983,0.00634002472558579,0.0137460976731248,9.24206337127448e-05,0.00517152790642057,0.000551988676604426,0.060651438384946,0.00165718597663815,0.000784190804015383,0,0,0,0.0791318448328457,0.00103560607425767,0.0140672823373844,0.00238575411494851,0.0103138059320189,0.0828239346826257,0.0538187145661041,0.000395596782302141,0.0713572824325965,0.000112052388887107,0.0136740359880682,0.0101142513436332,0,0,0,0,0.0210415215631744,8.97650119308469e-05,0,0,0.0876811688969705,0,0.000178038903789997,3.22875568682313e-05,0.206521016708752,0.00213744263113486,0.000125582247404909,0,0.000134709010731447,8.20511513372896e-05,0.00796887214102756,0.00119800444434689
0.000324267258333206,0.00223097205199023,0.00443241135749824,0.0278223355791276,0,0.225135269750003,0.0344712241801345,0.0322681005729511,0.0360451471767425,0.043620847245332,0.00282933677510179,0.104577045095586,0.00100326523020094,0.00601324927535484,0.117848930083105,0.00526776228196757,0.00446689553350747,0.000740694706884742,0.00125174600643139,0.0104626095584123,0.105485878732886,0.00932538227314357,0.109013293291868,0.154630818595329,0.000728880643788672,0.00217137580821862,0.0259912998045357,0.137745093039582,0.00394709632255438,0.0112946958353785,0.000259167844537925,0.102032645958086,0.000475202392993998,0.0413236900294747,0.120610569826395,0.128088430227338,0.0116742238473321,0.00949148192187767,0.00760421186957237,1.15448846631848,0.328261956543663,0.0101941878286605,0.00586208070927647,0.0106924355696008,0.0024588069352629,0.00464735362222566,0.0124608762739551,0.000910274719739057,0.000754497021429384,5.04997789260149e-05,0.000248497123039341,0.00305768869011419,0.00734798341295568,0.000113396979553986,0.00179284546287661,0.000872292821776591,0.000378787345827234,0.00460039780751488,0.00440376994506737,5.00524364560604e-05,0.00349274584689163,0.000222667230465031,0.00145221327091949,0.00204862375122249,0.00142305318930438,0.000278521632567716,0.00049655248151393,0.000672234478539419,0.00205208646042066,0.00214506889190175,0.000402485403105855,0.0078132299936445,0.0176269958209222,0.000154368881127405,0.0049414076987325,0.0141178685047505,0.0238091973829187,0.000249968913896191,0.000134488038631439,0.000138215527903498,6.41987640434503e-05,0.00027754446740613,0.00138373944096058,0.279972493876014
0.00316438993337907,0.000163301751218247,0.0159310492689131,0.0485714057439709,0.225135269750003,0,0.565412747637483,1.18330247233258,0.0237823148392213,1.48251980640744,0.0323409404563889,0.832635924536985,0.00910267864811379,0.0987181337730026,0.370455504273114,0.000244861604718661,0.00658853511399836,0.00885996058492212,0.00575998059295864,0.0281610366966189,0.0228067669638428,0.000835071004367028,0.0209519649649964,0.0588929742661029,0.000697042953496134,0.0120679892619513,0.00909689280127743,0.139846671702438,0.0327889314257621,0.029288207078687,0.00137731652227184,0.0127574758512218,0.000484549812907326,0.051241410790064,0.155430660605222,0.226476940226903,0.00477618434996012,0.0337214951253567,0.010311645748897,0.536151192830814,0.0460630822518762,0.0264743650886036,0.00760916759192155,0.000421374055562639,0.00176168918901312,0.000463607438857842,0.014491402378175,0.000255820014393139,0.000919557008051633,0,0,0,0.00238582265731623,0.00018940229886074,0.00112687228656206,0.000158508566539407,0.00095621096154821,0.00894306483877368,0.00200928045978706,0.000418526511926902,0.00222042085933471,0.000474346914601636,0.000614956202134645,0.00247517914181192,2.87161614272118e-05,0,0,0,0.0010148733898319,0,0.000129682219605804,0.000433973589965058,0.0327735668325517,5.88444817131757e-05,6.15493696173191e-05,0.00105465619348226,0.0274493829478371,0.000635509214449668,0,9.62148574848174e-05,0,0.000608539895405388,0.00268184131947731,0.0113303480712579
0.724883004085337,0.000757424258637213,0.0488222613144926,0.0291774995130714,0.0344712241801345,0.565412747637483,0,1.45943862494561,0.0519857002012166,1.97291380413277,0.0784145525266272,0.153803623466441,0.0173291557838654,1.54405183741044,0.112372849584411,0.000302699159392083,0.00993558601713765,0.0314195934220979,0.0171773263028081,0.0115724910436718,0.102620053508243,0.00380466174845263,0.0501408286791942,0.28762641002357,0.000653145567310202,0.0474631351932001,0.0448735324309759,3.92339775241478,0.333887538579381,2.51442897457285,0.00365422848016999,0.0112292002152846,0.0283649629992974,0.157882722814436,0.0436406375355345,0.20925734943396,0.0111096582058839,0.142213145850238,0.019655147425637,0.0806008276934539,0.0349254438847806,0.0188067625511252,0.0128981855986238,0.000665362121636009,0.00529614027080108,0.000930675772137095,0.0152743998121723,0.0009331722048342,0.000634229110539007,9.33802867392542e-05,6.8046445427227e-05,0.000160304352622318,0.00467683958063106,3.25161634668947e-05,0.00198390456079345,0.000587011406039643,0.0027433001621344,0.0160492370472211,0.00528313515912724,0.000948875762875916,0.00288850009789081,0.000775889103146443,0.00582032973187265,0.00210407063230809,0.00125581294647113,0,0.000167652337640476,0,0.000897203605924347,0.000267964898855245,0.000476691771985459,0.00208371242292016,0.0327646833944002,3.61582707168818e-05,0,0.00679457943387541,0.0631024289362437,0.00213298597469616,7.58401285617829e-05,0,0,0.00018920389862237,0.00654073720372228,0.00482246948029729
0.111901867404093,0.000204336400770664,0.216583425958173,0.0307027103871892,0.0322681005729511,1.18330247233258,1.45943862494561,0,0.0362760568629851,0.859319891188878,0.0511061589330844,0.497445915773263,0.0159697789930793,1.46123673278895,0.0395824909435864,0.00122681367526421,0.0937450186345129,0.0156874203651229,0.0410071308166192,0.0394225443484075,0.446268380620253,0.000662859477704251,0.379964021306326,0.0821243470436378,0.00075664122392199,0.0543824077835669,0.0601918029051343,0.45425821352952,0.135168580236754,0.668114817682729,0.00215453924451606,0.0252216299159934,0.000831162362144818,0.13012246348206,0.0140984483691274,0.29382170061915,0.0161008801746536,0.0609643495119215,0.026592186802489,0.125585398331776,0.0487463144641608,0.0432239736524323,0.0249131116887564,0.000646967620453155,0.00619630255701324,0.00039723168888638,0.0316014667372924,0.00122919864888697,0.00246798257319892,0,0.000245168582958126,9.25285576572417e-05,0.00406827248660453,4.66635389266491e-05,0.00171328912521605,0.000873386554102419,0.00211063926052788,0.00984007652975319,0.00405820389099072,0.00131343354089874,0.00344005026639536,0.000944274205264843,0.000657965268917406,0.00287414025076378,0.000526162501098239,3.31504187304855e-05,0,3.2621611668992e-05,0.000903201578975526,0,0.00049468129237808,0.00148363795901642,0.0792012812406614,9.80840222694394e-05,0.000425935618994629,0.00586053534856757,0.0822763209399307,0.00157604478384411,0.000201772123519742,0.00035463924003464,0,0.00110714962903583,0.0102433807886881,0.0031007410466922
0.000292532782317066,0.077811742487129,0.0037220516619961,0.2174181406583,0.0360451471767425,0.0237823148392213,0.0519857002012166,0.0362760568629851,0,0.152709650219787,0.028496366145445,0.0518928518237017,0.0559805801127409,0.0303907529599434,0.111710142108078,0.0310643930613816,0.00220432214056378,0.00576180491341209,0.00445499380149425,0.0278658486149422,0.0224799102033224,0.718607739725807,0.020285471615628,3.2668378770319,0.0468656529260126,0.0192648540382196,0.595055131390798,0.550426105027205,0.0192148454650098,0.00602795760107299,0.00571554356171704,0.00667815705104867,0.00296014712258016,0.0322844586689199,0.0145889436094686,0.138267096249691,0.013546634843813,0.0315683217283469,0.00558141064357542,0.204949509946908,0.0116417790243977,0.0187083887541472,0.15160998034975,0.00541199107034369,0.0336347638467081,0.00900550988823386,0.0433301100809776,0.00764533714511472,0.0078180635271669,0.00182311690870946,0.0014489841935013,0.000855647613385892,0.0667401877991891,0.00100753776049558,0.0205893335701953,0.00766922125846495,0.0262053451596096,0.538132270641904,0.0504159118418091,0.00772312618730561,0.0197971004286908,0.00282098391272828,0.0501602075954336,0.0121576542654043,0.0815998570988317,0.000983325041280875,0.00690213475299579,0.000297605345889402,0.016492549883695,0.0443850086669134,0.14105935534856,0.0145015818847453,0.528188702598666,0.000836624593752765,0.0107783869847874,0.0179155886699362,0.439736927586407,0.0345243201791459,0.0261472553993307,0.000964419714986905,0.0026109418883871,0.00505277354237352,0.039366687134322,0.0389454117607
0.0025043523943766,0.00166909631732586,0.0137364910188005,0.760168202678916,0.043620847245332,1.48251980640744,1.97291380413277,0.859319891188878,0.152709650219787,0,0.191000245673964,0.817706519845061,0.0495217118618365,0.36584007768439,0.140702154712348,0.000636494179927075,0.0155896326880672,0.0764853540449151,0.0313679887227934,0.604321230013163,0.00813130087177916,0.000510172130026781,0.0110080539611931,0.127252297753599,0.00145346541160762,0.090798539509967,0.0257493941671518,0.673048326330731,0.229031991261047,0.00695831970240558,0.00677261369615965,0.0281335071942207,0.00229920176683949,0.225201111520339,0.175732194148938,0.492976990697529,0.0138175650349155,0.219667737432485,0.021707219842265,0.169420432173861,0.0721195872178014,0.0597717269331297,0.0483211694130473,0.000435137882100785,0.0177605514834509,0.000903150495773508,0.136920141002398,0.00200514895699157,0.0025854418176698,0.00044538559710145,6.22406015013456e-05,0,0.120499291184158,0.00196114990645913,0.0266938448847892,0.00563120060297377,0.0135571319271032,0.105342093569912,0.0897295749348602,0.00140064927282007,0.04941755760708,0.000796748762066606,0.0145401947999305,0.023460583256981,0,0,4.68878480971098e-05,0,0.0354307839851546,0,6.23696118620395e-05,0.000112812996830713,0.237784960943147,0.00012737008808198,0.000188377502718401,0.000293031415260494,0.519638451294164,0.00536638256155586,0.000343006564796376,0,0.000371750320963526,0.00100328157700982,0.0250219107817071,0.00754762443584189
0.00197522889155023,0.0367453128313392,0.00920331943980138,0.0150073412906701,0.00282933677510179,0.0323409404563889,0.0784145525266272,0.0511061589330844,0.028496366145445,0.191000245673964,0,0.195882933290705,1.42751247185401,0.0859888737540932,0.00850815836834523,0.00450075221590862,0.101104463755997,1.27126860490044,0.209154042951704,0.0248813974585556,0.0251518453796447,0.0200922289106116,0.0287406786650446,0.0575334105970683,0.112920651191046,0.955329343509896,0.150232344705434,0.0654523624210723,0.0593002423475277,0.0313951019342889,0.193977488854898,0.0773331660418476,6.70002266283274e-05,0.833800315285565,0.00540035650202612,0.190759750346117,0.313831757396378,0.594549620779711,0.0575098494471929,0.0231439195217358,0.00253632252191792,0.230145329041605,0.00624150480683684,0.0554636634639362,0.00761183564768783,0.00221491284376499,0.00575036267227921,0.000115809241615534,0.0845169370932881,0.000107454797069907,0.0125395359437788,0.000150147286641741,0.000111792258602894,0.000296140401899672,0.000221829600448108,3.07402201714396e-05,0.00447209901203488,0.00655943564546624,0.000298531142274964,0.262846466655353,0.00149399709624317,0.317773852441772,0.0068620652652846,0.000621812090169311,0.000173065263974905,0.00034500471691153,0.0157916395626328,0.00200443423434244,6.41597854945063e-05,0.00017214094842875,0.00263464408188279,0,0.00610296882804919,0.0375979888928799,0.0326230908179856,0.0826710055735212,0.00221111505262084,0.00593051128398538,0,0.101656472712962,0.0107995746415758,0,0.0209686714244056,0.00317551330579991
0.00173893310450574,0.000875059048213828,0.0109539684689745,1.25573331434006,0.104577045095586,0.832635924536985,0.153803623466441,0.497445915773263,0.0518928518237017,0.817706519845061,0.195882933290705,0,0.0538025586611383,0.221149840212428,0.224369900226009,9.11622150024891e-05,0.0133498127495864,0.0640943323788793,0.0272151638158205,0.767343158590454,0.00247847535215192,0.00043412584697113,0.00485216453875426,0.290249731174376,0.00116795775907567,0.0852928707137373,0.0301059011373307,0.319128145847113,0.106448850262932,0.00688502733386263,0.00967369497341388,0.0198253876303232,8.15173352155924e-05,0.153713193235195,0.0592654523102419,0.219552322785057,0.0108232013352918,0.112961815148048,0.016638568617705,0.407085266940643,0.0306727636781537,0.0492550140640624,0.00446312487880304,0.000733266037997532,0.00273763601588537,0.000535972479509461,0.0310913435532686,0.000340321821374809,0.00250381314543972,0,0.000120210872088504,0,0.0233185475802522,0.000895804380804487,0.0131666194099987,0.00107238340724037,0.0061722298565766,0.0138927406281569,0.0246952124917305,0.00299037348226515,0.0558226132317295,0.00187670000255323,0.00887884221778556,0.00571066007577356,0.000137252892471028,0.000220670303554487,0.000625606392243933,0,0.00498595463681552,0,0.000106619396372652,3.9397550496769e-05,0.0238547361264372,0.000165496917156029,0.00155979894839924,0.000514410617136168,0.0523461537487616,0.00221702693662398,0.000113900787374782,0.000383303562870526,0.000254760152526355,9.1882635313654e-05,0.00382146296315975,0.0410423674087434
0.000415186910458946,0.293195511333509,0.00111668978607073,0.00338220776714619,0.00100326523020094,0.00910267864811379,0.0173291557838654,0.0159697789930793,0.0559805801127409,0.0495217118618365,1.42751247185401,0.0538025586611383,0,0.0194739388277013,0.00430444932056,0.025801825365996,0.000747441784313679,0.0225218733322743,0.00140930231723227,0.00638768241672141,0.00787074177055737,0.124935993818503,0.00909699132200688,0.155166060067562,1.18048715749916,0.0743868976248591,0.299709396075532,0.0256095362478615,0.0111935169117168,0.00764154119638352,0.367619647903309,0.0261806837759937,0,0.171972727310596,0.00146531348564672,0.0785217876988618,0.246961679594857,0.379363356151012,0.0307134614747406,0.0143319301214217,0.000975606134778858,0.301338545526941,0.0134203936021446,0.124004464820324,0.0191547905087773,0.00525146654937401,0.00114947859210877,3.60953246784925e-05,0.207762655797381,0.000229758214997971,0.0304962628299052,7.64187199241638e-05,0.000126274066558063,5.28818806875944e-05,0.000464561615311861,0.000384279445252097,0.00818872890641738,0.00336143561362903,0.000378048556658972,0.630639489856979,0.00143423417858416,0.931118496760202,0.0168388124090175,0.0010086047847427,0.000520269844977236,0.000669171835494948,0.0332807630373054,0.00440226048147175,3.36372279888153e-05,8.21169623278138e-05,0.00691930748106194,0.000613178142367315,0.00498255166785722,0.155541158161095,0.0637998379518596,0.206630885914295,0.000328078902119708,0.0126407563217317,0,0.242577236340531,0.0194673924097695,0,0.0424775848278459,0.000485981333223152
0.880722762011684,0.000629041930457139,0.229431287251583,0.0194877769357234,0.00601324927535484,0.0987181337730026,1.54405183741044,1.46123673278895,0.0303907529599434,0.36584007768439,0.0859888737540932,0.221149840212428,0.0194739388277013,0,0.0206908497521532,0.00101235858136865,0.181827294844248,0.0360435716373095,0.0931271523526403,0.0269923266158519,0.701208663898423,0.000703758286149967,0.601807930642721,0.0915647452614414,0.000682534501946711,0.103628075533164,0.0969882428431907,0.586782027347895,1.76564873502317,1.92190551047687,0.00332118000536177,0.0150565033073722,0.00110642490669043,0.205622795277915,0.0102983225285064,0.314248288218115,0.0197953118717757,0.069740906052466,0.0241755430292548,0.0556490694332335,0.0127822927437026,0.0289590121257116,0.00824377950290193,0.000259295281938565,0.00255138188257516,0.00047784841810745,0.0159312859775227,0.000355734027141881,0.00184760118347168,0,0.000323461829088593,0.000195868613283456,0.000850746513974622,0,0.000217457285068167,0,0.00012557223619355,0.0102189357504126,0.000644887305932557,0.00149897907758288,0.000926742579762341,0.0015043278027351,0.000114200292326725,0.0014741965737397,0.000894946940242335,0.000279376350964737,4.045725115242e-05,0.000380785610790181,0.000102400501021957,0.000106456805732953,0.000335746992569589,0.00118420593668801,0.0493025316442994,0.000236899027589107,0.00102525536146413,0.011636330629311,0.0318904243103736,5.10257371564865e-05,0.0002840466743361,0.000495766533483231,0,0.000393002319418073,0.00287648454621166,0.0017213616322172
4.71789907972812e-05,0.00790985490776726,0.0104074405108964,0.0863234897745654,0.117848930083105,0.370455504273114,0.112372849584411,0.0395824909435864,0.111710142108078,0.140702154712348,0.00850815836834523,0.224369900226009,0.00430444932056,0.0206908497521532,0,0.003662301252018,0.00608860670093615,0.00271429741337303,0.00352107616098708,0.0308775995731958,0.0813107007201819,0.0396672535256969,0.059300186748111,0.643674561438444,0.00316431552983515,0.0072656603675275,0.0674817628685561,0.528907721441573,0.0158767990672798,0.0321438877818788,0.000693195154658532,0.0145465647077927,0.00164926142691185,0.01997661587446,0.105411932957197,0.0668137849719242,0.014336341198867,0.0298876638966799,0.010546882848613,0.380547385718115,0.0280168506038599,0.0090429230793794,0.0269911693709457,0.003568161902659,0.00443772379402442,0.00245668525396557,0.0239987504072798,0.000964322272069073,0.000652587267823434,0.000702505899039101,8.91547771260738e-05,0.00072416671971488,0.013428044560457,0.000501680142445493,0.00263291006269398,0.000557983185919261,0.00228808150809653,0.0146824417046979,0.00916200247731289,0.000310938089251864,0.00747472425253125,0.000394951951588225,0.00337855075938148,0.00322987415814882,0.00324360759869142,0.000172049035052776,0.000296601640769291,3.30277669974804e-05,0.00338837677139139,0.00266611109481117,0.00319819887195167,0.00328033348459554,0.0612772670643121,0,0.00121505553861318,0.00675340813025158,0.0640772374950632,0.00229274017359996,0.00174545336938562,4.49532177743911e-05,8.97148982986453e-05,0.000386195861019802,0.00704435224364037,0.0287261167673986
0.000224135136133575,0.0595349580420762,0.00936854050628469,0,0.00526776228196757,0.000244861604718661,0.000302699159392083,0.00122681367526421,0.0310643930613816,0.000636494179927075,0.00450075221590862,9.11622150024891e-05,0.025801825365996,0.00101235858136865,0.003662301252018,0,0.0107092255732251,0.00135057517419376,0.00397738557415688,0,0.776243139060727,0.96898748809211,0.620651336733103,0.215938337856865,0.0256678579495065,0.00913068100579536,0.723216983305644,0.184388963503281,0.000971620970237841,0.0058028650020813,0.00197485987466075,0.000605616119630885,0,0.0606803713200747,0.0574265571566758,0.168918860006027,0.0980672734506535,0.102251135263859,0.0488980276544158,0.0024050879542521,0.0042834901552195,0.00698755746015061,0.0668580594056171,0.00802685917987557,0.0182628870320606,0.00843511090024047,0.00987344796664399,0.00203486944305024,0.00206053365203412,0.000629734585605169,0.00147203010798962,0.00189165344058706,0.000210806835289335,0.000231860686837291,0.000759589103063893,0.000681138217778528,0.00109183292704696,0.0172770469335907,0,0.000530067555221236,0.000147765940269471,0.000651644684752893,0.00230319668926009,0.00233486377211358,0.546942770361532,0.00272525154404344,0.000144405793594122,0.000921001068290594,0,0.140038204217574,0.257892380219188,0.386030359319281,0.085437695458218,0.000409393647910488,0.000735948215859067,0.250268471264781,0.0883546589016314,0.00613851698832418,0.0374042032541007,0,0.000132076863593531,0.00166261354554949,0.0139503658815862,0.0159271971496171
0.0158476069461035,0.0127743945059363,3.40192582629989,0.00120638446619028,0.00446689553350747,0.00658853511399836,0.00993558601713765,0.0937450186345129,0.00220432214056378,0.0155896326880672,0.101104463755997,0.0133498127495864,0.000747441784313679,0.181827294844248,0.00608860670093615,0.0107092255732251,0,0.0815622742398779,0.705738053984724,0.00178793255359834,0.11716098534014,0.00182826738101635,0.891125433197145,0.00907929951481957,0.000254593257549405,1.24420640390759,1.30112501902311,0.0468342219967418,0.137287246862862,0.0302625518284708,0.000180436182428241,0.00487760235203501,0.00443495441015199,1.07767977157392,0.0418737942354489,0.210096449774719,0.138415742292202,0.250395603948743,0.102858597462839,0.0069072120653875,0.00709822895822972,0.00243793826003437,0.0142084887279239,0.00333123872103613,0.00815447345446065,0.00366741417364598,0.00044715191839528,0.000103321449558448,0,8.94526906938316e-05,0.00457025002443913,0.0256980206883694,0,0,0,8.79700319036004e-05,0,0.000540818838529014,0,0.000232958115504098,8.05028796159265e-05,5.15145569479465e-05,0,0,0.00324125552135185,0.0175792310464431,0.000440311923475313,0.00450483673717393,0,0.00104204902227817,0.00751208089311436,0.00982392554863594,0.00109301135739906,0.000165246441115665,0.0124595735567284,0.226452570002109,0.00166620774315376,0.0001990903003227,0.000550986397051334,7.40636279364109e-05,5.09724177257538e-05,0,0.00470707919878024,0.0149822621468271
0.000934685060772657,0.00275159171591402,0.0223966105016993,0.00386371854062194,0.000740694706884742,0.00885996058492212,0.0314195934220979,0.0156874203651229,0.00576180491341209,0.0764853540449151,1.27126860490044,0.0640943323788793,0.0225218733322743,0.0360435716373095,0.00271429741337303,0.00135057517419376,0.0815622742398779,0,0.942328513705079,0.00935360788060818,0.0171511553588698,0.00122748412703319,0.0250982886691544,0.0141714939441529,0.00634494677323229,0.713975179244779,0.184232489593967,0.0298488519916841,0.031663944710672,0.0138054407117819,0.0234725488861782,0.0147498125419029,4.39883829614639e-05,0.332309342783025,0.0199714639811922,0.240240469595355,0.300822354436476,0.33411720042006,0.105293960637568,0.00840687601162072,0.00401913115098775,0.0101282182155933,0.0124635864081301,0.0133180532973597,0.00802345976907723,0.00532842457350744,0.000164393281860602,5.84309705509901e-05,0.00197317981283816,4.91594235059023e-05,0.00478316154476634,0.000816446950045861,0.00014653307122078,0,0,0.000229948048016131,0.00025703144236114,0.0021492396864564,0,0.0412631041197696,0.000220328542861569,0.0715902853463714,0.00119626887983422,0.000133528021728373,0.000123411051259589,0.00167922545462916,0.0343827590573264,0.00661569101420195,0,0.000173740439230085,0.00161017028120352,0.000214347467040145,0.000188780806912851,0.0111752922418566,0.0712285507161339,0.15716656433145,0,0.000350860025019049,0,0.0527728672345032,6.67548632838964e-05,0,0.00596704399749788,0.00755893838976116
0.00513019057835991,0.00500724928712983,0.250971226951259,0.00293055761826403,0.00125174600643139,0.00575998059295864,0.0171773263028081,0.0410071308166192,0.00445499380149425,0.0313679887227934,0.209154042951704,0.0272151638158205,0.00140930231723227,0.0931271523526403,0.00352107616098708,0.00397738557415688,0.705738053984724,0.942328513705079,0,0.00389139253886175,0.0451977796691895,0.00121394607898983,0.129097653480168,0.00997260484670057,0.00148957542031732,0.588596647973898,0.48758105697918,0.02916256392111,0.070912396974611,0.014750410165391,0.00131728233924537,0.00997286503225716,0.00178812603459413,0.788717518185722,0.0363824111453465,0.270242704742694,0.263076076917682,0.282903650119578,0.0943234977202484,0.00726707773811188,0.00609316517372042,0.00294517426781687,0.0155964891426438,0.00628640358591464,0.00601855040407155,0.00423738299276111,0.000612113600771642,0.000102920964255809,0.000163465914818001,0.000140196156368494,0.00594955929825318,0.0101204812465353,0,0,0,0.000197554828765297,0,0.000844790821997596,0,0.00132688453953631,9.4350482973862e-05,0.00321346375837938,0.000202089909814167,0.000131191123568487,0.00128955298340549,0.00945583536753913,0.00622879547153173,0.0165914330203387,0,0.000575857951621377,0.00171155459475764,0.00345082042292079,0.000861523943425155,0.00124307029112785,0.0570461387756345,0.210861413401322,0.000442905154245722,9.11992567148206e-05,0.000428149701907361,0.00196747964050694,6.5685784746337e-05,0,0.00317888951601316,0.0153480866505396
0.000324795362974763,7.96556022642014e-05,0.00129454985835088,1.71343346168885,0.0104626095584123,0.0281610366966189,0.0115724910436718,0.0394225443484075,0.0278658486149422,0.604321230013163,0.0248813974585556,0.767343158590454,0.00638768241672141,0.0269923266158519,0.0308775995731958,0,0.00178793255359834,0.00935360788060818,0.00389139253886175,0,0.000689921295090616,0.000199460243024683,0.00066419517412262,0.0463767394248239,0.00013836792999959,0.0128744024955635,0.00490775718694632,0.144729584616344,0.0159032900682864,0.000632061136313331,0.0014415503174945,0.00243394601141556,4.12943560816527e-05,0.0159391623619684,0.00281747067074897,0.0474389868386818,0.00181088966147951,0.0162986524910555,0.00220957312340606,0.048356491737252,0.0058220176838287,0.00738659584220456,0.00930625185004761,0.000274941589300919,0.00451153185395168,0.000570436340612912,0.027553445782063,0.000683256004675483,0.000916187660826625,0,0,0,0.0239094080886366,0.000171501727862263,0.00665859480781185,0.00112135739188299,0.00396492359660823,0.0173475005122624,0.0211673551525538,0.00058384495914663,0.0146973139959563,0.000145833067148101,0.00524739802946517,0.00522643673383469,0,0,0,0,0.00679542623910881,0,0,0,0.0405908244422346,0,0,0,0.0889431063326868,0.00177935821706729,0,0,0,6.23009819797039e-05,0.00400015995382483,0.000580123342565847
0.128163012073068,0.0120231923936427,0.438104655581291,0.00042280023518393,0.105485878732886,0.0228067669638428,0.102620053508243,0.446268380620253,0.0224799102033224,0.00813130087177916,0.0251518453796447,0.00247847535215192,0.00787074177055737,0.701208663898423,0.0813107007201819,0.776243139060727,0.11716098534014,0.0171511553588698,0.0451977796691895,0.000689921295090616,0,0.111509114112118,4.46711858428915,0.0968994369430775,0.00367602497152927,0.0644905080196936,0.497780098214089,1.31787322783673,0.334099348212402,1.50281658060699,0.000707475897785604,0.00542173540588457,0.0230680244132687,1.55876662359795,0.563672777745029,0.877635356375242,0.2707651721142,1.03781371899884,0.408829187249729,0.0336928354407954,0.0595271706093276,0.0225985033723577,0.0520172707024803,0.00357375246063183,0.0083193357271434,0.00476755271438638,0.0121555275750468,0.00314634488956922,0.00557454020047846,0.00058595276937747,0.000684841207564401,0.0017136246170989,0,0.000466177945767546,0.000734275742474807,0.000112216669940686,0.00135087485647796,0.0181949210171707,0.000185480262296391,0.000439355722670066,0,0.000195058884307623,0.00521423679577067,0.00255605609804388,0.156102328270024,0.00182218853064276,0,0.000643180828514314,0,0.114194603317113,0.049111335155346,0.0688902178923155,0.119477526734629,0.000116133273689854,0.000942781915260924,0.0533303942919458,0.113733591531798,0.0143621647558438,0.0562728210153927,0,0.000326856392037821,0.00266982211060845,0.0115719960794332,0.068266401378918
0,0.212006971598917,0.00332272116767217,0.000788892335559084,0.00932538227314357,0.000835071004367028,0.00380466174845263,0.000662859477704251,0.718607739725807,0.000510172130026781,0.0200922289106116,0.00043412584697113,0.124935993818503,0.000703758286149967,0.0396672535256969,0.96898748809211,0.00182826738101635,0.00122748412703319,0.00121394607898983,0.000199460243024683,0.111509114112118,0,0.198924730821382,2.60942722988708,0.124250742966541,0.0114735905883465,2.3601818800366,0.136348481009408,0.000950510750065717,0.00343109996477502,0.00652405825384144,0.000239253976789856,0.00038512640939362,0.00764535644669337,0.00380395774634385,0.0212179142410557,0.012441628597396,0.0104793611269996,0.00279323525991579,0.0749521534940763,0.00114484501336065,0.021665204469391,0.0204896096046452,0.00364179508074917,0.00663841796785759,0.00242415831468594,0.0015044340477808,0.000679000104460716,0.00123711353976338,0.000315990554401946,0.00784323107919528,0.00341831026341708,0.000183146215270543,0,7.88237366967916e-05,0.00103808366597936,0.000631097213494814,0.0100120894949665,0.000323944780794811,0.00302129864154535,0.000186582444388604,0.00612527086370348,0.00201197642350348,0.000485932071706939,0.140826722973969,0.00289896912583787,0.000397749558924007,0.00115287362947934,5.16771729208231e-05,0.0317407829065702,0.233001693574787,0.0659911728291249,0.0768557261995388,0.0011556604494873,0.00418923299276451,0.349198966972086,0.0254255875834493,0.00146942171646366,0.00623036804237688,0.00189206968773247,0,9.57661193870541e-05,0.00393442894474966,0.005170870176513
0.0756142603898484,0.0148245777284478,2.53894183669571,0.00062385711787591,0.109013293291868,0.0209519649649964,0.0501408286791942,0.379964021306326,0.020285471615628,0.0110080539611931,0.0287406786650446,0.00485216453875426,0.00909699132200688,0.601807930642721,0.059300186748111,0.620651336733103,0.891125433197145,0.0250982886691544,0.129097653480168,0.00066419517412262,4.46711858428915,0.198924730821382,0,0.0476518194530685,0.00638916427406201,0.334282034865399,3.04384437949364,0.785012825832957,0.370624566381385,0.236821377533942,0.000523755185915458,0.00574325491027336,0.014901607565232,1.93341258303997,0.741001366815128,1.84067017455423,0.979051892985655,1.77525441887021,0.854328028603911,0.0531875292115738,0.0699259349535293,0.0169880223035872,0.0794843287905769,0.0151158998911556,0.028218934820618,0.0181017935417302,0.0102086139427752,0.00347426205086221,0.00213793069553701,0.000777685476498482,0.00250740344864362,0.0164864141442156,0.000143415247908497,0.00046225638362453,0.000637828591262412,0.00259915992242761,0.00095118199637529,0.0179876244921211,0.000121140291118526,0.000665643941726661,0,0.000534457134010506,0.00288897939240732,0.00208903405769298,0.552622760454522,0.00902497168311672,0.000318229141406894,0.0022977485958685,0,0.216822729442901,0.153523298539958,0.458348837893655,0.0733237939818256,0.000212516267477345,0.00260659099796673,0.551745647954168,0.0766230700393959,0.00516070260877862,0.0422109405705922,0,0.000274086161574912,0.000573192056084275,0.019287802645668,0.124179588043441
0.0010732732443312,0.1951994840077,0.00890874009827194,0.279719551825797,0.154630818595329,0.0588929742661029,0.28762641002357,0.0821243470436378,3.2668378770319,0.127252297753599,0.0575334105970683,0.290249731174376,0.155166060067562,0.0915647452614414,0.643674561438444,0.215938337856865,0.00907929951481957,0.0141714939441529,0.00997260484670057,0.0463767394248239,0.0968994369430775,2.60942722988708,0.0476518194530685,0,0.132014865179515,0.0371897107707373,0.800846583149047,0.783491629684895,0.154815892824357,0.0396058265567838,0.010174645854269,0.015564318454635,0.028757476782195,0.120527595430414,0.151968470299634,0.5066736877039,0.079519862828756,0.138393375306885,0.0329973703458696,0.606630235864995,0.044530447519872,0.059573305663615,0.545134765386734,0.00681630919303769,0.137242567096018,0.0334845359015305,0.174035872219108,0.0342538141115042,0.0148394297071037,0.00358343130990747,0.00367778170306371,0.0011699212899485,0.0705402894811702,0.00262818504729424,0.0498528560531663,0.0130118127761607,0.0679905715208803,0.333108606475615,0.0771732643969387,0.00549322280621906,0.0599205202235864,0.00806640994313012,0.142194390378904,0.0388703597933674,0.0509024775308442,0.000601289323365855,0.000492659976526129,0.000735721847792136,0.0188453076563019,0.0327683354575892,0.057183608582291,0.0130388034004077,1.13490490440627,0.00318378514576099,0.00171535841519816,0.0269143613031052,1.08436746375682,0.0898697598594186,0.0287376550397004,4.59945726031065e-05,0.00363998233525508,0.0128419590429237,0.160704316533608,0.0574391181316782
0,0.403071640776759,0.000185858772218585,0.000302327848698485,0.000728880643788672,0.000697042953496134,0.000653145567310202,0.00075664122392199,0.0468656529260126,0.00145346541160762,0.112920651191046,0.00116795775907567,1.18048715749916,0.000682534501946711,0.00316431552983515,0.0256678579495065,0.000254593257549405,0.00634494677323229,0.00148957542031732,0.00013836792999959,0.00367602497152927,0.124250742966541,0.00638916427406201,0.132014865179515,0,0.0545904780852066,0.286766646779776,0.0103601106057515,0.000471157421425652,0.000143288360928726,0.0493342120293744,0.000765433481056595,0,0.0133182589774323,0.00024994817984147,0.00471888669597716,0.0187423473427116,0.0143049895440194,0.0015919590079884,0.00760694103587315,4.41620119577408e-05,0.0622036663035124,0.0166572190300465,0.0244481970164573,0.0131643231831046,0.00452701453662007,0.000774608066514227,7.64404120336175e-05,0.046738670196041,0.000214410102171349,0.023753545883451,5.78468657678604e-05,0.00018004593863858,6.31794444736004e-05,0.000364456710157513,0.001004110137749,0.00485235351965643,0.00224540080305852,0.00142459133466357,0.158479127850409,0.00151159860677183,0.213958350959208,0.00637901254416994,0.000614874647725475,0.000660776869379532,0.000762978585559416,0.0441249374873068,0.00696435958574531,0.000105722376174331,0.000220970223049342,0.00419444000411875,0.00020902035569483,0.00356206788001478,0.128840717999886,0.0814639864605547,0.252623878431814,0.000672108602583754,0.00513250256479372,3.60216926450014e-05,0.0507146308134781,0.0115800770200796,0,0.0220397239139862,0.000603750980518556
0.00569568572635278,0.0292330581249873,1.22620606103391,0.00499883919250109,0.00217137580821862,0.0120679892619513,0.0474631351932001,0.0543824077835669,0.0192648540382196,0.090798539509967,0.955329343509896,0.0852928707137373,0.0743868976248591,0.103628075533164,0.0072656603675275,0.00913068100579536,1.24420640390759,0.713975179244779,0.588596647973898,0.0128744024955635,0.0644905080196936,0.0114735905883465,0.334282034865399,0.0371897107707373,0.0545904780852066,0,2.82547791982203,0.0692304604001159,0.0657303605941821,0.0270479123734195,0.0590431666458015,0.0245619591806818,0.000726638977651084,0.683692777505623,0.0928857315577391,0.78889430056849,0.890322012376098,0.765853639386761,0.299807340383021,0.0159549909070016,0.012104739414737,0.0281344017248585,0.175410696005024,0.125290429398211,0.114494155510825,0.0497622567413799,0.00359365343379228,0.00241182250787902,0.0124141293681454,0.00276558303669401,0.0644312871836814,0.0827232745456026,0,0,0.000199109940444731,0.00386620541119584,0.0024765605991619,0.0109611520577883,0,0.241981590205966,0.000914365737813019,0.459986883283987,0.0138328439098635,0.00126513758034232,0.00634778262906089,0.0788925091404349,0.295280327281181,0.200508202848547,8.20547993149284e-05,0.00403020886611271,0.0187181896563716,0.0251666094475666,0.00902732346797326,0.102426270639992,0.848936604624221,2.53408993361608,0.00258567594920429,0.00617740454279566,0.00558149943866747,0.288116222168583,0.00375379771527461,2.93241001248479e-05,0.0674947500167037,0.0395046595489279
