0,0,0.0344899725863631,0.0046036557500403,0,0.00492071274141093,0.538400016503072,0.0309805284944284,0.00074948510973982,0.0204763994752529,0.00199785533733809,0.00506537329448322,0.000637106752541271,0.591005581620297,0.00227996861252123,0.000603165515404311,0.0264963752900093,0.00180873031678395,0.00469617182684993,0.00182490906652864,0.031604157659087,3.36664560496569e-05,0.13714930174718,0.00455263568310411,0,0.00592246341920127,0.0106121074859347,0.0486246286345297,1.17732472367249,1.40888381429568,4.96003575563371e-05,0.000240047031971711,0.00627085210756958,0.0344753096548813,0.00364974875023671,0.00895754678625329,0.00179566783166109,0.0214546400168493,0.00507258892475911,0.00057779960534876,0.00043788179432078,0.000216069687254047,0.000799793727639314,8.86330910443844e-05,2.5882080350846e-05,3.52460598902881e-05,0.000151129708705699,0,0,0,0,0.000409256330655325,0.000244599430512231,0,0.000126031157191193,0.000173337873451448,9.53352735476794e-05,0.000509830470133263,6.47617501641541e-05,0,0.000337143007142654,0,0,7.69738843766362e-05,8.44436118046406e-05,0.000103449817386747,0,0,2.3855840168485e-05,0,0.000159563432677055,0.00022985747881999,0.00186262747078455,0,0,0.00239358260548686,0.00194691870433455,0,0.000123093957506657,0,0,0,2.92829092611909e-05,0.000388055133184594
0,0,0.00939086958539721,0.0012020359159851,0.0018403542273159,0.000192120598022199,0.000431066753779033,0.000426114825564032,0.172383599487939,0.000270055945867896,0.0541199075045086,0.00218284318982951,0.113866800012365,0.000702310917966217,0.00599836507026021,0.105085990202151,0.017652674732804,0.000386711569295073,0.00439450065314757,0.000129725367191481,0.00985950937264016,0.278931194075197,0.0132552126114174,0.241800608088928,0.203304435976045,0.0152643967595191,1.77367564193587,0.00913239636863987,0.000571376599561682,0.000372012503189144,0.00123571233404121,3.7136299526906e-05,4.53950540525019e-05,0.00986962769957443,0.000639729201780575,0.020469493701693,0.0182018356812147,0.0149604374214956,0.00558783000325946,0.0123969510739444,0.000140427610322141,0.0172396505137448,0.00864880992111527,0.008672150267894,0.00444877208271058,0.00449888168611628,0.000430235247664195,3.27666569747924e-05,0.00585850471531729,0.000126729285237199,0.131707790803969,0.0097925906245731,0.000536730386563599,0,0,0.000751162879788018,0.000453648870534837,0.00193602127825103,0,0.00723185763937197,0.000106279452945233,0.0111017890168149,0.000435097155953392,0.000160412668183285,0.00711486778849976,0.00696171676101318,0.00171253688023964,0.00210797383253123,0.000100943393593073,0.000454975688461808,0.0109056091353142,0.00496992130794118,0.0035619176305124,0.00247278955236865,0.0255421894008551,0.525334018691598,0.00233410604032569,0,0.000227832351913136,0.00497768668345418,0,0,0.00374744149855257,0.000505827203783309
0.0344899725863631,0.00939086958539721,0,0.000614050503880209,0.000233370163182241,0.00562612149215842,0.0893895226420634,0.0518995401929639,0.00126479677161023,0.00544905290582899,0.00235160792333214,0.00502222018572496,0.00843240055711354,0.16328195874518,0.00777468304968933,0.00571714151294198,1.8048500456761,0.00314129605539632,0.319722772968826,0.000318875192715955,0.0840610269454299,0.0034539259683518,4.08607624832789,0.00823510553116518,0,2.23273687388698,3.24671809507531,0.0918901715776734,0.0917092736588589,0.338784902140949,0.000179096913637286,0.000594833727451089,0.0081720698603946,0.241135537424452,0.0526174942836246,0.54919683355455,0.169877521271586,0.370659730987077,0.199345289803011,0.00724520671524278,0.00584846441132843,0.00023079841587277,0.0364334198656455,0.0199082323893765,0.0131633986474563,0.0162433416085855,0.00261669561223472,0.000222533948093903,0.000216787198639953,0.000825117976073022,0.0174454832389138,0.0997099065477659,0.000100181930175293,0,0,0.00538905184528551,0.000506306625343701,0.00202454342277017,0,0,0.000263977619118077,3.28690442633033e-05,0.00112667093609413,0.000662922423773053,0.00769925783584617,0.0317899979272637,0.00163996798225168,0.00509524155251142,0.000189437191095137,0.00281313888663162,0.0143199596366607,0.0354653433272087,0.00852572936123013,4.57696425240814e-05,0.0413687109061848,0.876761740300795,0.014005152612341,0.000669632196984682,0.00407460024224992,0,0,0.0001526597111202,0.0100921676631876,0.0346145103515136
0.0046036557500403,0.0012020359159851,0.000614050503880209,0,0.0357067543962704,0.0462349542327334,0.0415049250667214,0.0295292497460359,0.567634464640903,0.909119264962329,0.0042886601926199,1.3561526754104,0.00913337039743455,0.0441815664301418,0.151670519017104,4.17879009196877e-05,0.00074937692618131,0.00311231896696133,0.00233564137922527,1.43910261689049,0.00065777212816894,0.00214317695361935,0.000849662933780401,0.727546389070522,0.0006508218321033,0.00498508782842795,0.00402861122484919,0.366402859635797,0.0472672420310754,0.00203141806293127,0.000694216472688025,0.00216941975013493,0.00646527126190344,0.0336671366271167,0.0224448069235628,0.0809242562719532,0.000660461369681403,0.0403049113039416,0.00434795977464768,0.151879151072472,0.00534985937698422,6.7441593758139e-05,0.0395862846671566,6.85144018069804e-05,0.0069042608547564,0.00316667111219155,0.212724967748555,0.00244665983952671,0.000346510799065334,8.41718406056107e-05,0.000512331018897492,0.000114266214893877,0.215074534671758,0.00545585264149331,0.0296642112608922,0.0204201080445334,0.0515165366123161,0.0912099928556388,0.0699867848074076,0.000426285305720988,0.10643962814728,0.000160238243667793,0.0162297306234764,0.0445183068838855,0.000108610851948667,0,2.50732739874572e-05,0,0.0395941825458698,4.27954088677049e-05,0.000696141251537603,0.000141562155138731,0.303308233300231,0,9.84261712398442e-05,0.00129758371446567,0.269014484985899,0.00524831360768192,0.000434158256003213,3.22145979126722e-05,9.36421901075095e-05,0.00013272935063464,0.0097829476088073,0.00399726089698368
0,0.0018403542273159,0.000233370163182241,0.0357067543962704,0,0.0670730291096394,0.00553390975996741,0.00197464689561353,0.0504534026423944,0.0127601515268095,0.00067914024246355,0.14313857908136,0.00162890681952326,0.00129798221601,0.32961948932228,0.000251702758323103,4.46028020746172e-05,0.000154220033795357,0,0.00382764461840709,0.0017145358590082,0.00277112045253661,0.00215665345377008,0.0325572486747739,0.000502326903812837,0.000307762497890496,0.00358355517876606,0.0161673819756689,0.000635180502805698,0.00156580134871989,4.78445709486484e-05,0.0700939777114209,0,0.00981177903057017,0.0403394043340615,0.0195626493596349,0.000526991546087444,0.00488380910688615,0.00203996944926769,1.21327261836495,0.527651739894235,0,0.00234049006231231,0.000412647265675503,0,0.00171671412834925,0.0210554558835039,0,9.02552505330801e-05,0,0,9.3909254897082e-05,0.00521836535985065,0.000717990077344723,0.000963706506344659,0.000457032253162092,0.00101708489311666,0.00226845299710756,0.00154399419092052,0,0.00776657720983415,0,0.000973391596687299,0.0046179183589316,0.000261864673292828,0,0.000167478774702537,4.64844718313277e-05,0.00141460465190672,0.000167207629321862,0,0.000633327914444739,0.00597491302129118,0,0.000322133841656471,0.000661535565599519,0.00521967608956293,8.10903578609943e-05,9.22242283360602e-05,0,0,0,0,0.0456485231426848
0.00492071274141093,0.000192120598022199,0.00562612149215842,0.0462349542327334,0.0670730291096394,0,0.957702892821107,0.665425725780429,0.0183827302900031,3.27843112827877,0.0179269363142426,0.582995792965236,0.0337869473818913,0.130944176738001,0.505018356605495,0.000157382494029152,0.00186169139766013,0.00926579001907123,0.00333013384661236,0.012334118714315,0.00673884906867414,0.000611488211962331,0.00722023450453356,0.013113102586368,0.000146807189849907,0.015113744105333,0.00437337757973234,0.170201627435129,0.0248227434018114,0.0125312205986704,0.0022591169942029,0.031072949006221,0.00233396425628175,0.0671265259133772,0.100229592051983,0.317978987583922,0.00244291586206685,0.0662467904014548,0.0256079768587867,0.946777100977891,0.24921758021322,0.00154189936828393,0.0050668222598068,0.000152875558850545,0.000857272542253669,0.000120856976186573,0.0156083505754794,0.000212470227003991,0.000152068542668229,0,0,3.45178287042796e-05,0.00412385218714521,0.000512446454711544,0.000814902442945084,0.0026877595256419,0.00182526087861795,0.00484222570382109,0.00215972717977293,0.000170699848998213,0.00792802057210969,0,0.000605704500910091,0.00200074761007644,0.000456237357420957,0,2.13202221614658e-05,0,0.00161692514611254,0.000308993744414565,0.000230748009823042,6.54370784129202e-05,0.0245693947688897,0,0,0.000769183642840667,0.0145134529204122,0.000225526645520353,9.95625126234081e-05,0,0,9.56059676579776e-05,0.00122146267150102,0.0154742369103887
0.538400016503072,0.000431066753779033,0.0893895226420634,0.0415049250667214,0.00553390975996741,0.957702892821107,0,1.68055474394133,0.0971371858033896,2.94905121238978,0.0283740371271762,0.059740481682112,0.0243415023064851,3.82240675646721,0.143356730936522,0.00339917396776611,0.0204598257511102,0.0260128413154379,0.0221411412156794,0.0178538787479089,0.123323398286241,0.00350381980704387,0.0941109288049173,0.222773246412974,0.000122941428119016,0.0540616910267316,0.0618781777867043,4.16997129818169,0.537424895499936,1.18161334177349,0.0039000053509043,0.00849710985561085,0.104029090913522,0.232043851318812,0.158025665457515,0.27629433369093,0.0121720973151297,0.243197591788436,0.0354765718239732,0.0553163978567401,0.0280649048363698,0.000548330319292971,0.0290357870696201,0.000481694715715629,0.00456523619294966,0.00229125627040655,0.0260051717688925,0.00126272776291641,0.000289549983242762,0.000283468280479645,0.000257424968885952,0.00236734923669063,0.0381163948514848,0.000575564756919801,0.00868687584187739,0.0124854706853891,0.0232718142729184,0.0196600252778303,0.0233552093111707,0.000107670319336319,0.0248974626031487,3.17167700553209e-05,0.00923810352134363,0.00439962769768407,0.00815486882359705,0.000371514683846327,0,0,0.00945213334941586,0.000339512538492999,0.00254842027303893,0.00602542829122276,0.105114968031351,2.49016592686564e-05,0.000459615492965755,0.0312056075137923,0.0969798076730599,0.00264748803155227,0.000850173963424932,0,0.000127557626073491,3.40484010798454e-05,0.00549248874186475,0.0214212138260889
0.0309805284944284,0.000426114825564032,0.0518995401929639,0.0295292497460359,0.00197464689561353,0.665425725780429,1.68055474394133,0,0.0119083269376753,0.886469783948164,0.0894742577809184,0.29645349534098,0.0572777843915561,1.27394101409129,0.0502036606410903,0.00052530488473562,0.0106852623776658,0.0564610570069466,0.0208004485658652,0.0132997534808899,0.0473893515443818,0.000343620465512422,0.08558848675894,0.0109960487723692,0.000279218697134322,0.061990913503212,0.0204843364952857,0.219086493852574,0.0914188081480659,0.159701802608336,0.0100193474778442,0.0456224465754444,0.00410916835780043,0.121123595155071,0.0121751587738156,0.355955962863062,0.00718028477899494,0.0892078192013684,0.033377757762621,0.377357427292344,0.0611584048018279,0.00458266572581996,0.0100384011498327,0.000237259986119431,0.000971127466771003,0.000465915655292958,0.0175534223195609,0.000326473070288038,0.000156627297309446,8.76283205195067e-05,0.000320971988596132,0.000536159108066386,0.00412082119133841,0.000112488507614732,0.000696012286126757,0.00737145236635314,0.00248162696536504,0.00685736167183393,0.00118514026364379,0.000247128124073315,0.00637197901707335,0.000411646607671237,0.000209415782166624,0.00127580227907782,0.0012616970933034,2.29464154113204e-05,0.000142952749064684,0,0.00171557127121745,0.000232637498051909,0.000547972508713451,0.000631161735743999,0.0420334366404451,3.2491345857659e-05,0.00039490382955625,0.00532534234056714,0.020805029043215,0.000100776581072253,0.000816415250255289,2.87194534934014e-05,0,5.51473815527737e-05,0.00301606300818338,0.00195954556028135
0.00074948510973982,0.172383599487939,0.00126479677161023,0.567634464640903,0.0504534026423944,0.0183827302900031,0.0971371858033896,0.0119083269376753,0,0.0528370701650363,0.0216935524124731,0.159943689709109,0.0612824091228193,0.0125179061971807,0.177240815957335,0.0216471986494038,0.00181042425593493,0.0020842468832714,0.00163027481161492,0.0349230405880344,0.0162116619108174,0.61283698472746,0.00900340745980423,2.41173859337488,0.13042758595876,0.00588256174757201,0.434809270261688,0.454991377427802,0.0132439011021897,0.00388271823428219,0.00132860506409726,0.00277378155138085,0.00390693700226598,0.0124400471778879,0.0204746356573097,0.081498045405526,0.00496241630905017,0.0245101877760488,0.00430924214495808,0.228027405581293,0.00275319234678711,0.00565374322087937,0.0780712430559938,0.00262544547452058,0.00945696525673954,0.0059271916769565,0.0610530115204436,0.00252492443168557,0.00279145619856839,0.00125134761376139,0.00314739837610697,0.00178536660186271,0.0600111308824931,0.00279744328781383,0.0120742734450969,0.0487542414267911,0.0360215158124811,0.321985309683565,0.0215470116764949,0.00259606948222947,0.0500406287506766,0.00732535462897821,0.0250636915951836,0.021247596922797,0.0829368300715091,0.000750952426015868,0.00165940892298362,0.000572509220093265,0.0103871081498506,0.0383664575697948,0.0600976644359769,0.0146455124985325,0.524618278786718,0.00170230157636044,0.00354665414649618,0.0230613355808504,0.277078986677968,0.0103647608214092,0.0579961050074234,0.00335078129701432,0.000965380589599023,0.000600699516496211,0.0125976186754459,0.0137383160527621
0.0204763994752529,0.000270055945867896,0.00544905290582899,0.909119264962329,0.0127601515268095,3.27843112827877,2.94905121238978,0.886469783948164,0.0528370701650363,0,0.0564918465685732,1.39044284542522,0.0336730976416617,0.59997905743455,0.278588877242531,0.000225052864839682,0.00797222921079578,0.0449619573185308,0.0310556913967214,0.486562311010978,0.00355379898479589,0.000441960780434286,0.00658770283538381,0.025390861622769,0.00011981604017247,0.0806707810576909,0.031979647815711,1.66028004209966,0.252779353533,0.00949286834927057,0.00762995304780886,0.0162367957550813,0.0071695702877051,0.190054911153052,0.0468787448466263,0.276016851867492,0.00379806988834457,0.189575102524008,0.0139844821790793,0.071339755150164,0.0245848592725729,0.00189508290871768,0.0226477979970353,6.02063459926277e-05,0.00398958572871626,0.00129827510751416,0.0818244937985622,0.00066215523007293,0.000338199305507302,5.00324191420495e-05,0.000286049798218518,2.37612245221854e-05,0.055583840240415,0.000882919610783558,0.00593528338694018,0.0133964282909518,0.0170171300505464,0.0162739496498957,0.042476113067582,0.000187843195561001,0.0408931838346957,3.45985443714946e-05,0.0036823479986732,0.0109491142179379,0.000232955092351973,0,0.000196766028505429,0.000135997503925327,0.0121270791527306,7.75798915352226e-05,0.000703335020743781,0,0.10665563113805,0,0.000213881607039556,0.000303974855764332,0.0941752516020439,0.001482344933439,0.000197411853888941,2.92471120256215e-05,0,0.000192318356622029,0.00499878007626324,0.0063067766056427
0.00199785533733809,0.0541199075045086,0.00235160792333214,0.0042886601926199,0.00067914024246355,0.0179269363142426,0.0283740371271762,0.0894742577809184,0.0216935524124731,0.0564918465685732,0,0.0539490952859934,1.20760454929347,0.202332475127832,0.00725283383598676,0.00252503823270882,0.00979158903422718,0.803974517203894,0.184365866851354,0.00280674167562962,0.00289811695369638,0.0338422771533075,0.00712217151867371,0.0198886291105121,0.117493014929391,0.400841894220445,0.069839010980444,0.0115436488829753,0.127584693434647,0.00433345061886855,0.134762700322108,0.0367869485725737,0.000144167581693083,0.661284984541836,0.00300923455724834,0.109305960255081,0.206338762647818,0.403783039987712,0.0317922917218214,0.0133558078733291,0.00275709185287971,0.389178556730092,0.00128677314728668,0.0433775845334368,0.00143891997897953,0,0.00346737522624643,0,0.0906967280220978,0,0.00881901583552743,0,0.000154514953887579,0,0,0.000472652406810087,0.000135050042609775,0.00705170263931759,2.73938999749422e-05,0.172510781737946,0.0015666511610859,0.218339015019624,0.00181949593147316,0,0.000819181205603312,0,0.000301904948787033,5.24478182947397e-05,6.12276517453045e-05,4.22907395811379e-05,0.00379837124968284,3.86949278095126e-05,0.00781767980177633,0.0460796507157904,0.0195986011169932,0.0274762268923974,0.00144383323843188,0.000389369292126018,0.000136175476873457,0.0593587721575875,0.00014990156360116,0,0.0164349591316679,0.00190340185036557
0.00506537329448322,0.00218284318982951,0.00502222018572496,1.3561526754104,0.14313857908136,0.582995792965236,0.059740481682112,0.29645349534098,0.159943689709109,1.39044284542522,0.0539490952859934,0,0.0361608964478549,0.375990566135336,0.71396948167798,0.000151759869472658,0.00792279913436918,0.0474925437332129,0.0310094832343365,1.12962852614651,0.00196753007013537,0.00262206255593551,0.0056857745263879,0.106135058559731,0.000417181745376217,0.076282333479309,0.0341519719228387,0.198955174672705,0.112390357618835,0.00550529366229093,0.00903140981805962,0.0215013453791446,0.00160904171869448,0.134884637599134,0.0598767234893451,0.20424096364255,0.00520316711207624,0.14274602486127,0.013868765323627,0.313916644517776,0.0243270091516467,0.00206690433276639,0.0608739377258986,0.000331438751606387,0.0101840391407068,0.00335810074289204,0.153555026581198,0.00290533693489987,0.000795637325241074,0.00014518486432777,0.000141118501013035,5.82024458225936e-05,0.0804121681812661,0.00245609639270886,0.0141799342040335,0.0323626935347947,0.0491799426928549,0.032113387398945,0.0384388827807402,0.000296854049740863,0.08571828909221,0.000313906139641577,0.0178778772129316,0.0221720887996333,0.000979618791574525,0,0.000114670333902952,3.76721320131361e-05,0.0339843351481595,0.000236440832466865,0.000367054314661971,0.000218530236859474,0.200819957179856,0,0.000107260561576158,0.00042586733143414,0.186162734764212,0.00745416015174977,0.00102914179457651,2.26007848747283e-05,0.000347793109386993,0.000533432758079898,0.0156530693795846,0.00909351872102873
0.000637106752541271,0.113866800012365,0.00843240055711354,0.00913337039743455,0.00162890681952326,0.0337869473818913,0.0243415023064851,0.0572777843915561,0.0612824091228193,0.0336730976416617,1.20760454929347,0.0361608964478549,0,0.0554154451484389,0.00974365766610439,0.0333499509779228,0.00184416327072686,0.0196911876004963,0.00364005773590605,0.00428330437315964,0.0390623375272692,0.0808477865119327,0.0466941131167078,0.0928999954942272,0.327179663919407,0.04091603498097,0.179385064614242,0.0654027750504629,0.0193411550916611,0.0234358280638148,0.106016292583154,0.015478506888175,0.00273909291258136,0.119411812873405,0.0197950014483306,0.45090997990846,0.27441437143064,0.315456354481836,0.104780940633211,0.310584596480139,0.0229497338110132,0.336128926535247,0.0482339260449153,0.129052661300424,0.0164191026443173,0.00353050516356734,0.161055657340987,0.00881355416974865,0.191259027257316,0.000521340423380876,0.0237675187413668,0.00046549975642412,0.00550050766108507,0.000861259492625106,0.00419583402281592,0.0107351245359002,0.0252099600980493,0.0197686466856742,0.00871627281185514,0.45959037169746,0.0113005623321468,0.985927464790805,0.0157114216003427,0.0027134403628193,0.0107952450873052,0.000107437261601243,0.00270783497168251,0.000465217689023125,0.0050344930392182,0.00651233817904519,0.0130880126260197,0.0017118685700967,0.0417052819366384,0.147264568806437,0.0640471646344431,0.128697524742684,0.0470206249047171,0.00561839153179121,0.0133669926862696,0.286174419932731,0.00474688461271708,0.000587658615720665,0.0532915445964116,0.00780030792295403
0.591005581620297,0.000702310917966217,0.16328195874518,0.0441815664301418,0.00129798221601,0.130944176738001,3.82240675646721,1.27394101409129,0.0125179061971807,0.59997905743455,0.202332475127832,0.375990566135336,0.0554154451484389,0,0.0267604103226397,0.00143178948341474,0.0719091302868412,0.148528646983187,0.0914957006334838,0.0196520896233162,0.127496513399904,0.000556789329305911,0.390579200959291,0.0175874416530812,0.00051685393798773,0.190626966733598,0.080390340209685,0.364501246141202,1.24152097370335,1.4408674903083,0.0164889319947889,0.0654787834035512,0.00836727285647398,0.273385832620562,0.0129646422717926,0.244009484387809,0.0195960543832601,0.137515170951329,0.0409342297087533,0.0902046376205851,0.0489419555270945,0.00267096363172629,0.0133610406364661,0.000492166593833041,0.00275568503663514,0.000766849321222947,0.0190065651807381,0.000400218287532032,0.000754507593652631,0,0.000499681850610608,0.00100928325206864,0.00427685281600665,8.83082806755455e-05,0.000431183413557554,0.0111755092417687,0.00204192400983356,0.00762848522385364,0.00185041958319661,0.000522293176480195,0.00751496538462075,0.000180648589801717,0.000610214722699374,0.00106225375002101,0.00201219263573415,0.000138150253075063,3.38326299803198e-05,0,0.00163509638442116,0.000346158531448376,0.000954865798223063,0.00154250189299752,0.0556205553386461,9.76712405993701e-05,0.00160969338930656,0.0143491699105488,0.0292934184351021,0.000671237642440334,0.00105284458597069,0.000133854925388157,0,0.000308460027790389,0.00261170395519742,0.00320039999042905
0.00227996861252123,0.00599836507026021,0.00777468304968933,0.151670519017104,0.32961948932228,0.505018356605495,0.143356730936522,0.0502036606410903,0.177240815957335,0.278588877242531,0.00725283383598676,0.71396948167798,0.00974365766610439,0.0267604103226397,0,0.00474584822985079,0.00247621839835781,0.00190255230620743,0.00250629431526191,0.018482082374398,0.0308015418567967,0.0145917877340734,0.0304316602651025,0.189735668673079,0.00410302572927907,0.00599646405973627,0.0206821126499587,0.185629371646517,0.027527264426903,0.0452958063541827,0.000508213504511177,0.0422535185215395,0.0119292036653586,0.0243998077952154,0.130911202271017,0.0653361732964211,0.00589179131878383,0.0302466568373972,0.00550129384007055,0.306216624103108,0.0073257987556606,0.000877183395938563,0.0183814436734551,0.000585746378781772,0.00175550709677693,0.0041418778439271,0.0496745859649521,0.000802248506518355,0,0,0.000162968872208333,0.000544882104864341,0.0172129249090123,0.00105905009220755,0.00363995579775928,0.00876244543882648,0.0075206559125973,0.0107268913718108,0.00561783511967285,9.91381673354271e-05,0.0180608961089064,0,0.00180671920267377,0.00981476135090657,0.00384676550413823,0,0.000111604941501659,0,0.00322550709266576,0.00132789563300547,0.000580872501184398,0.00195113548330351,0.0493925300245219,0,0.000403021025673104,0.0020875356970823,0.041952477968389,0.00130784104119076,0.00127571214846306,0,0.000101403885212577,0.000224710118601966,0.00309658557212078,0.0501902870710297
0.000603165515404311,0.105085990202151,0.00571714151294198,4.17879009196877e-05,0.000251702758323103,0.000157382494029152,0.00339917396776611,0.00052530488473562,0.0216471986494038,0.000225052864839682,0.00252503823270882,0.000151759869472658,0.0333499509779228,0.00143178948341474,0.00474584822985079,0,0.0164994716720233,9.33118750915166e-05,0.00393585512967178,0,0.652075144818622,0.873570054703225,0.452343733322686,0.346729041896178,0.0178403869364948,0.00637647335712542,1.12784254585844,0.139497891597642,0.00208880204477867,0.015378379284993,0.000106486898957744,7.02953190659821e-05,0.000264606245140025,0.0623240679251924,0.0934730779745757,0.485054879728418,0.110636092535211,0.153167569732489,0.127825669451392,0.00239557304630501,0.00611436246901165,0.00111470660040619,0.0327093255531722,0.005184059360016,0.00597590733383791,0.00986725255075934,0.00514898682210044,0.000888436271946659,0.00132745859041653,0.000549867312141058,0.00505308819708803,0.00577939630928263,0.000107321327686867,5.15204619259656e-05,0.000178857367826214,0.00986520652705386,0.00310420581099153,0.00213824344021585,0.000422831652632853,0.000175031150597298,0.000247581961583382,0.00108292553922249,0.00424935930661037,0.000877370886008667,0.812939595026493,0.00122064689386176,4.1005338483119e-05,0.000706699613919983,0.00037430317716963,0.088667637315894,0.22761550847599,0.320217069075642,0.069147398029183,0.000160724930255538,0.00270544410503501,0.332206465902235,0.130496891916481,0.00126404430379913,0.0505529041270851,0.000234505129468333,0,0.000407183318001228,0.00411235529519494,0.0366306917214143
0.0264963752900093,0.017652674732804,1.8048500456761,0.00074937692618131,4.46028020746172e-05,0.00186169139766013,0.0204598257511102,0.0106852623776658,0.00181042425593493,0.00797222921079578,0.00979158903422718,0.00792279913436918,0.00184416327072686,0.0719091302868412,0.00247621839835781,0.0164994716720233,0,0.00420256902033874,1.0192163758859,0.000428102141547689,0.115371893736719,0.00755259625732381,1.53600673060329,0.0129586368571383,0,1.88621093475156,1.5859362997493,0.0331457123100183,0.140391719422425,0.365796060791449,0,0.000623428787839168,0.0141933019054506,0.705057706954507,0.0117224464063892,0.114160262030839,0.0489202517676848,0.156566671437393,0.0603542235723984,0.00307204411388747,0.00197580395711906,0,0.00402299461155471,0.0030290600229147,0.00169139206389388,0.00233049731413245,0.0010059201404216,0.000151329851375449,8.46388245583775e-05,4.11901464745641e-05,0.00900698782195132,0.016868271581394,5.43422194105476e-05,0,0,0.000402106394277525,0,0.000357231382505304,0,0.000152564046057409,0.000154601780862597,0.000116202064768144,0.000163831662854963,0.000173023576405227,0.00373413729002621,0.00712765159287809,0.000306463690656447,0.00109298509883321,0,0.00078327568430103,0.00501477865843829,0.00372891281791809,0.00258026272402305,6.87681988217235e-05,0.0112583049248433,0.20073746206414,0.00138596953488672,0.000113962995258248,0.000617740050043717,0.000128508874228674,0,0,0.00154191124180357,0.00655317084062122
0.00180873031678395,0.000386711569295073,0.00314129605539632,0.00311231896696133,0.000154220033795357,0.00926579001907123,0.0260128413154379,0.0564610570069466,0.0020842468832714,0.0449619573185308,0.803974517203894,0.0474925437332129,0.0196911876004963,0.148528646983187,0.00190255230620743,9.33118750915166e-05,0.00420256902033874,0,0.248274156873522,0.00234286801134524,0.000976565723963265,0.000346448289603496,0.00439560982677723,0.002550618285459,0.000850542708796571,0.344948992019287,0.0410632771379909,0.00885228298328054,0.0810379679457979,0.0034516410906413,0.0071343329594709,0.0152607161706469,0.000115814204264468,0.279408737031065,0.00582756197187677,0.112483902973131,0.137487506312542,0.360353191615933,0.0580533074955622,0.00925484567364026,0.0018294335586793,0.00471861100584225,0.000294984964467514,0.00133370130730184,7.60304334072711e-05,0.000223370799208355,0.000656226937951872,0,0.00125934352883562,0,0.000936922632389027,0.000116704403200638,0.000153390943679947,0,0,0,3.47826030838222e-05,0.00137983365200605,0,0.00277204865397302,0.000458508596974331,0.00409324744308891,0,0,7.1784430424094e-05,0,0.00200746607875737,0.000343442015750307,0,0,9.95829794379411e-05,0,0.0002727726020558,0.000977246033215257,0.0189344512016062,0.037813341487703,0,0,0,0.0050917712513779,0,0,0.000479048759972644,0.00557333617151547
0.00469617182684993,0.00439450065314757,0.319722772968826,0.00233564137922527,0,0.00333013384661236,0.0221411412156794,0.0208004485658652,0.00163027481161492,0.0310556913967214,0.184365866851354,0.0310094832343365,0.00364005773590605,0.0914957006334838,0.00250629431526191,0.00393585512967178,1.0192163758859,0.248274156873522,0,0.00128736808554921,0.0220702339761099,0.00168171233770856,0.1558064585026,0.00351510919125124,0.000812837395638875,1.50456105310021,0.534480816089932,0.0102487994625576,0.0678123700146432,0.0228907485345462,0.000483157876898393,0.00368663810269262,0.00225173710576682,0.487065480065139,0.0124285298382808,0.163722071573418,0.146371679204698,0.317469035025994,0.0985109676854823,0.00513374885188963,0.00124481420637933,0.00020733857610383,0.001396019132491,0.00227187568495898,0.000443112441595718,0.000562231122159004,0.000338291488125104,0,8.42981686391084e-05,0,0.00331417694095959,0.00131357637478133,5.74502355761885e-05,0,0,0,0,0.000918094934042147,0,0,0.000449493006680959,0.00340240613650145,0,0.000104707627132714,0.000409197805996066,0.000709226406611031,0.0047778977032493,0.00144869733708532,0,0,0.000780514218241803,0.000529390063045016,0.000379254798861354,0.000149359460159588,0.0419631003430487,0.123531712034216,0,0,6.21232893409789e-05,0.00648374235660619,0,0,0.000619595026731864,0.00899591127771467
0.00182490906652864,0.000129725367191481,0.000318875192715955,1.43910261689049,0.00382764461840709,0.012334118714315,0.0178538787479089,0.0132997534808899,0.0349230405880344,0.486562311010978,0.00280674167562962,1.12962852614651,0.00428330437315964,0.0196520896233162,0.018482082374398,0,0.000428102141547689,0.00234286801134524,0.00128736808554921,0,0.000271818865527639,0,0.000275085130720094,0.0976463640675597,0,0.00363736711610317,0.00126566527018854,0.0742400905022067,0.0229851399282048,0.000707236229743472,0.000395355851341638,0.00112333334463841,0.00141786527196219,0.0137831809982249,0.00717200667093033,0.0373675322032433,0.000399932509922224,0.015994528511167,0.00110147130640094,0.0196769534429251,0.0024482406290164,3.18709768064409e-05,0.0090620633897837,0,0.00219728345237387,0.00105638934671653,0.033492181021735,0.000631309935490376,0.000104336035777605,7.26780734898445e-05,0,0,0.0359001494499553,0.000383392731103623,0.00302302928390338,0.00551323223835496,0.00805684639034084,0.00727817176408596,0.00710743731308008,0,0.0204602070256208,0,0.00371672117606375,0.00502048305020712,7.58580608948174e-05,0,0,0,0.00406783281073301,0,0.000244433348112825,0,0.0378312555998135,0,0,0.000139329503459912,0.0373046488958269,0.00142452351946267,0.000128634804207641,0,0,0.000102116381537116,0.00215913059607642,0.00126842590075898
0.031604157659087,0.00985950937264016,0.0840610269454299,0.00065777212816894,0.0017145358590082,0.00673884906867414,0.123323398286241,0.0473893515443818,0.0162116619108174,0.00355379898479589,0.00289811695369638,0.00196753007013537,0.0390623375272692,0.127496513399904,0.0308015418567967,0.652075144818622,0.115371893736719,0.000976565723963265,0.0220702339761099,0.000271818865527639,0,0.104026344865158,3.20615778858471,0.0439323218320325,0.00194041160473833,0.0175136815832944,0.34047436971336,0.258713374508087,0.148468783219528,3.08251721554575,0,0.000589117472805771,0.0357895334930299,1.30738045379976,0.294466054264963,0.802434838098643,0.0826817083547007,0.815796815419155,0.363223784982637,0.0107379068050981,0.0182466493670455,0.000564129820986569,0.0305817075869071,0.00193094613619386,0.00378138170755938,0.00244872116172366,0.018210362488216,0.000933505894069237,0.00142511750409724,0.000779197341034946,0.000903664084316709,0.00227719682258781,0.000344251943903738,0.000160086914829648,0.000194568767493114,0.0175869811135673,0.00441652915693854,0.00360704134122128,0.000910963601924261,0.000206888680823666,0.00119810685168276,0,0.00526753733835785,0.0013918201127143,0.147416532596905,0.000380216845576093,0,0.000117215149736866,0.00023278429289994,0.056407336919096,0.0559529500448172,0.0394930260313265,0.0722090285746203,0,0.000443787043980339,0.0324012854792982,0.106949051241594,0.00309808981380835,0.0620712369696389,0,0.000153004656236691,0.000137799445700931,0.00453853427565479,0.0636508713178505
3.36664560496569e-05,0.278931194075197,0.0034539259683518,0.00214317695361935,0.00277112045253661,0.000611488211962331,0.00350381980704387,0.000343620465512422,0.61283698472746,0.000441960780434286,0.0338422771533075,0.00262206255593551,0.0808477865119327,0.000556789329305911,0.0145917877340734,0.873570054703225,0.00755259625732381,0.000346448289603496,0.00168171233770856,0,0.104026344865158,0,0.0907988387755269,1.62112163853246,0.119359572492608,0.00365049161365185,1.08978568508355,0.0605172455455069,0.000597131681359366,0.00365191665100224,0.00157756411768203,0,0.000126779640199715,0.00932989017706093,0.00501647872592614,0.0442463530991581,0.0111789796578485,0.0164486480162617,0.00983445149931864,0.0194962481697324,0.00144049748398717,0.00847269888689016,0.0281466597217914,0.00609528228488848,0.00873106095703071,0.0109230823434939,0.00276323431536764,0.000164176582427847,0.00287482167435364,0.000268772294506907,0.0453435482824068,0.00671732204760485,0.000280847297869068,9.37973228143571e-05,0.000303188595890754,0.00443709569371035,0.00134608153334409,0.00525265333867107,3.62874982619822e-05,0.00307367173545064,0.0002527569472116,0.0114059800545051,0.00213337388161657,0.000544971762922389,0.38110129833754,0.00177743530998374,0.000179435396221387,0.00031690195125936,0.00027621615264765,0.0305161397465163,0.323795223052474,0.0903529420744605,0.0971988484286918,0.00231841075015982,0.0062042010032805,0.507904174802353,0.0660551923383432,0.000482226290934145,0.0232219599906293,0.0044093196592568,5.01351725555837e-05,0.000158098830409169,0.00264542587493085,0.00300444655725528
0.13714930174718,0.0132552126114174,4.08607624832789,0.000849662933780401,0.00215665345377008,0.00722023450453356,0.0941109288049173,0.08558848675894,0.00900340745980423,0.00658770283538381,0.00712217151867371,0.0056857745263879,0.0466941131167078,0.390579200959291,0.0304316602651025,0.452343733322686,1.53600673060329,0.00439560982677723,0.1558064585026,0.000275085130720094,3.20615778858471,0.0907988387755269,0,0.0608276337302888,0.000988910927592666,0.30150453402021,2.55750537655936,0.458453444914041,0.440195295542982,2.4810135533683,0.000394995305467612,0.00103298117101992,0.0444825771919971,1.88703653977183,0.41692279505811,2.1361514414675,0.57363191658684,1.54983046374746,1.03356961805609,0.0225960576961905,0.0418900401308229,0.00039088596077804,0.0422633708267147,0.00813748851112743,0.0104346841127502,0.0190633854194521,0.0054771759714602,0.000999705657735769,0.00144592637306183,0.000632971972805744,0.00674385676922482,0.0375339142866251,5.53848008586228e-05,0.000142383079814667,5.51869315698325e-05,0.00853673398318601,0.00135583817345656,0.00168539612591748,0.000124382528140488,0,0.000783245889812934,0.000162527561708513,0.0026129997972445,0.00201700469993296,0.510212430713122,0.00610789743122044,0.000173899781702423,0.00104988652567436,0.000200693905030078,0.0644143871111798,0.105215661544615,0.304547844946659,0.0485144805066247,0.00014826950596503,0.00432115604692406,0.594730574307789,0.0931501051765859,0.0010514599373191,0.0289840579653894,0,0,0.000218750322699827,0.00549791782038781,0.208154826900091
0.00455263568310411,0.241800608088928,0.00823510553116518,0.727546389070522,0.0325572486747739,0.013113102586368,0.222773246412974,0.0109960487723692,2.41173859337488,0.025390861622769,0.0198886291105121,0.106135058559731,0.0928999954942272,0.0175874416530812,0.189735668673079,0.346729041896178,0.0129586368571383,0.002550618285459,0.00351510919125124,0.0976463640675597,0.0439323218320325,1.62112163853246,0.0608276337302888,0,0.10289578154538,0.00933793167895779,0.877329838591347,1.22058154648397,0.0595693290982361,0.0626626236534099,0.00150477037635705,0.00242710537023664,0.0305429480401595,0.0493597685486419,0.187606689147454,0.531457504851445,0.027553139553007,0.10704610510813,0.0377704504925319,0.145007297603868,0.00967337647265269,0.00665934441318978,0.243259264969634,0.00391860268849519,0.0331781715901355,0.0206308140576683,0.120353672031214,0.0107770381028482,0.00550138886441455,0.00205101969210442,0.00654503428032217,0.00682944312321503,0.0619229964173516,0.00151425741434839,0.0160300157431446,0.149651132248167,0.0878004074863722,0.195276217923025,0.0358587236083684,0.00248564603895001,0.0594882538068456,0.00457685845291956,0.0573072196386278,0.0138293972685761,0.199501683731806,0.00293052901007151,0.000242113569321614,0.000509286453049853,0.0169750012467859,0.06414248093122,0.102342705907332,0.0463620543855902,1.00681154075234,0.000538124333087876,0.0036075429708187,0.146934587213266,0.695229115354304,0.0233821619176749,0.112287953088389,0.00223863171164268,0.00283325686490532,0.00203855157689887,0.0395912639376735,0.0463349263924281
0,0.203304435976045,0,0.0006508218321033,0.000502326903812837,0.000146807189849907,0.000122941428119016,0.000279218697134322,0.13042758595876,0.00011981604017247,0.117493014929391,0.000417181745376217,0.327179663919407,0.00051685393798773,0.00410302572927907,0.0178403869364948,0,0.000850542708796571,0.000812837395638875,0,0.00194041160473833,0.119359572492608,0.000988910927592666,0.10289578154538,0,0.00777433820461869,0.613629737085433,0.00278584371908085,0.000178934673421991,0,0.0047148910776877,0,0,0.00257951856852716,9.16757815655944e-05,0.00156247293167609,0.00970254786278615,0.00619564380790228,0.00139671017431489,0.00574657428866985,0,0.109473101977642,0.000605090411328751,0.00468571126242146,0.000924197446329849,0.000331164766628146,0.00043750938557027,0,0.0177564569299816,0,0.0283124401979008,4.82240382490277e-05,7.28620640858891e-05,0,0,0,0.000217200238753521,0.0022749907979899,0,0.0321828308323557,0,0.166137642677151,0.000398541988369823,0,0.000624058554808864,0.000362795316369098,0.000777234091385674,0.000283987603281683,2.7025280192697e-05,0,0.00173891404676743,0,0.00315457778554915,0.0899371708150936,0.017138964901969,0.185076726218142,0.000233119056760692,0.000210566070359218,0,0.0415735285582411,7.54926894078375e-05,0,0.00289452549285236,0
0.00592246341920127,0.0152643967595191,2.23273687388698,0.00498508782842795,0.000307762497890496,0.015113744105333,0.0540616910267316,0.061990913503212,0.00588256174757201,0.0806707810576909,0.400841894220445,0.076282333479309,0.04091603498097,0.190626966733598,0.00599646405973627,0.00637647335712542,1.88621093475156,0.344948992019287,1.50456105310021,0.00363736711610317,0.0175136815832944,0.00365049161365185,0.30150453402021,0.00933793167895779,0.00777433820461869,0,2.38136011448298,0.0271056048596734,0.110655649509904,0.0220563471966838,0.0131142150529942,0.015046223432827,0.00141085144894772,0.523611439219089,0.0489823681496089,0.715820790001998,0.79522228838806,1.06351693155758,0.3353765185643,0.0173159034809213,0.00507183315969417,0.0129647097281995,0.0162898650301592,0.0441082714562095,0.00994033294030536,0.0147827660326658,0.00118585108047621,0.000395428593146425,0.00251068225342202,3.67907243347943e-05,0.0322059818286383,0.0103540250629385,0.000185685569711098,0,0,0.000570688825190756,7.60466621117949e-05,0.00343374844367459,2.48203646130323e-05,0.0215288517731616,0.000793419082284829,0.110770820888029,0.00036239865183579,0.000246128981656355,0.00119317128414759,0.0148122742088622,0.0686267809262298,0.0256002428614654,0,0.000392445366012004,0.00492537848012547,0.00309419622318924,0.00170300546448966,0.00596525143532359,0.524501708885505,1.44267016632848,0.000650588182608012,0.000202351497757953,0.0004657015168556,0.179493092922964,2.90409729942977e-05,0,0.0104629138867966,0.04211172925394
